filename,video_id,start_time,end_time,duration
MalissaTran_UCQJmL832IwvPkEjw9U1NQ_BIHYCPgup98_185_4697.wav,MalissaTran_UCQJmL832IwvPkEjw9U1NQ_BIHYCPgup98,185,4697,4512
MalissaTran_UCQJmL832IwvPkEjw9U1NQ_BIHYCPgup98_4865_5361.wav,MalissaTran_UCQJmL832IwvPkEjw9U1NQ_BIHYCPgup98,4865,5361,496
MalissaTran_UCQJmL832IwvPkEjw9U1NQ_BIHYCPgup98_5513_11401.wav,MalissaTran_UCQJmL832IwvPkEjw9U1NQ_BIHYCPgup98,5513,11401,5888
MalissaTran_UCQJmL832IwvPkEjw9U1NQ_BIHYCPgup98_11553_14265.wav,MalissaTran_UCQJmL832IwvPkEjw9U1NQ_BIHYCPgup98,11553,14265,2712
MalissaTran_UCQJmL832IwvPkEjw9U1NQ_BIHYCPgup98_14561_15561.wav,MalissaTran_UCQJmL832IwvPkEjw9U1NQ_BIHYCPgup98,14561,15561,1000
MalissaTran_UCQJmL832IwvPkEjw9U1NQ_BIHYCPgup98_15681_24489.wav,MalissaTran_UCQJmL832IwvPkEjw9U1NQ_BIHYCPgup98,15681,24489,8808
MalissaTran_UCQJmL832IwvPkEjw9U1NQ_BIHYCPgup98_24921_26769.wav,MalissaTran_UCQJmL832IwvPkEjw9U1NQ_BIHYCPgup98,24921,26769,1848
MalissaTran_UCQJmL832IwvPkEjw9U1NQ_BIHYCPgup98_27201_28962.wav,MalissaTran_UCQJmL832IwvPkEjw9U1NQ_BIHYCPgup98,27201,28962,1761
MalissaTran_UCQJmL832IwvPkEjw9U1NQ_BIHYCPgup98_29314_33346.wav,MalissaTran_UCQJmL832IwvPkEjw9U1NQ_BIHYCPgup98,29314,33346,4032
MalissaTran_UCQJmL832IwvPkEjw9U1NQ_BIHYCPgup98_33522_39314.wav,MalissaTran_UCQJmL832IwvPkEjw9U1NQ_BIHYCPgup98,33522,39314,5792
MalissaTran_UCQJmL832IwvPkEjw9U1NQ_BIHYCPgup98_39458_40034.wav,MalissaTran_UCQJmL832IwvPkEjw9U1NQ_BIHYCPgup98,39458,40034,576
MalissaTran_UCQJmL832IwvPkEjw9U1NQ_BIHYCPgup98_40506_43234.wav,MalissaTran_UCQJmL832IwvPkEjw9U1NQ_BIHYCPgup98,40506,43234,2728
MalissaTran_UCQJmL832IwvPkEjw9U1NQ_BIHYCPgup98_43418_46460.wav,MalissaTran_UCQJmL832IwvPkEjw9U1NQ_BIHYCPgup98,43418,46460,3042
MalissaTran_UCQJmL832IwvPkEjw9U1NQ_BIHYCPgup98_46812_53780.wav,MalissaTran_UCQJmL832IwvPkEjw9U1NQ_BIHYCPgup98,46812,53780,6968
MalissaTran_UCQJmL832IwvPkEjw9U1NQ_BIHYCPgup98_54326_59850.wav,MalissaTran_UCQJmL832IwvPkEjw9U1NQ_BIHYCPgup98,54326,59850,5524
MalissaTran_UCQJmL832IwvPkEjw9U1NQ_BIHYCPgup98_60162_63678.wav,MalissaTran_UCQJmL832IwvPkEjw9U1NQ_BIHYCPgup98,60162,63678,3516
MalissaTran_UCQJmL832IwvPkEjw9U1NQ_BIHYCPgup98_63814_65806.wav,MalissaTran_UCQJmL832IwvPkEjw9U1NQ_BIHYCPgup98,63814,65806,1992
MalissaTran_UCQJmL832IwvPkEjw9U1NQ_BIHYCPgup98_65926_66446.wav,MalissaTran_UCQJmL832IwvPkEjw9U1NQ_BIHYCPgup98,65926,66446,520
MalissaTran_UCQJmL832IwvPkEjw9U1NQ_BIHYCPgup98_66590_75062.wav,MalissaTran_UCQJmL832IwvPkEjw9U1NQ_BIHYCPgup98,66590,75062,8472
MalissaTran_UCQJmL832IwvPkEjw9U1NQ_BIHYCPgup98_75182_78538.wav,MalissaTran_UCQJmL832IwvPkEjw9U1NQ_BIHYCPgup98,75182,78538,3356
MalissaTran_UCQJmL832IwvPkEjw9U1NQ_BIHYCPgup98_78970_79826.wav,MalissaTran_UCQJmL832IwvPkEjw9U1NQ_BIHYCPgup98,78970,79826,856
MalissaTran_UCQJmL832IwvPkEjw9U1NQ_BIHYCPgup98_80114_85850.wav,MalissaTran_UCQJmL832IwvPkEjw9U1NQ_BIHYCPgup98,80114,85850,5736
MalissaTran_UCQJmL832IwvPkEjw9U1NQ_BIHYCPgup98_85954_88130.wav,MalissaTran_UCQJmL832IwvPkEjw9U1NQ_BIHYCPgup98,85954,88130,2176
MalissaTran_UCQJmL832IwvPkEjw9U1NQ_BIHYCPgup98_88234_89354.wav,MalissaTran_UCQJmL832IwvPkEjw9U1NQ_BIHYCPgup98,88234,89354,1120
MalissaTran_UCQJmL832IwvPkEjw9U1NQ_BIHYCPgup98_89466_91090.wav,MalissaTran_UCQJmL832IwvPkEjw9U1NQ_BIHYCPgup98,89466,91090,1624
MalissaTran_UCQJmL832IwvPkEjw9U1NQ_BIHYCPgup98_91482_94010.wav,MalissaTran_UCQJmL832IwvPkEjw9U1NQ_BIHYCPgup98,91482,94010,2528
MalissaTran_UCQJmL832IwvPkEjw9U1NQ_BIHYCPgup98_94330_95202.wav,MalissaTran_UCQJmL832IwvPkEjw9U1NQ_BIHYCPgup98,94330,95202,872
MalissaTran_UCQJmL832IwvPkEjw9U1NQ_BIHYCPgup98_95754_96858.wav,MalissaTran_UCQJmL832IwvPkEjw9U1NQ_BIHYCPgup98,95754,96858,1104
MalissaTran_UCQJmL832IwvPkEjw9U1NQ_BIHYCPgup98_97570_102556.wav,MalissaTran_UCQJmL832IwvPkEjw9U1NQ_BIHYCPgup98,97570,102556,4986
MalissaTran_UCQJmL832IwvPkEjw9U1NQ_BIHYCPgup98_102708_105404.wav,MalissaTran_UCQJmL832IwvPkEjw9U1NQ_BIHYCPgup98,102708,105404,2696
MalissaTran_UCQJmL832IwvPkEjw9U1NQ_BIHYCPgup98_105740_107998.wav,MalissaTran_UCQJmL832IwvPkEjw9U1NQ_BIHYCPgup98,105740,107998,2258
MalissaTran_UCQJmL832IwvPkEjw9U1NQ_BIHYCPgup98_108102_108750.wav,MalissaTran_UCQJmL832IwvPkEjw9U1NQ_BIHYCPgup98,108102,108750,648
MalissaTran_UCQJmL832IwvPkEjw9U1NQ_BIHYCPgup98_108958_110822.wav,MalissaTran_UCQJmL832IwvPkEjw9U1NQ_BIHYCPgup98,108958,110822,1864
MalissaTran_UCQJmL832IwvPkEjw9U1NQ_BIHYCPgup98_110950_118942.wav,MalissaTran_UCQJmL832IwvPkEjw9U1NQ_BIHYCPgup98,110950,118942,7992
MalissaTran_UCQJmL832IwvPkEjw9U1NQ_BIHYCPgup98_119166_120622.wav,MalissaTran_UCQJmL832IwvPkEjw9U1NQ_BIHYCPgup98,119166,120622,1456
MalissaTran_UCQJmL832IwvPkEjw9U1NQ_BIHYCPgup98_120742_128362.wav,MalissaTran_UCQJmL832IwvPkEjw9U1NQ_BIHYCPgup98,120742,128362,7620
MalissaTran_UCQJmL832IwvPkEjw9U1NQ_BIHYCPgup98_129218_131274.wav,MalissaTran_UCQJmL832IwvPkEjw9U1NQ_BIHYCPgup98,129218,131274,2056
MalissaTran_UCQJmL832IwvPkEjw9U1NQ_BIHYCPgup98_132018_134546.wav,MalissaTran_UCQJmL832IwvPkEjw9U1NQ_BIHYCPgup98,132018,134546,2528
MalissaTran_UCQJmL832IwvPkEjw9U1NQ_BIHYCPgup98_134914_141502.wav,MalissaTran_UCQJmL832IwvPkEjw9U1NQ_BIHYCPgup98,134914,141502,6588
MalissaTran_UCQJmL832IwvPkEjw9U1NQ_BIHYCPgup98_141638_142118.wav,MalissaTran_UCQJmL832IwvPkEjw9U1NQ_BIHYCPgup98,141638,142118,480
MalissaTran_UCQJmL832IwvPkEjw9U1NQ_BIHYCPgup98_142262_143654.wav,MalissaTran_UCQJmL832IwvPkEjw9U1NQ_BIHYCPgup98,142262,143654,1392
MalissaTran_UCQJmL832IwvPkEjw9U1NQ_BIHYCPgup98_143774_148866.wav,MalissaTran_UCQJmL832IwvPkEjw9U1NQ_BIHYCPgup98,143774,148866,5092
MalissaTran_UCQJmL832IwvPkEjw9U1NQ_BIHYCPgup98_149306_149970.wav,MalissaTran_UCQJmL832IwvPkEjw9U1NQ_BIHYCPgup98,149306,149970,664
MalissaTran_UCQJmL832IwvPkEjw9U1NQ_BIHYCPgup98_150282_151618.wav,MalissaTran_UCQJmL832IwvPkEjw9U1NQ_BIHYCPgup98,150282,151618,1336
MalissaTran_UCQJmL832IwvPkEjw9U1NQ_BIHYCPgup98_152442_159050.wav,MalissaTran_UCQJmL832IwvPkEjw9U1NQ_BIHYCPgup98,152442,159050,6608
MalissaTran_UCQJmL832IwvPkEjw9U1NQ_BIHYCPgup98_159178_165170.wav,MalissaTran_UCQJmL832IwvPkEjw9U1NQ_BIHYCPgup98,159178,165170,5992
MalissaTran_UCQJmL832IwvPkEjw9U1NQ_BIHYCPgup98_165490_175150.wav,MalissaTran_UCQJmL832IwvPkEjw9U1NQ_BIHYCPgup98,165490,175150,9660
MalissaTran_UCQJmL832IwvPkEjw9U1NQ_BIHYCPgup98_175318_176246.wav,MalissaTran_UCQJmL832IwvPkEjw9U1NQ_BIHYCPgup98,175318,176246,928
MalissaTran_UCQJmL832IwvPkEjw9U1NQ_BIHYCPgup98_176470_178422.wav,MalissaTran_UCQJmL832IwvPkEjw9U1NQ_BIHYCPgup98,176470,178422,1952
MalissaTran_UCQJmL832IwvPkEjw9U1NQ_BIHYCPgup98_178542_180282.wav,MalissaTran_UCQJmL832IwvPkEjw9U1NQ_BIHYCPgup98,178542,180282,1740
MalissaTran_UCQJmL832IwvPkEjw9U1NQ_BIHYCPgup98_180514_183146.wav,MalissaTran_UCQJmL832IwvPkEjw9U1NQ_BIHYCPgup98,180514,183146,2632
MalissaTran_UCQJmL832IwvPkEjw9U1NQ_BIHYCPgup98_183346_184978.wav,MalissaTran_UCQJmL832IwvPkEjw9U1NQ_BIHYCPgup98,183346,184978,1632
MalissaTran_UCQJmL832IwvPkEjw9U1NQ_BIHYCPgup98_185234_193038.wav,MalissaTran_UCQJmL832IwvPkEjw9U1NQ_BIHYCPgup98,185234,193038,7804
MalissaTran_UCQJmL832IwvPkEjw9U1NQ_BIHYCPgup98_193528_200256.wav,MalissaTran_UCQJmL832IwvPkEjw9U1NQ_BIHYCPgup98,193528,200256,6728
MalissaTran_UCQJmL832IwvPkEjw9U1NQ_BIHYCPgup98_200416_205546.wav,MalissaTran_UCQJmL832IwvPkEjw9U1NQ_BIHYCPgup98,200416,205546,5130
MalissaTran_UCQJmL832IwvPkEjw9U1NQ_BIHYCPgup98_206050_214726.wav,MalissaTran_UCQJmL832IwvPkEjw9U1NQ_BIHYCPgup98,206050,214726,8676
MalissaTran_UCQJmL832IwvPkEjw9U1NQ_BIHYCPgup98_214902_220550.wav,MalissaTran_UCQJmL832IwvPkEjw9U1NQ_BIHYCPgup98,214902,220550,5648
MalissaTran_UCQJmL832IwvPkEjw9U1NQ_BIHYCPgup98_220694_222398.wav,MalissaTran_UCQJmL832IwvPkEjw9U1NQ_BIHYCPgup98,220694,222398,1704
MalissaTran_UCQJmL832IwvPkEjw9U1NQ_BIHYCPgup98_222518_227806.wav,MalissaTran_UCQJmL832IwvPkEjw9U1NQ_BIHYCPgup98,222518,227806,5288
MalissaTran_UCQJmL832IwvPkEjw9U1NQ_BIHYCPgup98_227910_233730.wav,MalissaTran_UCQJmL832IwvPkEjw9U1NQ_BIHYCPgup98,227910,233730,5820
MalissaTran_UCQJmL832IwvPkEjw9U1NQ_BIHYCPgup98_233914_234050.wav,MalissaTran_UCQJmL832IwvPkEjw9U1NQ_BIHYCPgup98,233914,234050,136
MalissaTran_UCQJmL832IwvPkEjw9U1NQ_BIHYCPgup98_234210_240306.wav,MalissaTran_UCQJmL832IwvPkEjw9U1NQ_BIHYCPgup98,234210,240306,6096
MalissaTran_UCQJmL832IwvPkEjw9U1NQ_BIHYCPgup98_240910_249910.wav,MalissaTran_UCQJmL832IwvPkEjw9U1NQ_BIHYCPgup98,240910,249910,9000
MalissaTran_UCQJmL832IwvPkEjw9U1NQ_BIHYCPgup98_250022_252814.wav,MalissaTran_UCQJmL832IwvPkEjw9U1NQ_BIHYCPgup98,250022,252814,2792
MalissaTran_UCQJmL832IwvPkEjw9U1NQ_BIHYCPgup98_252958_254374.wav,MalissaTran_UCQJmL832IwvPkEjw9U1NQ_BIHYCPgup98,252958,254374,1416
MalissaTran_UCQJmL832IwvPkEjw9U1NQ_BIHYCPgup98_254598_258494.wav,MalissaTran_UCQJmL832IwvPkEjw9U1NQ_BIHYCPgup98,254598,258494,3896
MalissaTran_UCQJmL832IwvPkEjw9U1NQ_BIHYCPgup98_258598_261146.wav,MalissaTran_UCQJmL832IwvPkEjw9U1NQ_BIHYCPgup98,258598,261146,2548
MalissaTran_UCQJmL832IwvPkEjw9U1NQ_BIHYCPgup98_261538_263322.wav,MalissaTran_UCQJmL832IwvPkEjw9U1NQ_BIHYCPgup98,261538,263322,1784
MalissaTran_UCQJmL832IwvPkEjw9U1NQ_BIHYCPgup98_263770_267906.wav,MalissaTran_UCQJmL832IwvPkEjw9U1NQ_BIHYCPgup98,263770,267906,4136
MalissaTran_UCQJmL832IwvPkEjw9U1NQ_BIHYCPgup98_268018_269850.wav,MalissaTran_UCQJmL832IwvPkEjw9U1NQ_BIHYCPgup98,268018,269850,1832
MalissaTran_UCQJmL832IwvPkEjw9U1NQ_BIHYCPgup98_269986_276138.wav,MalissaTran_UCQJmL832IwvPkEjw9U1NQ_BIHYCPgup98,269986,276138,6152
MalissaTran_UCQJmL832IwvPkEjw9U1NQ_BIHYCPgup98_276274_277090.wav,MalissaTran_UCQJmL832IwvPkEjw9U1NQ_BIHYCPgup98,276274,277090,816
MalissaTran_UCQJmL832IwvPkEjw9U1NQ_BIHYCPgup98_277498_282106.wav,MalissaTran_UCQJmL832IwvPkEjw9U1NQ_BIHYCPgup98,277498,282106,4608
MalissaTran_UCQJmL832IwvPkEjw9U1NQ_BIHYCPgup98_282218_287106.wav,MalissaTran_UCQJmL832IwvPkEjw9U1NQ_BIHYCPgup98,282218,287106,4888
MalissaTran_UCQJmL832IwvPkEjw9U1NQ_BIHYCPgup98_287282_294538.wav,MalissaTran_UCQJmL832IwvPkEjw9U1NQ_BIHYCPgup98,287282,294538,7256
MalissaTran_UCQJmL832IwvPkEjw9U1NQ_BIHYCPgup98_295010_299946.wav,MalissaTran_UCQJmL832IwvPkEjw9U1NQ_BIHYCPgup98,295010,299946,4936
MalissaTran_UCQJmL832IwvPkEjw9U1NQ_BIHYCPgup98_300354_300866.wav,MalissaTran_UCQJmL832IwvPkEjw9U1NQ_BIHYCPgup98,300354,300866,512
MalissaTran_UCQJmL832IwvPkEjw9U1NQ_BIHYCPgup98_301002_301874.wav,MalissaTran_UCQJmL832IwvPkEjw9U1NQ_BIHYCPgup98,301002,301874,872
MalissaTran_UCQJmL832IwvPkEjw9U1NQ_BIHYCPgup98_301986_303986.wav,MalissaTran_UCQJmL832IwvPkEjw9U1NQ_BIHYCPgup98,301986,303986,2000
MalissaTran_UCQJmL832IwvPkEjw9U1NQ_BIHYCPgup98_304466_306874.wav,MalissaTran_UCQJmL832IwvPkEjw9U1NQ_BIHYCPgup98,304466,306874,2408
MalissaTran_UCQJmL832IwvPkEjw9U1NQ_BIHYCPgup98_307362_317186.wav,MalissaTran_UCQJmL832IwvPkEjw9U1NQ_BIHYCPgup98,307362,317186,9824
MalissaTran_UCQJmL832IwvPkEjw9U1NQ_BIHYCPgup98_317322_320210.wav,MalissaTran_UCQJmL832IwvPkEjw9U1NQ_BIHYCPgup98,317322,320210,2888
MalissaTran_UCQJmL832IwvPkEjw9U1NQ_BIHYCPgup98_320610_325180.wav,MalissaTran_UCQJmL832IwvPkEjw9U1NQ_BIHYCPgup98,320610,325180,4570
MalissaTran_UCQJmL832IwvPkEjw9U1NQ_BIHYCPgup98_325372_327564.wav,MalissaTran_UCQJmL832IwvPkEjw9U1NQ_BIHYCPgup98,325372,327564,2192
MalissaTran_UCQJmL832IwvPkEjw9U1NQ_BIHYCPgup98_327820_332294.wav,MalissaTran_UCQJmL832IwvPkEjw9U1NQ_BIHYCPgup98,327820,332294,4474
MalissaTran_UCQJmL832IwvPkEjw9U1NQ_BIHYCPgup98_332414_341222.wav,MalissaTran_UCQJmL832IwvPkEjw9U1NQ_BIHYCPgup98,332414,341222,8808
MalissaTran_UCQJmL832IwvPkEjw9U1NQ_BIHYCPgup98_341358_347312.wav,MalissaTran_UCQJmL832IwvPkEjw9U1NQ_BIHYCPgup98,341358,347312,5954
MalissaTran_UCQJmL832IwvPkEjw9U1NQ_BIHYCPgup98_347568_347744.wav,MalissaTran_UCQJmL832IwvPkEjw9U1NQ_BIHYCPgup98,347568,347744,176
MalissaTran_UCQJmL832IwvPkEjw9U1NQ_BIHYCPgup98_348040_351498.wav,MalissaTran_UCQJmL832IwvPkEjw9U1NQ_BIHYCPgup98,348040,351498,3458
MalissaTran_UCQJmL832IwvPkEjw9U1NQ_BIHYCPgup98_351770_359182.wav,MalissaTran_UCQJmL832IwvPkEjw9U1NQ_BIHYCPgup98,351770,359182,7412
MalissaTran_UCQJmL832IwvPkEjw9U1NQ_BIHYCPgup98_359358_361598.wav,MalissaTran_UCQJmL832IwvPkEjw9U1NQ_BIHYCPgup98,359358,361598,2240
MalissaTran_UCQJmL832IwvPkEjw9U1NQ_BIHYCPgup98_361774_362310.wav,MalissaTran_UCQJmL832IwvPkEjw9U1NQ_BIHYCPgup98,361774,362310,536
MalissaTran_UCQJmL832IwvPkEjw9U1NQ_BIHYCPgup98_362462_363846.wav,MalissaTran_UCQJmL832IwvPkEjw9U1NQ_BIHYCPgup98,362462,363846,1384
MalissaTran_UCQJmL832IwvPkEjw9U1NQ_BIHYCPgup98_363966_368358.wav,MalissaTran_UCQJmL832IwvPkEjw9U1NQ_BIHYCPgup98,363966,368358,4392
MalissaTran_UCQJmL832IwvPkEjw9U1NQ_BIHYCPgup98_368470_368718.wav,MalissaTran_UCQJmL832IwvPkEjw9U1NQ_BIHYCPgup98,368470,368718,248
MalissaTran_UCQJmL832IwvPkEjw9U1NQ_BIHYCPgup98_368878_370966.wav,MalissaTran_UCQJmL832IwvPkEjw9U1NQ_BIHYCPgup98,368878,370966,2088
MalissaTran_UCQJmL832IwvPkEjw9U1NQ_BIHYCPgup98_371078_379150.wav,MalissaTran_UCQJmL832IwvPkEjw9U1NQ_BIHYCPgup98,371078,379150,8072
MalissaTran_UCQJmL832IwvPkEjw9U1NQ_BIHYCPgup98_379254_383438.wav,MalissaTran_UCQJmL832IwvPkEjw9U1NQ_BIHYCPgup98,379254,383438,4184
MalissaTran_UCQJmL832IwvPkEjw9U1NQ_BIHYCPgup98_383542_384942.wav,MalissaTran_UCQJmL832IwvPkEjw9U1NQ_BIHYCPgup98,383542,384942,1400
MalissaTran_UCQJmL832IwvPkEjw9U1NQ_BIHYCPgup98_385054_385534.wav,MalissaTran_UCQJmL832IwvPkEjw9U1NQ_BIHYCPgup98,385054,385534,480
MalissaTran_UCQJmL832IwvPkEjw9U1NQ_BIHYCPgup98_385638_385870.wav,MalissaTran_UCQJmL832IwvPkEjw9U1NQ_BIHYCPgup98,385638,385870,232
MalissaTran_UCQJmL832IwvPkEjw9U1NQ_BIHYCPgup98_386006_393200.wav,MalissaTran_UCQJmL832IwvPkEjw9U1NQ_BIHYCPgup98,386006,393200,7194
MalissaTran_UCQJmL832IwvPkEjw9U1NQ_BIHYCPgup98_393360_395433.wav,MalissaTran_UCQJmL832IwvPkEjw9U1NQ_BIHYCPgup98,393360,395433,2073
MalissaTran_UCQJmL832IwvPkEjw9U1NQ_BIHYCPgup98_395673_403121.wav,MalissaTran_UCQJmL832IwvPkEjw9U1NQ_BIHYCPgup98,395673,403121,7448
MalissaTran_UCQJmL832IwvPkEjw9U1NQ_BIHYCPgup98_403329_407145.wav,MalissaTran_UCQJmL832IwvPkEjw9U1NQ_BIHYCPgup98,403329,407145,3816
MalissaTran_UCQJmL832IwvPkEjw9U1NQ_BIHYCPgup98_407353_407753.wav,MalissaTran_UCQJmL832IwvPkEjw9U1NQ_BIHYCPgup98,407353,407753,400
MalissaTran_UCQJmL832IwvPkEjw9U1NQ_BIHYCPgup98_408001_411202.wav,MalissaTran_UCQJmL832IwvPkEjw9U1NQ_BIHYCPgup98,408001,411202,3201
MalissaTran_UCQJmL832IwvPkEjw9U1NQ_BIHYCPgup98_411466_420926.wav,MalissaTran_UCQJmL832IwvPkEjw9U1NQ_BIHYCPgup98,411466,420926,9460
MalissaTran_UCQJmL832IwvPkEjw9U1NQ_BIHYCPgup98_421142_423006.wav,MalissaTran_UCQJmL832IwvPkEjw9U1NQ_BIHYCPgup98,421142,423006,1864
MalissaTran_UCQJmL832IwvPkEjw9U1NQ_BIHYCPgup98_423182_432178.wav,MalissaTran_UCQJmL832IwvPkEjw9U1NQ_BIHYCPgup98,423182,432178,8996
MalissaTran_UCQJmL832IwvPkEjw9U1NQ_BIHYCPgup98_432698_435514.wav,MalissaTran_UCQJmL832IwvPkEjw9U1NQ_BIHYCPgup98,432698,435514,2816
MalissaTran_UCQJmL832IwvPkEjw9U1NQ_BIHYCPgup98_435618_435866.wav,MalissaTran_UCQJmL832IwvPkEjw9U1NQ_BIHYCPgup98,435618,435866,248
MalissaTran_UCQJmL832IwvPkEjw9U1NQ_BIHYCPgup98_435978_443986.wav,MalissaTran_UCQJmL832IwvPkEjw9U1NQ_BIHYCPgup98,435978,443986,8008
MalissaTran_UCQJmL832IwvPkEjw9U1NQ_BIHYCPgup98_444090_445498.wav,MalissaTran_UCQJmL832IwvPkEjw9U1NQ_BIHYCPgup98,444090,445498,1408
MalissaTran_UCQJmL832IwvPkEjw9U1NQ_BIHYCPgup98_445738_448450.wav,MalissaTran_UCQJmL832IwvPkEjw9U1NQ_BIHYCPgup98,445738,448450,2712
MalissaTran_UCQJmL832IwvPkEjw9U1NQ_BIHYCPgup98_448882_456434.wav,MalissaTran_UCQJmL832IwvPkEjw9U1NQ_BIHYCPgup98,448882,456434,7552
MalissaTran_UCQJmL832IwvPkEjw9U1NQ_BIHYCPgup98_456730_460094.wav,MalissaTran_UCQJmL832IwvPkEjw9U1NQ_BIHYCPgup98,456730,460094,3364
MalissaTran_UCQJmL832IwvPkEjw9U1NQ_BIHYCPgup98_460318_463094.wav,MalissaTran_UCQJmL832IwvPkEjw9U1NQ_BIHYCPgup98,460318,463094,2776
MalissaTran_UCQJmL832IwvPkEjw9U1NQ_BIHYCPgup98_463278_463726.wav,MalissaTran_UCQJmL832IwvPkEjw9U1NQ_BIHYCPgup98,463278,463726,448
MalissaTran_UCQJmL832IwvPkEjw9U1NQ_BIHYCPgup98_463830_467670.wav,MalissaTran_UCQJmL832IwvPkEjw9U1NQ_BIHYCPgup98,463830,467670,3840
MalissaTran_UCQJmL832IwvPkEjw9U1NQ_BIHYCPgup98_467886_470287.wav,MalissaTran_UCQJmL832IwvPkEjw9U1NQ_BIHYCPgup98,467886,470287,2401
MalissaTran_UCQJmL832IwvPkEjw9U1NQ_BIHYCPgup98_470511_479215.wav,MalissaTran_UCQJmL832IwvPkEjw9U1NQ_BIHYCPgup98,470511,479215,8704
MalissaTran_UCQJmL832IwvPkEjw9U1NQ_BIHYCPgup98_479319_479551.wav,MalissaTran_UCQJmL832IwvPkEjw9U1NQ_BIHYCPgup98,479319,479551,232
MalissaTran_UCQJmL832IwvPkEjw9U1NQ_BIHYCPgup98_479655_484983.wav,MalissaTran_UCQJmL832IwvPkEjw9U1NQ_BIHYCPgup98,479655,484983,5328
MalissaTran_UCQJmL832IwvPkEjw9U1NQ_BIHYCPgup98_485543_486367.wav,MalissaTran_UCQJmL832IwvPkEjw9U1NQ_BIHYCPgup98,485543,486367,824
MalissaTran_UCQJmL832IwvPkEjw9U1NQ_BIHYCPgup98_486655_488007.wav,MalissaTran_UCQJmL832IwvPkEjw9U1NQ_BIHYCPgup98,486655,488007,1352
MalissaTran_UCQJmL832IwvPkEjw9U1NQ_BIHYCPgup98_488439_488880.wav,MalissaTran_UCQJmL832IwvPkEjw9U1NQ_BIHYCPgup98,488439,488880,441
MalissaTran_UCQJmL832IwvPkEjw9U1NQ_BIHYCPgup98_489064_489384.wav,MalissaTran_UCQJmL832IwvPkEjw9U1NQ_BIHYCPgup98,489064,489384,320
MalissaTran_UCQJmL832IwvPkEjw9U1NQ_BIHYCPgup98_489576_490074.wav,MalissaTran_UCQJmL832IwvPkEjw9U1NQ_BIHYCPgup98,489576,490074,498
MalissaTran_UCQJmL832IwvPkEjw9U1NQ_BIHYCPgup98_490570_493162.wav,MalissaTran_UCQJmL832IwvPkEjw9U1NQ_BIHYCPgup98,490570,493162,2592
MalissaTran_UCQJmL832IwvPkEjw9U1NQ_BIHYCPgup98_493586_494458.wav,MalissaTran_UCQJmL832IwvPkEjw9U1NQ_BIHYCPgup98,493586,494458,872
MalissaTran_UCQJmL832IwvPkEjw9U1NQ_BIHYCPgup98_495202_497146.wav,MalissaTran_UCQJmL832IwvPkEjw9U1NQ_BIHYCPgup98,495202,497146,1944
MalissaTran_UCQJmL832IwvPkEjw9U1NQ_BIHYCPgup98_497802_504594.wav,MalissaTran_UCQJmL832IwvPkEjw9U1NQ_BIHYCPgup98,497802,504594,6792
MalissaTran_UCQJmL832IwvPkEjw9U1NQ_BIHYCPgup98_504730_510210.wav,MalissaTran_UCQJmL832IwvPkEjw9U1NQ_BIHYCPgup98,504730,510210,5480
MalissaTran_UCQJmL832IwvPkEjw9U1NQ_BIHYCPgup98_510730_516042.wav,MalissaTran_UCQJmL832IwvPkEjw9U1NQ_BIHYCPgup98,510730,516042,5312
MalissaTran_UCQJmL832IwvPkEjw9U1NQ_BIHYCPgup98_516674_520538.wav,MalissaTran_UCQJmL832IwvPkEjw9U1NQ_BIHYCPgup98,516674,520538,3864
MalissaTran_UCQJmL832IwvPkEjw9U1NQ_BIHYCPgup98_520842_524566.wav,MalissaTran_UCQJmL832IwvPkEjw9U1NQ_BIHYCPgup98,520842,524566,3724
MalissaTran_UCQJmL832IwvPkEjw9U1NQ_BIHYCPgup98_524894_532474.wav,MalissaTran_UCQJmL832IwvPkEjw9U1NQ_BIHYCPgup98,524894,532474,7580
MalissaTran_UCQJmL832IwvPkEjw9U1NQ_BIHYCPgup98_532986_534970.wav,MalissaTran_UCQJmL832IwvPkEjw9U1NQ_BIHYCPgup98,532986,534970,1984
MalissaTran_UCQJmL832IwvPkEjw9U1NQ_BIHYCPgup98_535402_540810.wav,MalissaTran_UCQJmL832IwvPkEjw9U1NQ_BIHYCPgup98,535402,540810,5408
MalissaTran_UCQJmL832IwvPkEjw9U1NQ_BIHYCPgup98_541074_542491.wav,MalissaTran_UCQJmL832IwvPkEjw9U1NQ_BIHYCPgup98,541074,542491,1417
MalissaTran_UCQJmL832IwvPkEjw9U1NQ_BIHYCPgup98_542755_551404.wav,MalissaTran_UCQJmL832IwvPkEjw9U1NQ_BIHYCPgup98,542755,551404,8649
MalissaTran_UCQJmL832IwvPkEjw9U1NQ_BIHYCPgup98_551644_554220.wav,MalissaTran_UCQJmL832IwvPkEjw9U1NQ_BIHYCPgup98,551644,554220,2576
MalissaTran_UCQJmL832IwvPkEjw9U1NQ_BIHYCPgup98_554534_560734.wav,MalissaTran_UCQJmL832IwvPkEjw9U1NQ_BIHYCPgup98,554534,560734,6200
MalissaTran_UCQJmL832IwvPkEjw9U1NQ_BIHYCPgup98_560902_561018.wav,MalissaTran_UCQJmL832IwvPkEjw9U1NQ_BIHYCPgup98,560902,561018,116
MalissaTran_UCQJmL832IwvPkEjw9U1NQ_BIHYCPgup98_561346_563610.wav,MalissaTran_UCQJmL832IwvPkEjw9U1NQ_BIHYCPgup98,561346,563610,2264
MalissaTran_UCQJmL832IwvPkEjw9U1NQ_BIHYCPgup98_564234_568338.wav,MalissaTran_UCQJmL832IwvPkEjw9U1NQ_BIHYCPgup98,564234,568338,4104
MalissaTran_UCQJmL832IwvPkEjw9U1NQ_BIHYCPgup98_568866_577690.wav,MalissaTran_UCQJmL832IwvPkEjw9U1NQ_BIHYCPgup98,568866,577690,8824
MalissaTran_UCQJmL832IwvPkEjw9U1NQ_BIHYCPgup98_578170_580178.wav,MalissaTran_UCQJmL832IwvPkEjw9U1NQ_BIHYCPgup98,578170,580178,2008
MalissaTran_UCQJmL832IwvPkEjw9U1NQ_BIHYCPgup98_580370_587250.wav,MalissaTran_UCQJmL832IwvPkEjw9U1NQ_BIHYCPgup98,580370,587250,6880
MalissaTran_UCQJmL832IwvPkEjw9U1NQ_BIHYCPgup98_587362_587986.wav,MalissaTran_UCQJmL832IwvPkEjw9U1NQ_BIHYCPgup98,587362,587986,624
MalissaTran_UCQJmL832IwvPkEjw9U1NQ_BIHYCPgup98_588234_589834.wav,MalissaTran_UCQJmL832IwvPkEjw9U1NQ_BIHYCPgup98,588234,589834,1600
MalissaTran_UCQJmL832IwvPkEjw9U1NQ_BIHYCPgup98_590010_595890.wav,MalissaTran_UCQJmL832IwvPkEjw9U1NQ_BIHYCPgup98,590010,595890,5880
MalissaTran_UCQJmL832IwvPkEjw9U1NQ_BIHYCPgup98_596226_599098.wav,MalissaTran_UCQJmL832IwvPkEjw9U1NQ_BIHYCPgup98,596226,599098,2872
MalissaTran_UCQJmL832IwvPkEjw9U1NQ_BIHYCPgup98_599234_604106.wav,MalissaTran_UCQJmL832IwvPkEjw9U1NQ_BIHYCPgup98,599234,604106,4872
MalissaTran_UCQJmL832IwvPkEjw9U1NQ_BIHYCPgup98_604218_608170.wav,MalissaTran_UCQJmL832IwvPkEjw9U1NQ_BIHYCPgup98,604218,608170,3952
MalissaTran_UCQJmL832IwvPkEjw9U1NQ_BIHYCPgup98_608410_616378.wav,MalissaTran_UCQJmL832IwvPkEjw9U1NQ_BIHYCPgup98,608410,616378,7968
MalissaTran_UCQJmL832IwvPkEjw9U1NQ_BIHYCPgup98_616482_625090.wav,MalissaTran_UCQJmL832IwvPkEjw9U1NQ_BIHYCPgup98,616482,625090,8608
MalissaTran_UCQJmL832IwvPkEjw9U1NQ_BIHYCPgup98_625434_629074.wav,MalissaTran_UCQJmL832IwvPkEjw9U1NQ_BIHYCPgup98,625434,629074,3640
MalissaTran_UCQJmL832IwvPkEjw9U1NQ_BIHYCPgup98_629178_634162.wav,MalissaTran_UCQJmL832IwvPkEjw9U1NQ_BIHYCPgup98,629178,634162,4984
MalissaTran_UCQJmL832IwvPkEjw9U1NQ_BIHYCPgup98_634282_639178.wav,MalissaTran_UCQJmL832IwvPkEjw9U1NQ_BIHYCPgup98,634282,639178,4896
MalissaTran_UCQJmL832IwvPkEjw9U1NQ_BIHYCPgup98_639346_643650.wav,MalissaTran_UCQJmL832IwvPkEjw9U1NQ_BIHYCPgup98,639346,643650,4304
MalissaTran_UCQJmL832IwvPkEjw9U1NQ_BIHYCPgup98_643826_645418.wav,MalissaTran_UCQJmL832IwvPkEjw9U1NQ_BIHYCPgup98,643826,645418,1592
MalissaTran_UCQJmL832IwvPkEjw9U1NQ_BIHYCPgup98_645586_645914.wav,MalissaTran_UCQJmL832IwvPkEjw9U1NQ_BIHYCPgup98,645586,645914,328
MalissaTran_UCQJmL832IwvPkEjw9U1NQ_BIHYCPgup98_646386_650858.wav,MalissaTran_UCQJmL832IwvPkEjw9U1NQ_BIHYCPgup98,646386,650858,4472
MalissaTran_UCQJmL832IwvPkEjw9U1NQ_BIHYCPgup98_651138_653570.wav,MalissaTran_UCQJmL832IwvPkEjw9U1NQ_BIHYCPgup98,651138,653570,2432
MalissaTran_UCQJmL832IwvPkEjw9U1NQ_BIHYCPgup98_653986_654290.wav,MalissaTran_UCQJmL832IwvPkEjw9U1NQ_BIHYCPgup98,653986,654290,304
MalissaTran_UCQJmL832IwvPkEjw9U1NQ_BIHYCPgup98_655946_658394.wav,MalissaTran_UCQJmL832IwvPkEjw9U1NQ_BIHYCPgup98,655946,658394,2448
