filename,video_id,start_time,end_time,duration
Karin_UCrRusOoeeCCIVd6k8HJZYtg_NNLAU9kmqd0_433_997.wav,Karin_UCrRusOoeeCCIVd6k8HJZYtg_NNLAU9kmqd0,433,997,564
Karin_UCrRusOoeeCCIVd6k8HJZYtg_NNLAU9kmqd0_1213_8093.wav,Karin_UCrRusOoeeCCIVd6k8HJZYtg_NNLAU9kmqd0,1213,8093,6880
Karin_UCrRusOoeeCCIVd6k8HJZYtg_NNLAU9kmqd0_8333_11573.wav,Karin_UCrRusOoeeCCIVd6k8HJZYtg_NNLAU9kmqd0,8333,11573,3240
Karin_UCrRusOoeeCCIVd6k8HJZYtg_NNLAU9kmqd0_11797_14129.wav,Karin_UCrRusOoeeCCIVd6k8HJZYtg_NNLAU9kmqd0,11797,14129,2332
Karin_UCrRusOoeeCCIVd6k8HJZYtg_NNLAU9kmqd0_14401_20891.wav,Karin_UCrRusOoeeCCIVd6k8HJZYtg_NNLAU9kmqd0,14401,20891,6490
Karin_UCrRusOoeeCCIVd6k8HJZYtg_NNLAU9kmqd0_21027_25043.wav,Karin_UCrRusOoeeCCIVd6k8HJZYtg_NNLAU9kmqd0,21027,25043,4016
Karin_UCrRusOoeeCCIVd6k8HJZYtg_NNLAU9kmqd0_25171_28861.wav,Karin_UCrRusOoeeCCIVd6k8HJZYtg_NNLAU9kmqd0,25171,28861,3690
Karin_UCrRusOoeeCCIVd6k8HJZYtg_NNLAU9kmqd0_29077_35133.wav,Karin_UCrRusOoeeCCIVd6k8HJZYtg_NNLAU9kmqd0,29077,35133,6056
Karin_UCrRusOoeeCCIVd6k8HJZYtg_NNLAU9kmqd0_35341_36965.wav,Karin_UCrRusOoeeCCIVd6k8HJZYtg_NNLAU9kmqd0,35341,36965,1624
Karin_UCrRusOoeeCCIVd6k8HJZYtg_NNLAU9kmqd0_37181_41137.wav,Karin_UCrRusOoeeCCIVd6k8HJZYtg_NNLAU9kmqd0,37181,41137,3956
Karin_UCrRusOoeeCCIVd6k8HJZYtg_NNLAU9kmqd0_41833_44403.wav,Karin_UCrRusOoeeCCIVd6k8HJZYtg_NNLAU9kmqd0,41833,44403,2570
Karin_UCrRusOoeeCCIVd6k8HJZYtg_NNLAU9kmqd0_44611_51333.wav,Karin_UCrRusOoeeCCIVd6k8HJZYtg_NNLAU9kmqd0,44611,51333,6722
Karin_UCrRusOoeeCCIVd6k8HJZYtg_NNLAU9kmqd0_51589_56373.wav,Karin_UCrRusOoeeCCIVd6k8HJZYtg_NNLAU9kmqd0,51589,56373,4784
Karin_UCrRusOoeeCCIVd6k8HJZYtg_NNLAU9kmqd0_56629_62949.wav,Karin_UCrRusOoeeCCIVd6k8HJZYtg_NNLAU9kmqd0,56629,62949,6320
Karin_UCrRusOoeeCCIVd6k8HJZYtg_NNLAU9kmqd0_63221_67541.wav,Karin_UCrRusOoeeCCIVd6k8HJZYtg_NNLAU9kmqd0,63221,67541,4320
Karin_UCrRusOoeeCCIVd6k8HJZYtg_NNLAU9kmqd0_67965_69009.wav,Karin_UCrRusOoeeCCIVd6k8HJZYtg_NNLAU9kmqd0,67965,69009,1044
Karin_UCrRusOoeeCCIVd6k8HJZYtg_NNLAU9kmqd0_69281_73429.wav,Karin_UCrRusOoeeCCIVd6k8HJZYtg_NNLAU9kmqd0,69281,73429,4148
Karin_UCrRusOoeeCCIVd6k8HJZYtg_NNLAU9kmqd0_73749_80585.wav,Karin_UCrRusOoeeCCIVd6k8HJZYtg_NNLAU9kmqd0,73749,80585,6836
Karin_UCrRusOoeeCCIVd6k8HJZYtg_NNLAU9kmqd0_81249_82897.wav,Karin_UCrRusOoeeCCIVd6k8HJZYtg_NNLAU9kmqd0,81249,82897,1648
Karin_UCrRusOoeeCCIVd6k8HJZYtg_NNLAU9kmqd0_83233_85659.wav,Karin_UCrRusOoeeCCIVd6k8HJZYtg_NNLAU9kmqd0,83233,85659,2426
Karin_UCrRusOoeeCCIVd6k8HJZYtg_NNLAU9kmqd0_85867_88419.wav,Karin_UCrRusOoeeCCIVd6k8HJZYtg_NNLAU9kmqd0,85867,88419,2552
Karin_UCrRusOoeeCCIVd6k8HJZYtg_NNLAU9kmqd0_88627_91413.wav,Karin_UCrRusOoeeCCIVd6k8HJZYtg_NNLAU9kmqd0,88627,91413,2786
Karin_UCrRusOoeeCCIVd6k8HJZYtg_NNLAU9kmqd0_91773_95825.wav,Karin_UCrRusOoeeCCIVd6k8HJZYtg_NNLAU9kmqd0,91773,95825,4052
Karin_UCrRusOoeeCCIVd6k8HJZYtg_NNLAU9kmqd0_96049_97971.wav,Karin_UCrRusOoeeCCIVd6k8HJZYtg_NNLAU9kmqd0,96049,97971,1922
Karin_UCrRusOoeeCCIVd6k8HJZYtg_NNLAU9kmqd0_98131_103563.wav,Karin_UCrRusOoeeCCIVd6k8HJZYtg_NNLAU9kmqd0,98131,103563,5432
Karin_UCrRusOoeeCCIVd6k8HJZYtg_NNLAU9kmqd0_103731_106763.wav,Karin_UCrRusOoeeCCIVd6k8HJZYtg_NNLAU9kmqd0,103731,106763,3032
Karin_UCrRusOoeeCCIVd6k8HJZYtg_NNLAU9kmqd0_106923_107205.wav,Karin_UCrRusOoeeCCIVd6k8HJZYtg_NNLAU9kmqd0,106923,107205,282
Karin_UCrRusOoeeCCIVd6k8HJZYtg_NNLAU9kmqd0_107781_114381.wav,Karin_UCrRusOoeeCCIVd6k8HJZYtg_NNLAU9kmqd0,107781,114381,6600
Karin_UCrRusOoeeCCIVd6k8HJZYtg_NNLAU9kmqd0_114749_122117.wav,Karin_UCrRusOoeeCCIVd6k8HJZYtg_NNLAU9kmqd0,114749,122117,7368
Karin_UCrRusOoeeCCIVd6k8HJZYtg_NNLAU9kmqd0_122437_126445.wav,Karin_UCrRusOoeeCCIVd6k8HJZYtg_NNLAU9kmqd0,122437,126445,4008
Karin_UCrRusOoeeCCIVd6k8HJZYtg_NNLAU9kmqd0_127073_132881.wav,Karin_UCrRusOoeeCCIVd6k8HJZYtg_NNLAU9kmqd0,127073,132881,5808
Karin_UCrRusOoeeCCIVd6k8HJZYtg_NNLAU9kmqd0_133441_139157.wav,Karin_UCrRusOoeeCCIVd6k8HJZYtg_NNLAU9kmqd0,133441,139157,5716
Karin_UCrRusOoeeCCIVd6k8HJZYtg_NNLAU9kmqd0_139429_140313.wav,Karin_UCrRusOoeeCCIVd6k8HJZYtg_NNLAU9kmqd0,139429,140313,884
Karin_UCrRusOoeeCCIVd6k8HJZYtg_NNLAU9kmqd0_140641_141601.wav,Karin_UCrRusOoeeCCIVd6k8HJZYtg_NNLAU9kmqd0,140641,141601,960
Karin_UCrRusOoeeCCIVd6k8HJZYtg_NNLAU9kmqd0_142153_145801.wav,Karin_UCrRusOoeeCCIVd6k8HJZYtg_NNLAU9kmqd0,142153,145801,3648
Karin_UCrRusOoeeCCIVd6k8HJZYtg_NNLAU9kmqd0_146193_150681.wav,Karin_UCrRusOoeeCCIVd6k8HJZYtg_NNLAU9kmqd0,146193,150681,4488
Karin_UCrRusOoeeCCIVd6k8HJZYtg_NNLAU9kmqd0_151281_154841.wav,Karin_UCrRusOoeeCCIVd6k8HJZYtg_NNLAU9kmqd0,151281,154841,3560
Karin_UCrRusOoeeCCIVd6k8HJZYtg_NNLAU9kmqd0_155777_156369.wav,Karin_UCrRusOoeeCCIVd6k8HJZYtg_NNLAU9kmqd0,155777,156369,592
Karin_UCrRusOoeeCCIVd6k8HJZYtg_NNLAU9kmqd0_157409_158505.wav,Karin_UCrRusOoeeCCIVd6k8HJZYtg_NNLAU9kmqd0,157409,158505,1096
Karin_UCrRusOoeeCCIVd6k8HJZYtg_NNLAU9kmqd0_158889_164289.wav,Karin_UCrRusOoeeCCIVd6k8HJZYtg_NNLAU9kmqd0,158889,164289,5400
Karin_UCrRusOoeeCCIVd6k8HJZYtg_NNLAU9kmqd0_164585_164737.wav,Karin_UCrRusOoeeCCIVd6k8HJZYtg_NNLAU9kmqd0,164585,164737,152
Karin_UCrRusOoeeCCIVd6k8HJZYtg_NNLAU9kmqd0_165169_166289.wav,Karin_UCrRusOoeeCCIVd6k8HJZYtg_NNLAU9kmqd0,165169,166289,1120
Karin_UCrRusOoeeCCIVd6k8HJZYtg_NNLAU9kmqd0_166785_167113.wav,Karin_UCrRusOoeeCCIVd6k8HJZYtg_NNLAU9kmqd0,166785,167113,328
Karin_UCrRusOoeeCCIVd6k8HJZYtg_NNLAU9kmqd0_167369_173265.wav,Karin_UCrRusOoeeCCIVd6k8HJZYtg_NNLAU9kmqd0,167369,173265,5896
Karin_UCrRusOoeeCCIVd6k8HJZYtg_NNLAU9kmqd0_173705_176601.wav,Karin_UCrRusOoeeCCIVd6k8HJZYtg_NNLAU9kmqd0,173705,176601,2896
Karin_UCrRusOoeeCCIVd6k8HJZYtg_NNLAU9kmqd0_177089_179997.wav,Karin_UCrRusOoeeCCIVd6k8HJZYtg_NNLAU9kmqd0,177089,179997,2908
Karin_UCrRusOoeeCCIVd6k8HJZYtg_NNLAU9kmqd0_180197_181357.wav,Karin_UCrRusOoeeCCIVd6k8HJZYtg_NNLAU9kmqd0,180197,181357,1160
Karin_UCrRusOoeeCCIVd6k8HJZYtg_NNLAU9kmqd0_181589_186561.wav,Karin_UCrRusOoeeCCIVd6k8HJZYtg_NNLAU9kmqd0,181589,186561,4972
Karin_UCrRusOoeeCCIVd6k8HJZYtg_NNLAU9kmqd0_186881_189129.wav,Karin_UCrRusOoeeCCIVd6k8HJZYtg_NNLAU9kmqd0,186881,189129,2248
Karin_UCrRusOoeeCCIVd6k8HJZYtg_NNLAU9kmqd0_189505_195889.wav,Karin_UCrRusOoeeCCIVd6k8HJZYtg_NNLAU9kmqd0,189505,195889,6384
Karin_UCrRusOoeeCCIVd6k8HJZYtg_NNLAU9kmqd0_196145_203161.wav,Karin_UCrRusOoeeCCIVd6k8HJZYtg_NNLAU9kmqd0,196145,203161,7016
Karin_UCrRusOoeeCCIVd6k8HJZYtg_NNLAU9kmqd0_203425_203769.wav,Karin_UCrRusOoeeCCIVd6k8HJZYtg_NNLAU9kmqd0,203425,203769,344
Karin_UCrRusOoeeCCIVd6k8HJZYtg_NNLAU9kmqd0_204113_208593.wav,Karin_UCrRusOoeeCCIVd6k8HJZYtg_NNLAU9kmqd0,204113,208593,4480
Karin_UCrRusOoeeCCIVd6k8HJZYtg_NNLAU9kmqd0_208881_211193.wav,Karin_UCrRusOoeeCCIVd6k8HJZYtg_NNLAU9kmqd0,208881,211193,2312
Karin_UCrRusOoeeCCIVd6k8HJZYtg_NNLAU9kmqd0_211801_215923.wav,Karin_UCrRusOoeeCCIVd6k8HJZYtg_NNLAU9kmqd0,211801,215923,4122
Karin_UCrRusOoeeCCIVd6k8HJZYtg_NNLAU9kmqd0_216123_219515.wav,Karin_UCrRusOoeeCCIVd6k8HJZYtg_NNLAU9kmqd0,216123,219515,3392
Karin_UCrRusOoeeCCIVd6k8HJZYtg_NNLAU9kmqd0_219779_221163.wav,Karin_UCrRusOoeeCCIVd6k8HJZYtg_NNLAU9kmqd0,219779,221163,1384
Karin_UCrRusOoeeCCIVd6k8HJZYtg_NNLAU9kmqd0_221371_221661.wav,Karin_UCrRusOoeeCCIVd6k8HJZYtg_NNLAU9kmqd0,221371,221661,290
Karin_UCrRusOoeeCCIVd6k8HJZYtg_NNLAU9kmqd0_221885_225937.wav,Karin_UCrRusOoeeCCIVd6k8HJZYtg_NNLAU9kmqd0,221885,225937,4052
Karin_UCrRusOoeeCCIVd6k8HJZYtg_NNLAU9kmqd0_226473_228529.wav,Karin_UCrRusOoeeCCIVd6k8HJZYtg_NNLAU9kmqd0,226473,228529,2056
Karin_UCrRusOoeeCCIVd6k8HJZYtg_NNLAU9kmqd0_228961_230917.wav,Karin_UCrRusOoeeCCIVd6k8HJZYtg_NNLAU9kmqd0,228961,230917,1956
Karin_UCrRusOoeeCCIVd6k8HJZYtg_NNLAU9kmqd0_231533_233509.wav,Karin_UCrRusOoeeCCIVd6k8HJZYtg_NNLAU9kmqd0,231533,233509,1976
Karin_UCrRusOoeeCCIVd6k8HJZYtg_NNLAU9kmqd0_233813_236781.wav,Karin_UCrRusOoeeCCIVd6k8HJZYtg_NNLAU9kmqd0,233813,236781,2968
Karin_UCrRusOoeeCCIVd6k8HJZYtg_NNLAU9kmqd0_237069_244719.wav,Karin_UCrRusOoeeCCIVd6k8HJZYtg_NNLAU9kmqd0,237069,244719,7650
Karin_UCrRusOoeeCCIVd6k8HJZYtg_NNLAU9kmqd0_245321_249793.wav,Karin_UCrRusOoeeCCIVd6k8HJZYtg_NNLAU9kmqd0,245321,249793,4472
Karin_UCrRusOoeeCCIVd6k8HJZYtg_NNLAU9kmqd0_250073_252409.wav,Karin_UCrRusOoeeCCIVd6k8HJZYtg_NNLAU9kmqd0,250073,252409,2336
Karin_UCrRusOoeeCCIVd6k8HJZYtg_NNLAU9kmqd0_252713_259361.wav,Karin_UCrRusOoeeCCIVd6k8HJZYtg_NNLAU9kmqd0,252713,259361,6648
Karin_UCrRusOoeeCCIVd6k8HJZYtg_NNLAU9kmqd0_259641_270921.wav,Karin_UCrRusOoeeCCIVd6k8HJZYtg_NNLAU9kmqd0,259641,270921,11280
Karin_UCrRusOoeeCCIVd6k8HJZYtg_NNLAU9kmqd0_271529_277801.wav,Karin_UCrRusOoeeCCIVd6k8HJZYtg_NNLAU9kmqd0,271529,277801,6272
Karin_UCrRusOoeeCCIVd6k8HJZYtg_NNLAU9kmqd0_277969_279057.wav,Karin_UCrRusOoeeCCIVd6k8HJZYtg_NNLAU9kmqd0,277969,279057,1088
Karin_UCrRusOoeeCCIVd6k8HJZYtg_NNLAU9kmqd0_279361_286521.wav,Karin_UCrRusOoeeCCIVd6k8HJZYtg_NNLAU9kmqd0,279361,286521,7160
Karin_UCrRusOoeeCCIVd6k8HJZYtg_NNLAU9kmqd0_286689_288105.wav,Karin_UCrRusOoeeCCIVd6k8HJZYtg_NNLAU9kmqd0,286689,288105,1416
Karin_UCrRusOoeeCCIVd6k8HJZYtg_NNLAU9kmqd0_288417_291802.wav,Karin_UCrRusOoeeCCIVd6k8HJZYtg_NNLAU9kmqd0,288417,291802,3385
Karin_UCrRusOoeeCCIVd6k8HJZYtg_NNLAU9kmqd0_291938_301987.wav,Karin_UCrRusOoeeCCIVd6k8HJZYtg_NNLAU9kmqd0,291938,301987,10049
Karin_UCrRusOoeeCCIVd6k8HJZYtg_NNLAU9kmqd0_302123_302331.wav,Karin_UCrRusOoeeCCIVd6k8HJZYtg_NNLAU9kmqd0,302123,302331,208
Karin_UCrRusOoeeCCIVd6k8HJZYtg_NNLAU9kmqd0_302515_303829.wav,Karin_UCrRusOoeeCCIVd6k8HJZYtg_NNLAU9kmqd0,302515,303829,1314
Karin_UCrRusOoeeCCIVd6k8HJZYtg_NNLAU9kmqd0_304045_304489.wav,Karin_UCrRusOoeeCCIVd6k8HJZYtg_NNLAU9kmqd0,304045,304489,444
Karin_UCrRusOoeeCCIVd6k8HJZYtg_NNLAU9kmqd0_304833_312201.wav,Karin_UCrRusOoeeCCIVd6k8HJZYtg_NNLAU9kmqd0,304833,312201,7368
Karin_UCrRusOoeeCCIVd6k8HJZYtg_NNLAU9kmqd0_312593_312939.wav,Karin_UCrRusOoeeCCIVd6k8HJZYtg_NNLAU9kmqd0,312593,312939,346
Karin_UCrRusOoeeCCIVd6k8HJZYtg_NNLAU9kmqd0_313155_313660.wav,Karin_UCrRusOoeeCCIVd6k8HJZYtg_NNLAU9kmqd0,313155,313660,505
Karin_UCrRusOoeeCCIVd6k8HJZYtg_NNLAU9kmqd0_313820_321221.wav,Karin_UCrRusOoeeCCIVd6k8HJZYtg_NNLAU9kmqd0,313820,321221,7401
Karin_UCrRusOoeeCCIVd6k8HJZYtg_NNLAU9kmqd0_321509_328457.wav,Karin_UCrRusOoeeCCIVd6k8HJZYtg_NNLAU9kmqd0,321509,328457,6948
Karin_UCrRusOoeeCCIVd6k8HJZYtg_NNLAU9kmqd0_329129_329753.wav,Karin_UCrRusOoeeCCIVd6k8HJZYtg_NNLAU9kmqd0,329129,329753,624
Karin_UCrRusOoeeCCIVd6k8HJZYtg_NNLAU9kmqd0_330481_333049.wav,Karin_UCrRusOoeeCCIVd6k8HJZYtg_NNLAU9kmqd0,330481,333049,2568
Karin_UCrRusOoeeCCIVd6k8HJZYtg_NNLAU9kmqd0_333489_337289.wav,Karin_UCrRusOoeeCCIVd6k8HJZYtg_NNLAU9kmqd0,333489,337289,3800
Karin_UCrRusOoeeCCIVd6k8HJZYtg_NNLAU9kmqd0_337625_341041.wav,Karin_UCrRusOoeeCCIVd6k8HJZYtg_NNLAU9kmqd0,337625,341041,3416
Karin_UCrRusOoeeCCIVd6k8HJZYtg_NNLAU9kmqd0_341401_343217.wav,Karin_UCrRusOoeeCCIVd6k8HJZYtg_NNLAU9kmqd0,341401,343217,1816
Karin_UCrRusOoeeCCIVd6k8HJZYtg_NNLAU9kmqd0_343545_349977.wav,Karin_UCrRusOoeeCCIVd6k8HJZYtg_NNLAU9kmqd0,343545,349977,6432
Karin_UCrRusOoeeCCIVd6k8HJZYtg_NNLAU9kmqd0_350193_353041.wav,Karin_UCrRusOoeeCCIVd6k8HJZYtg_NNLAU9kmqd0,350193,353041,2848
Karin_UCrRusOoeeCCIVd6k8HJZYtg_NNLAU9kmqd0_353193_357465.wav,Karin_UCrRusOoeeCCIVd6k8HJZYtg_NNLAU9kmqd0,353193,357465,4272
Karin_UCrRusOoeeCCIVd6k8HJZYtg_NNLAU9kmqd0_357633_358001.wav,Karin_UCrRusOoeeCCIVd6k8HJZYtg_NNLAU9kmqd0,357633,358001,368
Karin_UCrRusOoeeCCIVd6k8HJZYtg_NNLAU9kmqd0_358273_363069.wav,Karin_UCrRusOoeeCCIVd6k8HJZYtg_NNLAU9kmqd0,358273,363069,4796
Karin_UCrRusOoeeCCIVd6k8HJZYtg_NNLAU9kmqd0_363277_365823.wav,Karin_UCrRusOoeeCCIVd6k8HJZYtg_NNLAU9kmqd0,363277,365823,2546
Karin_UCrRusOoeeCCIVd6k8HJZYtg_NNLAU9kmqd0_365975_371225.wav,Karin_UCrRusOoeeCCIVd6k8HJZYtg_NNLAU9kmqd0,365975,371225,5250
Karin_UCrRusOoeeCCIVd6k8HJZYtg_NNLAU9kmqd0_371513_378437.wav,Karin_UCrRusOoeeCCIVd6k8HJZYtg_NNLAU9kmqd0,371513,378437,6924
Karin_UCrRusOoeeCCIVd6k8HJZYtg_NNLAU9kmqd0_378613_388127.wav,Karin_UCrRusOoeeCCIVd6k8HJZYtg_NNLAU9kmqd0,378613,388127,9514
Karin_UCrRusOoeeCCIVd6k8HJZYtg_NNLAU9kmqd0_388263_395105.wav,Karin_UCrRusOoeeCCIVd6k8HJZYtg_NNLAU9kmqd0,388263,395105,6842
Karin_UCrRusOoeeCCIVd6k8HJZYtg_NNLAU9kmqd0_395513_397513.wav,Karin_UCrRusOoeeCCIVd6k8HJZYtg_NNLAU9kmqd0,395513,397513,2000
Karin_UCrRusOoeeCCIVd6k8HJZYtg_NNLAU9kmqd0_397985_402565.wav,Karin_UCrRusOoeeCCIVd6k8HJZYtg_NNLAU9kmqd0,397985,402565,4580
Karin_UCrRusOoeeCCIVd6k8HJZYtg_NNLAU9kmqd0_402821_409149.wav,Karin_UCrRusOoeeCCIVd6k8HJZYtg_NNLAU9kmqd0,402821,409149,6328
Karin_UCrRusOoeeCCIVd6k8HJZYtg_NNLAU9kmqd0_409517_411297.wav,Karin_UCrRusOoeeCCIVd6k8HJZYtg_NNLAU9kmqd0,409517,411297,1780
Karin_UCrRusOoeeCCIVd6k8HJZYtg_NNLAU9kmqd0_411593_415841.wav,Karin_UCrRusOoeeCCIVd6k8HJZYtg_NNLAU9kmqd0,411593,415841,4248
Karin_UCrRusOoeeCCIVd6k8HJZYtg_NNLAU9kmqd0_416137_420065.wav,Karin_UCrRusOoeeCCIVd6k8HJZYtg_NNLAU9kmqd0,416137,420065,3928
Karin_UCrRusOoeeCCIVd6k8HJZYtg_NNLAU9kmqd0_420329_424033.wav,Karin_UCrRusOoeeCCIVd6k8HJZYtg_NNLAU9kmqd0,420329,424033,3704
Karin_UCrRusOoeeCCIVd6k8HJZYtg_NNLAU9kmqd0_424353_431497.wav,Karin_UCrRusOoeeCCIVd6k8HJZYtg_NNLAU9kmqd0,424353,431497,7144
Karin_UCrRusOoeeCCIVd6k8HJZYtg_NNLAU9kmqd0_431929_433873.wav,Karin_UCrRusOoeeCCIVd6k8HJZYtg_NNLAU9kmqd0,431929,433873,1944
Karin_UCrRusOoeeCCIVd6k8HJZYtg_NNLAU9kmqd0_434209_440201.wav,Karin_UCrRusOoeeCCIVd6k8HJZYtg_NNLAU9kmqd0,434209,440201,5992
Karin_UCrRusOoeeCCIVd6k8HJZYtg_NNLAU9kmqd0_440353_441745.wav,Karin_UCrRusOoeeCCIVd6k8HJZYtg_NNLAU9kmqd0,440353,441745,1392
Karin_UCrRusOoeeCCIVd6k8HJZYtg_NNLAU9kmqd0_442161_442705.wav,Karin_UCrRusOoeeCCIVd6k8HJZYtg_NNLAU9kmqd0,442161,442705,544
Karin_UCrRusOoeeCCIVd6k8HJZYtg_NNLAU9kmqd0_443113_448969.wav,Karin_UCrRusOoeeCCIVd6k8HJZYtg_NNLAU9kmqd0,443113,448969,5856
Karin_UCrRusOoeeCCIVd6k8HJZYtg_NNLAU9kmqd0_449425_452617.wav,Karin_UCrRusOoeeCCIVd6k8HJZYtg_NNLAU9kmqd0,449425,452617,3192
Karin_UCrRusOoeeCCIVd6k8HJZYtg_NNLAU9kmqd0_452993_454049.wav,Karin_UCrRusOoeeCCIVd6k8HJZYtg_NNLAU9kmqd0,452993,454049,1056
Karin_UCrRusOoeeCCIVd6k8HJZYtg_NNLAU9kmqd0_454313_455105.wav,Karin_UCrRusOoeeCCIVd6k8HJZYtg_NNLAU9kmqd0,454313,455105,792
Karin_UCrRusOoeeCCIVd6k8HJZYtg_NNLAU9kmqd0_455409_459457.wav,Karin_UCrRusOoeeCCIVd6k8HJZYtg_NNLAU9kmqd0,455409,459457,4048
Karin_UCrRusOoeeCCIVd6k8HJZYtg_NNLAU9kmqd0_460033_462913.wav,Karin_UCrRusOoeeCCIVd6k8HJZYtg_NNLAU9kmqd0,460033,462913,2880
Karin_UCrRusOoeeCCIVd6k8HJZYtg_NNLAU9kmqd0_463457_467233.wav,Karin_UCrRusOoeeCCIVd6k8HJZYtg_NNLAU9kmqd0,463457,467233,3776
Karin_UCrRusOoeeCCIVd6k8HJZYtg_NNLAU9kmqd0_467617_468801.wav,Karin_UCrRusOoeeCCIVd6k8HJZYtg_NNLAU9kmqd0,467617,468801,1184
Karin_UCrRusOoeeCCIVd6k8HJZYtg_NNLAU9kmqd0_469649_473097.wav,Karin_UCrRusOoeeCCIVd6k8HJZYtg_NNLAU9kmqd0,469649,473097,3448
Karin_UCrRusOoeeCCIVd6k8HJZYtg_NNLAU9kmqd0_473401_474985.wav,Karin_UCrRusOoeeCCIVd6k8HJZYtg_NNLAU9kmqd0,473401,474985,1584
Karin_UCrRusOoeeCCIVd6k8HJZYtg_NNLAU9kmqd0_475273_479169.wav,Karin_UCrRusOoeeCCIVd6k8HJZYtg_NNLAU9kmqd0,475273,479169,3896
Karin_UCrRusOoeeCCIVd6k8HJZYtg_NNLAU9kmqd0_479793_482749.wav,Karin_UCrRusOoeeCCIVd6k8HJZYtg_NNLAU9kmqd0,479793,482749,2956
Karin_UCrRusOoeeCCIVd6k8HJZYtg_NNLAU9kmqd0_482925_487525.wav,Karin_UCrRusOoeeCCIVd6k8HJZYtg_NNLAU9kmqd0,482925,487525,4600
Karin_UCrRusOoeeCCIVd6k8HJZYtg_NNLAU9kmqd0_487717_489929.wav,Karin_UCrRusOoeeCCIVd6k8HJZYtg_NNLAU9kmqd0,487717,489929,2212
Karin_UCrRusOoeeCCIVd6k8HJZYtg_NNLAU9kmqd0_490337_492057.wav,Karin_UCrRusOoeeCCIVd6k8HJZYtg_NNLAU9kmqd0,490337,492057,1720
Karin_UCrRusOoeeCCIVd6k8HJZYtg_NNLAU9kmqd0_492321_500929.wav,Karin_UCrRusOoeeCCIVd6k8HJZYtg_NNLAU9kmqd0,492321,500929,8608
Karin_UCrRusOoeeCCIVd6k8HJZYtg_NNLAU9kmqd0_501201_502369.wav,Karin_UCrRusOoeeCCIVd6k8HJZYtg_NNLAU9kmqd0,501201,502369,1168
Karin_UCrRusOoeeCCIVd6k8HJZYtg_NNLAU9kmqd0_502737_509889.wav,Karin_UCrRusOoeeCCIVd6k8HJZYtg_NNLAU9kmqd0,502737,509889,7152
Karin_UCrRusOoeeCCIVd6k8HJZYtg_NNLAU9kmqd0_510225_513369.wav,Karin_UCrRusOoeeCCIVd6k8HJZYtg_NNLAU9kmqd0,510225,513369,3144
Karin_UCrRusOoeeCCIVd6k8HJZYtg_NNLAU9kmqd0_513633_519177.wav,Karin_UCrRusOoeeCCIVd6k8HJZYtg_NNLAU9kmqd0,513633,519177,5544
Karin_UCrRusOoeeCCIVd6k8HJZYtg_NNLAU9kmqd0_519729_523313.wav,Karin_UCrRusOoeeCCIVd6k8HJZYtg_NNLAU9kmqd0,519729,523313,3584
Karin_UCrRusOoeeCCIVd6k8HJZYtg_NNLAU9kmqd0_523801_526321.wav,Karin_UCrRusOoeeCCIVd6k8HJZYtg_NNLAU9kmqd0,523801,526321,2520
Karin_UCrRusOoeeCCIVd6k8HJZYtg_NNLAU9kmqd0_526665_533953.wav,Karin_UCrRusOoeeCCIVd6k8HJZYtg_NNLAU9kmqd0,526665,533953,7288
Karin_UCrRusOoeeCCIVd6k8HJZYtg_NNLAU9kmqd0_534233_535961.wav,Karin_UCrRusOoeeCCIVd6k8HJZYtg_NNLAU9kmqd0,534233,535961,1728
Karin_UCrRusOoeeCCIVd6k8HJZYtg_NNLAU9kmqd0_536185_539265.wav,Karin_UCrRusOoeeCCIVd6k8HJZYtg_NNLAU9kmqd0,536185,539265,3080
Karin_UCrRusOoeeCCIVd6k8HJZYtg_NNLAU9kmqd0_539489_544441.wav,Karin_UCrRusOoeeCCIVd6k8HJZYtg_NNLAU9kmqd0,539489,544441,4952
Karin_UCrRusOoeeCCIVd6k8HJZYtg_NNLAU9kmqd0_544793_546513.wav,Karin_UCrRusOoeeCCIVd6k8HJZYtg_NNLAU9kmqd0,544793,546513,1720
Karin_UCrRusOoeeCCIVd6k8HJZYtg_NNLAU9kmqd0_546841_553385.wav,Karin_UCrRusOoeeCCIVd6k8HJZYtg_NNLAU9kmqd0,546841,553385,6544
Karin_UCrRusOoeeCCIVd6k8HJZYtg_NNLAU9kmqd0_553673_558177.wav,Karin_UCrRusOoeeCCIVd6k8HJZYtg_NNLAU9kmqd0,553673,558177,4504
Karin_UCrRusOoeeCCIVd6k8HJZYtg_NNLAU9kmqd0_558457_561753.wav,Karin_UCrRusOoeeCCIVd6k8HJZYtg_NNLAU9kmqd0,558457,561753,3296
Karin_UCrRusOoeeCCIVd6k8HJZYtg_NNLAU9kmqd0_562025_563801.wav,Karin_UCrRusOoeeCCIVd6k8HJZYtg_NNLAU9kmqd0,562025,563801,1776
Karin_UCrRusOoeeCCIVd6k8HJZYtg_NNLAU9kmqd0_563953_566469.wav,Karin_UCrRusOoeeCCIVd6k8HJZYtg_NNLAU9kmqd0,563953,566469,2516
Karin_UCrRusOoeeCCIVd6k8HJZYtg_NNLAU9kmqd0_566621_575063.wav,Karin_UCrRusOoeeCCIVd6k8HJZYtg_NNLAU9kmqd0,566621,575063,8442
Karin_UCrRusOoeeCCIVd6k8HJZYtg_NNLAU9kmqd0_575215_576705.wav,Karin_UCrRusOoeeCCIVd6k8HJZYtg_NNLAU9kmqd0,575215,576705,1490
Karin_UCrRusOoeeCCIVd6k8HJZYtg_NNLAU9kmqd0_576857_578433.wav,Karin_UCrRusOoeeCCIVd6k8HJZYtg_NNLAU9kmqd0,576857,578433,1576
Karin_UCrRusOoeeCCIVd6k8HJZYtg_NNLAU9kmqd0_578649_578993.wav,Karin_UCrRusOoeeCCIVd6k8HJZYtg_NNLAU9kmqd0,578649,578993,344
Karin_UCrRusOoeeCCIVd6k8HJZYtg_NNLAU9kmqd0_579145_580825.wav,Karin_UCrRusOoeeCCIVd6k8HJZYtg_NNLAU9kmqd0,579145,580825,1680
Karin_UCrRusOoeeCCIVd6k8HJZYtg_NNLAU9kmqd0_581113_585593.wav,Karin_UCrRusOoeeCCIVd6k8HJZYtg_NNLAU9kmqd0,581113,585593,4480
Karin_UCrRusOoeeCCIVd6k8HJZYtg_NNLAU9kmqd0_585881_592681.wav,Karin_UCrRusOoeeCCIVd6k8HJZYtg_NNLAU9kmqd0,585881,592681,6800
Karin_UCrRusOoeeCCIVd6k8HJZYtg_NNLAU9kmqd0_593217_598585.wav,Karin_UCrRusOoeeCCIVd6k8HJZYtg_NNLAU9kmqd0,593217,598585,5368
Karin_UCrRusOoeeCCIVd6k8HJZYtg_NNLAU9kmqd0_599185_605393.wav,Karin_UCrRusOoeeCCIVd6k8HJZYtg_NNLAU9kmqd0,599185,605393,6208
Karin_UCrRusOoeeCCIVd6k8HJZYtg_NNLAU9kmqd0_605945_607697.wav,Karin_UCrRusOoeeCCIVd6k8HJZYtg_NNLAU9kmqd0,605945,607697,1752
Karin_UCrRusOoeeCCIVd6k8HJZYtg_NNLAU9kmqd0_608233_609585.wav,Karin_UCrRusOoeeCCIVd6k8HJZYtg_NNLAU9kmqd0,608233,609585,1352
Karin_UCrRusOoeeCCIVd6k8HJZYtg_NNLAU9kmqd0_609953_613785.wav,Karin_UCrRusOoeeCCIVd6k8HJZYtg_NNLAU9kmqd0,609953,613785,3832
Karin_UCrRusOoeeCCIVd6k8HJZYtg_NNLAU9kmqd0_614345_616369.wav,Karin_UCrRusOoeeCCIVd6k8HJZYtg_NNLAU9kmqd0,614345,616369,2024
Karin_UCrRusOoeeCCIVd6k8HJZYtg_NNLAU9kmqd0_616673_619729.wav,Karin_UCrRusOoeeCCIVd6k8HJZYtg_NNLAU9kmqd0,616673,619729,3056
Karin_UCrRusOoeeCCIVd6k8HJZYtg_NNLAU9kmqd0_620641_620833.wav,Karin_UCrRusOoeeCCIVd6k8HJZYtg_NNLAU9kmqd0,620641,620833,192
Karin_UCrRusOoeeCCIVd6k8HJZYtg_NNLAU9kmqd0_621449_622433.wav,Karin_UCrRusOoeeCCIVd6k8HJZYtg_NNLAU9kmqd0,621449,622433,984
Karin_UCrRusOoeeCCIVd6k8HJZYtg_NNLAU9kmqd0_622705_630009.wav,Karin_UCrRusOoeeCCIVd6k8HJZYtg_NNLAU9kmqd0,622705,630009,7304
Karin_UCrRusOoeeCCIVd6k8HJZYtg_NNLAU9kmqd0_630401_637761.wav,Karin_UCrRusOoeeCCIVd6k8HJZYtg_NNLAU9kmqd0,630401,637761,7360
Karin_UCrRusOoeeCCIVd6k8HJZYtg_NNLAU9kmqd0_638065_638601.wav,Karin_UCrRusOoeeCCIVd6k8HJZYtg_NNLAU9kmqd0,638065,638601,536
Karin_UCrRusOoeeCCIVd6k8HJZYtg_NNLAU9kmqd0_639121_643333.wav,Karin_UCrRusOoeeCCIVd6k8HJZYtg_NNLAU9kmqd0,639121,643333,4212
Karin_UCrRusOoeeCCIVd6k8HJZYtg_NNLAU9kmqd0_643685_645377.wav,Karin_UCrRusOoeeCCIVd6k8HJZYtg_NNLAU9kmqd0,643685,645377,1692
Karin_UCrRusOoeeCCIVd6k8HJZYtg_NNLAU9kmqd0_645817_651577.wav,Karin_UCrRusOoeeCCIVd6k8HJZYtg_NNLAU9kmqd0,645817,651577,5760
Karin_UCrRusOoeeCCIVd6k8HJZYtg_NNLAU9kmqd0_651849_656265.wav,Karin_UCrRusOoeeCCIVd6k8HJZYtg_NNLAU9kmqd0,651849,656265,4416
Karin_UCrRusOoeeCCIVd6k8HJZYtg_NNLAU9kmqd0_656401_656713.wav,Karin_UCrRusOoeeCCIVd6k8HJZYtg_NNLAU9kmqd0,656401,656713,312
Karin_UCrRusOoeeCCIVd6k8HJZYtg_NNLAU9kmqd0_656849_664033.wav,Karin_UCrRusOoeeCCIVd6k8HJZYtg_NNLAU9kmqd0,656849,664033,7184
Karin_UCrRusOoeeCCIVd6k8HJZYtg_NNLAU9kmqd0_664465_665689.wav,Karin_UCrRusOoeeCCIVd6k8HJZYtg_NNLAU9kmqd0,664465,665689,1224
Karin_UCrRusOoeeCCIVd6k8HJZYtg_NNLAU9kmqd0_666089_667001.wav,Karin_UCrRusOoeeCCIVd6k8HJZYtg_NNLAU9kmqd0,666089,667001,912
Karin_UCrRusOoeeCCIVd6k8HJZYtg_NNLAU9kmqd0_667305_672737.wav,Karin_UCrRusOoeeCCIVd6k8HJZYtg_NNLAU9kmqd0,667305,672737,5432
Karin_UCrRusOoeeCCIVd6k8HJZYtg_NNLAU9kmqd0_673513_674921.wav,Karin_UCrRusOoeeCCIVd6k8HJZYtg_NNLAU9kmqd0,673513,674921,1408
Karin_UCrRusOoeeCCIVd6k8HJZYtg_NNLAU9kmqd0_676481_683773.wav,Karin_UCrRusOoeeCCIVd6k8HJZYtg_NNLAU9kmqd0,676481,683773,7292
Karin_UCrRusOoeeCCIVd6k8HJZYtg_NNLAU9kmqd0_683997_686821.wav,Karin_UCrRusOoeeCCIVd6k8HJZYtg_NNLAU9kmqd0,683997,686821,2824
Karin_UCrRusOoeeCCIVd6k8HJZYtg_NNLAU9kmqd0_687037_690353.wav,Karin_UCrRusOoeeCCIVd6k8HJZYtg_NNLAU9kmqd0,687037,690353,3316
Karin_UCrRusOoeeCCIVd6k8HJZYtg_NNLAU9kmqd0_690777_693889.wav,Karin_UCrRusOoeeCCIVd6k8HJZYtg_NNLAU9kmqd0,690777,693889,3112
Karin_UCrRusOoeeCCIVd6k8HJZYtg_NNLAU9kmqd0_694313_698377.wav,Karin_UCrRusOoeeCCIVd6k8HJZYtg_NNLAU9kmqd0,694313,698377,4064
Karin_UCrRusOoeeCCIVd6k8HJZYtg_NNLAU9kmqd0_698705_701337.wav,Karin_UCrRusOoeeCCIVd6k8HJZYtg_NNLAU9kmqd0,698705,701337,2632
Karin_UCrRusOoeeCCIVd6k8HJZYtg_NNLAU9kmqd0_701641_702881.wav,Karin_UCrRusOoeeCCIVd6k8HJZYtg_NNLAU9kmqd0,701641,702881,1240
Karin_UCrRusOoeeCCIVd6k8HJZYtg_NNLAU9kmqd0_703185_705577.wav,Karin_UCrRusOoeeCCIVd6k8HJZYtg_NNLAU9kmqd0,703185,705577,2392
Karin_UCrRusOoeeCCIVd6k8HJZYtg_NNLAU9kmqd0_706009_710241.wav,Karin_UCrRusOoeeCCIVd6k8HJZYtg_NNLAU9kmqd0,706009,710241,4232
Karin_UCrRusOoeeCCIVd6k8HJZYtg_NNLAU9kmqd0_710553_712193.wav,Karin_UCrRusOoeeCCIVd6k8HJZYtg_NNLAU9kmqd0,710553,712193,1640
Karin_UCrRusOoeeCCIVd6k8HJZYtg_NNLAU9kmqd0_712657_713137.wav,Karin_UCrRusOoeeCCIVd6k8HJZYtg_NNLAU9kmqd0,712657,713137,480
Karin_UCrRusOoeeCCIVd6k8HJZYtg_NNLAU9kmqd0_713441_715777.wav,Karin_UCrRusOoeeCCIVd6k8HJZYtg_NNLAU9kmqd0,713441,715777,2336
Karin_UCrRusOoeeCCIVd6k8HJZYtg_NNLAU9kmqd0_716049_718209.wav,Karin_UCrRusOoeeCCIVd6k8HJZYtg_NNLAU9kmqd0,716049,718209,2160
Karin_UCrRusOoeeCCIVd6k8HJZYtg_NNLAU9kmqd0_718625_722273.wav,Karin_UCrRusOoeeCCIVd6k8HJZYtg_NNLAU9kmqd0,718625,722273,3648
Karin_UCrRusOoeeCCIVd6k8HJZYtg_NNLAU9kmqd0_722705_724489.wav,Karin_UCrRusOoeeCCIVd6k8HJZYtg_NNLAU9kmqd0,722705,724489,1784
Karin_UCrRusOoeeCCIVd6k8HJZYtg_NNLAU9kmqd0_724953_729041.wav,Karin_UCrRusOoeeCCIVd6k8HJZYtg_NNLAU9kmqd0,724953,729041,4088
Karin_UCrRusOoeeCCIVd6k8HJZYtg_NNLAU9kmqd0_729409_736377.wav,Karin_UCrRusOoeeCCIVd6k8HJZYtg_NNLAU9kmqd0,729409,736377,6968
Karin_UCrRusOoeeCCIVd6k8HJZYtg_NNLAU9kmqd0_736793_739633.wav,Karin_UCrRusOoeeCCIVd6k8HJZYtg_NNLAU9kmqd0,736793,739633,2840
Karin_UCrRusOoeeCCIVd6k8HJZYtg_NNLAU9kmqd0_740457_741745.wav,Karin_UCrRusOoeeCCIVd6k8HJZYtg_NNLAU9kmqd0,740457,741745,1288
Karin_UCrRusOoeeCCIVd6k8HJZYtg_NNLAU9kmqd0_742225_743321.wav,Karin_UCrRusOoeeCCIVd6k8HJZYtg_NNLAU9kmqd0,742225,743321,1096
Karin_UCrRusOoeeCCIVd6k8HJZYtg_NNLAU9kmqd0_743577_745897.wav,Karin_UCrRusOoeeCCIVd6k8HJZYtg_NNLAU9kmqd0,743577,745897,2320
Karin_UCrRusOoeeCCIVd6k8HJZYtg_NNLAU9kmqd0_746153_747121.wav,Karin_UCrRusOoeeCCIVd6k8HJZYtg_NNLAU9kmqd0,746153,747121,968
Karin_UCrRusOoeeCCIVd6k8HJZYtg_NNLAU9kmqd0_747417_749561.wav,Karin_UCrRusOoeeCCIVd6k8HJZYtg_NNLAU9kmqd0,747417,749561,2144
Karin_UCrRusOoeeCCIVd6k8HJZYtg_NNLAU9kmqd0_749977_751073.wav,Karin_UCrRusOoeeCCIVd6k8HJZYtg_NNLAU9kmqd0,749977,751073,1096
Karin_UCrRusOoeeCCIVd6k8HJZYtg_NNLAU9kmqd0_751329_753609.wav,Karin_UCrRusOoeeCCIVd6k8HJZYtg_NNLAU9kmqd0,751329,753609,2280
Karin_UCrRusOoeeCCIVd6k8HJZYtg_NNLAU9kmqd0_754065_756857.wav,Karin_UCrRusOoeeCCIVd6k8HJZYtg_NNLAU9kmqd0,754065,756857,2792
Karin_UCrRusOoeeCCIVd6k8HJZYtg_NNLAU9kmqd0_757281_758313.wav,Karin_UCrRusOoeeCCIVd6k8HJZYtg_NNLAU9kmqd0,757281,758313,1032
Karin_UCrRusOoeeCCIVd6k8HJZYtg_NNLAU9kmqd0_758825_759057.wav,Karin_UCrRusOoeeCCIVd6k8HJZYtg_NNLAU9kmqd0,758825,759057,232
Karin_UCrRusOoeeCCIVd6k8HJZYtg_NNLAU9kmqd0_759401_762657.wav,Karin_UCrRusOoeeCCIVd6k8HJZYtg_NNLAU9kmqd0,759401,762657,3256
Karin_UCrRusOoeeCCIVd6k8HJZYtg_NNLAU9kmqd0_763177_763841.wav,Karin_UCrRusOoeeCCIVd6k8HJZYtg_NNLAU9kmqd0,763177,763841,664
Karin_UCrRusOoeeCCIVd6k8HJZYtg_NNLAU9kmqd0_764401_769545.wav,Karin_UCrRusOoeeCCIVd6k8HJZYtg_NNLAU9kmqd0,764401,769545,5144
Karin_UCrRusOoeeCCIVd6k8HJZYtg_NNLAU9kmqd0_770025_772641.wav,Karin_UCrRusOoeeCCIVd6k8HJZYtg_NNLAU9kmqd0,770025,772641,2616
Karin_UCrRusOoeeCCIVd6k8HJZYtg_NNLAU9kmqd0_772937_775321.wav,Karin_UCrRusOoeeCCIVd6k8HJZYtg_NNLAU9kmqd0,772937,775321,2384
Karin_UCrRusOoeeCCIVd6k8HJZYtg_NNLAU9kmqd0_775481_775777.wav,Karin_UCrRusOoeeCCIVd6k8HJZYtg_NNLAU9kmqd0,775481,775777,296
Karin_UCrRusOoeeCCIVd6k8HJZYtg_NNLAU9kmqd0_775953_783561.wav,Karin_UCrRusOoeeCCIVd6k8HJZYtg_NNLAU9kmqd0,775953,783561,7608
Karin_UCrRusOoeeCCIVd6k8HJZYtg_NNLAU9kmqd0_783849_786249.wav,Karin_UCrRusOoeeCCIVd6k8HJZYtg_NNLAU9kmqd0,783849,786249,2400
Karin_UCrRusOoeeCCIVd6k8HJZYtg_NNLAU9kmqd0_786649_788241.wav,Karin_UCrRusOoeeCCIVd6k8HJZYtg_NNLAU9kmqd0,786649,788241,1592
Karin_UCrRusOoeeCCIVd6k8HJZYtg_NNLAU9kmqd0_789137_793385.wav,Karin_UCrRusOoeeCCIVd6k8HJZYtg_NNLAU9kmqd0,789137,793385,4248
Karin_UCrRusOoeeCCIVd6k8HJZYtg_NNLAU9kmqd0_793649_800713.wav,Karin_UCrRusOoeeCCIVd6k8HJZYtg_NNLAU9kmqd0,793649,800713,7064
Karin_UCrRusOoeeCCIVd6k8HJZYtg_NNLAU9kmqd0_801305_804193.wav,Karin_UCrRusOoeeCCIVd6k8HJZYtg_NNLAU9kmqd0,801305,804193,2888
Karin_UCrRusOoeeCCIVd6k8HJZYtg_NNLAU9kmqd0_804985_807889.wav,Karin_UCrRusOoeeCCIVd6k8HJZYtg_NNLAU9kmqd0,804985,807889,2904
Karin_UCrRusOoeeCCIVd6k8HJZYtg_NNLAU9kmqd0_808289_809369.wav,Karin_UCrRusOoeeCCIVd6k8HJZYtg_NNLAU9kmqd0,808289,809369,1080
Karin_UCrRusOoeeCCIVd6k8HJZYtg_NNLAU9kmqd0_809993_817193.wav,Karin_UCrRusOoeeCCIVd6k8HJZYtg_NNLAU9kmqd0,809993,817193,7200
Karin_UCrRusOoeeCCIVd6k8HJZYtg_NNLAU9kmqd0_817465_818633.wav,Karin_UCrRusOoeeCCIVd6k8HJZYtg_NNLAU9kmqd0,817465,818633,1168
Karin_UCrRusOoeeCCIVd6k8HJZYtg_NNLAU9kmqd0_818993_822493.wav,Karin_UCrRusOoeeCCIVd6k8HJZYtg_NNLAU9kmqd0,818993,822493,3500
Karin_UCrRusOoeeCCIVd6k8HJZYtg_NNLAU9kmqd0_822765_825837.wav,Karin_UCrRusOoeeCCIVd6k8HJZYtg_NNLAU9kmqd0,822765,825837,3072
Karin_UCrRusOoeeCCIVd6k8HJZYtg_NNLAU9kmqd0_826133_827049.wav,Karin_UCrRusOoeeCCIVd6k8HJZYtg_NNLAU9kmqd0,826133,827049,916
Karin_UCrRusOoeeCCIVd6k8HJZYtg_NNLAU9kmqd0_827321_833625.wav,Karin_UCrRusOoeeCCIVd6k8HJZYtg_NNLAU9kmqd0,827321,833625,6304
Karin_UCrRusOoeeCCIVd6k8HJZYtg_NNLAU9kmqd0_833881_837153.wav,Karin_UCrRusOoeeCCIVd6k8HJZYtg_NNLAU9kmqd0,833881,837153,3272
Karin_UCrRusOoeeCCIVd6k8HJZYtg_NNLAU9kmqd0_837577_843545.wav,Karin_UCrRusOoeeCCIVd6k8HJZYtg_NNLAU9kmqd0,837577,843545,5968
Karin_UCrRusOoeeCCIVd6k8HJZYtg_NNLAU9kmqd0_843921_848385.wav,Karin_UCrRusOoeeCCIVd6k8HJZYtg_NNLAU9kmqd0,843921,848385,4464
Karin_UCrRusOoeeCCIVd6k8HJZYtg_NNLAU9kmqd0_848825_853305.wav,Karin_UCrRusOoeeCCIVd6k8HJZYtg_NNLAU9kmqd0,848825,853305,4480
Karin_UCrRusOoeeCCIVd6k8HJZYtg_NNLAU9kmqd0_853609_856937.wav,Karin_UCrRusOoeeCCIVd6k8HJZYtg_NNLAU9kmqd0,853609,856937,3328
Karin_UCrRusOoeeCCIVd6k8HJZYtg_NNLAU9kmqd0_858009_858425.wav,Karin_UCrRusOoeeCCIVd6k8HJZYtg_NNLAU9kmqd0,858009,858425,416
Karin_UCrRusOoeeCCIVd6k8HJZYtg_NNLAU9kmqd0_859217_866017.wav,Karin_UCrRusOoeeCCIVd6k8HJZYtg_NNLAU9kmqd0,859217,866017,6800
Karin_UCrRusOoeeCCIVd6k8HJZYtg_NNLAU9kmqd0_866545_867977.wav,Karin_UCrRusOoeeCCIVd6k8HJZYtg_NNLAU9kmqd0,866545,867977,1432
Karin_UCrRusOoeeCCIVd6k8HJZYtg_NNLAU9kmqd0_868345_871985.wav,Karin_UCrRusOoeeCCIVd6k8HJZYtg_NNLAU9kmqd0,868345,871985,3640
Karin_UCrRusOoeeCCIVd6k8HJZYtg_NNLAU9kmqd0_872305_876361.wav,Karin_UCrRusOoeeCCIVd6k8HJZYtg_NNLAU9kmqd0,872305,876361,4056
Karin_UCrRusOoeeCCIVd6k8HJZYtg_NNLAU9kmqd0_876625_878441.wav,Karin_UCrRusOoeeCCIVd6k8HJZYtg_NNLAU9kmqd0,876625,878441,1816
Karin_UCrRusOoeeCCIVd6k8HJZYtg_NNLAU9kmqd0_879001_879321.wav,Karin_UCrRusOoeeCCIVd6k8HJZYtg_NNLAU9kmqd0,879001,879321,320
Karin_UCrRusOoeeCCIVd6k8HJZYtg_NNLAU9kmqd0_879889_880657.wav,Karin_UCrRusOoeeCCIVd6k8HJZYtg_NNLAU9kmqd0,879889,880657,768
Karin_UCrRusOoeeCCIVd6k8HJZYtg_NNLAU9kmqd0_881233_884209.wav,Karin_UCrRusOoeeCCIVd6k8HJZYtg_NNLAU9kmqd0,881233,884209,2976
Karin_UCrRusOoeeCCIVd6k8HJZYtg_NNLAU9kmqd0_884553_887041.wav,Karin_UCrRusOoeeCCIVd6k8HJZYtg_NNLAU9kmqd0,884553,887041,2488
Karin_UCrRusOoeeCCIVd6k8HJZYtg_NNLAU9kmqd0_887369_889297.wav,Karin_UCrRusOoeeCCIVd6k8HJZYtg_NNLAU9kmqd0,887369,889297,1928
Karin_UCrRusOoeeCCIVd6k8HJZYtg_NNLAU9kmqd0_889593_890305.wav,Karin_UCrRusOoeeCCIVd6k8HJZYtg_NNLAU9kmqd0,889593,890305,712
Karin_UCrRusOoeeCCIVd6k8HJZYtg_NNLAU9kmqd0_890641_895753.wav,Karin_UCrRusOoeeCCIVd6k8HJZYtg_NNLAU9kmqd0,890641,895753,5112
Karin_UCrRusOoeeCCIVd6k8HJZYtg_NNLAU9kmqd0_896009_897185.wav,Karin_UCrRusOoeeCCIVd6k8HJZYtg_NNLAU9kmqd0,896009,897185,1176
Karin_UCrRusOoeeCCIVd6k8HJZYtg_NNLAU9kmqd0_897585_897969.wav,Karin_UCrRusOoeeCCIVd6k8HJZYtg_NNLAU9kmqd0,897585,897969,384
Karin_UCrRusOoeeCCIVd6k8HJZYtg_NNLAU9kmqd0_898377_898697.wav,Karin_UCrRusOoeeCCIVd6k8HJZYtg_NNLAU9kmqd0,898377,898697,320
Karin_UCrRusOoeeCCIVd6k8HJZYtg_NNLAU9kmqd0_899025_899393.wav,Karin_UCrRusOoeeCCIVd6k8HJZYtg_NNLAU9kmqd0,899025,899393,368
Karin_UCrRusOoeeCCIVd6k8HJZYtg_NNLAU9kmqd0_900633_902801.wav,Karin_UCrRusOoeeCCIVd6k8HJZYtg_NNLAU9kmqd0,900633,902801,2168
Karin_UCrRusOoeeCCIVd6k8HJZYtg_NNLAU9kmqd0_903081_904689.wav,Karin_UCrRusOoeeCCIVd6k8HJZYtg_NNLAU9kmqd0,903081,904689,1608
Karin_UCrRusOoeeCCIVd6k8HJZYtg_NNLAU9kmqd0_905145_907185.wav,Karin_UCrRusOoeeCCIVd6k8HJZYtg_NNLAU9kmqd0,905145,907185,2040
Karin_UCrRusOoeeCCIVd6k8HJZYtg_NNLAU9kmqd0_907441_911537.wav,Karin_UCrRusOoeeCCIVd6k8HJZYtg_NNLAU9kmqd0,907441,911537,4096
Karin_UCrRusOoeeCCIVd6k8HJZYtg_NNLAU9kmqd0_911905_915945.wav,Karin_UCrRusOoeeCCIVd6k8HJZYtg_NNLAU9kmqd0,911905,915945,4040
Karin_UCrRusOoeeCCIVd6k8HJZYtg_NNLAU9kmqd0_916521_918361.wav,Karin_UCrRusOoeeCCIVd6k8HJZYtg_NNLAU9kmqd0,916521,918361,1840
Karin_UCrRusOoeeCCIVd6k8HJZYtg_NNLAU9kmqd0_918705_919801.wav,Karin_UCrRusOoeeCCIVd6k8HJZYtg_NNLAU9kmqd0,918705,919801,1096
Karin_UCrRusOoeeCCIVd6k8HJZYtg_NNLAU9kmqd0_920185_922313.wav,Karin_UCrRusOoeeCCIVd6k8HJZYtg_NNLAU9kmqd0,920185,922313,2128
Karin_UCrRusOoeeCCIVd6k8HJZYtg_NNLAU9kmqd0_922505_927097.wav,Karin_UCrRusOoeeCCIVd6k8HJZYtg_NNLAU9kmqd0,922505,927097,4592
Karin_UCrRusOoeeCCIVd6k8HJZYtg_NNLAU9kmqd0_927273_928793.wav,Karin_UCrRusOoeeCCIVd6k8HJZYtg_NNLAU9kmqd0,927273,928793,1520
Karin_UCrRusOoeeCCIVd6k8HJZYtg_NNLAU9kmqd0_929129_929841.wav,Karin_UCrRusOoeeCCIVd6k8HJZYtg_NNLAU9kmqd0,929129,929841,712
Karin_UCrRusOoeeCCIVd6k8HJZYtg_NNLAU9kmqd0_930249_930993.wav,Karin_UCrRusOoeeCCIVd6k8HJZYtg_NNLAU9kmqd0,930249,930993,744
Karin_UCrRusOoeeCCIVd6k8HJZYtg_NNLAU9kmqd0_931329_933825.wav,Karin_UCrRusOoeeCCIVd6k8HJZYtg_NNLAU9kmqd0,931329,933825,2496
Karin_UCrRusOoeeCCIVd6k8HJZYtg_NNLAU9kmqd0_934137_937177.wav,Karin_UCrRusOoeeCCIVd6k8HJZYtg_NNLAU9kmqd0,934137,937177,3040
Karin_UCrRusOoeeCCIVd6k8HJZYtg_NNLAU9kmqd0_937457_940753.wav,Karin_UCrRusOoeeCCIVd6k8HJZYtg_NNLAU9kmqd0,937457,940753,3296
Karin_UCrRusOoeeCCIVd6k8HJZYtg_NNLAU9kmqd0_941833_943729.wav,Karin_UCrRusOoeeCCIVd6k8HJZYtg_NNLAU9kmqd0,941833,943729,1896
Karin_UCrRusOoeeCCIVd6k8HJZYtg_NNLAU9kmqd0_944369_945153.wav,Karin_UCrRusOoeeCCIVd6k8HJZYtg_NNLAU9kmqd0,944369,945153,784
Karin_UCrRusOoeeCCIVd6k8HJZYtg_NNLAU9kmqd0_945513_947545.wav,Karin_UCrRusOoeeCCIVd6k8HJZYtg_NNLAU9kmqd0,945513,947545,2032
Karin_UCrRusOoeeCCIVd6k8HJZYtg_NNLAU9kmqd0_947897_954073.wav,Karin_UCrRusOoeeCCIVd6k8HJZYtg_NNLAU9kmqd0,947897,954073,6176
Karin_UCrRusOoeeCCIVd6k8HJZYtg_NNLAU9kmqd0_954433_955865.wav,Karin_UCrRusOoeeCCIVd6k8HJZYtg_NNLAU9kmqd0,954433,955865,1432
Karin_UCrRusOoeeCCIVd6k8HJZYtg_NNLAU9kmqd0_956201_957217.wav,Karin_UCrRusOoeeCCIVd6k8HJZYtg_NNLAU9kmqd0,956201,957217,1016
Karin_UCrRusOoeeCCIVd6k8HJZYtg_NNLAU9kmqd0_958009_961281.wav,Karin_UCrRusOoeeCCIVd6k8HJZYtg_NNLAU9kmqd0,958009,961281,3272
Karin_UCrRusOoeeCCIVd6k8HJZYtg_NNLAU9kmqd0_961825_964713.wav,Karin_UCrRusOoeeCCIVd6k8HJZYtg_NNLAU9kmqd0,961825,964713,2888
Karin_UCrRusOoeeCCIVd6k8HJZYtg_NNLAU9kmqd0_965025_971081.wav,Karin_UCrRusOoeeCCIVd6k8HJZYtg_NNLAU9kmqd0,965025,971081,6056
Karin_UCrRusOoeeCCIVd6k8HJZYtg_NNLAU9kmqd0_971633_973241.wav,Karin_UCrRusOoeeCCIVd6k8HJZYtg_NNLAU9kmqd0,971633,973241,1608
Karin_UCrRusOoeeCCIVd6k8HJZYtg_NNLAU9kmqd0_973857_980377.wav,Karin_UCrRusOoeeCCIVd6k8HJZYtg_NNLAU9kmqd0,973857,980377,6520
Karin_UCrRusOoeeCCIVd6k8HJZYtg_NNLAU9kmqd0_980745_983897.wav,Karin_UCrRusOoeeCCIVd6k8HJZYtg_NNLAU9kmqd0,980745,983897,3152
Karin_UCrRusOoeeCCIVd6k8HJZYtg_NNLAU9kmqd0_984289_986761.wav,Karin_UCrRusOoeeCCIVd6k8HJZYtg_NNLAU9kmqd0,984289,986761,2472
Karin_UCrRusOoeeCCIVd6k8HJZYtg_NNLAU9kmqd0_987081_988961.wav,Karin_UCrRusOoeeCCIVd6k8HJZYtg_NNLAU9kmqd0,987081,988961,1880
Karin_UCrRusOoeeCCIVd6k8HJZYtg_NNLAU9kmqd0_989265_994121.wav,Karin_UCrRusOoeeCCIVd6k8HJZYtg_NNLAU9kmqd0,989265,994121,4856
Karin_UCrRusOoeeCCIVd6k8HJZYtg_NNLAU9kmqd0_994377_998553.wav,Karin_UCrRusOoeeCCIVd6k8HJZYtg_NNLAU9kmqd0,994377,998553,4176
Karin_UCrRusOoeeCCIVd6k8HJZYtg_NNLAU9kmqd0_998985_1001217.wav,Karin_UCrRusOoeeCCIVd6k8HJZYtg_NNLAU9kmqd0,998985,1001217,2232
Karin_UCrRusOoeeCCIVd6k8HJZYtg_NNLAU9kmqd0_1001529_1001962.wav,Karin_UCrRusOoeeCCIVd6k8HJZYtg_NNLAU9kmqd0,1001529,1001962,433
Karin_UCrRusOoeeCCIVd6k8HJZYtg_NNLAU9kmqd0_1002250_1017451.wav,Karin_UCrRusOoeeCCIVd6k8HJZYtg_NNLAU9kmqd0,1002250,1017451,15201
