filename,video_id,start_time,end_time,duration
AmySerrano_UCa8HaeL7RWSSXQuiLKlKUg_G97NoTrfCY_0_6752.wav,AmySerrano_UCa8HaeL7RWSSXQuiLKlKUg_G97NoTrfCY,0,6752,6752
AmySerrano_UCa8HaeL7RWSSXQuiLKlKUg_G97NoTrfCY_7576_7912.wav,AmySerrano_UCa8HaeL7RWSSXQuiLKlKUg_G97NoTrfCY,7576,7912,336
AmySerrano_UCa8HaeL7RWSSXQuiLKlKUg_G97NoTrfCY_8064_19528.wav,AmySerrano_UCa8HaeL7RWSSXQuiLKlKUg_G97NoTrfCY,8064,19528,11464
AmySerrano_UCa8HaeL7RWSSXQuiLKlKUg_G97NoTrfCY_19760_29120.wav,AmySerrano_UCa8HaeL7RWSSXQuiLKlKUg_G97NoTrfCY,19760,29120,9360
AmySerrano_UCa8HaeL7RWSSXQuiLKlKUg_G97NoTrfCY_29240_34920.wav,AmySerrano_UCa8HaeL7RWSSXQuiLKlKUg_G97NoTrfCY,29240,34920,5680
AmySerrano_UCa8HaeL7RWSSXQuiLKlKUg_G97NoTrfCY_35040_38408.wav,AmySerrano_UCa8HaeL7RWSSXQuiLKlKUg_G97NoTrfCY,35040,38408,3368
AmySerrano_UCa8HaeL7RWSSXQuiLKlKUg_G97NoTrfCY_38568_42920.wav,AmySerrano_UCa8HaeL7RWSSXQuiLKlKUg_G97NoTrfCY,38568,42920,4352
AmySerrano_UCa8HaeL7RWSSXQuiLKlKUg_G97NoTrfCY_43072_47328.wav,AmySerrano_UCa8HaeL7RWSSXQuiLKlKUg_G97NoTrfCY,43072,47328,4256
AmySerrano_UCa8HaeL7RWSSXQuiLKlKUg_G97NoTrfCY_47480_48520.wav,AmySerrano_UCa8HaeL7RWSSXQuiLKlKUg_G97NoTrfCY,47480,48520,1040
AmySerrano_UCa8HaeL7RWSSXQuiLKlKUg_G97NoTrfCY_48776_54136.wav,AmySerrano_UCa8HaeL7RWSSXQuiLKlKUg_G97NoTrfCY,48776,54136,5360
AmySerrano_UCa8HaeL7RWSSXQuiLKlKUg_G97NoTrfCY_54408_57400.wav,AmySerrano_UCa8HaeL7RWSSXQuiLKlKUg_G97NoTrfCY,54408,57400,2992
AmySerrano_UCa8HaeL7RWSSXQuiLKlKUg_G97NoTrfCY_57720_65696.wav,AmySerrano_UCa8HaeL7RWSSXQuiLKlKUg_G97NoTrfCY,57720,65696,7976
AmySerrano_UCa8HaeL7RWSSXQuiLKlKUg_G97NoTrfCY_65840_73504.wav,AmySerrano_UCa8HaeL7RWSSXQuiLKlKUg_G97NoTrfCY,65840,73504,7664
AmySerrano_UCa8HaeL7RWSSXQuiLKlKUg_G97NoTrfCY_73688_84432.wav,AmySerrano_UCa8HaeL7RWSSXQuiLKlKUg_G97NoTrfCY,73688,84432,10744
AmySerrano_UCa8HaeL7RWSSXQuiLKlKUg_G97NoTrfCY_84960_86056.wav,AmySerrano_UCa8HaeL7RWSSXQuiLKlKUg_G97NoTrfCY,84960,86056,1096
AmySerrano_UCa8HaeL7RWSSXQuiLKlKUg_G97NoTrfCY_86240_95344.wav,AmySerrano_UCa8HaeL7RWSSXQuiLKlKUg_G97NoTrfCY,86240,95344,9104
AmySerrano_UCa8HaeL7RWSSXQuiLKlKUg_G97NoTrfCY_95504_96920.wav,AmySerrano_UCa8HaeL7RWSSXQuiLKlKUg_G97NoTrfCY,95504,96920,1416
AmySerrano_UCa8HaeL7RWSSXQuiLKlKUg_G97NoTrfCY_97640_101392.wav,AmySerrano_UCa8HaeL7RWSSXQuiLKlKUg_G97NoTrfCY,97640,101392,3752
AmySerrano_UCa8HaeL7RWSSXQuiLKlKUg_G97NoTrfCY_101576_115352.wav,AmySerrano_UCa8HaeL7RWSSXQuiLKlKUg_G97NoTrfCY,101576,115352,13776
AmySerrano_UCa8HaeL7RWSSXQuiLKlKUg_G97NoTrfCY_115504_124576.wav,AmySerrano_UCa8HaeL7RWSSXQuiLKlKUg_G97NoTrfCY,115504,124576,9072
AmySerrano_UCa8HaeL7RWSSXQuiLKlKUg_G97NoTrfCY_124760_124961.wav,AmySerrano_UCa8HaeL7RWSSXQuiLKlKUg_G97NoTrfCY,124760,124961,201
AmySerrano_UCa8HaeL7RWSSXQuiLKlKUg_G97NoTrfCY_125161_128569.wav,AmySerrano_UCa8HaeL7RWSSXQuiLKlKUg_G97NoTrfCY,125161,128569,3408
AmySerrano_UCa8HaeL7RWSSXQuiLKlKUg_G97NoTrfCY_130521_136794.wav,AmySerrano_UCa8HaeL7RWSSXQuiLKlKUg_G97NoTrfCY,130521,136794,6273
AmySerrano_UCa8HaeL7RWSSXQuiLKlKUg_G97NoTrfCY_136946_145795.wav,AmySerrano_UCa8HaeL7RWSSXQuiLKlKUg_G97NoTrfCY,136946,145795,8849
AmySerrano_UCa8HaeL7RWSSXQuiLKlKUg_G97NoTrfCY_145987_149901.wav,AmySerrano_UCa8HaeL7RWSSXQuiLKlKUg_G97NoTrfCY,145987,149901,3914
AmySerrano_UCa8HaeL7RWSSXQuiLKlKUg_G97NoTrfCY_150149_155503.wav,AmySerrano_UCa8HaeL7RWSSXQuiLKlKUg_G97NoTrfCY,150149,155503,5354
AmySerrano_UCa8HaeL7RWSSXQuiLKlKUg_G97NoTrfCY_155663_158585.wav,AmySerrano_UCa8HaeL7RWSSXQuiLKlKUg_G97NoTrfCY,155663,158585,2922
AmySerrano_UCa8HaeL7RWSSXQuiLKlKUg_G97NoTrfCY_158993_165985.wav,AmySerrano_UCa8HaeL7RWSSXQuiLKlKUg_G97NoTrfCY,158993,165985,6992
AmySerrano_UCa8HaeL7RWSSXQuiLKlKUg_G97NoTrfCY_166705_170969.wav,AmySerrano_UCa8HaeL7RWSSXQuiLKlKUg_G97NoTrfCY,166705,170969,4264
AmySerrano_UCa8HaeL7RWSSXQuiLKlKUg_G97NoTrfCY_171345_174329.wav,AmySerrano_UCa8HaeL7RWSSXQuiLKlKUg_G97NoTrfCY,171345,174329,2984
AmySerrano_UCa8HaeL7RWSSXQuiLKlKUg_G97NoTrfCY_174873_178233.wav,AmySerrano_UCa8HaeL7RWSSXQuiLKlKUg_G97NoTrfCY,174873,178233,3360
AmySerrano_UCa8HaeL7RWSSXQuiLKlKUg_G97NoTrfCY_178921_180777.wav,AmySerrano_UCa8HaeL7RWSSXQuiLKlKUg_G97NoTrfCY,178921,180777,1856
AmySerrano_UCa8HaeL7RWSSXQuiLKlKUg_G97NoTrfCY_183193_189849.wav,AmySerrano_UCa8HaeL7RWSSXQuiLKlKUg_G97NoTrfCY,183193,189849,6656
AmySerrano_UCa8HaeL7RWSSXQuiLKlKUg_G97NoTrfCY_190105_191281.wav,AmySerrano_UCa8HaeL7RWSSXQuiLKlKUg_G97NoTrfCY,190105,191281,1176
AmySerrano_UCa8HaeL7RWSSXQuiLKlKUg_G97NoTrfCY_191433_198705.wav,AmySerrano_UCa8HaeL7RWSSXQuiLKlKUg_G97NoTrfCY,191433,198705,7272
AmySerrano_UCa8HaeL7RWSSXQuiLKlKUg_G97NoTrfCY_198897_200601.wav,AmySerrano_UCa8HaeL7RWSSXQuiLKlKUg_G97NoTrfCY,198897,200601,1704
AmySerrano_UCa8HaeL7RWSSXQuiLKlKUg_G97NoTrfCY_201465_202425.wav,AmySerrano_UCa8HaeL7RWSSXQuiLKlKUg_G97NoTrfCY,201465,202425,960
AmySerrano_UCa8HaeL7RWSSXQuiLKlKUg_G97NoTrfCY_203105_207841.wav,AmySerrano_UCa8HaeL7RWSSXQuiLKlKUg_G97NoTrfCY,203105,207841,4736
AmySerrano_UCa8HaeL7RWSSXQuiLKlKUg_G97NoTrfCY_208049_210841.wav,AmySerrano_UCa8HaeL7RWSSXQuiLKlKUg_G97NoTrfCY,208049,210841,2792
AmySerrano_UCa8HaeL7RWSSXQuiLKlKUg_G97NoTrfCY_211113_218025.wav,AmySerrano_UCa8HaeL7RWSSXQuiLKlKUg_G97NoTrfCY,211113,218025,6912
AmySerrano_UCa8HaeL7RWSSXQuiLKlKUg_G97NoTrfCY_220953_226321.wav,AmySerrano_UCa8HaeL7RWSSXQuiLKlKUg_G97NoTrfCY,220953,226321,5368
AmySerrano_UCa8HaeL7RWSSXQuiLKlKUg_G97NoTrfCY_226745_236693.wav,AmySerrano_UCa8HaeL7RWSSXQuiLKlKUg_G97NoTrfCY,226745,236693,9948
AmySerrano_UCa8HaeL7RWSSXQuiLKlKUg_G97NoTrfCY_237045_243943.wav,AmySerrano_UCa8HaeL7RWSSXQuiLKlKUg_G97NoTrfCY,237045,243943,6898
AmySerrano_UCa8HaeL7RWSSXQuiLKlKUg_G97NoTrfCY_244039_246879.wav,AmySerrano_UCa8HaeL7RWSSXQuiLKlKUg_G97NoTrfCY,244039,246879,2840
AmySerrano_UCa8HaeL7RWSSXQuiLKlKUg_G97NoTrfCY_246975_250727.wav,AmySerrano_UCa8HaeL7RWSSXQuiLKlKUg_G97NoTrfCY,246975,250727,3752
AmySerrano_UCa8HaeL7RWSSXQuiLKlKUg_G97NoTrfCY_250815_264583.wav,AmySerrano_UCa8HaeL7RWSSXQuiLKlKUg_G97NoTrfCY,250815,264583,13768
AmySerrano_UCa8HaeL7RWSSXQuiLKlKUg_G97NoTrfCY_264679_265257.wav,AmySerrano_UCa8HaeL7RWSSXQuiLKlKUg_G97NoTrfCY,264679,265257,578
AmySerrano_UCa8HaeL7RWSSXQuiLKlKUg_G97NoTrfCY_265489_270665.wav,AmySerrano_UCa8HaeL7RWSSXQuiLKlKUg_G97NoTrfCY,265489,270665,5176
AmySerrano_UCa8HaeL7RWSSXQuiLKlKUg_G97NoTrfCY_270793_279457.wav,AmySerrano_UCa8HaeL7RWSSXQuiLKlKUg_G97NoTrfCY,270793,279457,8664
AmySerrano_UCa8HaeL7RWSSXQuiLKlKUg_G97NoTrfCY_279593_288393.wav,AmySerrano_UCa8HaeL7RWSSXQuiLKlKUg_G97NoTrfCY,279593,288393,8800
AmySerrano_UCa8HaeL7RWSSXQuiLKlKUg_G97NoTrfCY_288529_288729.wav,AmySerrano_UCa8HaeL7RWSSXQuiLKlKUg_G97NoTrfCY,288529,288729,200
AmySerrano_UCa8HaeL7RWSSXQuiLKlKUg_G97NoTrfCY_288889_291985.wav,AmySerrano_UCa8HaeL7RWSSXQuiLKlKUg_G97NoTrfCY,288889,291985,3096
AmySerrano_UCa8HaeL7RWSSXQuiLKlKUg_G97NoTrfCY_292217_299825.wav,AmySerrano_UCa8HaeL7RWSSXQuiLKlKUg_G97NoTrfCY,292217,299825,7608
AmySerrano_UCa8HaeL7RWSSXQuiLKlKUg_G97NoTrfCY_300313_302393.wav,AmySerrano_UCa8HaeL7RWSSXQuiLKlKUg_G97NoTrfCY,300313,302393,2080
AmySerrano_UCa8HaeL7RWSSXQuiLKlKUg_G97NoTrfCY_302777_309989.wav,AmySerrano_UCa8HaeL7RWSSXQuiLKlKUg_G97NoTrfCY,302777,309989,7212
AmySerrano_UCa8HaeL7RWSSXQuiLKlKUg_G97NoTrfCY_310125_313901.wav,AmySerrano_UCa8HaeL7RWSSXQuiLKlKUg_G97NoTrfCY,310125,313901,3776
AmySerrano_UCa8HaeL7RWSSXQuiLKlKUg_G97NoTrfCY_314037_315609.wav,AmySerrano_UCa8HaeL7RWSSXQuiLKlKUg_G97NoTrfCY,314037,315609,1572
AmySerrano_UCa8HaeL7RWSSXQuiLKlKUg_G97NoTrfCY_316025_322281.wav,AmySerrano_UCa8HaeL7RWSSXQuiLKlKUg_G97NoTrfCY,316025,322281,6256
AmySerrano_UCa8HaeL7RWSSXQuiLKlKUg_G97NoTrfCY_322409_328433.wav,AmySerrano_UCa8HaeL7RWSSXQuiLKlKUg_G97NoTrfCY,322409,328433,6024
AmySerrano_UCa8HaeL7RWSSXQuiLKlKUg_G97NoTrfCY_328769_335281.wav,AmySerrano_UCa8HaeL7RWSSXQuiLKlKUg_G97NoTrfCY,328769,335281,6512
AmySerrano_UCa8HaeL7RWSSXQuiLKlKUg_G97NoTrfCY_337833_342649.wav,AmySerrano_UCa8HaeL7RWSSXQuiLKlKUg_G97NoTrfCY,337833,342649,4816
AmySerrano_UCa8HaeL7RWSSXQuiLKlKUg_G97NoTrfCY_344217_346425.wav,AmySerrano_UCa8HaeL7RWSSXQuiLKlKUg_G97NoTrfCY,344217,346425,2208
AmySerrano_UCa8HaeL7RWSSXQuiLKlKUg_G97NoTrfCY_347641_347905.wav,AmySerrano_UCa8HaeL7RWSSXQuiLKlKUg_G97NoTrfCY,347641,347905,264
AmySerrano_UCa8HaeL7RWSSXQuiLKlKUg_G97NoTrfCY_348105_355105.wav,AmySerrano_UCa8HaeL7RWSSXQuiLKlKUg_G97NoTrfCY,348105,355105,7000
AmySerrano_UCa8HaeL7RWSSXQuiLKlKUg_G97NoTrfCY_355257_362897.wav,AmySerrano_UCa8HaeL7RWSSXQuiLKlKUg_G97NoTrfCY,355257,362897,7640
AmySerrano_UCa8HaeL7RWSSXQuiLKlKUg_G97NoTrfCY_363105_367537.wav,AmySerrano_UCa8HaeL7RWSSXQuiLKlKUg_G97NoTrfCY,363105,367537,4432
AmySerrano_UCa8HaeL7RWSSXQuiLKlKUg_G97NoTrfCY_368385_371201.wav,AmySerrano_UCa8HaeL7RWSSXQuiLKlKUg_G97NoTrfCY,368385,371201,2816
AmySerrano_UCa8HaeL7RWSSXQuiLKlKUg_G97NoTrfCY_371873_375497.wav,AmySerrano_UCa8HaeL7RWSSXQuiLKlKUg_G97NoTrfCY,371873,375497,3624
AmySerrano_UCa8HaeL7RWSSXQuiLKlKUg_G97NoTrfCY_375857_376969.wav,AmySerrano_UCa8HaeL7RWSSXQuiLKlKUg_G97NoTrfCY,375857,376969,1112
AmySerrano_UCa8HaeL7RWSSXQuiLKlKUg_G97NoTrfCY_377489_378645.wav,AmySerrano_UCa8HaeL7RWSSXQuiLKlKUg_G97NoTrfCY,377489,378645,1156
AmySerrano_UCa8HaeL7RWSSXQuiLKlKUg_G97NoTrfCY_378781_382829.wav,AmySerrano_UCa8HaeL7RWSSXQuiLKlKUg_G97NoTrfCY,378781,382829,4048
AmySerrano_UCa8HaeL7RWSSXQuiLKlKUg_G97NoTrfCY_382973_388513.wav,AmySerrano_UCa8HaeL7RWSSXQuiLKlKUg_G97NoTrfCY,382973,388513,5540
AmySerrano_UCa8HaeL7RWSSXQuiLKlKUg_G97NoTrfCY_389185_389585.wav,AmySerrano_UCa8HaeL7RWSSXQuiLKlKUg_G97NoTrfCY,389185,389585,400
AmySerrano_UCa8HaeL7RWSSXQuiLKlKUg_G97NoTrfCY_389849_390129.wav,AmySerrano_UCa8HaeL7RWSSXQuiLKlKUg_G97NoTrfCY,389849,390129,280
AmySerrano_UCa8HaeL7RWSSXQuiLKlKUg_G97NoTrfCY_390729_393253.wav,AmySerrano_UCa8HaeL7RWSSXQuiLKlKUg_G97NoTrfCY,390729,393253,2524
AmySerrano_UCa8HaeL7RWSSXQuiLKlKUg_G97NoTrfCY_393445_400433.wav,AmySerrano_UCa8HaeL7RWSSXQuiLKlKUg_G97NoTrfCY,393445,400433,6988
AmySerrano_UCa8HaeL7RWSSXQuiLKlKUg_G97NoTrfCY_400777_406097.wav,AmySerrano_UCa8HaeL7RWSSXQuiLKlKUg_G97NoTrfCY,400777,406097,5320
AmySerrano_UCa8HaeL7RWSSXQuiLKlKUg_G97NoTrfCY_407225_407337.wav,AmySerrano_UCa8HaeL7RWSSXQuiLKlKUg_G97NoTrfCY,407225,407337,112
AmySerrano_UCa8HaeL7RWSSXQuiLKlKUg_G97NoTrfCY_408553_408817.wav,AmySerrano_UCa8HaeL7RWSSXQuiLKlKUg_G97NoTrfCY,408553,408817,264
AmySerrano_UCa8HaeL7RWSSXQuiLKlKUg_G97NoTrfCY_409097_411113.wav,AmySerrano_UCa8HaeL7RWSSXQuiLKlKUg_G97NoTrfCY,409097,411113,2016
AmySerrano_UCa8HaeL7RWSSXQuiLKlKUg_G97NoTrfCY_412445_416101.wav,AmySerrano_UCa8HaeL7RWSSXQuiLKlKUg_G97NoTrfCY,412445,416101,3656
AmySerrano_UCa8HaeL7RWSSXQuiLKlKUg_G97NoTrfCY_416461_420701.wav,AmySerrano_UCa8HaeL7RWSSXQuiLKlKUg_G97NoTrfCY,416461,420701,4240
AmySerrano_UCa8HaeL7RWSSXQuiLKlKUg_G97NoTrfCY_421021_421125.wav,AmySerrano_UCa8HaeL7RWSSXQuiLKlKUg_G97NoTrfCY,421021,421125,104
AmySerrano_UCa8HaeL7RWSSXQuiLKlKUg_G97NoTrfCY_421645_421793.wav,AmySerrano_UCa8HaeL7RWSSXQuiLKlKUg_G97NoTrfCY,421645,421793,148
AmySerrano_UCa8HaeL7RWSSXQuiLKlKUg_G97NoTrfCY_422265_422393.wav,AmySerrano_UCa8HaeL7RWSSXQuiLKlKUg_G97NoTrfCY,422265,422393,128
AmySerrano_UCa8HaeL7RWSSXQuiLKlKUg_G97NoTrfCY_423433_425697.wav,AmySerrano_UCa8HaeL7RWSSXQuiLKlKUg_G97NoTrfCY,423433,425697,2264
AmySerrano_UCa8HaeL7RWSSXQuiLKlKUg_G97NoTrfCY_426241_431897.wav,AmySerrano_UCa8HaeL7RWSSXQuiLKlKUg_G97NoTrfCY,426241,431897,5656
AmySerrano_UCa8HaeL7RWSSXQuiLKlKUg_G97NoTrfCY_432137_445033.wav,AmySerrano_UCa8HaeL7RWSSXQuiLKlKUg_G97NoTrfCY,432137,445033,12896
AmySerrano_UCa8HaeL7RWSSXQuiLKlKUg_G97NoTrfCY_445169_447097.wav,AmySerrano_UCa8HaeL7RWSSXQuiLKlKUg_G97NoTrfCY,445169,447097,1928
AmySerrano_UCa8HaeL7RWSSXQuiLKlKUg_G97NoTrfCY_447745_448385.wav,AmySerrano_UCa8HaeL7RWSSXQuiLKlKUg_G97NoTrfCY,447745,448385,640
AmySerrano_UCa8HaeL7RWSSXQuiLKlKUg_G97NoTrfCY_448697_451073.wav,AmySerrano_UCa8HaeL7RWSSXQuiLKlKUg_G97NoTrfCY,448697,451073,2376
AmySerrano_UCa8HaeL7RWSSXQuiLKlKUg_G97NoTrfCY_451697_454593.wav,AmySerrano_UCa8HaeL7RWSSXQuiLKlKUg_G97NoTrfCY,451697,454593,2896
AmySerrano_UCa8HaeL7RWSSXQuiLKlKUg_G97NoTrfCY_456081_459985.wav,AmySerrano_UCa8HaeL7RWSSXQuiLKlKUg_G97NoTrfCY,456081,459985,3904
AmySerrano_UCa8HaeL7RWSSXQuiLKlKUg_G97NoTrfCY_460633_462209.wav,AmySerrano_UCa8HaeL7RWSSXQuiLKlKUg_G97NoTrfCY,460633,462209,1576
AmySerrano_UCa8HaeL7RWSSXQuiLKlKUg_G97NoTrfCY_462769_466837.wav,AmySerrano_UCa8HaeL7RWSSXQuiLKlKUg_G97NoTrfCY,462769,466837,4068
AmySerrano_UCa8HaeL7RWSSXQuiLKlKUg_G97NoTrfCY_467141_468837.wav,AmySerrano_UCa8HaeL7RWSSXQuiLKlKUg_G97NoTrfCY,467141,468837,1696
AmySerrano_UCa8HaeL7RWSSXQuiLKlKUg_G97NoTrfCY_469173_469325.wav,AmySerrano_UCa8HaeL7RWSSXQuiLKlKUg_G97NoTrfCY,469173,469325,152
AmySerrano_UCa8HaeL7RWSSXQuiLKlKUg_G97NoTrfCY_469613_472669.wav,AmySerrano_UCa8HaeL7RWSSXQuiLKlKUg_G97NoTrfCY,469613,472669,3056
AmySerrano_UCa8HaeL7RWSSXQuiLKlKUg_G97NoTrfCY_473225_478778.wav,AmySerrano_UCa8HaeL7RWSSXQuiLKlKUg_G97NoTrfCY,473225,478778,5553
AmySerrano_UCa8HaeL7RWSSXQuiLKlKUg_G97NoTrfCY_478954_482483.wav,AmySerrano_UCa8HaeL7RWSSXQuiLKlKUg_G97NoTrfCY,478954,482483,3529
AmySerrano_UCa8HaeL7RWSSXQuiLKlKUg_G97NoTrfCY_482707_486781.wav,AmySerrano_UCa8HaeL7RWSSXQuiLKlKUg_G97NoTrfCY,482707,486781,4074
AmySerrano_UCa8HaeL7RWSSXQuiLKlKUg_G97NoTrfCY_487213_489845.wav,AmySerrano_UCa8HaeL7RWSSXQuiLKlKUg_G97NoTrfCY,487213,489845,2632
AmySerrano_UCa8HaeL7RWSSXQuiLKlKUg_G97NoTrfCY_490325_491133.wav,AmySerrano_UCa8HaeL7RWSSXQuiLKlKUg_G97NoTrfCY,490325,491133,808
AmySerrano_UCa8HaeL7RWSSXQuiLKlKUg_G97NoTrfCY_491509_492353.wav,AmySerrano_UCa8HaeL7RWSSXQuiLKlKUg_G97NoTrfCY,491509,492353,844
AmySerrano_UCa8HaeL7RWSSXQuiLKlKUg_G97NoTrfCY_492673_492905.wav,AmySerrano_UCa8HaeL7RWSSXQuiLKlKUg_G97NoTrfCY,492673,492905,232
AmySerrano_UCa8HaeL7RWSSXQuiLKlKUg_G97NoTrfCY_493057_502667.wav,AmySerrano_UCa8HaeL7RWSSXQuiLKlKUg_G97NoTrfCY,493057,502667,9610
AmySerrano_UCa8HaeL7RWSSXQuiLKlKUg_G97NoTrfCY_502907_504805.wav,AmySerrano_UCa8HaeL7RWSSXQuiLKlKUg_G97NoTrfCY,502907,504805,1898
AmySerrano_UCa8HaeL7RWSSXQuiLKlKUg_G97NoTrfCY_504957_505285.wav,AmySerrano_UCa8HaeL7RWSSXQuiLKlKUg_G97NoTrfCY,504957,505285,328
AmySerrano_UCa8HaeL7RWSSXQuiLKlKUg_G97NoTrfCY_505573_505829.wav,AmySerrano_UCa8HaeL7RWSSXQuiLKlKUg_G97NoTrfCY,505573,505829,256
AmySerrano_UCa8HaeL7RWSSXQuiLKlKUg_G97NoTrfCY_506149_506277.wav,AmySerrano_UCa8HaeL7RWSSXQuiLKlKUg_G97NoTrfCY,506149,506277,128
AmySerrano_UCa8HaeL7RWSSXQuiLKlKUg_G97NoTrfCY_506469_508197.wav,AmySerrano_UCa8HaeL7RWSSXQuiLKlKUg_G97NoTrfCY,506469,508197,1728
AmySerrano_UCa8HaeL7RWSSXQuiLKlKUg_G97NoTrfCY_508973_510045.wav,AmySerrano_UCa8HaeL7RWSSXQuiLKlKUg_G97NoTrfCY,508973,510045,1072
AmySerrano_UCa8HaeL7RWSSXQuiLKlKUg_G97NoTrfCY_511365_519679.wav,AmySerrano_UCa8HaeL7RWSSXQuiLKlKUg_G97NoTrfCY,511365,519679,8314
AmySerrano_UCa8HaeL7RWSSXQuiLKlKUg_G97NoTrfCY_519919_523608.wav,AmySerrano_UCa8HaeL7RWSSXQuiLKlKUg_G97NoTrfCY,519919,523608,3689
AmySerrano_UCa8HaeL7RWSSXQuiLKlKUg_G97NoTrfCY_523768_528760.wav,AmySerrano_UCa8HaeL7RWSSXQuiLKlKUg_G97NoTrfCY,523768,528760,4992
AmySerrano_UCa8HaeL7RWSSXQuiLKlKUg_G97NoTrfCY_528944_530441.wav,AmySerrano_UCa8HaeL7RWSSXQuiLKlKUg_G97NoTrfCY,528944,530441,1497
AmySerrano_UCa8HaeL7RWSSXQuiLKlKUg_G97NoTrfCY_531097_534185.wav,AmySerrano_UCa8HaeL7RWSSXQuiLKlKUg_G97NoTrfCY,531097,534185,3088
AmySerrano_UCa8HaeL7RWSSXQuiLKlKUg_G97NoTrfCY_535377_542513.wav,AmySerrano_UCa8HaeL7RWSSXQuiLKlKUg_G97NoTrfCY,535377,542513,7136
AmySerrano_UCa8HaeL7RWSSXQuiLKlKUg_G97NoTrfCY_543057_545121.wav,AmySerrano_UCa8HaeL7RWSSXQuiLKlKUg_G97NoTrfCY,543057,545121,2064
AmySerrano_UCa8HaeL7RWSSXQuiLKlKUg_G97NoTrfCY_545625_547513.wav,AmySerrano_UCa8HaeL7RWSSXQuiLKlKUg_G97NoTrfCY,545625,547513,1888
AmySerrano_UCa8HaeL7RWSSXQuiLKlKUg_G97NoTrfCY_548041_558329.wav,AmySerrano_UCa8HaeL7RWSSXQuiLKlKUg_G97NoTrfCY,548041,558329,10288
AmySerrano_UCa8HaeL7RWSSXQuiLKlKUg_G97NoTrfCY_558885_565481.wav,AmySerrano_UCa8HaeL7RWSSXQuiLKlKUg_G97NoTrfCY,558885,565481,6596
AmySerrano_UCa8HaeL7RWSSXQuiLKlKUg_G97NoTrfCY_566313_570537.wav,AmySerrano_UCa8HaeL7RWSSXQuiLKlKUg_G97NoTrfCY,566313,570537,4224
AmySerrano_UCa8HaeL7RWSSXQuiLKlKUg_G97NoTrfCY_570809_574449.wav,AmySerrano_UCa8HaeL7RWSSXQuiLKlKUg_G97NoTrfCY,570809,574449,3640
AmySerrano_UCa8HaeL7RWSSXQuiLKlKUg_G97NoTrfCY_574905_577777.wav,AmySerrano_UCa8HaeL7RWSSXQuiLKlKUg_G97NoTrfCY,574905,577777,2872
AmySerrano_UCa8HaeL7RWSSXQuiLKlKUg_G97NoTrfCY_578153_578265.wav,AmySerrano_UCa8HaeL7RWSSXQuiLKlKUg_G97NoTrfCY,578153,578265,112
AmySerrano_UCa8HaeL7RWSSXQuiLKlKUg_G97NoTrfCY_580409_583553.wav,AmySerrano_UCa8HaeL7RWSSXQuiLKlKUg_G97NoTrfCY,580409,583553,3144
AmySerrano_UCa8HaeL7RWSSXQuiLKlKUg_G97NoTrfCY_584185_584409.wav,AmySerrano_UCa8HaeL7RWSSXQuiLKlKUg_G97NoTrfCY,584185,584409,224
AmySerrano_UCa8HaeL7RWSSXQuiLKlKUg_G97NoTrfCY_584873_590947.wav,AmySerrano_UCa8HaeL7RWSSXQuiLKlKUg_G97NoTrfCY,584873,590947,6074
AmySerrano_UCa8HaeL7RWSSXQuiLKlKUg_G97NoTrfCY_591131_600603.wav,AmySerrano_UCa8HaeL7RWSSXQuiLKlKUg_G97NoTrfCY,591131,600603,9472
AmySerrano_UCa8HaeL7RWSSXQuiLKlKUg_G97NoTrfCY_600787_605445.wav,AmySerrano_UCa8HaeL7RWSSXQuiLKlKUg_G97NoTrfCY,600787,605445,4658
AmySerrano_UCa8HaeL7RWSSXQuiLKlKUg_G97NoTrfCY_606285_607337.wav,AmySerrano_UCa8HaeL7RWSSXQuiLKlKUg_G97NoTrfCY,606285,607337,1052
AmySerrano_UCa8HaeL7RWSSXQuiLKlKUg_G97NoTrfCY_608497_609633.wav,AmySerrano_UCa8HaeL7RWSSXQuiLKlKUg_G97NoTrfCY,608497,609633,1136
AmySerrano_UCa8HaeL7RWSSXQuiLKlKUg_G97NoTrfCY_610089_612537.wav,AmySerrano_UCa8HaeL7RWSSXQuiLKlKUg_G97NoTrfCY,610089,612537,2448
AmySerrano_UCa8HaeL7RWSSXQuiLKlKUg_G97NoTrfCY_613249_613353.wav,AmySerrano_UCa8HaeL7RWSSXQuiLKlKUg_G97NoTrfCY,613249,613353,104
AmySerrano_UCa8HaeL7RWSSXQuiLKlKUg_G97NoTrfCY_613777_620233.wav,AmySerrano_UCa8HaeL7RWSSXQuiLKlKUg_G97NoTrfCY,613777,620233,6456
AmySerrano_UCa8HaeL7RWSSXQuiLKlKUg_G97NoTrfCY_621121_625233.wav,AmySerrano_UCa8HaeL7RWSSXQuiLKlKUg_G97NoTrfCY,621121,625233,4112
AmySerrano_UCa8HaeL7RWSSXQuiLKlKUg_G97NoTrfCY_628617_634845.wav,AmySerrano_UCa8HaeL7RWSSXQuiLKlKUg_G97NoTrfCY,628617,634845,6228
AmySerrano_UCa8HaeL7RWSSXQuiLKlKUg_G97NoTrfCY_635149_635481.wav,AmySerrano_UCa8HaeL7RWSSXQuiLKlKUg_G97NoTrfCY,635149,635481,332
AmySerrano_UCa8HaeL7RWSSXQuiLKlKUg_G97NoTrfCY_635769_635929.wav,AmySerrano_UCa8HaeL7RWSSXQuiLKlKUg_G97NoTrfCY,635769,635929,160
AmySerrano_UCa8HaeL7RWSSXQuiLKlKUg_G97NoTrfCY_636641_636801.wav,AmySerrano_UCa8HaeL7RWSSXQuiLKlKUg_G97NoTrfCY,636641,636801,160
AmySerrano_UCa8HaeL7RWSSXQuiLKlKUg_G97NoTrfCY_637065_637417.wav,AmySerrano_UCa8HaeL7RWSSXQuiLKlKUg_G97NoTrfCY,637065,637417,352
AmySerrano_UCa8HaeL7RWSSXQuiLKlKUg_G97NoTrfCY_637849_641345.wav,AmySerrano_UCa8HaeL7RWSSXQuiLKlKUg_G97NoTrfCY,637849,641345,3496
AmySerrano_UCa8HaeL7RWSSXQuiLKlKUg_G97NoTrfCY_641977_648741.wav,AmySerrano_UCa8HaeL7RWSSXQuiLKlKUg_G97NoTrfCY,641977,648741,6764
AmySerrano_UCa8HaeL7RWSSXQuiLKlKUg_G97NoTrfCY_648949_652169.wav,AmySerrano_UCa8HaeL7RWSSXQuiLKlKUg_G97NoTrfCY,648949,652169,3220
AmySerrano_UCa8HaeL7RWSSXQuiLKlKUg_G97NoTrfCY_652457_653465.wav,AmySerrano_UCa8HaeL7RWSSXQuiLKlKUg_G97NoTrfCY,652457,653465,1008
AmySerrano_UCa8HaeL7RWSSXQuiLKlKUg_G97NoTrfCY_653673_655753.wav,AmySerrano_UCa8HaeL7RWSSXQuiLKlKUg_G97NoTrfCY,653673,655753,2080
AmySerrano_UCa8HaeL7RWSSXQuiLKlKUg_G97NoTrfCY_656337_656825.wav,AmySerrano_UCa8HaeL7RWSSXQuiLKlKUg_G97NoTrfCY,656337,656825,488
AmySerrano_UCa8HaeL7RWSSXQuiLKlKUg_G97NoTrfCY_657369_658017.wav,AmySerrano_UCa8HaeL7RWSSXQuiLKlKUg_G97NoTrfCY,657369,658017,648
AmySerrano_UCa8HaeL7RWSSXQuiLKlKUg_G97NoTrfCY_658393_658513.wav,AmySerrano_UCa8HaeL7RWSSXQuiLKlKUg_G97NoTrfCY,658393,658513,120
AmySerrano_UCa8HaeL7RWSSXQuiLKlKUg_G97NoTrfCY_659441_659561.wav,AmySerrano_UCa8HaeL7RWSSXQuiLKlKUg_G97NoTrfCY,659441,659561,120
AmySerrano_UCa8HaeL7RWSSXQuiLKlKUg_G97NoTrfCY_659881_660545.wav,AmySerrano_UCa8HaeL7RWSSXQuiLKlKUg_G97NoTrfCY,659881,660545,664
AmySerrano_UCa8HaeL7RWSSXQuiLKlKUg_G97NoTrfCY_660961_661729.wav,AmySerrano_UCa8HaeL7RWSSXQuiLKlKUg_G97NoTrfCY,660961,661729,768
AmySerrano_UCa8HaeL7RWSSXQuiLKlKUg_G97NoTrfCY_662497_664377.wav,AmySerrano_UCa8HaeL7RWSSXQuiLKlKUg_G97NoTrfCY,662497,664377,1880
AmySerrano_UCa8HaeL7RWSSXQuiLKlKUg_G97NoTrfCY_664889_665017.wav,AmySerrano_UCa8HaeL7RWSSXQuiLKlKUg_G97NoTrfCY,664889,665017,128
AmySerrano_UCa8HaeL7RWSSXQuiLKlKUg_G97NoTrfCY_665897_672693.wav,AmySerrano_UCa8HaeL7RWSSXQuiLKlKUg_G97NoTrfCY,665897,672693,6796
AmySerrano_UCa8HaeL7RWSSXQuiLKlKUg_G97NoTrfCY_672973_673173.wav,AmySerrano_UCa8HaeL7RWSSXQuiLKlKUg_G97NoTrfCY,672973,673173,200
AmySerrano_UCa8HaeL7RWSSXQuiLKlKUg_G97NoTrfCY_673453_675041.wav,AmySerrano_UCa8HaeL7RWSSXQuiLKlKUg_G97NoTrfCY,673453,675041,1588
AmySerrano_UCa8HaeL7RWSSXQuiLKlKUg_G97NoTrfCY_676377_679497.wav,AmySerrano_UCa8HaeL7RWSSXQuiLKlKUg_G97NoTrfCY,676377,679497,3120
AmySerrano_UCa8HaeL7RWSSXQuiLKlKUg_G97NoTrfCY_679769_680049.wav,AmySerrano_UCa8HaeL7RWSSXQuiLKlKUg_G97NoTrfCY,679769,680049,280
AmySerrano_UCa8HaeL7RWSSXQuiLKlKUg_G97NoTrfCY_680481_689509.wav,AmySerrano_UCa8HaeL7RWSSXQuiLKlKUg_G97NoTrfCY,680481,689509,9028
AmySerrano_UCa8HaeL7RWSSXQuiLKlKUg_G97NoTrfCY_689645_693985.wav,AmySerrano_UCa8HaeL7RWSSXQuiLKlKUg_G97NoTrfCY,689645,693985,4340
AmySerrano_UCa8HaeL7RWSSXQuiLKlKUg_G97NoTrfCY_694129_697857.wav,AmySerrano_UCa8HaeL7RWSSXQuiLKlKUg_G97NoTrfCY,694129,697857,3728
AmySerrano_UCa8HaeL7RWSSXQuiLKlKUg_G97NoTrfCY_697985_703169.wav,AmySerrano_UCa8HaeL7RWSSXQuiLKlKUg_G97NoTrfCY,697985,703169,5184
AmySerrano_UCa8HaeL7RWSSXQuiLKlKUg_G97NoTrfCY_705673_705985.wav,AmySerrano_UCa8HaeL7RWSSXQuiLKlKUg_G97NoTrfCY,705673,705985,312
AmySerrano_UCa8HaeL7RWSSXQuiLKlKUg_G97NoTrfCY_706281_706817.wav,AmySerrano_UCa8HaeL7RWSSXQuiLKlKUg_G97NoTrfCY,706281,706817,536
AmySerrano_UCa8HaeL7RWSSXQuiLKlKUg_G97NoTrfCY_708873_711729.wav,AmySerrano_UCa8HaeL7RWSSXQuiLKlKUg_G97NoTrfCY,708873,711729,2856
AmySerrano_UCa8HaeL7RWSSXQuiLKlKUg_G97NoTrfCY_712073_713401.wav,AmySerrano_UCa8HaeL7RWSSXQuiLKlKUg_G97NoTrfCY,712073,713401,1328
AmySerrano_UCa8HaeL7RWSSXQuiLKlKUg_G97NoTrfCY_715565_717125.wav,AmySerrano_UCa8HaeL7RWSSXQuiLKlKUg_G97NoTrfCY,715565,717125,1560
AmySerrano_UCa8HaeL7RWSSXQuiLKlKUg_G97NoTrfCY_717613_718229.wav,AmySerrano_UCa8HaeL7RWSSXQuiLKlKUg_G97NoTrfCY,717613,718229,616
AmySerrano_UCa8HaeL7RWSSXQuiLKlKUg_G97NoTrfCY_718573_720429.wav,AmySerrano_UCa8HaeL7RWSSXQuiLKlKUg_G97NoTrfCY,718573,720429,1856
AmySerrano_UCa8HaeL7RWSSXQuiLKlKUg_G97NoTrfCY_720653_723181.wav,AmySerrano_UCa8HaeL7RWSSXQuiLKlKUg_G97NoTrfCY,720653,723181,2528
AmySerrano_UCa8HaeL7RWSSXQuiLKlKUg_G97NoTrfCY_724181_731989.wav,AmySerrano_UCa8HaeL7RWSSXQuiLKlKUg_G97NoTrfCY,724181,731989,7808
AmySerrano_UCa8HaeL7RWSSXQuiLKlKUg_G97NoTrfCY_732453_734781.wav,AmySerrano_UCa8HaeL7RWSSXQuiLKlKUg_G97NoTrfCY,732453,734781,2328
AmySerrano_UCa8HaeL7RWSSXQuiLKlKUg_G97NoTrfCY_735165_736625.wav,AmySerrano_UCa8HaeL7RWSSXQuiLKlKUg_G97NoTrfCY,735165,736625,1460
AmySerrano_UCa8HaeL7RWSSXQuiLKlKUg_G97NoTrfCY_737601_737809.wav,AmySerrano_UCa8HaeL7RWSSXQuiLKlKUg_G97NoTrfCY,737601,737809,208
AmySerrano_UCa8HaeL7RWSSXQuiLKlKUg_G97NoTrfCY_738097_746885.wav,AmySerrano_UCa8HaeL7RWSSXQuiLKlKUg_G97NoTrfCY,738097,746885,8788
AmySerrano_UCa8HaeL7RWSSXQuiLKlKUg_G97NoTrfCY_747393_755049.wav,AmySerrano_UCa8HaeL7RWSSXQuiLKlKUg_G97NoTrfCY,747393,755049,7656
AmySerrano_UCa8HaeL7RWSSXQuiLKlKUg_G97NoTrfCY_755385_757201.wav,AmySerrano_UCa8HaeL7RWSSXQuiLKlKUg_G97NoTrfCY,755385,757201,1816
AmySerrano_UCa8HaeL7RWSSXQuiLKlKUg_G97NoTrfCY_758257_759057.wav,AmySerrano_UCa8HaeL7RWSSXQuiLKlKUg_G97NoTrfCY,758257,759057,800
AmySerrano_UCa8HaeL7RWSSXQuiLKlKUg_G97NoTrfCY_759777_765377.wav,AmySerrano_UCa8HaeL7RWSSXQuiLKlKUg_G97NoTrfCY,759777,765377,5600
AmySerrano_UCa8HaeL7RWSSXQuiLKlKUg_G97NoTrfCY_766165_767905.wav,AmySerrano_UCa8HaeL7RWSSXQuiLKlKUg_G97NoTrfCY,766165,767905,1740
AmySerrano_UCa8HaeL7RWSSXQuiLKlKUg_G97NoTrfCY_768593_773171.wav,AmySerrano_UCa8HaeL7RWSSXQuiLKlKUg_G97NoTrfCY,768593,773171,4578
AmySerrano_UCa8HaeL7RWSSXQuiLKlKUg_G97NoTrfCY_773419_776917.wav,AmySerrano_UCa8HaeL7RWSSXQuiLKlKUg_G97NoTrfCY,773419,776917,3498
AmySerrano_UCa8HaeL7RWSSXQuiLKlKUg_G97NoTrfCY_777885_779585.wav,AmySerrano_UCa8HaeL7RWSSXQuiLKlKUg_G97NoTrfCY,777885,779585,1700
AmySerrano_UCa8HaeL7RWSSXQuiLKlKUg_G97NoTrfCY_780129_780249.wav,AmySerrano_UCa8HaeL7RWSSXQuiLKlKUg_G97NoTrfCY,780129,780249,120
AmySerrano_UCa8HaeL7RWSSXQuiLKlKUg_G97NoTrfCY_781041_781153.wav,AmySerrano_UCa8HaeL7RWSSXQuiLKlKUg_G97NoTrfCY,781041,781153,112
AmySerrano_UCa8HaeL7RWSSXQuiLKlKUg_G97NoTrfCY_781417_783993.wav,AmySerrano_UCa8HaeL7RWSSXQuiLKlKUg_G97NoTrfCY,781417,783993,2576
AmySerrano_UCa8HaeL7RWSSXQuiLKlKUg_G97NoTrfCY_785873_792481.wav,AmySerrano_UCa8HaeL7RWSSXQuiLKlKUg_G97NoTrfCY,785873,792481,6608
AmySerrano_UCa8HaeL7RWSSXQuiLKlKUg_G97NoTrfCY_793257_797905.wav,AmySerrano_UCa8HaeL7RWSSXQuiLKlKUg_G97NoTrfCY,793257,797905,4648
AmySerrano_UCa8HaeL7RWSSXQuiLKlKUg_G97NoTrfCY_798465_800737.wav,AmySerrano_UCa8HaeL7RWSSXQuiLKlKUg_G97NoTrfCY,798465,800737,2272
AmySerrano_UCa8HaeL7RWSSXQuiLKlKUg_G97NoTrfCY_804193_812325.wav,AmySerrano_UCa8HaeL7RWSSXQuiLKlKUg_G97NoTrfCY,804193,812325,8132
AmySerrano_UCa8HaeL7RWSSXQuiLKlKUg_G97NoTrfCY_813069_814109.wav,AmySerrano_UCa8HaeL7RWSSXQuiLKlKUg_G97NoTrfCY,813069,814109,1040
AmySerrano_UCa8HaeL7RWSSXQuiLKlKUg_G97NoTrfCY_814429_825431.wav,AmySerrano_UCa8HaeL7RWSSXQuiLKlKUg_G97NoTrfCY,814429,825431,11002
AmySerrano_UCa8HaeL7RWSSXQuiLKlKUg_G97NoTrfCY_825583_826271.wav,AmySerrano_UCa8HaeL7RWSSXQuiLKlKUg_G97NoTrfCY,825583,826271,688
AmySerrano_UCa8HaeL7RWSSXQuiLKlKUg_G97NoTrfCY_826817_828769.wav,AmySerrano_UCa8HaeL7RWSSXQuiLKlKUg_G97NoTrfCY,826817,828769,1952
AmySerrano_UCa8HaeL7RWSSXQuiLKlKUg_G97NoTrfCY_829025_830033.wav,AmySerrano_UCa8HaeL7RWSSXQuiLKlKUg_G97NoTrfCY,829025,830033,1008
AmySerrano_UCa8HaeL7RWSSXQuiLKlKUg_G97NoTrfCY_830297_830401.wav,AmySerrano_UCa8HaeL7RWSSXQuiLKlKUg_G97NoTrfCY,830297,830401,104
AmySerrano_UCa8HaeL7RWSSXQuiLKlKUg_G97NoTrfCY_830833_834449.wav,AmySerrano_UCa8HaeL7RWSSXQuiLKlKUg_G97NoTrfCY,830833,834449,3616
AmySerrano_UCa8HaeL7RWSSXQuiLKlKUg_G97NoTrfCY_834841_838897.wav,AmySerrano_UCa8HaeL7RWSSXQuiLKlKUg_G97NoTrfCY,834841,838897,4056
AmySerrano_UCa8HaeL7RWSSXQuiLKlKUg_G97NoTrfCY_839737_840097.wav,AmySerrano_UCa8HaeL7RWSSXQuiLKlKUg_G97NoTrfCY,839737,840097,360
AmySerrano_UCa8HaeL7RWSSXQuiLKlKUg_G97NoTrfCY_840401_924809.wav,AmySerrano_UCa8HaeL7RWSSXQuiLKlKUg_G97NoTrfCY,840401,924809,84408
AmySerrano_UCa8HaeL7RWSSXQuiLKlKUg_G97NoTrfCY_925401_926081.wav,AmySerrano_UCa8HaeL7RWSSXQuiLKlKUg_G97NoTrfCY,925401,926081,680
AmySerrano_UCa8HaeL7RWSSXQuiLKlKUg_G97NoTrfCY_926337_928153.wav,AmySerrano_UCa8HaeL7RWSSXQuiLKlKUg_G97NoTrfCY,926337,928153,1816
AmySerrano_UCa8HaeL7RWSSXQuiLKlKUg_G97NoTrfCY_929689_931425.wav,AmySerrano_UCa8HaeL7RWSSXQuiLKlKUg_G97NoTrfCY,929689,931425,1736
AmySerrano_UCa8HaeL7RWSSXQuiLKlKUg_G97NoTrfCY_931601_931937.wav,AmySerrano_UCa8HaeL7RWSSXQuiLKlKUg_G97NoTrfCY,931601,931937,336
AmySerrano_UCa8HaeL7RWSSXQuiLKlKUg_G97NoTrfCY_932129_937305.wav,AmySerrano_UCa8HaeL7RWSSXQuiLKlKUg_G97NoTrfCY,932129,937305,5176
AmySerrano_UCa8HaeL7RWSSXQuiLKlKUg_G97NoTrfCY_937433_939689.wav,AmySerrano_UCa8HaeL7RWSSXQuiLKlKUg_G97NoTrfCY,937433,939689,2256
AmySerrano_UCa8HaeL7RWSSXQuiLKlKUg_G97NoTrfCY_939825_943145.wav,AmySerrano_UCa8HaeL7RWSSXQuiLKlKUg_G97NoTrfCY,939825,943145,3320
AmySerrano_UCa8HaeL7RWSSXQuiLKlKUg_G97NoTrfCY_943401_948265.wav,AmySerrano_UCa8HaeL7RWSSXQuiLKlKUg_G97NoTrfCY,943401,948265,4864
AmySerrano_UCa8HaeL7RWSSXQuiLKlKUg_G97NoTrfCY_948577_952309.wav,AmySerrano_UCa8HaeL7RWSSXQuiLKlKUg_G97NoTrfCY,948577,952309,3732
AmySerrano_UCa8HaeL7RWSSXQuiLKlKUg_G97NoTrfCY_952549_963319.wav,AmySerrano_UCa8HaeL7RWSSXQuiLKlKUg_G97NoTrfCY,952549,963319,10770
AmySerrano_UCa8HaeL7RWSSXQuiLKlKUg_G97NoTrfCY_963511_966561.wav,AmySerrano_UCa8HaeL7RWSSXQuiLKlKUg_G97NoTrfCY,963511,966561,3050
AmySerrano_UCa8HaeL7RWSSXQuiLKlKUg_G97NoTrfCY_966937_970893.wav,AmySerrano_UCa8HaeL7RWSSXQuiLKlKUg_G97NoTrfCY,966937,970893,3956
AmySerrano_UCa8HaeL7RWSSXQuiLKlKUg_G97NoTrfCY_971053_974689.wav,AmySerrano_UCa8HaeL7RWSSXQuiLKlKUg_G97NoTrfCY,971053,974689,3636
AmySerrano_UCa8HaeL7RWSSXQuiLKlKUg_G97NoTrfCY_974969_975937.wav,AmySerrano_UCa8HaeL7RWSSXQuiLKlKUg_G97NoTrfCY,974969,975937,968
AmySerrano_UCa8HaeL7RWSSXQuiLKlKUg_G97NoTrfCY_976193_981489.wav,AmySerrano_UCa8HaeL7RWSSXQuiLKlKUg_G97NoTrfCY,976193,981489,5296
AmySerrano_UCa8HaeL7RWSSXQuiLKlKUg_G97NoTrfCY_981649_990025.wav,AmySerrano_UCa8HaeL7RWSSXQuiLKlKUg_G97NoTrfCY,981649,990025,8376
AmySerrano_UCa8HaeL7RWSSXQuiLKlKUg_G97NoTrfCY_990177_995785.wav,AmySerrano_UCa8HaeL7RWSSXQuiLKlKUg_G97NoTrfCY,990177,995785,5608
AmySerrano_UCa8HaeL7RWSSXQuiLKlKUg_G97NoTrfCY_995953_1000609.wav,AmySerrano_UCa8HaeL7RWSSXQuiLKlKUg_G97NoTrfCY,995953,1000609,4656
AmySerrano_UCa8HaeL7RWSSXQuiLKlKUg_G97NoTrfCY_1001193_1001313.wav,AmySerrano_UCa8HaeL7RWSSXQuiLKlKUg_G97NoTrfCY,1001193,1001313,120
AmySerrano_UCa8HaeL7RWSSXQuiLKlKUg_G97NoTrfCY_1001569_1001673.wav,AmySerrano_UCa8HaeL7RWSSXQuiLKlKUg_G97NoTrfCY,1001569,1001673,104
AmySerrano_UCa8HaeL7RWSSXQuiLKlKUg_G97NoTrfCY_1001833_1010913.wav,AmySerrano_UCa8HaeL7RWSSXQuiLKlKUg_G97NoTrfCY,1001833,1010913,9080
AmySerrano_UCa8HaeL7RWSSXQuiLKlKUg_G97NoTrfCY_1011185_1012753.wav,AmySerrano_UCa8HaeL7RWSSXQuiLKlKUg_G97NoTrfCY,1011185,1012753,1568
AmySerrano_UCa8HaeL7RWSSXQuiLKlKUg_G97NoTrfCY_1013225_1018873.wav,AmySerrano_UCa8HaeL7RWSSXQuiLKlKUg_G97NoTrfCY,1013225,1018873,5648
AmySerrano_UCa8HaeL7RWSSXQuiLKlKUg_G97NoTrfCY_1019865_1019985.wav,AmySerrano_UCa8HaeL7RWSSXQuiLKlKUg_G97NoTrfCY,1019865,1019985,120
AmySerrano_UCa8HaeL7RWSSXQuiLKlKUg_G97NoTrfCY_1020857_1020993.wav,AmySerrano_UCa8HaeL7RWSSXQuiLKlKUg_G97NoTrfCY,1020857,1020993,136
AmySerrano_UCa8HaeL7RWSSXQuiLKlKUg_G97NoTrfCY_1021593_1021713.wav,AmySerrano_UCa8HaeL7RWSSXQuiLKlKUg_G97NoTrfCY,1021593,1021713,120
AmySerrano_UCa8HaeL7RWSSXQuiLKlKUg_G97NoTrfCY_1022669_1027465.wav,AmySerrano_UCa8HaeL7RWSSXQuiLKlKUg_G97NoTrfCY,1022669,1027465,4796
AmySerrano_UCa8HaeL7RWSSXQuiLKlKUg_G97NoTrfCY_1027785_1033901.wav,AmySerrano_UCa8HaeL7RWSSXQuiLKlKUg_G97NoTrfCY,1027785,1033901,6116
AmySerrano_UCa8HaeL7RWSSXQuiLKlKUg_G97NoTrfCY_1034101_1035657.wav,AmySerrano_UCa8HaeL7RWSSXQuiLKlKUg_G97NoTrfCY,1034101,1035657,1556
AmySerrano_UCa8HaeL7RWSSXQuiLKlKUg_G97NoTrfCY_1036353_1038409.wav,AmySerrano_UCa8HaeL7RWSSXQuiLKlKUg_G97NoTrfCY,1036353,1038409,2056
AmySerrano_UCa8HaeL7RWSSXQuiLKlKUg_G97NoTrfCY_1038609_1044353.wav,AmySerrano_UCa8HaeL7RWSSXQuiLKlKUg_G97NoTrfCY,1038609,1044353,5744
AmySerrano_UCa8HaeL7RWSSXQuiLKlKUg_G97NoTrfCY_1045721_1050419.wav,AmySerrano_UCa8HaeL7RWSSXQuiLKlKUg_G97NoTrfCY,1045721,1050419,4698
AmySerrano_UCa8HaeL7RWSSXQuiLKlKUg_G97NoTrfCY_1050683_1053612.wav,AmySerrano_UCa8HaeL7RWSSXQuiLKlKUg_G97NoTrfCY,1050683,1053612,2929
AmySerrano_UCa8HaeL7RWSSXQuiLKlKUg_G97NoTrfCY_1053948_1061853.wav,AmySerrano_UCa8HaeL7RWSSXQuiLKlKUg_G97NoTrfCY,1053948,1061853,7905
AmySerrano_UCa8HaeL7RWSSXQuiLKlKUg_G97NoTrfCY_1062181_1062729.wav,AmySerrano_UCa8HaeL7RWSSXQuiLKlKUg_G97NoTrfCY,1062181,1062729,548
AmySerrano_UCa8HaeL7RWSSXQuiLKlKUg_G97NoTrfCY_1063001_1070410.wav,AmySerrano_UCa8HaeL7RWSSXQuiLKlKUg_G97NoTrfCY,1063001,1070410,7409
AmySerrano_UCa8HaeL7RWSSXQuiLKlKUg_G97NoTrfCY_1070546_1074763.wav,AmySerrano_UCa8HaeL7RWSSXQuiLKlKUg_G97NoTrfCY,1070546,1074763,4217
AmySerrano_UCa8HaeL7RWSSXQuiLKlKUg_G97NoTrfCY_1075737_1079281.wav,AmySerrano_UCa8HaeL7RWSSXQuiLKlKUg_G97NoTrfCY,1075737,1079281,3544
AmySerrano_UCa8HaeL7RWSSXQuiLKlKUg_G97NoTrfCY_1079665_1083449.wav,AmySerrano_UCa8HaeL7RWSSXQuiLKlKUg_G97NoTrfCY,1079665,1083449,3784
AmySerrano_UCa8HaeL7RWSSXQuiLKlKUg_G97NoTrfCY_1083857_1084569.wav,AmySerrano_UCa8HaeL7RWSSXQuiLKlKUg_G97NoTrfCY,1083857,1084569,712
AmySerrano_UCa8HaeL7RWSSXQuiLKlKUg_G97NoTrfCY_1085929_1086065.wav,AmySerrano_UCa8HaeL7RWSSXQuiLKlKUg_G97NoTrfCY,1085929,1086065,136
AmySerrano_UCa8HaeL7RWSSXQuiLKlKUg_G97NoTrfCY_1086657_1092081.wav,AmySerrano_UCa8HaeL7RWSSXQuiLKlKUg_G97NoTrfCY,1086657,1092081,5424
AmySerrano_UCa8HaeL7RWSSXQuiLKlKUg_G97NoTrfCY_1092193_1098569.wav,AmySerrano_UCa8HaeL7RWSSXQuiLKlKUg_G97NoTrfCY,1092193,1098569,6376
AmySerrano_UCa8HaeL7RWSSXQuiLKlKUg_G97NoTrfCY_1098681_1103321.wav,AmySerrano_UCa8HaeL7RWSSXQuiLKlKUg_G97NoTrfCY,1098681,1103321,4640
AmySerrano_UCa8HaeL7RWSSXQuiLKlKUg_G97NoTrfCY_1103697_1104145.wav,AmySerrano_UCa8HaeL7RWSSXQuiLKlKUg_G97NoTrfCY,1103697,1104145,448
AmySerrano_UCa8HaeL7RWSSXQuiLKlKUg_G97NoTrfCY_1104417_1110321.wav,AmySerrano_UCa8HaeL7RWSSXQuiLKlKUg_G97NoTrfCY,1104417,1110321,5904
AmySerrano_UCa8HaeL7RWSSXQuiLKlKUg_G97NoTrfCY_1110817_1114641.wav,AmySerrano_UCa8HaeL7RWSSXQuiLKlKUg_G97NoTrfCY,1110817,1114641,3824
AmySerrano_UCa8HaeL7RWSSXQuiLKlKUg_G97NoTrfCY_1116353_1127817.wav,AmySerrano_UCa8HaeL7RWSSXQuiLKlKUg_G97NoTrfCY,1116353,1127817,11464
AmySerrano_UCa8HaeL7RWSSXQuiLKlKUg_G97NoTrfCY_1128529_1130009.wav,AmySerrano_UCa8HaeL7RWSSXQuiLKlKUg_G97NoTrfCY,1128529,1130009,1480
AmySerrano_UCa8HaeL7RWSSXQuiLKlKUg_G97NoTrfCY_1130865_1131017.wav,AmySerrano_UCa8HaeL7RWSSXQuiLKlKUg_G97NoTrfCY,1130865,1131017,152
AmySerrano_UCa8HaeL7RWSSXQuiLKlKUg_G97NoTrfCY_1137090_1138578.wav,AmySerrano_UCa8HaeL7RWSSXQuiLKlKUg_G97NoTrfCY,1137090,1138578,1488
AmySerrano_UCa8HaeL7RWSSXQuiLKlKUg_G97NoTrfCY_1139938_1142460.wav,AmySerrano_UCa8HaeL7RWSSXQuiLKlKUg_G97NoTrfCY,1139938,1142460,2522
AmySerrano_UCa8HaeL7RWSSXQuiLKlKUg_G97NoTrfCY_1142596_1147028.wav,AmySerrano_UCa8HaeL7RWSSXQuiLKlKUg_G97NoTrfCY,1142596,1147028,4432
AmySerrano_UCa8HaeL7RWSSXQuiLKlKUg_G97NoTrfCY_1147156_1151550.wav,AmySerrano_UCa8HaeL7RWSSXQuiLKlKUg_G97NoTrfCY,1147156,1151550,4394
AmySerrano_UCa8HaeL7RWSSXQuiLKlKUg_G97NoTrfCY_1152170_1153618.wav,AmySerrano_UCa8HaeL7RWSSXQuiLKlKUg_G97NoTrfCY,1152170,1153618,1448
AmySerrano_UCa8HaeL7RWSSXQuiLKlKUg_G97NoTrfCY_1153882_1154522.wav,AmySerrano_UCa8HaeL7RWSSXQuiLKlKUg_G97NoTrfCY,1153882,1154522,640
AmySerrano_UCa8HaeL7RWSSXQuiLKlKUg_G97NoTrfCY_1155194_1157834.wav,AmySerrano_UCa8HaeL7RWSSXQuiLKlKUg_G97NoTrfCY,1155194,1157834,2640
AmySerrano_UCa8HaeL7RWSSXQuiLKlKUg_G97NoTrfCY_1158258_1159083.wav,AmySerrano_UCa8HaeL7RWSSXQuiLKlKUg_G97NoTrfCY,1158258,1159083,825
AmySerrano_UCa8HaeL7RWSSXQuiLKlKUg_G97NoTrfCY_1159291_1160203.wav,AmySerrano_UCa8HaeL7RWSSXQuiLKlKUg_G97NoTrfCY,1159291,1160203,912
AmySerrano_UCa8HaeL7RWSSXQuiLKlKUg_G97NoTrfCY_1160475_1170211.wav,AmySerrano_UCa8HaeL7RWSSXQuiLKlKUg_G97NoTrfCY,1160475,1170211,9736
AmySerrano_UCa8HaeL7RWSSXQuiLKlKUg_G97NoTrfCY_1170675_1176187.wav,AmySerrano_UCa8HaeL7RWSSXQuiLKlKUg_G97NoTrfCY,1170675,1176187,5512
AmySerrano_UCa8HaeL7RWSSXQuiLKlKUg_G97NoTrfCY_1176323_1179764.wav,AmySerrano_UCa8HaeL7RWSSXQuiLKlKUg_G97NoTrfCY,1176323,1179764,3441
AmySerrano_UCa8HaeL7RWSSXQuiLKlKUg_G97NoTrfCY_1180124_1183134.wav,AmySerrano_UCa8HaeL7RWSSXQuiLKlKUg_G97NoTrfCY,1180124,1183134,3010
AmySerrano_UCa8HaeL7RWSSXQuiLKlKUg_G97NoTrfCY_1183462_1187823.wav,AmySerrano_UCa8HaeL7RWSSXQuiLKlKUg_G97NoTrfCY,1183462,1187823,4361
AmySerrano_UCa8HaeL7RWSSXQuiLKlKUg_G97NoTrfCY_1187951_1196000.wav,AmySerrano_UCa8HaeL7RWSSXQuiLKlKUg_G97NoTrfCY,1187951,1196000,8049
AmySerrano_UCa8HaeL7RWSSXQuiLKlKUg_G97NoTrfCY_1196152_1203650.wav,AmySerrano_UCa8HaeL7RWSSXQuiLKlKUg_G97NoTrfCY,1196152,1203650,7498
AmySerrano_UCa8HaeL7RWSSXQuiLKlKUg_G97NoTrfCY_1203978_1214346.wav,AmySerrano_UCa8HaeL7RWSSXQuiLKlKUg_G97NoTrfCY,1203978,1214346,10368
AmySerrano_UCa8HaeL7RWSSXQuiLKlKUg_G97NoTrfCY_1214482_1219034.wav,AmySerrano_UCa8HaeL7RWSSXQuiLKlKUg_G97NoTrfCY,1214482,1219034,4552
AmySerrano_UCa8HaeL7RWSSXQuiLKlKUg_G97NoTrfCY_1219274_1224666.wav,AmySerrano_UCa8HaeL7RWSSXQuiLKlKUg_G97NoTrfCY,1219274,1224666,5392
AmySerrano_UCa8HaeL7RWSSXQuiLKlKUg_G97NoTrfCY_1224850_1225810.wav,AmySerrano_UCa8HaeL7RWSSXQuiLKlKUg_G97NoTrfCY,1224850,1225810,960
AmySerrano_UCa8HaeL7RWSSXQuiLKlKUg_G97NoTrfCY_1226002_1232818.wav,AmySerrano_UCa8HaeL7RWSSXQuiLKlKUg_G97NoTrfCY,1226002,1232818,6816
AmySerrano_UCa8HaeL7RWSSXQuiLKlKUg_G97NoTrfCY_1232898_1237762.wav,AmySerrano_UCa8HaeL7RWSSXQuiLKlKUg_G97NoTrfCY,1232898,1237762,4864
AmySerrano_UCa8HaeL7RWSSXQuiLKlKUg_G97NoTrfCY_1237850_1241226.wav,AmySerrano_UCa8HaeL7RWSSXQuiLKlKUg_G97NoTrfCY,1237850,1241226,3376
AmySerrano_UCa8HaeL7RWSSXQuiLKlKUg_G97NoTrfCY_1241330_1254594.wav,AmySerrano_UCa8HaeL7RWSSXQuiLKlKUg_G97NoTrfCY,1241330,1254594,13264
AmySerrano_UCa8HaeL7RWSSXQuiLKlKUg_G97NoTrfCY_1254866_1262698.wav,AmySerrano_UCa8HaeL7RWSSXQuiLKlKUg_G97NoTrfCY,1254866,1262698,7832
AmySerrano_UCa8HaeL7RWSSXQuiLKlKUg_G97NoTrfCY_1262890_1267498.wav,AmySerrano_UCa8HaeL7RWSSXQuiLKlKUg_G97NoTrfCY,1262890,1267498,4608
AmySerrano_UCa8HaeL7RWSSXQuiLKlKUg_G97NoTrfCY_1267634_1273370.wav,AmySerrano_UCa8HaeL7RWSSXQuiLKlKUg_G97NoTrfCY,1267634,1273370,5736
AmySerrano_UCa8HaeL7RWSSXQuiLKlKUg_G97NoTrfCY_1273538_1276922.wav,AmySerrano_UCa8HaeL7RWSSXQuiLKlKUg_G97NoTrfCY,1273538,1276922,3384
AmySerrano_UCa8HaeL7RWSSXQuiLKlKUg_G97NoTrfCY_1277234_1283482.wav,AmySerrano_UCa8HaeL7RWSSXQuiLKlKUg_G97NoTrfCY,1277234,1283482,6248
