filename,video_id,start_time,end_time,duration
lynfinities_UC3kr27h12M8WPS0B4Z4tn6w_pKIUEg3MKfE_0_4088.wav,lynfinities_UC3kr27h12M8WPS0B4Z4tn6w_pKIUEg3MKfE,0,4088,4088
lynfinities_UC3kr27h12M8WPS0B4Z4tn6w_pKIUEg3MKfE_4400_10081.wav,lynfinities_UC3kr27h12M8WPS0B4Z4tn6w_pKIUEg3MKfE,4400,10081,5681
lynfinities_UC3kr27h12M8WPS0B4Z4tn6w_pKIUEg3MKfE_10225_17489.wav,lynfinities_UC3kr27h12M8WPS0B4Z4tn6w_pKIUEg3MKfE,10225,17489,7264
lynfinities_UC3kr27h12M8WPS0B4Z4tn6w_pKIUEg3MKfE_17625_19794.wav,lynfinities_UC3kr27h12M8WPS0B4Z4tn6w_pKIUEg3MKfE,17625,19794,2169
lynfinities_UC3kr27h12M8WPS0B4Z4tn6w_pKIUEg3MKfE_19978_22204.wav,lynfinities_UC3kr27h12M8WPS0B4Z4tn6w_pKIUEg3MKfE,19978,22204,2226
lynfinities_UC3kr27h12M8WPS0B4Z4tn6w_pKIUEg3MKfE_22404_29388.wav,lynfinities_UC3kr27h12M8WPS0B4Z4tn6w_pKIUEg3MKfE,22404,29388,6984
lynfinities_UC3kr27h12M8WPS0B4Z4tn6w_pKIUEg3MKfE_29588_33748.wav,lynfinities_UC3kr27h12M8WPS0B4Z4tn6w_pKIUEg3MKfE,29588,33748,4160
lynfinities_UC3kr27h12M8WPS0B4Z4tn6w_pKIUEg3MKfE_33908_38668.wav,lynfinities_UC3kr27h12M8WPS0B4Z4tn6w_pKIUEg3MKfE,33908,38668,4760
lynfinities_UC3kr27h12M8WPS0B4Z4tn6w_pKIUEg3MKfE_38836_52856.wav,lynfinities_UC3kr27h12M8WPS0B4Z4tn6w_pKIUEg3MKfE,38836,52856,14020
lynfinities_UC3kr27h12M8WPS0B4Z4tn6w_pKIUEg3MKfE_53416_54136.wav,lynfinities_UC3kr27h12M8WPS0B4Z4tn6w_pKIUEg3MKfE,53416,54136,720
lynfinities_UC3kr27h12M8WPS0B4Z4tn6w_pKIUEg3MKfE_54248_61120.wav,lynfinities_UC3kr27h12M8WPS0B4Z4tn6w_pKIUEg3MKfE,54248,61120,6872
lynfinities_UC3kr27h12M8WPS0B4Z4tn6w_pKIUEg3MKfE_61224_61880.wav,lynfinities_UC3kr27h12M8WPS0B4Z4tn6w_pKIUEg3MKfE,61224,61880,656
lynfinities_UC3kr27h12M8WPS0B4Z4tn6w_pKIUEg3MKfE_61984_68600.wav,lynfinities_UC3kr27h12M8WPS0B4Z4tn6w_pKIUEg3MKfE,61984,68600,6616
lynfinities_UC3kr27h12M8WPS0B4Z4tn6w_pKIUEg3MKfE_68704_69280.wav,lynfinities_UC3kr27h12M8WPS0B4Z4tn6w_pKIUEg3MKfE,68704,69280,576
lynfinities_UC3kr27h12M8WPS0B4Z4tn6w_pKIUEg3MKfE_69584_84480.wav,lynfinities_UC3kr27h12M8WPS0B4Z4tn6w_pKIUEg3MKfE,69584,84480,14896
lynfinities_UC3kr27h12M8WPS0B4Z4tn6w_pKIUEg3MKfE_84760_85160.wav,lynfinities_UC3kr27h12M8WPS0B4Z4tn6w_pKIUEg3MKfE,84760,85160,400
lynfinities_UC3kr27h12M8WPS0B4Z4tn6w_pKIUEg3MKfE_85480_85880.wav,lynfinities_UC3kr27h12M8WPS0B4Z4tn6w_pKIUEg3MKfE,85480,85880,400
lynfinities_UC3kr27h12M8WPS0B4Z4tn6w_pKIUEg3MKfE_86144_86688.wav,lynfinities_UC3kr27h12M8WPS0B4Z4tn6w_pKIUEg3MKfE,86144,86688,544
lynfinities_UC3kr27h12M8WPS0B4Z4tn6w_pKIUEg3MKfE_86944_97473.wav,lynfinities_UC3kr27h12M8WPS0B4Z4tn6w_pKIUEg3MKfE,86944,97473,10529
lynfinities_UC3kr27h12M8WPS0B4Z4tn6w_pKIUEg3MKfE_97721_105442.wav,lynfinities_UC3kr27h12M8WPS0B4Z4tn6w_pKIUEg3MKfE,97721,105442,7721
lynfinities_UC3kr27h12M8WPS0B4Z4tn6w_pKIUEg3MKfE_105658_112410.wav,lynfinities_UC3kr27h12M8WPS0B4Z4tn6w_pKIUEg3MKfE,105658,112410,6752
lynfinities_UC3kr27h12M8WPS0B4Z4tn6w_pKIUEg3MKfE_112610_123883.wav,lynfinities_UC3kr27h12M8WPS0B4Z4tn6w_pKIUEg3MKfE,112610,123883,11273
lynfinities_UC3kr27h12M8WPS0B4Z4tn6w_pKIUEg3MKfE_123995_125899.wav,lynfinities_UC3kr27h12M8WPS0B4Z4tn6w_pKIUEg3MKfE,123995,125899,1904
lynfinities_UC3kr27h12M8WPS0B4Z4tn6w_pKIUEg3MKfE_126003_127700.wav,lynfinities_UC3kr27h12M8WPS0B4Z4tn6w_pKIUEg3MKfE,126003,127700,1697
lynfinities_UC3kr27h12M8WPS0B4Z4tn6w_pKIUEg3MKfE_127900_130100.wav,lynfinities_UC3kr27h12M8WPS0B4Z4tn6w_pKIUEg3MKfE,127900,130100,2200
lynfinities_UC3kr27h12M8WPS0B4Z4tn6w_pKIUEg3MKfE_130212_139556.wav,lynfinities_UC3kr27h12M8WPS0B4Z4tn6w_pKIUEg3MKfE,130212,139556,9344
lynfinities_UC3kr27h12M8WPS0B4Z4tn6w_pKIUEg3MKfE_139660_145420.wav,lynfinities_UC3kr27h12M8WPS0B4Z4tn6w_pKIUEg3MKfE,139660,145420,5760
lynfinities_UC3kr27h12M8WPS0B4Z4tn6w_pKIUEg3MKfE_145524_146700.wav,lynfinities_UC3kr27h12M8WPS0B4Z4tn6w_pKIUEg3MKfE,145524,146700,1176
lynfinities_UC3kr27h12M8WPS0B4Z4tn6w_pKIUEg3MKfE_146812_147196.wav,lynfinities_UC3kr27h12M8WPS0B4Z4tn6w_pKIUEg3MKfE,146812,147196,384
lynfinities_UC3kr27h12M8WPS0B4Z4tn6w_pKIUEg3MKfE_147428_147949.wav,lynfinities_UC3kr27h12M8WPS0B4Z4tn6w_pKIUEg3MKfE,147428,147949,521
lynfinities_UC3kr27h12M8WPS0B4Z4tn6w_pKIUEg3MKfE_148229_156054.wav,lynfinities_UC3kr27h12M8WPS0B4Z4tn6w_pKIUEg3MKfE,148229,156054,7825
lynfinities_UC3kr27h12M8WPS0B4Z4tn6w_pKIUEg3MKfE_156222_168910.wav,lynfinities_UC3kr27h12M8WPS0B4Z4tn6w_pKIUEg3MKfE,156222,168910,12688
lynfinities_UC3kr27h12M8WPS0B4Z4tn6w_pKIUEg3MKfE_169078_176398.wav,lynfinities_UC3kr27h12M8WPS0B4Z4tn6w_pKIUEg3MKfE,169078,176398,7320
lynfinities_UC3kr27h12M8WPS0B4Z4tn6w_pKIUEg3MKfE_176566_182647.wav,lynfinities_UC3kr27h12M8WPS0B4Z4tn6w_pKIUEg3MKfE,176566,182647,6081
lynfinities_UC3kr27h12M8WPS0B4Z4tn6w_pKIUEg3MKfE_182839_187456.wav,lynfinities_UC3kr27h12M8WPS0B4Z4tn6w_pKIUEg3MKfE,182839,187456,4617
lynfinities_UC3kr27h12M8WPS0B4Z4tn6w_pKIUEg3MKfE_187824_190640.wav,lynfinities_UC3kr27h12M8WPS0B4Z4tn6w_pKIUEg3MKfE,187824,190640,2816
lynfinities_UC3kr27h12M8WPS0B4Z4tn6w_pKIUEg3MKfE_190792_194760.wav,lynfinities_UC3kr27h12M8WPS0B4Z4tn6w_pKIUEg3MKfE,190792,194760,3968
lynfinities_UC3kr27h12M8WPS0B4Z4tn6w_pKIUEg3MKfE_194848_199192.wav,lynfinities_UC3kr27h12M8WPS0B4Z4tn6w_pKIUEg3MKfE,194848,199192,4344
lynfinities_UC3kr27h12M8WPS0B4Z4tn6w_pKIUEg3MKfE_199280_212672.wav,lynfinities_UC3kr27h12M8WPS0B4Z4tn6w_pKIUEg3MKfE,199280,212672,13392
lynfinities_UC3kr27h12M8WPS0B4Z4tn6w_pKIUEg3MKfE_212768_213336.wav,lynfinities_UC3kr27h12M8WPS0B4Z4tn6w_pKIUEg3MKfE,212768,213336,568
lynfinities_UC3kr27h12M8WPS0B4Z4tn6w_pKIUEg3MKfE_213424_217632.wav,lynfinities_UC3kr27h12M8WPS0B4Z4tn6w_pKIUEg3MKfE,213424,217632,4208
lynfinities_UC3kr27h12M8WPS0B4Z4tn6w_pKIUEg3MKfE_217728_222648.wav,lynfinities_UC3kr27h12M8WPS0B4Z4tn6w_pKIUEg3MKfE,217728,222648,4920
lynfinities_UC3kr27h12M8WPS0B4Z4tn6w_pKIUEg3MKfE_222776_222928.wav,lynfinities_UC3kr27h12M8WPS0B4Z4tn6w_pKIUEg3MKfE,222776,222928,152
lynfinities_UC3kr27h12M8WPS0B4Z4tn6w_pKIUEg3MKfE_223112_228216.wav,lynfinities_UC3kr27h12M8WPS0B4Z4tn6w_pKIUEg3MKfE,223112,228216,5104
lynfinities_UC3kr27h12M8WPS0B4Z4tn6w_pKIUEg3MKfE_228480_236400.wav,lynfinities_UC3kr27h12M8WPS0B4Z4tn6w_pKIUEg3MKfE,228480,236400,7920
lynfinities_UC3kr27h12M8WPS0B4Z4tn6w_pKIUEg3MKfE_236560_239712.wav,lynfinities_UC3kr27h12M8WPS0B4Z4tn6w_pKIUEg3MKfE,236560,239712,3152
lynfinities_UC3kr27h12M8WPS0B4Z4tn6w_pKIUEg3MKfE_239864_240920.wav,lynfinities_UC3kr27h12M8WPS0B4Z4tn6w_pKIUEg3MKfE,239864,240920,1056
lynfinities_UC3kr27h12M8WPS0B4Z4tn6w_pKIUEg3MKfE_241208_241576.wav,lynfinities_UC3kr27h12M8WPS0B4Z4tn6w_pKIUEg3MKfE,241208,241576,368
lynfinities_UC3kr27h12M8WPS0B4Z4tn6w_pKIUEg3MKfE_242360_244448.wav,lynfinities_UC3kr27h12M8WPS0B4Z4tn6w_pKIUEg3MKfE,242360,244448,2088
lynfinities_UC3kr27h12M8WPS0B4Z4tn6w_pKIUEg3MKfE_244968_246940.wav,lynfinities_UC3kr27h12M8WPS0B4Z4tn6w_pKIUEg3MKfE,244968,246940,1972
lynfinities_UC3kr27h12M8WPS0B4Z4tn6w_pKIUEg3MKfE_247068_254310.wav,lynfinities_UC3kr27h12M8WPS0B4Z4tn6w_pKIUEg3MKfE,247068,254310,7242
lynfinities_UC3kr27h12M8WPS0B4Z4tn6w_pKIUEg3MKfE_254414_256070.wav,lynfinities_UC3kr27h12M8WPS0B4Z4tn6w_pKIUEg3MKfE,254414,256070,1656
lynfinities_UC3kr27h12M8WPS0B4Z4tn6w_pKIUEg3MKfE_256174_271070.wav,lynfinities_UC3kr27h12M8WPS0B4Z4tn6w_pKIUEg3MKfE,256174,271070,14896
lynfinities_UC3kr27h12M8WPS0B4Z4tn6w_pKIUEg3MKfE_271182_272496.wav,lynfinities_UC3kr27h12M8WPS0B4Z4tn6w_pKIUEg3MKfE,271182,272496,1314
lynfinities_UC3kr27h12M8WPS0B4Z4tn6w_pKIUEg3MKfE_272760_285600.wav,lynfinities_UC3kr27h12M8WPS0B4Z4tn6w_pKIUEg3MKfE,272760,285600,12840
lynfinities_UC3kr27h12M8WPS0B4Z4tn6w_pKIUEg3MKfE_285992_289460.wav,lynfinities_UC3kr27h12M8WPS0B4Z4tn6w_pKIUEg3MKfE,285992,289460,3468
lynfinities_UC3kr27h12M8WPS0B4Z4tn6w_pKIUEg3MKfE_289620_298950.wav,lynfinities_UC3kr27h12M8WPS0B4Z4tn6w_pKIUEg3MKfE,289620,298950,9330
lynfinities_UC3kr27h12M8WPS0B4Z4tn6w_pKIUEg3MKfE_299046_302686.wav,lynfinities_UC3kr27h12M8WPS0B4Z4tn6w_pKIUEg3MKfE,299046,302686,3640
lynfinities_UC3kr27h12M8WPS0B4Z4tn6w_pKIUEg3MKfE_302774_305486.wav,lynfinities_UC3kr27h12M8WPS0B4Z4tn6w_pKIUEg3MKfE,302774,305486,2712
lynfinities_UC3kr27h12M8WPS0B4Z4tn6w_pKIUEg3MKfE_305582_307504.wav,lynfinities_UC3kr27h12M8WPS0B4Z4tn6w_pKIUEg3MKfE,305582,307504,1922
lynfinities_UC3kr27h12M8WPS0B4Z4tn6w_pKIUEg3MKfE_307816_314120.wav,lynfinities_UC3kr27h12M8WPS0B4Z4tn6w_pKIUEg3MKfE,307816,314120,6304
lynfinities_UC3kr27h12M8WPS0B4Z4tn6w_pKIUEg3MKfE_314432_327048.wav,lynfinities_UC3kr27h12M8WPS0B4Z4tn6w_pKIUEg3MKfE,314432,327048,12616
lynfinities_UC3kr27h12M8WPS0B4Z4tn6w_pKIUEg3MKfE_327232_330200.wav,lynfinities_UC3kr27h12M8WPS0B4Z4tn6w_pKIUEg3MKfE,327232,330200,2968
lynfinities_UC3kr27h12M8WPS0B4Z4tn6w_pKIUEg3MKfE_330456_333080.wav,lynfinities_UC3kr27h12M8WPS0B4Z4tn6w_pKIUEg3MKfE,330456,333080,2624
lynfinities_UC3kr27h12M8WPS0B4Z4tn6w_pKIUEg3MKfE_333248_334936.wav,lynfinities_UC3kr27h12M8WPS0B4Z4tn6w_pKIUEg3MKfE,333248,334936,1688
lynfinities_UC3kr27h12M8WPS0B4Z4tn6w_pKIUEg3MKfE_335064_343920.wav,lynfinities_UC3kr27h12M8WPS0B4Z4tn6w_pKIUEg3MKfE,335064,343920,8856
lynfinities_UC3kr27h12M8WPS0B4Z4tn6w_pKIUEg3MKfE_344232_353280.wav,lynfinities_UC3kr27h12M8WPS0B4Z4tn6w_pKIUEg3MKfE,344232,353280,9048
lynfinities_UC3kr27h12M8WPS0B4Z4tn6w_pKIUEg3MKfE_353504_358720.wav,lynfinities_UC3kr27h12M8WPS0B4Z4tn6w_pKIUEg3MKfE,353504,358720,5216
lynfinities_UC3kr27h12M8WPS0B4Z4tn6w_pKIUEg3MKfE_358944_359624.wav,lynfinities_UC3kr27h12M8WPS0B4Z4tn6w_pKIUEg3MKfE,358944,359624,680
lynfinities_UC3kr27h12M8WPS0B4Z4tn6w_pKIUEg3MKfE_359928_366252.wav,lynfinities_UC3kr27h12M8WPS0B4Z4tn6w_pKIUEg3MKfE,359928,366252,6324
lynfinities_UC3kr27h12M8WPS0B4Z4tn6w_pKIUEg3MKfE_366388_371544.wav,lynfinities_UC3kr27h12M8WPS0B4Z4tn6w_pKIUEg3MKfE,366388,371544,5156
lynfinities_UC3kr27h12M8WPS0B4Z4tn6w_pKIUEg3MKfE_372304_374600.wav,lynfinities_UC3kr27h12M8WPS0B4Z4tn6w_pKIUEg3MKfE,372304,374600,2296
lynfinities_UC3kr27h12M8WPS0B4Z4tn6w_pKIUEg3MKfE_375176_381928.wav,lynfinities_UC3kr27h12M8WPS0B4Z4tn6w_pKIUEg3MKfE,375176,381928,6752
lynfinities_UC3kr27h12M8WPS0B4Z4tn6w_pKIUEg3MKfE_382096_383648.wav,lynfinities_UC3kr27h12M8WPS0B4Z4tn6w_pKIUEg3MKfE,382096,383648,1552
lynfinities_UC3kr27h12M8WPS0B4Z4tn6w_pKIUEg3MKfE_384024_386272.wav,lynfinities_UC3kr27h12M8WPS0B4Z4tn6w_pKIUEg3MKfE,384024,386272,2248
lynfinities_UC3kr27h12M8WPS0B4Z4tn6w_pKIUEg3MKfE_386536_392464.wav,lynfinities_UC3kr27h12M8WPS0B4Z4tn6w_pKIUEg3MKfE,386536,392464,5928
lynfinities_UC3kr27h12M8WPS0B4Z4tn6w_pKIUEg3MKfE_392592_399328.wav,lynfinities_UC3kr27h12M8WPS0B4Z4tn6w_pKIUEg3MKfE,392592,399328,6736
lynfinities_UC3kr27h12M8WPS0B4Z4tn6w_pKIUEg3MKfE_399632_402560.wav,lynfinities_UC3kr27h12M8WPS0B4Z4tn6w_pKIUEg3MKfE,399632,402560,2928
lynfinities_UC3kr27h12M8WPS0B4Z4tn6w_pKIUEg3MKfE_402984_405736.wav,lynfinities_UC3kr27h12M8WPS0B4Z4tn6w_pKIUEg3MKfE,402984,405736,2752
lynfinities_UC3kr27h12M8WPS0B4Z4tn6w_pKIUEg3MKfE_406256_412616.wav,lynfinities_UC3kr27h12M8WPS0B4Z4tn6w_pKIUEg3MKfE,406256,412616,6360
lynfinities_UC3kr27h12M8WPS0B4Z4tn6w_pKIUEg3MKfE_412912_413152.wav,lynfinities_UC3kr27h12M8WPS0B4Z4tn6w_pKIUEg3MKfE,412912,413152,240
lynfinities_UC3kr27h12M8WPS0B4Z4tn6w_pKIUEg3MKfE_413256_414608.wav,lynfinities_UC3kr27h12M8WPS0B4Z4tn6w_pKIUEg3MKfE,413256,414608,1352
lynfinities_UC3kr27h12M8WPS0B4Z4tn6w_pKIUEg3MKfE_414720_429440.wav,lynfinities_UC3kr27h12M8WPS0B4Z4tn6w_pKIUEg3MKfE,414720,429440,14720
lynfinities_UC3kr27h12M8WPS0B4Z4tn6w_pKIUEg3MKfE_429968_434604.wav,lynfinities_UC3kr27h12M8WPS0B4Z4tn6w_pKIUEg3MKfE,429968,434604,4636
lynfinities_UC3kr27h12M8WPS0B4Z4tn6w_pKIUEg3MKfE_434820_438120.wav,lynfinities_UC3kr27h12M8WPS0B4Z4tn6w_pKIUEg3MKfE,434820,438120,3300
lynfinities_UC3kr27h12M8WPS0B4Z4tn6w_pKIUEg3MKfE_438416_447000.wav,lynfinities_UC3kr27h12M8WPS0B4Z4tn6w_pKIUEg3MKfE,438416,447000,8584
lynfinities_UC3kr27h12M8WPS0B4Z4tn6w_pKIUEg3MKfE_447232_451456.wav,lynfinities_UC3kr27h12M8WPS0B4Z4tn6w_pKIUEg3MKfE,447232,451456,4224
lynfinities_UC3kr27h12M8WPS0B4Z4tn6w_pKIUEg3MKfE_451688_459762.wav,lynfinities_UC3kr27h12M8WPS0B4Z4tn6w_pKIUEg3MKfE,451688,459762,8074
lynfinities_UC3kr27h12M8WPS0B4Z4tn6w_pKIUEg3MKfE_459914_462652.wav,lynfinities_UC3kr27h12M8WPS0B4Z4tn6w_pKIUEg3MKfE,459914,462652,2738
lynfinities_UC3kr27h12M8WPS0B4Z4tn6w_pKIUEg3MKfE_462812_464680.wav,lynfinities_UC3kr27h12M8WPS0B4Z4tn6w_pKIUEg3MKfE,462812,464680,1868
lynfinities_UC3kr27h12M8WPS0B4Z4tn6w_pKIUEg3MKfE_464832_469568.wav,lynfinities_UC3kr27h12M8WPS0B4Z4tn6w_pKIUEg3MKfE,464832,469568,4736
lynfinities_UC3kr27h12M8WPS0B4Z4tn6w_pKIUEg3MKfE_469824_478616.wav,lynfinities_UC3kr27h12M8WPS0B4Z4tn6w_pKIUEg3MKfE,469824,478616,8792
lynfinities_UC3kr27h12M8WPS0B4Z4tn6w_pKIUEg3MKfE_478808_490112.wav,lynfinities_UC3kr27h12M8WPS0B4Z4tn6w_pKIUEg3MKfE,478808,490112,11304
lynfinities_UC3kr27h12M8WPS0B4Z4tn6w_pKIUEg3MKfE_490400_492456.wav,lynfinities_UC3kr27h12M8WPS0B4Z4tn6w_pKIUEg3MKfE,490400,492456,2056
lynfinities_UC3kr27h12M8WPS0B4Z4tn6w_pKIUEg3MKfE_492816_493992.wav,lynfinities_UC3kr27h12M8WPS0B4Z4tn6w_pKIUEg3MKfE,492816,493992,1176
lynfinities_UC3kr27h12M8WPS0B4Z4tn6w_pKIUEg3MKfE_494264_498164.wav,lynfinities_UC3kr27h12M8WPS0B4Z4tn6w_pKIUEg3MKfE,494264,498164,3900
lynfinities_UC3kr27h12M8WPS0B4Z4tn6w_pKIUEg3MKfE_498292_504612.wav,lynfinities_UC3kr27h12M8WPS0B4Z4tn6w_pKIUEg3MKfE,498292,504612,6320
lynfinities_UC3kr27h12M8WPS0B4Z4tn6w_pKIUEg3MKfE_504740_509918.wav,lynfinities_UC3kr27h12M8WPS0B4Z4tn6w_pKIUEg3MKfE,504740,509918,5178
lynfinities_UC3kr27h12M8WPS0B4Z4tn6w_pKIUEg3MKfE_510054_516288.wav,lynfinities_UC3kr27h12M8WPS0B4Z4tn6w_pKIUEg3MKfE,510054,516288,6234
lynfinities_UC3kr27h12M8WPS0B4Z4tn6w_pKIUEg3MKfE_516432_524832.wav,lynfinities_UC3kr27h12M8WPS0B4Z4tn6w_pKIUEg3MKfE,516432,524832,8400
lynfinities_UC3kr27h12M8WPS0B4Z4tn6w_pKIUEg3MKfE_524960_529216.wav,lynfinities_UC3kr27h12M8WPS0B4Z4tn6w_pKIUEg3MKfE,524960,529216,4256
lynfinities_UC3kr27h12M8WPS0B4Z4tn6w_pKIUEg3MKfE_529400_530472.wav,lynfinities_UC3kr27h12M8WPS0B4Z4tn6w_pKIUEg3MKfE,529400,530472,1072
lynfinities_UC3kr27h12M8WPS0B4Z4tn6w_pKIUEg3MKfE_530640_531929.wav,lynfinities_UC3kr27h12M8WPS0B4Z4tn6w_pKIUEg3MKfE,530640,531929,1289
lynfinities_UC3kr27h12M8WPS0B4Z4tn6w_pKIUEg3MKfE_532057_534153.wav,lynfinities_UC3kr27h12M8WPS0B4Z4tn6w_pKIUEg3MKfE,532057,534153,2096
lynfinities_UC3kr27h12M8WPS0B4Z4tn6w_pKIUEg3MKfE_534393_543738.wav,lynfinities_UC3kr27h12M8WPS0B4Z4tn6w_pKIUEg3MKfE,534393,543738,9345
lynfinities_UC3kr27h12M8WPS0B4Z4tn6w_pKIUEg3MKfE_543866_549972.wav,lynfinities_UC3kr27h12M8WPS0B4Z4tn6w_pKIUEg3MKfE,543866,549972,6106
lynfinities_UC3kr27h12M8WPS0B4Z4tn6w_pKIUEg3MKfE_550132_552480.wav,lynfinities_UC3kr27h12M8WPS0B4Z4tn6w_pKIUEg3MKfE,550132,552480,2348
lynfinities_UC3kr27h12M8WPS0B4Z4tn6w_pKIUEg3MKfE_552616_555816.wav,lynfinities_UC3kr27h12M8WPS0B4Z4tn6w_pKIUEg3MKfE,552616,555816,3200
lynfinities_UC3kr27h12M8WPS0B4Z4tn6w_pKIUEg3MKfE_555960_560836.wav,lynfinities_UC3kr27h12M8WPS0B4Z4tn6w_pKIUEg3MKfE,555960,560836,4876
lynfinities_UC3kr27h12M8WPS0B4Z4tn6w_pKIUEg3MKfE_561068_565672.wav,lynfinities_UC3kr27h12M8WPS0B4Z4tn6w_pKIUEg3MKfE,561068,565672,4604
lynfinities_UC3kr27h12M8WPS0B4Z4tn6w_pKIUEg3MKfE_565928_567800.wav,lynfinities_UC3kr27h12M8WPS0B4Z4tn6w_pKIUEg3MKfE,565928,567800,1872
lynfinities_UC3kr27h12M8WPS0B4Z4tn6w_pKIUEg3MKfE_568192_568808.wav,lynfinities_UC3kr27h12M8WPS0B4Z4tn6w_pKIUEg3MKfE,568192,568808,616
lynfinities_UC3kr27h12M8WPS0B4Z4tn6w_pKIUEg3MKfE_569112_571020.wav,lynfinities_UC3kr27h12M8WPS0B4Z4tn6w_pKIUEg3MKfE,569112,571020,1908
lynfinities_UC3kr27h12M8WPS0B4Z4tn6w_pKIUEg3MKfE_571156_577014.wav,lynfinities_UC3kr27h12M8WPS0B4Z4tn6w_pKIUEg3MKfE,571156,577014,5858
lynfinities_UC3kr27h12M8WPS0B4Z4tn6w_pKIUEg3MKfE_577150_582096.wav,lynfinities_UC3kr27h12M8WPS0B4Z4tn6w_pKIUEg3MKfE,577150,582096,4946
lynfinities_UC3kr27h12M8WPS0B4Z4tn6w_pKIUEg3MKfE_582472_586284.wav,lynfinities_UC3kr27h12M8WPS0B4Z4tn6w_pKIUEg3MKfE,582472,586284,3812
lynfinities_UC3kr27h12M8WPS0B4Z4tn6w_pKIUEg3MKfE_586404_597704.wav,lynfinities_UC3kr27h12M8WPS0B4Z4tn6w_pKIUEg3MKfE,586404,597704,11300
lynfinities_UC3kr27h12M8WPS0B4Z4tn6w_pKIUEg3MKfE_598016_599672.wav,lynfinities_UC3kr27h12M8WPS0B4Z4tn6w_pKIUEg3MKfE,598016,599672,1656
lynfinities_UC3kr27h12M8WPS0B4Z4tn6w_pKIUEg3MKfE_599800_606528.wav,lynfinities_UC3kr27h12M8WPS0B4Z4tn6w_pKIUEg3MKfE,599800,606528,6728
lynfinities_UC3kr27h12M8WPS0B4Z4tn6w_pKIUEg3MKfE_606664_614956.wav,lynfinities_UC3kr27h12M8WPS0B4Z4tn6w_pKIUEg3MKfE,606664,614956,8292
lynfinities_UC3kr27h12M8WPS0B4Z4tn6w_pKIUEg3MKfE_615068_625496.wav,lynfinities_UC3kr27h12M8WPS0B4Z4tn6w_pKIUEg3MKfE,615068,625496,10428
lynfinities_UC3kr27h12M8WPS0B4Z4tn6w_pKIUEg3MKfE_625624_626056.wav,lynfinities_UC3kr27h12M8WPS0B4Z4tn6w_pKIUEg3MKfE,625624,626056,432
lynfinities_UC3kr27h12M8WPS0B4Z4tn6w_pKIUEg3MKfE_626200_628080.wav,lynfinities_UC3kr27h12M8WPS0B4Z4tn6w_pKIUEg3MKfE,626200,628080,1880
lynfinities_UC3kr27h12M8WPS0B4Z4tn6w_pKIUEg3MKfE_628216_629080.wav,lynfinities_UC3kr27h12M8WPS0B4Z4tn6w_pKIUEg3MKfE,628216,629080,864
lynfinities_UC3kr27h12M8WPS0B4Z4tn6w_pKIUEg3MKfE_629256_636040.wav,lynfinities_UC3kr27h12M8WPS0B4Z4tn6w_pKIUEg3MKfE,629256,636040,6784
lynfinities_UC3kr27h12M8WPS0B4Z4tn6w_pKIUEg3MKfE_636296_644424.wav,lynfinities_UC3kr27h12M8WPS0B4Z4tn6w_pKIUEg3MKfE,636296,644424,8128
lynfinities_UC3kr27h12M8WPS0B4Z4tn6w_pKIUEg3MKfE_644600_646176.wav,lynfinities_UC3kr27h12M8WPS0B4Z4tn6w_pKIUEg3MKfE,644600,646176,1576
lynfinities_UC3kr27h12M8WPS0B4Z4tn6w_pKIUEg3MKfE_646696_647272.wav,lynfinities_UC3kr27h12M8WPS0B4Z4tn6w_pKIUEg3MKfE,646696,647272,576
lynfinities_UC3kr27h12M8WPS0B4Z4tn6w_pKIUEg3MKfE_647424_654136.wav,lynfinities_UC3kr27h12M8WPS0B4Z4tn6w_pKIUEg3MKfE,647424,654136,6712
lynfinities_UC3kr27h12M8WPS0B4Z4tn6w_pKIUEg3MKfE_654248_663680.wav,lynfinities_UC3kr27h12M8WPS0B4Z4tn6w_pKIUEg3MKfE,654248,663680,9432
lynfinities_UC3kr27h12M8WPS0B4Z4tn6w_pKIUEg3MKfE_663816_665040.wav,lynfinities_UC3kr27h12M8WPS0B4Z4tn6w_pKIUEg3MKfE,663816,665040,1224
lynfinities_UC3kr27h12M8WPS0B4Z4tn6w_pKIUEg3MKfE_665272_668104.wav,lynfinities_UC3kr27h12M8WPS0B4Z4tn6w_pKIUEg3MKfE,665272,668104,2832
lynfinities_UC3kr27h12M8WPS0B4Z4tn6w_pKIUEg3MKfE_668832_681328.wav,lynfinities_UC3kr27h12M8WPS0B4Z4tn6w_pKIUEg3MKfE,668832,681328,12496
lynfinities_UC3kr27h12M8WPS0B4Z4tn6w_pKIUEg3MKfE_681640_688880.wav,lynfinities_UC3kr27h12M8WPS0B4Z4tn6w_pKIUEg3MKfE,681640,688880,7240
lynfinities_UC3kr27h12M8WPS0B4Z4tn6w_pKIUEg3MKfE_689536_699192.wav,lynfinities_UC3kr27h12M8WPS0B4Z4tn6w_pKIUEg3MKfE,689536,699192,9656
lynfinities_UC3kr27h12M8WPS0B4Z4tn6w_pKIUEg3MKfE_699344_705048.wav,lynfinities_UC3kr27h12M8WPS0B4Z4tn6w_pKIUEg3MKfE,699344,705048,5704
lynfinities_UC3kr27h12M8WPS0B4Z4tn6w_pKIUEg3MKfE_705248_710680.wav,lynfinities_UC3kr27h12M8WPS0B4Z4tn6w_pKIUEg3MKfE,705248,710680,5432
lynfinities_UC3kr27h12M8WPS0B4Z4tn6w_pKIUEg3MKfE_710960_717432.wav,lynfinities_UC3kr27h12M8WPS0B4Z4tn6w_pKIUEg3MKfE,710960,717432,6472
lynfinities_UC3kr27h12M8WPS0B4Z4tn6w_pKIUEg3MKfE_717600_718664.wav,lynfinities_UC3kr27h12M8WPS0B4Z4tn6w_pKIUEg3MKfE,717600,718664,1064
lynfinities_UC3kr27h12M8WPS0B4Z4tn6w_pKIUEg3MKfE_718832_721880.wav,lynfinities_UC3kr27h12M8WPS0B4Z4tn6w_pKIUEg3MKfE,718832,721880,3048
lynfinities_UC3kr27h12M8WPS0B4Z4tn6w_pKIUEg3MKfE_722008_722472.wav,lynfinities_UC3kr27h12M8WPS0B4Z4tn6w_pKIUEg3MKfE,722008,722472,464
lynfinities_UC3kr27h12M8WPS0B4Z4tn6w_pKIUEg3MKfE_722600_726360.wav,lynfinities_UC3kr27h12M8WPS0B4Z4tn6w_pKIUEg3MKfE,722600,726360,3760
lynfinities_UC3kr27h12M8WPS0B4Z4tn6w_pKIUEg3MKfE_726512_728088.wav,lynfinities_UC3kr27h12M8WPS0B4Z4tn6w_pKIUEg3MKfE,726512,728088,1576
lynfinities_UC3kr27h12M8WPS0B4Z4tn6w_pKIUEg3MKfE_728232_738388.wav,lynfinities_UC3kr27h12M8WPS0B4Z4tn6w_pKIUEg3MKfE,728232,738388,10156
lynfinities_UC3kr27h12M8WPS0B4Z4tn6w_pKIUEg3MKfE_738492_744432.wav,lynfinities_UC3kr27h12M8WPS0B4Z4tn6w_pKIUEg3MKfE,738492,744432,5940
lynfinities_UC3kr27h12M8WPS0B4Z4tn6w_pKIUEg3MKfE_744552_749048.wav,lynfinities_UC3kr27h12M8WPS0B4Z4tn6w_pKIUEg3MKfE,744552,749048,4496
lynfinities_UC3kr27h12M8WPS0B4Z4tn6w_pKIUEg3MKfE_749176_750336.wav,lynfinities_UC3kr27h12M8WPS0B4Z4tn6w_pKIUEg3MKfE,749176,750336,1160
lynfinities_UC3kr27h12M8WPS0B4Z4tn6w_pKIUEg3MKfE_750584_754000.wav,lynfinities_UC3kr27h12M8WPS0B4Z4tn6w_pKIUEg3MKfE,750584,754000,3416
lynfinities_UC3kr27h12M8WPS0B4Z4tn6w_pKIUEg3MKfE_754184_757888.wav,lynfinities_UC3kr27h12M8WPS0B4Z4tn6w_pKIUEg3MKfE,754184,757888,3704
lynfinities_UC3kr27h12M8WPS0B4Z4tn6w_pKIUEg3MKfE_758040_762552.wav,lynfinities_UC3kr27h12M8WPS0B4Z4tn6w_pKIUEg3MKfE,758040,762552,4512
lynfinities_UC3kr27h12M8WPS0B4Z4tn6w_pKIUEg3MKfE_762752_771628.wav,lynfinities_UC3kr27h12M8WPS0B4Z4tn6w_pKIUEg3MKfE,762752,771628,8876
lynfinities_UC3kr27h12M8WPS0B4Z4tn6w_pKIUEg3MKfE_771836_774664.wav,lynfinities_UC3kr27h12M8WPS0B4Z4tn6w_pKIUEg3MKfE,771836,774664,2828
lynfinities_UC3kr27h12M8WPS0B4Z4tn6w_pKIUEg3MKfE_774816_776064.wav,lynfinities_UC3kr27h12M8WPS0B4Z4tn6w_pKIUEg3MKfE,774816,776064,1248
lynfinities_UC3kr27h12M8WPS0B4Z4tn6w_pKIUEg3MKfE_776352_780344.wav,lynfinities_UC3kr27h12M8WPS0B4Z4tn6w_pKIUEg3MKfE,776352,780344,3992
lynfinities_UC3kr27h12M8WPS0B4Z4tn6w_pKIUEg3MKfE_780560_783952.wav,lynfinities_UC3kr27h12M8WPS0B4Z4tn6w_pKIUEg3MKfE,780560,783952,3392
lynfinities_UC3kr27h12M8WPS0B4Z4tn6w_pKIUEg3MKfE_784560_788064.wav,lynfinities_UC3kr27h12M8WPS0B4Z4tn6w_pKIUEg3MKfE,784560,788064,3504
lynfinities_UC3kr27h12M8WPS0B4Z4tn6w_pKIUEg3MKfE_788176_798552.wav,lynfinities_UC3kr27h12M8WPS0B4Z4tn6w_pKIUEg3MKfE,788176,798552,10376
lynfinities_UC3kr27h12M8WPS0B4Z4tn6w_pKIUEg3MKfE_798656_802408.wav,lynfinities_UC3kr27h12M8WPS0B4Z4tn6w_pKIUEg3MKfE,798656,802408,3752
lynfinities_UC3kr27h12M8WPS0B4Z4tn6w_pKIUEg3MKfE_802792_817320.wav,lynfinities_UC3kr27h12M8WPS0B4Z4tn6w_pKIUEg3MKfE,802792,817320,14528
lynfinities_UC3kr27h12M8WPS0B4Z4tn6w_pKIUEg3MKfE_817440_823640.wav,lynfinities_UC3kr27h12M8WPS0B4Z4tn6w_pKIUEg3MKfE,817440,823640,6200
lynfinities_UC3kr27h12M8WPS0B4Z4tn6w_pKIUEg3MKfE_823760_824608.wav,lynfinities_UC3kr27h12M8WPS0B4Z4tn6w_pKIUEg3MKfE,823760,824608,848
lynfinities_UC3kr27h12M8WPS0B4Z4tn6w_pKIUEg3MKfE_825008_828432.wav,lynfinities_UC3kr27h12M8WPS0B4Z4tn6w_pKIUEg3MKfE,825008,828432,3424
lynfinities_UC3kr27h12M8WPS0B4Z4tn6w_pKIUEg3MKfE_828832_832200.wav,lynfinities_UC3kr27h12M8WPS0B4Z4tn6w_pKIUEg3MKfE,828832,832200,3368
lynfinities_UC3kr27h12M8WPS0B4Z4tn6w_pKIUEg3MKfE_832880_840560.wav,lynfinities_UC3kr27h12M8WPS0B4Z4tn6w_pKIUEg3MKfE,832880,840560,7680
lynfinities_UC3kr27h12M8WPS0B4Z4tn6w_pKIUEg3MKfE_840936_845632.wav,lynfinities_UC3kr27h12M8WPS0B4Z4tn6w_pKIUEg3MKfE,840936,845632,4696
lynfinities_UC3kr27h12M8WPS0B4Z4tn6w_pKIUEg3MKfE_845776_852912.wav,lynfinities_UC3kr27h12M8WPS0B4Z4tn6w_pKIUEg3MKfE,845776,852912,7136
lynfinities_UC3kr27h12M8WPS0B4Z4tn6w_pKIUEg3MKfE_853096_856928.wav,lynfinities_UC3kr27h12M8WPS0B4Z4tn6w_pKIUEg3MKfE,853096,856928,3832
lynfinities_UC3kr27h12M8WPS0B4Z4tn6w_pKIUEg3MKfE_857064_862672.wav,lynfinities_UC3kr27h12M8WPS0B4Z4tn6w_pKIUEg3MKfE,857064,862672,5608
lynfinities_UC3kr27h12M8WPS0B4Z4tn6w_pKIUEg3MKfE_862784_871088.wav,lynfinities_UC3kr27h12M8WPS0B4Z4tn6w_pKIUEg3MKfE,862784,871088,8304
lynfinities_UC3kr27h12M8WPS0B4Z4tn6w_pKIUEg3MKfE_871192_876432.wav,lynfinities_UC3kr27h12M8WPS0B4Z4tn6w_pKIUEg3MKfE,871192,876432,5240
lynfinities_UC3kr27h12M8WPS0B4Z4tn6w_pKIUEg3MKfE_876552_876728.wav,lynfinities_UC3kr27h12M8WPS0B4Z4tn6w_pKIUEg3MKfE,876552,876728,176
lynfinities_UC3kr27h12M8WPS0B4Z4tn6w_pKIUEg3MKfE_876840_882720.wav,lynfinities_UC3kr27h12M8WPS0B4Z4tn6w_pKIUEg3MKfE,876840,882720,5880
lynfinities_UC3kr27h12M8WPS0B4Z4tn6w_pKIUEg3MKfE_883024_885176.wav,lynfinities_UC3kr27h12M8WPS0B4Z4tn6w_pKIUEg3MKfE,883024,885176,2152
lynfinities_UC3kr27h12M8WPS0B4Z4tn6w_pKIUEg3MKfE_885272_896424.wav,lynfinities_UC3kr27h12M8WPS0B4Z4tn6w_pKIUEg3MKfE,885272,896424,11152
lynfinities_UC3kr27h12M8WPS0B4Z4tn6w_pKIUEg3MKfE_896504_902384.wav,lynfinities_UC3kr27h12M8WPS0B4Z4tn6w_pKIUEg3MKfE,896504,902384,5880
lynfinities_UC3kr27h12M8WPS0B4Z4tn6w_pKIUEg3MKfE_902672_905808.wav,lynfinities_UC3kr27h12M8WPS0B4Z4tn6w_pKIUEg3MKfE,902672,905808,3136
lynfinities_UC3kr27h12M8WPS0B4Z4tn6w_pKIUEg3MKfE_906120_910400.wav,lynfinities_UC3kr27h12M8WPS0B4Z4tn6w_pKIUEg3MKfE,906120,910400,4280
lynfinities_UC3kr27h12M8WPS0B4Z4tn6w_pKIUEg3MKfE_910848_920636.wav,lynfinities_UC3kr27h12M8WPS0B4Z4tn6w_pKIUEg3MKfE,910848,920636,9788
lynfinities_UC3kr27h12M8WPS0B4Z4tn6w_pKIUEg3MKfE_920820_929984.wav,lynfinities_UC3kr27h12M8WPS0B4Z4tn6w_pKIUEg3MKfE,920820,929984,9164
lynfinities_UC3kr27h12M8WPS0B4Z4tn6w_pKIUEg3MKfE_930600_943226.wav,lynfinities_UC3kr27h12M8WPS0B4Z4tn6w_pKIUEg3MKfE,930600,943226,12626
lynfinities_UC3kr27h12M8WPS0B4Z4tn6w_pKIUEg3MKfE_943346_947891.wav,lynfinities_UC3kr27h12M8WPS0B4Z4tn6w_pKIUEg3MKfE,943346,947891,4545
lynfinities_UC3kr27h12M8WPS0B4Z4tn6w_pKIUEg3MKfE_947987_948627.wav,lynfinities_UC3kr27h12M8WPS0B4Z4tn6w_pKIUEg3MKfE,947987,948627,640
lynfinities_UC3kr27h12M8WPS0B4Z4tn6w_pKIUEg3MKfE_948707_953227.wav,lynfinities_UC3kr27h12M8WPS0B4Z4tn6w_pKIUEg3MKfE,948707,953227,4520
lynfinities_UC3kr27h12M8WPS0B4Z4tn6w_pKIUEg3MKfE_953315_958764.wav,lynfinities_UC3kr27h12M8WPS0B4Z4tn6w_pKIUEg3MKfE,953315,958764,5449
lynfinities_UC3kr27h12M8WPS0B4Z4tn6w_pKIUEg3MKfE_958988_960224.wav,lynfinities_UC3kr27h12M8WPS0B4Z4tn6w_pKIUEg3MKfE,958988,960224,1236
lynfinities_UC3kr27h12M8WPS0B4Z4tn6w_pKIUEg3MKfE_960528_969884.wav,lynfinities_UC3kr27h12M8WPS0B4Z4tn6w_pKIUEg3MKfE,960528,969884,9356
lynfinities_UC3kr27h12M8WPS0B4Z4tn6w_pKIUEg3MKfE_970028_974366.wav,lynfinities_UC3kr27h12M8WPS0B4Z4tn6w_pKIUEg3MKfE,970028,974366,4338
lynfinities_UC3kr27h12M8WPS0B4Z4tn6w_pKIUEg3MKfE_974470_977182.wav,lynfinities_UC3kr27h12M8WPS0B4Z4tn6w_pKIUEg3MKfE,974470,977182,2712
lynfinities_UC3kr27h12M8WPS0B4Z4tn6w_pKIUEg3MKfE_977294_985982.wav,lynfinities_UC3kr27h12M8WPS0B4Z4tn6w_pKIUEg3MKfE,977294,985982,8688
lynfinities_UC3kr27h12M8WPS0B4Z4tn6w_pKIUEg3MKfE_986094_993672.wav,lynfinities_UC3kr27h12M8WPS0B4Z4tn6w_pKIUEg3MKfE,986094,993672,7578
lynfinities_UC3kr27h12M8WPS0B4Z4tn6w_pKIUEg3MKfE_993976_1000136.wav,lynfinities_UC3kr27h12M8WPS0B4Z4tn6w_pKIUEg3MKfE,993976,1000136,6160
lynfinities_UC3kr27h12M8WPS0B4Z4tn6w_pKIUEg3MKfE_1000632_1000978.wav,lynfinities_UC3kr27h12M8WPS0B4Z4tn6w_pKIUEg3MKfE,1000632,1000978,346
lynfinities_UC3kr27h12M8WPS0B4Z4tn6w_pKIUEg3MKfE_1001234_1013998.wav,lynfinities_UC3kr27h12M8WPS0B4Z4tn6w_pKIUEg3MKfE,1001234,1013998,12764
lynfinities_UC3kr27h12M8WPS0B4Z4tn6w_pKIUEg3MKfE_1014230_1019298.wav,lynfinities_UC3kr27h12M8WPS0B4Z4tn6w_pKIUEg3MKfE,1014230,1019298,5068
lynfinities_UC3kr27h12M8WPS0B4Z4tn6w_pKIUEg3MKfE_1019722_1023091.wav,lynfinities_UC3kr27h12M8WPS0B4Z4tn6w_pKIUEg3MKfE,1019722,1023091,3369
lynfinities_UC3kr27h12M8WPS0B4Z4tn6w_pKIUEg3MKfE_1023219_1033419.wav,lynfinities_UC3kr27h12M8WPS0B4Z4tn6w_pKIUEg3MKfE,1023219,1033419,10200
lynfinities_UC3kr27h12M8WPS0B4Z4tn6w_pKIUEg3MKfE_1033555_1035099.wav,lynfinities_UC3kr27h12M8WPS0B4Z4tn6w_pKIUEg3MKfE,1033555,1035099,1544
lynfinities_UC3kr27h12M8WPS0B4Z4tn6w_pKIUEg3MKfE_1035203_1036235.wav,lynfinities_UC3kr27h12M8WPS0B4Z4tn6w_pKIUEg3MKfE,1035203,1036235,1032
lynfinities_UC3kr27h12M8WPS0B4Z4tn6w_pKIUEg3MKfE_1036347_1038251.wav,lynfinities_UC3kr27h12M8WPS0B4Z4tn6w_pKIUEg3MKfE,1036347,1038251,1904
lynfinities_UC3kr27h12M8WPS0B4Z4tn6w_pKIUEg3MKfE_1038363_1043315.wav,lynfinities_UC3kr27h12M8WPS0B4Z4tn6w_pKIUEg3MKfE,1038363,1043315,4952
lynfinities_UC3kr27h12M8WPS0B4Z4tn6w_pKIUEg3MKfE_1043427_1047180.wav,lynfinities_UC3kr27h12M8WPS0B4Z4tn6w_pKIUEg3MKfE,1043427,1047180,3753
lynfinities_UC3kr27h12M8WPS0B4Z4tn6w_pKIUEg3MKfE_1047268_1047372.wav,lynfinities_UC3kr27h12M8WPS0B4Z4tn6w_pKIUEg3MKfE,1047268,1047372,104
lynfinities_UC3kr27h12M8WPS0B4Z4tn6w_pKIUEg3MKfE_1047452_1056052.wav,lynfinities_UC3kr27h12M8WPS0B4Z4tn6w_pKIUEg3MKfE,1047452,1056052,8600
lynfinities_UC3kr27h12M8WPS0B4Z4tn6w_pKIUEg3MKfE_1056148_1060652.wav,lynfinities_UC3kr27h12M8WPS0B4Z4tn6w_pKIUEg3MKfE,1056148,1060652,4504
lynfinities_UC3kr27h12M8WPS0B4Z4tn6w_pKIUEg3MKfE_1060812_1068328.wav,lynfinities_UC3kr27h12M8WPS0B4Z4tn6w_pKIUEg3MKfE,1060812,1068328,7516
lynfinities_UC3kr27h12M8WPS0B4Z4tn6w_pKIUEg3MKfE_1068408_1074040.wav,lynfinities_UC3kr27h12M8WPS0B4Z4tn6w_pKIUEg3MKfE,1068408,1074040,5632
lynfinities_UC3kr27h12M8WPS0B4Z4tn6w_pKIUEg3MKfE_1074120_1077756.wav,lynfinities_UC3kr27h12M8WPS0B4Z4tn6w_pKIUEg3MKfE,1074120,1077756,3636
lynfinities_UC3kr27h12M8WPS0B4Z4tn6w_pKIUEg3MKfE_1077956_1080176.wav,lynfinities_UC3kr27h12M8WPS0B4Z4tn6w_pKIUEg3MKfE,1077956,1080176,2220
lynfinities_UC3kr27h12M8WPS0B4Z4tn6w_pKIUEg3MKfE_1080448_1087448.wav,lynfinities_UC3kr27h12M8WPS0B4Z4tn6w_pKIUEg3MKfE,1080448,1087448,7000
lynfinities_UC3kr27h12M8WPS0B4Z4tn6w_pKIUEg3MKfE_1087712_1088080.wav,lynfinities_UC3kr27h12M8WPS0B4Z4tn6w_pKIUEg3MKfE,1087712,1088080,368
lynfinities_UC3kr27h12M8WPS0B4Z4tn6w_pKIUEg3MKfE_1088680_1092464.wav,lynfinities_UC3kr27h12M8WPS0B4Z4tn6w_pKIUEg3MKfE,1088680,1092464,3784
lynfinities_UC3kr27h12M8WPS0B4Z4tn6w_pKIUEg3MKfE_1092800_1097400.wav,lynfinities_UC3kr27h12M8WPS0B4Z4tn6w_pKIUEg3MKfE,1092800,1097400,4600
lynfinities_UC3kr27h12M8WPS0B4Z4tn6w_pKIUEg3MKfE_1097792_1103160.wav,lynfinities_UC3kr27h12M8WPS0B4Z4tn6w_pKIUEg3MKfE,1097792,1103160,5368
lynfinities_UC3kr27h12M8WPS0B4Z4tn6w_pKIUEg3MKfE_1103472_1104056.wav,lynfinities_UC3kr27h12M8WPS0B4Z4tn6w_pKIUEg3MKfE,1103472,1104056,584
lynfinities_UC3kr27h12M8WPS0B4Z4tn6w_pKIUEg3MKfE_1104376_1109360.wav,lynfinities_UC3kr27h12M8WPS0B4Z4tn6w_pKIUEg3MKfE,1104376,1109360,4984
lynfinities_UC3kr27h12M8WPS0B4Z4tn6w_pKIUEg3MKfE_1109640_1116152.wav,lynfinities_UC3kr27h12M8WPS0B4Z4tn6w_pKIUEg3MKfE,1109640,1116152,6512
lynfinities_UC3kr27h12M8WPS0B4Z4tn6w_pKIUEg3MKfE_1116440_1119050.wav,lynfinities_UC3kr27h12M8WPS0B4Z4tn6w_pKIUEg3MKfE,1116440,1119050,2610
lynfinities_UC3kr27h12M8WPS0B4Z4tn6w_pKIUEg3MKfE_1119370_1123980.wav,lynfinities_UC3kr27h12M8WPS0B4Z4tn6w_pKIUEg3MKfE,1119370,1123980,4610
lynfinities_UC3kr27h12M8WPS0B4Z4tn6w_pKIUEg3MKfE_1124140_1134512.wav,lynfinities_UC3kr27h12M8WPS0B4Z4tn6w_pKIUEg3MKfE,1124140,1134512,10372
lynfinities_UC3kr27h12M8WPS0B4Z4tn6w_pKIUEg3MKfE_1134928_1135664.wav,lynfinities_UC3kr27h12M8WPS0B4Z4tn6w_pKIUEg3MKfE,1134928,1135664,736
