filename,video_id,start_time,end_time,duration
lynfinities_UC3kr27h12M8WPS0B4Z4tn6w_pKIUEg3MKfE_0_4088.wav,lynfinities_UC3kr27h12M8WPS0B4Z4tn6w_pKIUEg3MKfE,0,4088,4088
lynfinities_UC3kr27h12M8WPS0B4Z4tn6w_pKIUEg3MKfE_4400_10050.wav,lynfinities_UC3kr27h12M8WPS0B4Z4tn6w_pKIUEg3MKfE,4400,10050,5650
lynfinities_UC3kr27h12M8WPS0B4Z4tn6w_pKIUEg3MKfE_10482_17322.wav,lynfinities_UC3kr27h12M8WPS0B4Z4tn6w_pKIUEg3MKfE,10482,17322,6840
lynfinities_UC3kr27h12M8WPS0B4Z4tn6w_pKIUEg3MKfE_17626_17970.wav,lynfinities_UC3kr27h12M8WPS0B4Z4tn6w_pKIUEg3MKfE,17626,17970,344
lynfinities_UC3kr27h12M8WPS0B4Z4tn6w_pKIUEg3MKfE_18330_21930.wav,lynfinities_UC3kr27h12M8WPS0B4Z4tn6w_pKIUEg3MKfE,18330,21930,3600
lynfinities_UC3kr27h12M8WPS0B4Z4tn6w_pKIUEg3MKfE_22404_29380.wav,lynfinities_UC3kr27h12M8WPS0B4Z4tn6w_pKIUEg3MKfE,22404,29380,6976
lynfinities_UC3kr27h12M8WPS0B4Z4tn6w_pKIUEg3MKfE_29604_33748.wav,lynfinities_UC3kr27h12M8WPS0B4Z4tn6w_pKIUEg3MKfE,29604,33748,4144
lynfinities_UC3kr27h12M8WPS0B4Z4tn6w_pKIUEg3MKfE_33908_38668.wav,lynfinities_UC3kr27h12M8WPS0B4Z4tn6w_pKIUEg3MKfE,33908,38668,4760
lynfinities_UC3kr27h12M8WPS0B4Z4tn6w_pKIUEg3MKfE_38836_40469.wav,lynfinities_UC3kr27h12M8WPS0B4Z4tn6w_pKIUEg3MKfE,38836,40469,1633
lynfinities_UC3kr27h12M8WPS0B4Z4tn6w_pKIUEg3MKfE_40797_46301.wav,lynfinities_UC3kr27h12M8WPS0B4Z4tn6w_pKIUEg3MKfE,40797,46301,5504
lynfinities_UC3kr27h12M8WPS0B4Z4tn6w_pKIUEg3MKfE_46597_50606.wav,lynfinities_UC3kr27h12M8WPS0B4Z4tn6w_pKIUEg3MKfE,46597,50606,4009
lynfinities_UC3kr27h12M8WPS0B4Z4tn6w_pKIUEg3MKfE_51046_52856.wav,lynfinities_UC3kr27h12M8WPS0B4Z4tn6w_pKIUEg3MKfE,51046,52856,1810
lynfinities_UC3kr27h12M8WPS0B4Z4tn6w_pKIUEg3MKfE_53416_54136.wav,lynfinities_UC3kr27h12M8WPS0B4Z4tn6w_pKIUEg3MKfE,53416,54136,720
lynfinities_UC3kr27h12M8WPS0B4Z4tn6w_pKIUEg3MKfE_54248_61120.wav,lynfinities_UC3kr27h12M8WPS0B4Z4tn6w_pKIUEg3MKfE,54248,61120,6872
lynfinities_UC3kr27h12M8WPS0B4Z4tn6w_pKIUEg3MKfE_61224_61880.wav,lynfinities_UC3kr27h12M8WPS0B4Z4tn6w_pKIUEg3MKfE,61224,61880,656
lynfinities_UC3kr27h12M8WPS0B4Z4tn6w_pKIUEg3MKfE_61984_68600.wav,lynfinities_UC3kr27h12M8WPS0B4Z4tn6w_pKIUEg3MKfE,61984,68600,6616
lynfinities_UC3kr27h12M8WPS0B4Z4tn6w_pKIUEg3MKfE_68704_69280.wav,lynfinities_UC3kr27h12M8WPS0B4Z4tn6w_pKIUEg3MKfE,68704,69280,576
lynfinities_UC3kr27h12M8WPS0B4Z4tn6w_pKIUEg3MKfE_69584_71176.wav,lynfinities_UC3kr27h12M8WPS0B4Z4tn6w_pKIUEg3MKfE,69584,71176,1592
lynfinities_UC3kr27h12M8WPS0B4Z4tn6w_pKIUEg3MKfE_71552_73568.wav,lynfinities_UC3kr27h12M8WPS0B4Z4tn6w_pKIUEg3MKfE,71552,73568,2016
lynfinities_UC3kr27h12M8WPS0B4Z4tn6w_pKIUEg3MKfE_73784_82680.wav,lynfinities_UC3kr27h12M8WPS0B4Z4tn6w_pKIUEg3MKfE,73784,82680,8896
lynfinities_UC3kr27h12M8WPS0B4Z4tn6w_pKIUEg3MKfE_82904_84480.wav,lynfinities_UC3kr27h12M8WPS0B4Z4tn6w_pKIUEg3MKfE,82904,84480,1576
lynfinities_UC3kr27h12M8WPS0B4Z4tn6w_pKIUEg3MKfE_84760_85160.wav,lynfinities_UC3kr27h12M8WPS0B4Z4tn6w_pKIUEg3MKfE,84760,85160,400
lynfinities_UC3kr27h12M8WPS0B4Z4tn6w_pKIUEg3MKfE_85480_85880.wav,lynfinities_UC3kr27h12M8WPS0B4Z4tn6w_pKIUEg3MKfE,85480,85880,400
lynfinities_UC3kr27h12M8WPS0B4Z4tn6w_pKIUEg3MKfE_86144_86688.wav,lynfinities_UC3kr27h12M8WPS0B4Z4tn6w_pKIUEg3MKfE,86144,86688,544
lynfinities_UC3kr27h12M8WPS0B4Z4tn6w_pKIUEg3MKfE_86944_96320.wav,lynfinities_UC3kr27h12M8WPS0B4Z4tn6w_pKIUEg3MKfE,86944,96320,9376
lynfinities_UC3kr27h12M8WPS0B4Z4tn6w_pKIUEg3MKfE_96688_97024.wav,lynfinities_UC3kr27h12M8WPS0B4Z4tn6w_pKIUEg3MKfE,96688,97024,336
lynfinities_UC3kr27h12M8WPS0B4Z4tn6w_pKIUEg3MKfE_97721_105442.wav,lynfinities_UC3kr27h12M8WPS0B4Z4tn6w_pKIUEg3MKfE,97721,105442,7721
lynfinities_UC3kr27h12M8WPS0B4Z4tn6w_pKIUEg3MKfE_105658_112410.wav,lynfinities_UC3kr27h12M8WPS0B4Z4tn6w_pKIUEg3MKfE,105658,112410,6752
lynfinities_UC3kr27h12M8WPS0B4Z4tn6w_pKIUEg3MKfE_112610_121506.wav,lynfinities_UC3kr27h12M8WPS0B4Z4tn6w_pKIUEg3MKfE,112610,121506,8896
lynfinities_UC3kr27h12M8WPS0B4Z4tn6w_pKIUEg3MKfE_121794_123779.wav,lynfinities_UC3kr27h12M8WPS0B4Z4tn6w_pKIUEg3MKfE,121794,123779,1985
lynfinities_UC3kr27h12M8WPS0B4Z4tn6w_pKIUEg3MKfE_123995_127700.wav,lynfinities_UC3kr27h12M8WPS0B4Z4tn6w_pKIUEg3MKfE,123995,127700,3705
lynfinities_UC3kr27h12M8WPS0B4Z4tn6w_pKIUEg3MKfE_127900_130100.wav,lynfinities_UC3kr27h12M8WPS0B4Z4tn6w_pKIUEg3MKfE,127900,130100,2200
lynfinities_UC3kr27h12M8WPS0B4Z4tn6w_pKIUEg3MKfE_130212_139556.wav,lynfinities_UC3kr27h12M8WPS0B4Z4tn6w_pKIUEg3MKfE,130212,139556,9344
lynfinities_UC3kr27h12M8WPS0B4Z4tn6w_pKIUEg3MKfE_139660_145420.wav,lynfinities_UC3kr27h12M8WPS0B4Z4tn6w_pKIUEg3MKfE,139660,145420,5760
lynfinities_UC3kr27h12M8WPS0B4Z4tn6w_pKIUEg3MKfE_145524_146700.wav,lynfinities_UC3kr27h12M8WPS0B4Z4tn6w_pKIUEg3MKfE,145524,146700,1176
lynfinities_UC3kr27h12M8WPS0B4Z4tn6w_pKIUEg3MKfE_146812_147196.wav,lynfinities_UC3kr27h12M8WPS0B4Z4tn6w_pKIUEg3MKfE,146812,147196,384
lynfinities_UC3kr27h12M8WPS0B4Z4tn6w_pKIUEg3MKfE_147428_156052.wav,lynfinities_UC3kr27h12M8WPS0B4Z4tn6w_pKIUEg3MKfE,147428,156052,8624
lynfinities_UC3kr27h12M8WPS0B4Z4tn6w_pKIUEg3MKfE_156220_156780.wav,lynfinities_UC3kr27h12M8WPS0B4Z4tn6w_pKIUEg3MKfE,156220,156780,560
lynfinities_UC3kr27h12M8WPS0B4Z4tn6w_pKIUEg3MKfE_156900_161372.wav,lynfinities_UC3kr27h12M8WPS0B4Z4tn6w_pKIUEg3MKfE,156900,161372,4472
lynfinities_UC3kr27h12M8WPS0B4Z4tn6w_pKIUEg3MKfE_161548_168908.wav,lynfinities_UC3kr27h12M8WPS0B4Z4tn6w_pKIUEg3MKfE,161548,168908,7360
lynfinities_UC3kr27h12M8WPS0B4Z4tn6w_pKIUEg3MKfE_169076_176396.wav,lynfinities_UC3kr27h12M8WPS0B4Z4tn6w_pKIUEg3MKfE,169076,176396,7320
lynfinities_UC3kr27h12M8WPS0B4Z4tn6w_pKIUEg3MKfE_176564_182646.wav,lynfinities_UC3kr27h12M8WPS0B4Z4tn6w_pKIUEg3MKfE,176564,182646,6082
lynfinities_UC3kr27h12M8WPS0B4Z4tn6w_pKIUEg3MKfE_182838_187456.wav,lynfinities_UC3kr27h12M8WPS0B4Z4tn6w_pKIUEg3MKfE,182838,187456,4618
lynfinities_UC3kr27h12M8WPS0B4Z4tn6w_pKIUEg3MKfE_187824_190648.wav,lynfinities_UC3kr27h12M8WPS0B4Z4tn6w_pKIUEg3MKfE,187824,190648,2824
lynfinities_UC3kr27h12M8WPS0B4Z4tn6w_pKIUEg3MKfE_190792_194468.wav,lynfinities_UC3kr27h12M8WPS0B4Z4tn6w_pKIUEg3MKfE,190792,194468,3676
lynfinities_UC3kr27h12M8WPS0B4Z4tn6w_pKIUEg3MKfE_194852_199172.wav,lynfinities_UC3kr27h12M8WPS0B4Z4tn6w_pKIUEg3MKfE,194852,199172,4320
lynfinities_UC3kr27h12M8WPS0B4Z4tn6w_pKIUEg3MKfE_199380_203590.wav,lynfinities_UC3kr27h12M8WPS0B4Z4tn6w_pKIUEg3MKfE,199380,203590,4210
lynfinities_UC3kr27h12M8WPS0B4Z4tn6w_pKIUEg3MKfE_203998_209944.wav,lynfinities_UC3kr27h12M8WPS0B4Z4tn6w_pKIUEg3MKfE,203998,209944,5946
lynfinities_UC3kr27h12M8WPS0B4Z4tn6w_pKIUEg3MKfE_210320_212428.wav,lynfinities_UC3kr27h12M8WPS0B4Z4tn6w_pKIUEg3MKfE,210320,212428,2108
lynfinities_UC3kr27h12M8WPS0B4Z4tn6w_pKIUEg3MKfE_212772_213264.wav,lynfinities_UC3kr27h12M8WPS0B4Z4tn6w_pKIUEg3MKfE,212772,213264,492
lynfinities_UC3kr27h12M8WPS0B4Z4tn6w_pKIUEg3MKfE_213504_222640.wav,lynfinities_UC3kr27h12M8WPS0B4Z4tn6w_pKIUEg3MKfE,213504,222640,9136
lynfinities_UC3kr27h12M8WPS0B4Z4tn6w_pKIUEg3MKfE_223112_228216.wav,lynfinities_UC3kr27h12M8WPS0B4Z4tn6w_pKIUEg3MKfE,223112,228216,5104
lynfinities_UC3kr27h12M8WPS0B4Z4tn6w_pKIUEg3MKfE_228480_236400.wav,lynfinities_UC3kr27h12M8WPS0B4Z4tn6w_pKIUEg3MKfE,228480,236400,7920
lynfinities_UC3kr27h12M8WPS0B4Z4tn6w_pKIUEg3MKfE_236560_239712.wav,lynfinities_UC3kr27h12M8WPS0B4Z4tn6w_pKIUEg3MKfE,236560,239712,3152
lynfinities_UC3kr27h12M8WPS0B4Z4tn6w_pKIUEg3MKfE_239864_240920.wav,lynfinities_UC3kr27h12M8WPS0B4Z4tn6w_pKIUEg3MKfE,239864,240920,1056
lynfinities_UC3kr27h12M8WPS0B4Z4tn6w_pKIUEg3MKfE_241208_241576.wav,lynfinities_UC3kr27h12M8WPS0B4Z4tn6w_pKIUEg3MKfE,241208,241576,368
lynfinities_UC3kr27h12M8WPS0B4Z4tn6w_pKIUEg3MKfE_242360_244448.wav,lynfinities_UC3kr27h12M8WPS0B4Z4tn6w_pKIUEg3MKfE,242360,244448,2088
lynfinities_UC3kr27h12M8WPS0B4Z4tn6w_pKIUEg3MKfE_244968_246940.wav,lynfinities_UC3kr27h12M8WPS0B4Z4tn6w_pKIUEg3MKfE,244968,246940,1972
lynfinities_UC3kr27h12M8WPS0B4Z4tn6w_pKIUEg3MKfE_247068_254308.wav,lynfinities_UC3kr27h12M8WPS0B4Z4tn6w_pKIUEg3MKfE,247068,254308,7240
lynfinities_UC3kr27h12M8WPS0B4Z4tn6w_pKIUEg3MKfE_254412_256068.wav,lynfinities_UC3kr27h12M8WPS0B4Z4tn6w_pKIUEg3MKfE,254412,256068,1656
lynfinities_UC3kr27h12M8WPS0B4Z4tn6w_pKIUEg3MKfE_256172_260262.wav,lynfinities_UC3kr27h12M8WPS0B4Z4tn6w_pKIUEg3MKfE,256172,260262,4090
lynfinities_UC3kr27h12M8WPS0B4Z4tn6w_pKIUEg3MKfE_260454_267374.wav,lynfinities_UC3kr27h12M8WPS0B4Z4tn6w_pKIUEg3MKfE,260454,267374,6920
lynfinities_UC3kr27h12M8WPS0B4Z4tn6w_pKIUEg3MKfE_267598_272496.wav,lynfinities_UC3kr27h12M8WPS0B4Z4tn6w_pKIUEg3MKfE,267598,272496,4898
lynfinities_UC3kr27h12M8WPS0B4Z4tn6w_pKIUEg3MKfE_272760_278984.wav,lynfinities_UC3kr27h12M8WPS0B4Z4tn6w_pKIUEg3MKfE,272760,278984,6224
lynfinities_UC3kr27h12M8WPS0B4Z4tn6w_pKIUEg3MKfE_279232_281704.wav,lynfinities_UC3kr27h12M8WPS0B4Z4tn6w_pKIUEg3MKfE,279232,281704,2472
lynfinities_UC3kr27h12M8WPS0B4Z4tn6w_pKIUEg3MKfE_282104_284616.wav,lynfinities_UC3kr27h12M8WPS0B4Z4tn6w_pKIUEg3MKfE,282104,284616,2512
lynfinities_UC3kr27h12M8WPS0B4Z4tn6w_pKIUEg3MKfE_284720_285600.wav,lynfinities_UC3kr27h12M8WPS0B4Z4tn6w_pKIUEg3MKfE,284720,285600,880
lynfinities_UC3kr27h12M8WPS0B4Z4tn6w_pKIUEg3MKfE_285992_287956.wav,lynfinities_UC3kr27h12M8WPS0B4Z4tn6w_pKIUEg3MKfE,285992,287956,1964
lynfinities_UC3kr27h12M8WPS0B4Z4tn6w_pKIUEg3MKfE_288076_288308.wav,lynfinities_UC3kr27h12M8WPS0B4Z4tn6w_pKIUEg3MKfE,288076,288308,232
lynfinities_UC3kr27h12M8WPS0B4Z4tn6w_pKIUEg3MKfE_288412_289460.wav,lynfinities_UC3kr27h12M8WPS0B4Z4tn6w_pKIUEg3MKfE,288412,289460,1048
lynfinities_UC3kr27h12M8WPS0B4Z4tn6w_pKIUEg3MKfE_289620_294166.wav,lynfinities_UC3kr27h12M8WPS0B4Z4tn6w_pKIUEg3MKfE,289620,294166,4546
lynfinities_UC3kr27h12M8WPS0B4Z4tn6w_pKIUEg3MKfE_294566_298838.wav,lynfinities_UC3kr27h12M8WPS0B4Z4tn6w_pKIUEg3MKfE,294566,298838,4272
lynfinities_UC3kr27h12M8WPS0B4Z4tn6w_pKIUEg3MKfE_299382_307504.wav,lynfinities_UC3kr27h12M8WPS0B4Z4tn6w_pKIUEg3MKfE,299382,307504,8122
lynfinities_UC3kr27h12M8WPS0B4Z4tn6w_pKIUEg3MKfE_307816_314120.wav,lynfinities_UC3kr27h12M8WPS0B4Z4tn6w_pKIUEg3MKfE,307816,314120,6304
lynfinities_UC3kr27h12M8WPS0B4Z4tn6w_pKIUEg3MKfE_314432_315968.wav,lynfinities_UC3kr27h12M8WPS0B4Z4tn6w_pKIUEg3MKfE,314432,315968,1536
lynfinities_UC3kr27h12M8WPS0B4Z4tn6w_pKIUEg3MKfE_316216_322752.wav,lynfinities_UC3kr27h12M8WPS0B4Z4tn6w_pKIUEg3MKfE,316216,322752,6536
lynfinities_UC3kr27h12M8WPS0B4Z4tn6w_pKIUEg3MKfE_322936_324160.wav,lynfinities_UC3kr27h12M8WPS0B4Z4tn6w_pKIUEg3MKfE,322936,324160,1224
lynfinities_UC3kr27h12M8WPS0B4Z4tn6w_pKIUEg3MKfE_324312_327048.wav,lynfinities_UC3kr27h12M8WPS0B4Z4tn6w_pKIUEg3MKfE,324312,327048,2736
lynfinities_UC3kr27h12M8WPS0B4Z4tn6w_pKIUEg3MKfE_327232_330200.wav,lynfinities_UC3kr27h12M8WPS0B4Z4tn6w_pKIUEg3MKfE,327232,330200,2968
lynfinities_UC3kr27h12M8WPS0B4Z4tn6w_pKIUEg3MKfE_330456_333084.wav,lynfinities_UC3kr27h12M8WPS0B4Z4tn6w_pKIUEg3MKfE,330456,333084,2628
lynfinities_UC3kr27h12M8WPS0B4Z4tn6w_pKIUEg3MKfE_333252_342622.wav,lynfinities_UC3kr27h12M8WPS0B4Z4tn6w_pKIUEg3MKfE,333252,342622,9370
lynfinities_UC3kr27h12M8WPS0B4Z4tn6w_pKIUEg3MKfE_343006_343902.wav,lynfinities_UC3kr27h12M8WPS0B4Z4tn6w_pKIUEg3MKfE,343006,343902,896
lynfinities_UC3kr27h12M8WPS0B4Z4tn6w_pKIUEg3MKfE_344232_353280.wav,lynfinities_UC3kr27h12M8WPS0B4Z4tn6w_pKIUEg3MKfE,344232,353280,9048
lynfinities_UC3kr27h12M8WPS0B4Z4tn6w_pKIUEg3MKfE_353504_357784.wav,lynfinities_UC3kr27h12M8WPS0B4Z4tn6w_pKIUEg3MKfE,353504,357784,4280
lynfinities_UC3kr27h12M8WPS0B4Z4tn6w_pKIUEg3MKfE_357936_358720.wav,lynfinities_UC3kr27h12M8WPS0B4Z4tn6w_pKIUEg3MKfE,357936,358720,784
lynfinities_UC3kr27h12M8WPS0B4Z4tn6w_pKIUEg3MKfE_358944_359624.wav,lynfinities_UC3kr27h12M8WPS0B4Z4tn6w_pKIUEg3MKfE,358944,359624,680
lynfinities_UC3kr27h12M8WPS0B4Z4tn6w_pKIUEg3MKfE_359928_366252.wav,lynfinities_UC3kr27h12M8WPS0B4Z4tn6w_pKIUEg3MKfE,359928,366252,6324
lynfinities_UC3kr27h12M8WPS0B4Z4tn6w_pKIUEg3MKfE_366388_371544.wav,lynfinities_UC3kr27h12M8WPS0B4Z4tn6w_pKIUEg3MKfE,366388,371544,5156
lynfinities_UC3kr27h12M8WPS0B4Z4tn6w_pKIUEg3MKfE_372304_374600.wav,lynfinities_UC3kr27h12M8WPS0B4Z4tn6w_pKIUEg3MKfE,372304,374600,2296
lynfinities_UC3kr27h12M8WPS0B4Z4tn6w_pKIUEg3MKfE_375176_383648.wav,lynfinities_UC3kr27h12M8WPS0B4Z4tn6w_pKIUEg3MKfE,375176,383648,8472
lynfinities_UC3kr27h12M8WPS0B4Z4tn6w_pKIUEg3MKfE_384024_386272.wav,lynfinities_UC3kr27h12M8WPS0B4Z4tn6w_pKIUEg3MKfE,384024,386272,2248
lynfinities_UC3kr27h12M8WPS0B4Z4tn6w_pKIUEg3MKfE_386536_392464.wav,lynfinities_UC3kr27h12M8WPS0B4Z4tn6w_pKIUEg3MKfE,386536,392464,5928
lynfinities_UC3kr27h12M8WPS0B4Z4tn6w_pKIUEg3MKfE_392592_399328.wav,lynfinities_UC3kr27h12M8WPS0B4Z4tn6w_pKIUEg3MKfE,392592,399328,6736
lynfinities_UC3kr27h12M8WPS0B4Z4tn6w_pKIUEg3MKfE_399632_402560.wav,lynfinities_UC3kr27h12M8WPS0B4Z4tn6w_pKIUEg3MKfE,399632,402560,2928
lynfinities_UC3kr27h12M8WPS0B4Z4tn6w_pKIUEg3MKfE_402984_405736.wav,lynfinities_UC3kr27h12M8WPS0B4Z4tn6w_pKIUEg3MKfE,402984,405736,2752
lynfinities_UC3kr27h12M8WPS0B4Z4tn6w_pKIUEg3MKfE_406256_412616.wav,lynfinities_UC3kr27h12M8WPS0B4Z4tn6w_pKIUEg3MKfE,406256,412616,6360
lynfinities_UC3kr27h12M8WPS0B4Z4tn6w_pKIUEg3MKfE_412912_413152.wav,lynfinities_UC3kr27h12M8WPS0B4Z4tn6w_pKIUEg3MKfE,412912,413152,240
lynfinities_UC3kr27h12M8WPS0B4Z4tn6w_pKIUEg3MKfE_413256_414608.wav,lynfinities_UC3kr27h12M8WPS0B4Z4tn6w_pKIUEg3MKfE,413256,414608,1352
lynfinities_UC3kr27h12M8WPS0B4Z4tn6w_pKIUEg3MKfE_414720_417432.wav,lynfinities_UC3kr27h12M8WPS0B4Z4tn6w_pKIUEg3MKfE,414720,417432,2712
lynfinities_UC3kr27h12M8WPS0B4Z4tn6w_pKIUEg3MKfE_417776_419488.wav,lynfinities_UC3kr27h12M8WPS0B4Z4tn6w_pKIUEg3MKfE,417776,419488,1712
lynfinities_UC3kr27h12M8WPS0B4Z4tn6w_pKIUEg3MKfE_419720_424760.wav,lynfinities_UC3kr27h12M8WPS0B4Z4tn6w_pKIUEg3MKfE,419720,424760,5040
lynfinities_UC3kr27h12M8WPS0B4Z4tn6w_pKIUEg3MKfE_425040_425576.wav,lynfinities_UC3kr27h12M8WPS0B4Z4tn6w_pKIUEg3MKfE,425040,425576,536
lynfinities_UC3kr27h12M8WPS0B4Z4tn6w_pKIUEg3MKfE_425792_425984.wav,lynfinities_UC3kr27h12M8WPS0B4Z4tn6w_pKIUEg3MKfE,425792,425984,192
lynfinities_UC3kr27h12M8WPS0B4Z4tn6w_pKIUEg3MKfE_426136_427200.wav,lynfinities_UC3kr27h12M8WPS0B4Z4tn6w_pKIUEg3MKfE,426136,427200,1064
lynfinities_UC3kr27h12M8WPS0B4Z4tn6w_pKIUEg3MKfE_427416_429440.wav,lynfinities_UC3kr27h12M8WPS0B4Z4tn6w_pKIUEg3MKfE,427416,429440,2024
lynfinities_UC3kr27h12M8WPS0B4Z4tn6w_pKIUEg3MKfE_429968_438120.wav,lynfinities_UC3kr27h12M8WPS0B4Z4tn6w_pKIUEg3MKfE,429968,438120,8152
lynfinities_UC3kr27h12M8WPS0B4Z4tn6w_pKIUEg3MKfE_438416_447064.wav,lynfinities_UC3kr27h12M8WPS0B4Z4tn6w_pKIUEg3MKfE,438416,447064,8648
lynfinities_UC3kr27h12M8WPS0B4Z4tn6w_pKIUEg3MKfE_447224_451456.wav,lynfinities_UC3kr27h12M8WPS0B4Z4tn6w_pKIUEg3MKfE,447224,451456,4232
lynfinities_UC3kr27h12M8WPS0B4Z4tn6w_pKIUEg3MKfE_451688_459648.wav,lynfinities_UC3kr27h12M8WPS0B4Z4tn6w_pKIUEg3MKfE,451688,459648,7960
lynfinities_UC3kr27h12M8WPS0B4Z4tn6w_pKIUEg3MKfE_459944_462648.wav,lynfinities_UC3kr27h12M8WPS0B4Z4tn6w_pKIUEg3MKfE,459944,462648,2704
lynfinities_UC3kr27h12M8WPS0B4Z4tn6w_pKIUEg3MKfE_462816_464688.wav,lynfinities_UC3kr27h12M8WPS0B4Z4tn6w_pKIUEg3MKfE,462816,464688,1872
lynfinities_UC3kr27h12M8WPS0B4Z4tn6w_pKIUEg3MKfE_464832_469568.wav,lynfinities_UC3kr27h12M8WPS0B4Z4tn6w_pKIUEg3MKfE,464832,469568,4736
lynfinities_UC3kr27h12M8WPS0B4Z4tn6w_pKIUEg3MKfE_469824_478616.wav,lynfinities_UC3kr27h12M8WPS0B4Z4tn6w_pKIUEg3MKfE,469824,478616,8792
lynfinities_UC3kr27h12M8WPS0B4Z4tn6w_pKIUEg3MKfE_478808_479456.wav,lynfinities_UC3kr27h12M8WPS0B4Z4tn6w_pKIUEg3MKfE,478808,479456,648
lynfinities_UC3kr27h12M8WPS0B4Z4tn6w_pKIUEg3MKfE_479576_483416.wav,lynfinities_UC3kr27h12M8WPS0B4Z4tn6w_pKIUEg3MKfE,479576,483416,3840
lynfinities_UC3kr27h12M8WPS0B4Z4tn6w_pKIUEg3MKfE_483640_486384.wav,lynfinities_UC3kr27h12M8WPS0B4Z4tn6w_pKIUEg3MKfE,483640,486384,2744
lynfinities_UC3kr27h12M8WPS0B4Z4tn6w_pKIUEg3MKfE_486568_488312.wav,lynfinities_UC3kr27h12M8WPS0B4Z4tn6w_pKIUEg3MKfE,486568,488312,1744
lynfinities_UC3kr27h12M8WPS0B4Z4tn6w_pKIUEg3MKfE_488600_490112.wav,lynfinities_UC3kr27h12M8WPS0B4Z4tn6w_pKIUEg3MKfE,488600,490112,1512
lynfinities_UC3kr27h12M8WPS0B4Z4tn6w_pKIUEg3MKfE_490400_492456.wav,lynfinities_UC3kr27h12M8WPS0B4Z4tn6w_pKIUEg3MKfE,490400,492456,2056
lynfinities_UC3kr27h12M8WPS0B4Z4tn6w_pKIUEg3MKfE_492816_493992.wav,lynfinities_UC3kr27h12M8WPS0B4Z4tn6w_pKIUEg3MKfE,492816,493992,1176
lynfinities_UC3kr27h12M8WPS0B4Z4tn6w_pKIUEg3MKfE_494264_498160.wav,lynfinities_UC3kr27h12M8WPS0B4Z4tn6w_pKIUEg3MKfE,494264,498160,3896
lynfinities_UC3kr27h12M8WPS0B4Z4tn6w_pKIUEg3MKfE_498288_500144.wav,lynfinities_UC3kr27h12M8WPS0B4Z4tn6w_pKIUEg3MKfE,498288,500144,1856
lynfinities_UC3kr27h12M8WPS0B4Z4tn6w_pKIUEg3MKfE_500288_504616.wav,lynfinities_UC3kr27h12M8WPS0B4Z4tn6w_pKIUEg3MKfE,500288,504616,4328
lynfinities_UC3kr27h12M8WPS0B4Z4tn6w_pKIUEg3MKfE_504744_509920.wav,lynfinities_UC3kr27h12M8WPS0B4Z4tn6w_pKIUEg3MKfE,504744,509920,5176
lynfinities_UC3kr27h12M8WPS0B4Z4tn6w_pKIUEg3MKfE_510048_516288.wav,lynfinities_UC3kr27h12M8WPS0B4Z4tn6w_pKIUEg3MKfE,510048,516288,6240
lynfinities_UC3kr27h12M8WPS0B4Z4tn6w_pKIUEg3MKfE_516432_525492.wav,lynfinities_UC3kr27h12M8WPS0B4Z4tn6w_pKIUEg3MKfE,516432,525492,9060
lynfinities_UC3kr27h12M8WPS0B4Z4tn6w_pKIUEg3MKfE_525692_529216.wav,lynfinities_UC3kr27h12M8WPS0B4Z4tn6w_pKIUEg3MKfE,525692,529216,3524
lynfinities_UC3kr27h12M8WPS0B4Z4tn6w_pKIUEg3MKfE_529400_530472.wav,lynfinities_UC3kr27h12M8WPS0B4Z4tn6w_pKIUEg3MKfE,529400,530472,1072
lynfinities_UC3kr27h12M8WPS0B4Z4tn6w_pKIUEg3MKfE_530640_534146.wav,lynfinities_UC3kr27h12M8WPS0B4Z4tn6w_pKIUEg3MKfE,530640,534146,3506
lynfinities_UC3kr27h12M8WPS0B4Z4tn6w_pKIUEg3MKfE_534394_543466.wav,lynfinities_UC3kr27h12M8WPS0B4Z4tn6w_pKIUEg3MKfE,534394,543466,9072
lynfinities_UC3kr27h12M8WPS0B4Z4tn6w_pKIUEg3MKfE_543874_549972.wav,lynfinities_UC3kr27h12M8WPS0B4Z4tn6w_pKIUEg3MKfE,543874,549972,6098
lynfinities_UC3kr27h12M8WPS0B4Z4tn6w_pKIUEg3MKfE_550132_553224.wav,lynfinities_UC3kr27h12M8WPS0B4Z4tn6w_pKIUEg3MKfE,550132,553224,3092
lynfinities_UC3kr27h12M8WPS0B4Z4tn6w_pKIUEg3MKfE_553456_555792.wav,lynfinities_UC3kr27h12M8WPS0B4Z4tn6w_pKIUEg3MKfE,553456,555792,2336
lynfinities_UC3kr27h12M8WPS0B4Z4tn6w_pKIUEg3MKfE_556048_558248.wav,lynfinities_UC3kr27h12M8WPS0B4Z4tn6w_pKIUEg3MKfE,556048,558248,2200
lynfinities_UC3kr27h12M8WPS0B4Z4tn6w_pKIUEg3MKfE_558472_560836.wav,lynfinities_UC3kr27h12M8WPS0B4Z4tn6w_pKIUEg3MKfE,558472,560836,2364
lynfinities_UC3kr27h12M8WPS0B4Z4tn6w_pKIUEg3MKfE_561068_565672.wav,lynfinities_UC3kr27h12M8WPS0B4Z4tn6w_pKIUEg3MKfE,561068,565672,4604
lynfinities_UC3kr27h12M8WPS0B4Z4tn6w_pKIUEg3MKfE_565928_567800.wav,lynfinities_UC3kr27h12M8WPS0B4Z4tn6w_pKIUEg3MKfE,565928,567800,1872
lynfinities_UC3kr27h12M8WPS0B4Z4tn6w_pKIUEg3MKfE_568192_568808.wav,lynfinities_UC3kr27h12M8WPS0B4Z4tn6w_pKIUEg3MKfE,568192,568808,616
lynfinities_UC3kr27h12M8WPS0B4Z4tn6w_pKIUEg3MKfE_569112_569852.wav,lynfinities_UC3kr27h12M8WPS0B4Z4tn6w_pKIUEg3MKfE,569112,569852,740
lynfinities_UC3kr27h12M8WPS0B4Z4tn6w_pKIUEg3MKfE_569956_571020.wav,lynfinities_UC3kr27h12M8WPS0B4Z4tn6w_pKIUEg3MKfE,569956,571020,1064
lynfinities_UC3kr27h12M8WPS0B4Z4tn6w_pKIUEg3MKfE_571156_577020.wav,lynfinities_UC3kr27h12M8WPS0B4Z4tn6w_pKIUEg3MKfE,571156,577020,5864
lynfinities_UC3kr27h12M8WPS0B4Z4tn6w_pKIUEg3MKfE_577140_582096.wav,lynfinities_UC3kr27h12M8WPS0B4Z4tn6w_pKIUEg3MKfE,577140,582096,4956
lynfinities_UC3kr27h12M8WPS0B4Z4tn6w_pKIUEg3MKfE_582472_586284.wav,lynfinities_UC3kr27h12M8WPS0B4Z4tn6w_pKIUEg3MKfE,582472,586284,3812
lynfinities_UC3kr27h12M8WPS0B4Z4tn6w_pKIUEg3MKfE_586558_592654.wav,lynfinities_UC3kr27h12M8WPS0B4Z4tn6w_pKIUEg3MKfE,586558,592654,6096
lynfinities_UC3kr27h12M8WPS0B4Z4tn6w_pKIUEg3MKfE_592998_597704.wav,lynfinities_UC3kr27h12M8WPS0B4Z4tn6w_pKIUEg3MKfE,592998,597704,4706
lynfinities_UC3kr27h12M8WPS0B4Z4tn6w_pKIUEg3MKfE_598016_598520.wav,lynfinities_UC3kr27h12M8WPS0B4Z4tn6w_pKIUEg3MKfE,598016,598520,504
lynfinities_UC3kr27h12M8WPS0B4Z4tn6w_pKIUEg3MKfE_598672_599616.wav,lynfinities_UC3kr27h12M8WPS0B4Z4tn6w_pKIUEg3MKfE,598672,599616,944
lynfinities_UC3kr27h12M8WPS0B4Z4tn6w_pKIUEg3MKfE_599800_604720.wav,lynfinities_UC3kr27h12M8WPS0B4Z4tn6w_pKIUEg3MKfE,599800,604720,4920
lynfinities_UC3kr27h12M8WPS0B4Z4tn6w_pKIUEg3MKfE_605048_612288.wav,lynfinities_UC3kr27h12M8WPS0B4Z4tn6w_pKIUEg3MKfE,605048,612288,7240
lynfinities_UC3kr27h12M8WPS0B4Z4tn6w_pKIUEg3MKfE_612592_619292.wav,lynfinities_UC3kr27h12M8WPS0B4Z4tn6w_pKIUEg3MKfE,612592,619292,6700
lynfinities_UC3kr27h12M8WPS0B4Z4tn6w_pKIUEg3MKfE_619572_625504.wav,lynfinities_UC3kr27h12M8WPS0B4Z4tn6w_pKIUEg3MKfE,619572,625504,5932
lynfinities_UC3kr27h12M8WPS0B4Z4tn6w_pKIUEg3MKfE_625624_626056.wav,lynfinities_UC3kr27h12M8WPS0B4Z4tn6w_pKIUEg3MKfE,625624,626056,432
lynfinities_UC3kr27h12M8WPS0B4Z4tn6w_pKIUEg3MKfE_626200_628080.wav,lynfinities_UC3kr27h12M8WPS0B4Z4tn6w_pKIUEg3MKfE,626200,628080,1880
lynfinities_UC3kr27h12M8WPS0B4Z4tn6w_pKIUEg3MKfE_628216_629080.wav,lynfinities_UC3kr27h12M8WPS0B4Z4tn6w_pKIUEg3MKfE,628216,629080,864
lynfinities_UC3kr27h12M8WPS0B4Z4tn6w_pKIUEg3MKfE_629256_636040.wav,lynfinities_UC3kr27h12M8WPS0B4Z4tn6w_pKIUEg3MKfE,629256,636040,6784
lynfinities_UC3kr27h12M8WPS0B4Z4tn6w_pKIUEg3MKfE_636296_646176.wav,lynfinities_UC3kr27h12M8WPS0B4Z4tn6w_pKIUEg3MKfE,636296,646176,9880
lynfinities_UC3kr27h12M8WPS0B4Z4tn6w_pKIUEg3MKfE_646696_647280.wav,lynfinities_UC3kr27h12M8WPS0B4Z4tn6w_pKIUEg3MKfE,646696,647280,584
lynfinities_UC3kr27h12M8WPS0B4Z4tn6w_pKIUEg3MKfE_647424_654144.wav,lynfinities_UC3kr27h12M8WPS0B4Z4tn6w_pKIUEg3MKfE,647424,654144,6720
lynfinities_UC3kr27h12M8WPS0B4Z4tn6w_pKIUEg3MKfE_654248_663680.wav,lynfinities_UC3kr27h12M8WPS0B4Z4tn6w_pKIUEg3MKfE,654248,663680,9432
lynfinities_UC3kr27h12M8WPS0B4Z4tn6w_pKIUEg3MKfE_663816_665136.wav,lynfinities_UC3kr27h12M8WPS0B4Z4tn6w_pKIUEg3MKfE,663816,665136,1320
lynfinities_UC3kr27h12M8WPS0B4Z4tn6w_pKIUEg3MKfE_665264_668280.wav,lynfinities_UC3kr27h12M8WPS0B4Z4tn6w_pKIUEg3MKfE,665264,668280,3016
lynfinities_UC3kr27h12M8WPS0B4Z4tn6w_pKIUEg3MKfE_668832_671040.wav,lynfinities_UC3kr27h12M8WPS0B4Z4tn6w_pKIUEg3MKfE,668832,671040,2208
lynfinities_UC3kr27h12M8WPS0B4Z4tn6w_pKIUEg3MKfE_671152_674360.wav,lynfinities_UC3kr27h12M8WPS0B4Z4tn6w_pKIUEg3MKfE,671152,674360,3208
lynfinities_UC3kr27h12M8WPS0B4Z4tn6w_pKIUEg3MKfE_674472_680352.wav,lynfinities_UC3kr27h12M8WPS0B4Z4tn6w_pKIUEg3MKfE,674472,680352,5880
lynfinities_UC3kr27h12M8WPS0B4Z4tn6w_pKIUEg3MKfE_680472_681328.wav,lynfinities_UC3kr27h12M8WPS0B4Z4tn6w_pKIUEg3MKfE,680472,681328,856
lynfinities_UC3kr27h12M8WPS0B4Z4tn6w_pKIUEg3MKfE_681640_688880.wav,lynfinities_UC3kr27h12M8WPS0B4Z4tn6w_pKIUEg3MKfE,681640,688880,7240
lynfinities_UC3kr27h12M8WPS0B4Z4tn6w_pKIUEg3MKfE_689536_699192.wav,lynfinities_UC3kr27h12M8WPS0B4Z4tn6w_pKIUEg3MKfE,689536,699192,9656
lynfinities_UC3kr27h12M8WPS0B4Z4tn6w_pKIUEg3MKfE_699344_705048.wav,lynfinities_UC3kr27h12M8WPS0B4Z4tn6w_pKIUEg3MKfE,699344,705048,5704
lynfinities_UC3kr27h12M8WPS0B4Z4tn6w_pKIUEg3MKfE_705248_710680.wav,lynfinities_UC3kr27h12M8WPS0B4Z4tn6w_pKIUEg3MKfE,705248,710680,5432
lynfinities_UC3kr27h12M8WPS0B4Z4tn6w_pKIUEg3MKfE_710960_718664.wav,lynfinities_UC3kr27h12M8WPS0B4Z4tn6w_pKIUEg3MKfE,710960,718664,7704
lynfinities_UC3kr27h12M8WPS0B4Z4tn6w_pKIUEg3MKfE_718832_721904.wav,lynfinities_UC3kr27h12M8WPS0B4Z4tn6w_pKIUEg3MKfE,718832,721904,3072
lynfinities_UC3kr27h12M8WPS0B4Z4tn6w_pKIUEg3MKfE_722008_722456.wav,lynfinities_UC3kr27h12M8WPS0B4Z4tn6w_pKIUEg3MKfE,722008,722456,448
lynfinities_UC3kr27h12M8WPS0B4Z4tn6w_pKIUEg3MKfE_722608_726256.wav,lynfinities_UC3kr27h12M8WPS0B4Z4tn6w_pKIUEg3MKfE,722608,726256,3648
lynfinities_UC3kr27h12M8WPS0B4Z4tn6w_pKIUEg3MKfE_726520_733768.wav,lynfinities_UC3kr27h12M8WPS0B4Z4tn6w_pKIUEg3MKfE,726520,733768,7248
lynfinities_UC3kr27h12M8WPS0B4Z4tn6w_pKIUEg3MKfE_734072_738140.wav,lynfinities_UC3kr27h12M8WPS0B4Z4tn6w_pKIUEg3MKfE,734072,738140,4068
lynfinities_UC3kr27h12M8WPS0B4Z4tn6w_pKIUEg3MKfE_738492_748124.wav,lynfinities_UC3kr27h12M8WPS0B4Z4tn6w_pKIUEg3MKfE,738492,748124,9632
lynfinities_UC3kr27h12M8WPS0B4Z4tn6w_pKIUEg3MKfE_748412_750336.wav,lynfinities_UC3kr27h12M8WPS0B4Z4tn6w_pKIUEg3MKfE,748412,750336,1924
lynfinities_UC3kr27h12M8WPS0B4Z4tn6w_pKIUEg3MKfE_750592_753992.wav,lynfinities_UC3kr27h12M8WPS0B4Z4tn6w_pKIUEg3MKfE,750592,753992,3400
lynfinities_UC3kr27h12M8WPS0B4Z4tn6w_pKIUEg3MKfE_754184_757888.wav,lynfinities_UC3kr27h12M8WPS0B4Z4tn6w_pKIUEg3MKfE,754184,757888,3704
lynfinities_UC3kr27h12M8WPS0B4Z4tn6w_pKIUEg3MKfE_758040_760600.wav,lynfinities_UC3kr27h12M8WPS0B4Z4tn6w_pKIUEg3MKfE,758040,760600,2560
lynfinities_UC3kr27h12M8WPS0B4Z4tn6w_pKIUEg3MKfE_760712_761384.wav,lynfinities_UC3kr27h12M8WPS0B4Z4tn6w_pKIUEg3MKfE,760712,761384,672
lynfinities_UC3kr27h12M8WPS0B4Z4tn6w_pKIUEg3MKfE_761496_762552.wav,lynfinities_UC3kr27h12M8WPS0B4Z4tn6w_pKIUEg3MKfE,761496,762552,1056
lynfinities_UC3kr27h12M8WPS0B4Z4tn6w_pKIUEg3MKfE_762752_771628.wav,lynfinities_UC3kr27h12M8WPS0B4Z4tn6w_pKIUEg3MKfE,762752,771628,8876
lynfinities_UC3kr27h12M8WPS0B4Z4tn6w_pKIUEg3MKfE_771836_774664.wav,lynfinities_UC3kr27h12M8WPS0B4Z4tn6w_pKIUEg3MKfE,771836,774664,2828
lynfinities_UC3kr27h12M8WPS0B4Z4tn6w_pKIUEg3MKfE_774816_776064.wav,lynfinities_UC3kr27h12M8WPS0B4Z4tn6w_pKIUEg3MKfE,774816,776064,1248
lynfinities_UC3kr27h12M8WPS0B4Z4tn6w_pKIUEg3MKfE_776352_783952.wav,lynfinities_UC3kr27h12M8WPS0B4Z4tn6w_pKIUEg3MKfE,776352,783952,7600
lynfinities_UC3kr27h12M8WPS0B4Z4tn6w_pKIUEg3MKfE_784560_788064.wav,lynfinities_UC3kr27h12M8WPS0B4Z4tn6w_pKIUEg3MKfE,784560,788064,3504
lynfinities_UC3kr27h12M8WPS0B4Z4tn6w_pKIUEg3MKfE_788176_795620.wav,lynfinities_UC3kr27h12M8WPS0B4Z4tn6w_pKIUEg3MKfE,788176,795620,7444
lynfinities_UC3kr27h12M8WPS0B4Z4tn6w_pKIUEg3MKfE_795972_798552.wav,lynfinities_UC3kr27h12M8WPS0B4Z4tn6w_pKIUEg3MKfE,795972,798552,2580
lynfinities_UC3kr27h12M8WPS0B4Z4tn6w_pKIUEg3MKfE_798656_802408.wav,lynfinities_UC3kr27h12M8WPS0B4Z4tn6w_pKIUEg3MKfE,798656,802408,3752
lynfinities_UC3kr27h12M8WPS0B4Z4tn6w_pKIUEg3MKfE_802792_807744.wav,lynfinities_UC3kr27h12M8WPS0B4Z4tn6w_pKIUEg3MKfE,802792,807744,4952
lynfinities_UC3kr27h12M8WPS0B4Z4tn6w_pKIUEg3MKfE_807904_808728.wav,lynfinities_UC3kr27h12M8WPS0B4Z4tn6w_pKIUEg3MKfE,807904,808728,824
lynfinities_UC3kr27h12M8WPS0B4Z4tn6w_pKIUEg3MKfE_808968_817320.wav,lynfinities_UC3kr27h12M8WPS0B4Z4tn6w_pKIUEg3MKfE,808968,817320,8352
lynfinities_UC3kr27h12M8WPS0B4Z4tn6w_pKIUEg3MKfE_817440_823640.wav,lynfinities_UC3kr27h12M8WPS0B4Z4tn6w_pKIUEg3MKfE,817440,823640,6200
lynfinities_UC3kr27h12M8WPS0B4Z4tn6w_pKIUEg3MKfE_823760_824608.wav,lynfinities_UC3kr27h12M8WPS0B4Z4tn6w_pKIUEg3MKfE,823760,824608,848
lynfinities_UC3kr27h12M8WPS0B4Z4tn6w_pKIUEg3MKfE_825008_828432.wav,lynfinities_UC3kr27h12M8WPS0B4Z4tn6w_pKIUEg3MKfE,825008,828432,3424
lynfinities_UC3kr27h12M8WPS0B4Z4tn6w_pKIUEg3MKfE_828832_832200.wav,lynfinities_UC3kr27h12M8WPS0B4Z4tn6w_pKIUEg3MKfE,828832,832200,3368
lynfinities_UC3kr27h12M8WPS0B4Z4tn6w_pKIUEg3MKfE_832880_840560.wav,lynfinities_UC3kr27h12M8WPS0B4Z4tn6w_pKIUEg3MKfE,832880,840560,7680
lynfinities_UC3kr27h12M8WPS0B4Z4tn6w_pKIUEg3MKfE_840936_845664.wav,lynfinities_UC3kr27h12M8WPS0B4Z4tn6w_pKIUEg3MKfE,840936,845664,4728
lynfinities_UC3kr27h12M8WPS0B4Z4tn6w_pKIUEg3MKfE_845768_852912.wav,lynfinities_UC3kr27h12M8WPS0B4Z4tn6w_pKIUEg3MKfE,845768,852912,7144
lynfinities_UC3kr27h12M8WPS0B4Z4tn6w_pKIUEg3MKfE_853096_856928.wav,lynfinities_UC3kr27h12M8WPS0B4Z4tn6w_pKIUEg3MKfE,853096,856928,3832
lynfinities_UC3kr27h12M8WPS0B4Z4tn6w_pKIUEg3MKfE_857064_862672.wav,lynfinities_UC3kr27h12M8WPS0B4Z4tn6w_pKIUEg3MKfE,857064,862672,5608
lynfinities_UC3kr27h12M8WPS0B4Z4tn6w_pKIUEg3MKfE_862784_871088.wav,lynfinities_UC3kr27h12M8WPS0B4Z4tn6w_pKIUEg3MKfE,862784,871088,8304
lynfinities_UC3kr27h12M8WPS0B4Z4tn6w_pKIUEg3MKfE_871192_876432.wav,lynfinities_UC3kr27h12M8WPS0B4Z4tn6w_pKIUEg3MKfE,871192,876432,5240
lynfinities_UC3kr27h12M8WPS0B4Z4tn6w_pKIUEg3MKfE_876552_876728.wav,lynfinities_UC3kr27h12M8WPS0B4Z4tn6w_pKIUEg3MKfE,876552,876728,176
lynfinities_UC3kr27h12M8WPS0B4Z4tn6w_pKIUEg3MKfE_876840_882720.wav,lynfinities_UC3kr27h12M8WPS0B4Z4tn6w_pKIUEg3MKfE,876840,882720,5880
lynfinities_UC3kr27h12M8WPS0B4Z4tn6w_pKIUEg3MKfE_883024_885080.wav,lynfinities_UC3kr27h12M8WPS0B4Z4tn6w_pKIUEg3MKfE,883024,885080,2056
lynfinities_UC3kr27h12M8WPS0B4Z4tn6w_pKIUEg3MKfE_885272_894136.wav,lynfinities_UC3kr27h12M8WPS0B4Z4tn6w_pKIUEg3MKfE,885272,894136,8864
lynfinities_UC3kr27h12M8WPS0B4Z4tn6w_pKIUEg3MKfE_894320_896160.wav,lynfinities_UC3kr27h12M8WPS0B4Z4tn6w_pKIUEg3MKfE,894320,896160,1840
lynfinities_UC3kr27h12M8WPS0B4Z4tn6w_pKIUEg3MKfE_896504_902384.wav,lynfinities_UC3kr27h12M8WPS0B4Z4tn6w_pKIUEg3MKfE,896504,902384,5880
lynfinities_UC3kr27h12M8WPS0B4Z4tn6w_pKIUEg3MKfE_902672_910400.wav,lynfinities_UC3kr27h12M8WPS0B4Z4tn6w_pKIUEg3MKfE,902672,910400,7728
lynfinities_UC3kr27h12M8WPS0B4Z4tn6w_pKIUEg3MKfE_910848_920636.wav,lynfinities_UC3kr27h12M8WPS0B4Z4tn6w_pKIUEg3MKfE,910848,920636,9788
lynfinities_UC3kr27h12M8WPS0B4Z4tn6w_pKIUEg3MKfE_920820_929984.wav,lynfinities_UC3kr27h12M8WPS0B4Z4tn6w_pKIUEg3MKfE,920820,929984,9164
lynfinities_UC3kr27h12M8WPS0B4Z4tn6w_pKIUEg3MKfE_930600_935506.wav,lynfinities_UC3kr27h12M8WPS0B4Z4tn6w_pKIUEg3MKfE,930600,935506,4906
lynfinities_UC3kr27h12M8WPS0B4Z4tn6w_pKIUEg3MKfE_935722_940290.wav,lynfinities_UC3kr27h12M8WPS0B4Z4tn6w_pKIUEg3MKfE,935722,940290,4568
lynfinities_UC3kr27h12M8WPS0B4Z4tn6w_pKIUEg3MKfE_940626_942978.wav,lynfinities_UC3kr27h12M8WPS0B4Z4tn6w_pKIUEg3MKfE,940626,942978,2352
lynfinities_UC3kr27h12M8WPS0B4Z4tn6w_pKIUEg3MKfE_943340_953072.wav,lynfinities_UC3kr27h12M8WPS0B4Z4tn6w_pKIUEg3MKfE,943340,953072,9732
lynfinities_UC3kr27h12M8WPS0B4Z4tn6w_pKIUEg3MKfE_953312_958764.wav,lynfinities_UC3kr27h12M8WPS0B4Z4tn6w_pKIUEg3MKfE,953312,958764,5452
lynfinities_UC3kr27h12M8WPS0B4Z4tn6w_pKIUEg3MKfE_958988_960224.wav,lynfinities_UC3kr27h12M8WPS0B4Z4tn6w_pKIUEg3MKfE,958988,960224,1236
lynfinities_UC3kr27h12M8WPS0B4Z4tn6w_pKIUEg3MKfE_960528_965908.wav,lynfinities_UC3kr27h12M8WPS0B4Z4tn6w_pKIUEg3MKfE,960528,965908,5380
lynfinities_UC3kr27h12M8WPS0B4Z4tn6w_pKIUEg3MKfE_966028_969884.wav,lynfinities_UC3kr27h12M8WPS0B4Z4tn6w_pKIUEg3MKfE,966028,969884,3856
lynfinities_UC3kr27h12M8WPS0B4Z4tn6w_pKIUEg3MKfE_970028_974372.wav,lynfinities_UC3kr27h12M8WPS0B4Z4tn6w_pKIUEg3MKfE,970028,974372,4344
lynfinities_UC3kr27h12M8WPS0B4Z4tn6w_pKIUEg3MKfE_974476_977188.wav,lynfinities_UC3kr27h12M8WPS0B4Z4tn6w_pKIUEg3MKfE,974476,977188,2712
lynfinities_UC3kr27h12M8WPS0B4Z4tn6w_pKIUEg3MKfE_977292_985980.wav,lynfinities_UC3kr27h12M8WPS0B4Z4tn6w_pKIUEg3MKfE,977292,985980,8688
lynfinities_UC3kr27h12M8WPS0B4Z4tn6w_pKIUEg3MKfE_986092_993672.wav,lynfinities_UC3kr27h12M8WPS0B4Z4tn6w_pKIUEg3MKfE,986092,993672,7580
lynfinities_UC3kr27h12M8WPS0B4Z4tn6w_pKIUEg3MKfE_993976_1000136.wav,lynfinities_UC3kr27h12M8WPS0B4Z4tn6w_pKIUEg3MKfE,993976,1000136,6160
lynfinities_UC3kr27h12M8WPS0B4Z4tn6w_pKIUEg3MKfE_1000632_1000978.wav,lynfinities_UC3kr27h12M8WPS0B4Z4tn6w_pKIUEg3MKfE,1000632,1000978,346
lynfinities_UC3kr27h12M8WPS0B4Z4tn6w_pKIUEg3MKfE_1001234_1006990.wav,lynfinities_UC3kr27h12M8WPS0B4Z4tn6w_pKIUEg3MKfE,1001234,1006990,5756
lynfinities_UC3kr27h12M8WPS0B4Z4tn6w_pKIUEg3MKfE_1007270_1008246.wav,lynfinities_UC3kr27h12M8WPS0B4Z4tn6w_pKIUEg3MKfE,1007270,1008246,976
lynfinities_UC3kr27h12M8WPS0B4Z4tn6w_pKIUEg3MKfE_1008542_1013946.wav,lynfinities_UC3kr27h12M8WPS0B4Z4tn6w_pKIUEg3MKfE,1008542,1013946,5404
lynfinities_UC3kr27h12M8WPS0B4Z4tn6w_pKIUEg3MKfE_1014226_1019338.wav,lynfinities_UC3kr27h12M8WPS0B4Z4tn6w_pKIUEg3MKfE,1014226,1019338,5112
lynfinities_UC3kr27h12M8WPS0B4Z4tn6w_pKIUEg3MKfE_1019716_1023092.wav,lynfinities_UC3kr27h12M8WPS0B4Z4tn6w_pKIUEg3MKfE,1019716,1023092,3376
lynfinities_UC3kr27h12M8WPS0B4Z4tn6w_pKIUEg3MKfE_1023212_1030032.wav,lynfinities_UC3kr27h12M8WPS0B4Z4tn6w_pKIUEg3MKfE,1023212,1030032,6820
lynfinities_UC3kr27h12M8WPS0B4Z4tn6w_pKIUEg3MKfE_1030264_1032008.wav,lynfinities_UC3kr27h12M8WPS0B4Z4tn6w_pKIUEg3MKfE,1030264,1032008,1744
lynfinities_UC3kr27h12M8WPS0B4Z4tn6w_pKIUEg3MKfE_1032192_1033428.wav,lynfinities_UC3kr27h12M8WPS0B4Z4tn6w_pKIUEg3MKfE,1032192,1033428,1236
lynfinities_UC3kr27h12M8WPS0B4Z4tn6w_pKIUEg3MKfE_1033548_1043316.wav,lynfinities_UC3kr27h12M8WPS0B4Z4tn6w_pKIUEg3MKfE,1033548,1043316,9768
lynfinities_UC3kr27h12M8WPS0B4Z4tn6w_pKIUEg3MKfE_1043428_1047148.wav,lynfinities_UC3kr27h12M8WPS0B4Z4tn6w_pKIUEg3MKfE,1043428,1047148,3720
lynfinities_UC3kr27h12M8WPS0B4Z4tn6w_pKIUEg3MKfE_1047460_1055340.wav,lynfinities_UC3kr27h12M8WPS0B4Z4tn6w_pKIUEg3MKfE,1047460,1055340,7880
lynfinities_UC3kr27h12M8WPS0B4Z4tn6w_pKIUEg3MKfE_1055564_1055956.wav,lynfinities_UC3kr27h12M8WPS0B4Z4tn6w_pKIUEg3MKfE,1055564,1055956,392
lynfinities_UC3kr27h12M8WPS0B4Z4tn6w_pKIUEg3MKfE_1056156_1058652.wav,lynfinities_UC3kr27h12M8WPS0B4Z4tn6w_pKIUEg3MKfE,1056156,1058652,2496
lynfinities_UC3kr27h12M8WPS0B4Z4tn6w_pKIUEg3MKfE_1058836_1060652.wav,lynfinities_UC3kr27h12M8WPS0B4Z4tn6w_pKIUEg3MKfE,1058836,1060652,1816
lynfinities_UC3kr27h12M8WPS0B4Z4tn6w_pKIUEg3MKfE_1060812_1061110.wav,lynfinities_UC3kr27h12M8WPS0B4Z4tn6w_pKIUEg3MKfE,1060812,1061110,298
lynfinities_UC3kr27h12M8WPS0B4Z4tn6w_pKIUEg3MKfE_1061542_1066207.wav,lynfinities_UC3kr27h12M8WPS0B4Z4tn6w_pKIUEg3MKfE,1061542,1066207,4665
lynfinities_UC3kr27h12M8WPS0B4Z4tn6w_pKIUEg3MKfE_1066479_1072688.wav,lynfinities_UC3kr27h12M8WPS0B4Z4tn6w_pKIUEg3MKfE,1066479,1072688,6209
lynfinities_UC3kr27h12M8WPS0B4Z4tn6w_pKIUEg3MKfE_1072888_1077756.wav,lynfinities_UC3kr27h12M8WPS0B4Z4tn6w_pKIUEg3MKfE,1072888,1077756,4868
lynfinities_UC3kr27h12M8WPS0B4Z4tn6w_pKIUEg3MKfE_1077956_1080176.wav,lynfinities_UC3kr27h12M8WPS0B4Z4tn6w_pKIUEg3MKfE,1077956,1080176,2220
lynfinities_UC3kr27h12M8WPS0B4Z4tn6w_pKIUEg3MKfE_1080448_1087448.wav,lynfinities_UC3kr27h12M8WPS0B4Z4tn6w_pKIUEg3MKfE,1080448,1087448,7000
lynfinities_UC3kr27h12M8WPS0B4Z4tn6w_pKIUEg3MKfE_1087712_1088080.wav,lynfinities_UC3kr27h12M8WPS0B4Z4tn6w_pKIUEg3MKfE,1087712,1088080,368
lynfinities_UC3kr27h12M8WPS0B4Z4tn6w_pKIUEg3MKfE_1088680_1092464.wav,lynfinities_UC3kr27h12M8WPS0B4Z4tn6w_pKIUEg3MKfE,1088680,1092464,3784
lynfinities_UC3kr27h12M8WPS0B4Z4tn6w_pKIUEg3MKfE_1092800_1097400.wav,lynfinities_UC3kr27h12M8WPS0B4Z4tn6w_pKIUEg3MKfE,1092800,1097400,4600
lynfinities_UC3kr27h12M8WPS0B4Z4tn6w_pKIUEg3MKfE_1097792_1103160.wav,lynfinities_UC3kr27h12M8WPS0B4Z4tn6w_pKIUEg3MKfE,1097792,1103160,5368
lynfinities_UC3kr27h12M8WPS0B4Z4tn6w_pKIUEg3MKfE_1103472_1104056.wav,lynfinities_UC3kr27h12M8WPS0B4Z4tn6w_pKIUEg3MKfE,1103472,1104056,584
lynfinities_UC3kr27h12M8WPS0B4Z4tn6w_pKIUEg3MKfE_1104376_1109360.wav,lynfinities_UC3kr27h12M8WPS0B4Z4tn6w_pKIUEg3MKfE,1104376,1109360,4984
lynfinities_UC3kr27h12M8WPS0B4Z4tn6w_pKIUEg3MKfE_1109640_1116152.wav,lynfinities_UC3kr27h12M8WPS0B4Z4tn6w_pKIUEg3MKfE,1109640,1116152,6512
lynfinities_UC3kr27h12M8WPS0B4Z4tn6w_pKIUEg3MKfE_1116440_1123980.wav,lynfinities_UC3kr27h12M8WPS0B4Z4tn6w_pKIUEg3MKfE,1116440,1123980,7540
lynfinities_UC3kr27h12M8WPS0B4Z4tn6w_pKIUEg3MKfE_1124140_1130238.wav,lynfinities_UC3kr27h12M8WPS0B4Z4tn6w_pKIUEg3MKfE,1124140,1130238,6098
lynfinities_UC3kr27h12M8WPS0B4Z4tn6w_pKIUEg3MKfE_1130414_1131246.wav,lynfinities_UC3kr27h12M8WPS0B4Z4tn6w_pKIUEg3MKfE,1130414,1131246,832
lynfinities_UC3kr27h12M8WPS0B4Z4tn6w_pKIUEg3MKfE_1131470_1134512.wav,lynfinities_UC3kr27h12M8WPS0B4Z4tn6w_pKIUEg3MKfE,1131470,1134512,3042
lynfinities_UC3kr27h12M8WPS0B4Z4tn6w_pKIUEg3MKfE_1134928_1135664.wav,lynfinities_UC3kr27h12M8WPS0B4Z4tn6w_pKIUEg3MKfE,1134928,1135664,736
