filename,video_id,start_time,end_time,duration
Honeysuckle_UCwsaMpLNx4pnsM1PiQwhyQ_ijc9SOjyMS0_323_1399.wav,Honeysuckle_UCwsaMpLNx4pnsM1PiQwhyQ_ijc9SOjyMS0,323,1399,1076
Honeysuckle_UCwsaMpLNx4pnsM1PiQwhyQ_ijc9SOjyMS0_1655_2767.wav,Honeysuckle_UCwsaMpLNx4pnsM1PiQwhyQ_ijc9SOjyMS0,1655,2767,1112
Honeysuckle_UCwsaMpLNx4pnsM1PiQwhyQ_ijc9SOjyMS0_2999_6559.wav,Honeysuckle_UCwsaMpLNx4pnsM1PiQwhyQ_ijc9SOjyMS0,2999,6559,3560
Honeysuckle_UCwsaMpLNx4pnsM1PiQwhyQ_ijc9SOjyMS0_6895_7679.wav,Honeysuckle_UCwsaMpLNx4pnsM1PiQwhyQ_ijc9SOjyMS0,6895,7679,784
Honeysuckle_UCwsaMpLNx4pnsM1PiQwhyQ_ijc9SOjyMS0_8271_15416.wav,Honeysuckle_UCwsaMpLNx4pnsM1PiQwhyQ_ijc9SOjyMS0,8271,15416,7145
Honeysuckle_UCwsaMpLNx4pnsM1PiQwhyQ_ijc9SOjyMS0_15832_18777.wav,Honeysuckle_UCwsaMpLNx4pnsM1PiQwhyQ_ijc9SOjyMS0,15832,18777,2945
Honeysuckle_UCwsaMpLNx4pnsM1PiQwhyQ_ijc9SOjyMS0_18897_19019.wav,Honeysuckle_UCwsaMpLNx4pnsM1PiQwhyQ_ijc9SOjyMS0,18897,19019,122
Honeysuckle_UCwsaMpLNx4pnsM1PiQwhyQ_ijc9SOjyMS0_19251_20867.wav,Honeysuckle_UCwsaMpLNx4pnsM1PiQwhyQ_ijc9SOjyMS0,19251,20867,1616
Honeysuckle_UCwsaMpLNx4pnsM1PiQwhyQ_ijc9SOjyMS0_21067_24012.wav,Honeysuckle_UCwsaMpLNx4pnsM1PiQwhyQ_ijc9SOjyMS0,21067,24012,2945
Honeysuckle_UCwsaMpLNx4pnsM1PiQwhyQ_ijc9SOjyMS0_24116_28012.wav,Honeysuckle_UCwsaMpLNx4pnsM1PiQwhyQ_ijc9SOjyMS0,24116,28012,3896
Honeysuckle_UCwsaMpLNx4pnsM1PiQwhyQ_ijc9SOjyMS0_28148_31109.wav,Honeysuckle_UCwsaMpLNx4pnsM1PiQwhyQ_ijc9SOjyMS0,28148,31109,2961
Honeysuckle_UCwsaMpLNx4pnsM1PiQwhyQ_ijc9SOjyMS0_31485_38735.wav,Honeysuckle_UCwsaMpLNx4pnsM1PiQwhyQ_ijc9SOjyMS0,31485,38735,7250
Honeysuckle_UCwsaMpLNx4pnsM1PiQwhyQ_ijc9SOjyMS0_39079_41983.wav,Honeysuckle_UCwsaMpLNx4pnsM1PiQwhyQ_ijc9SOjyMS0,39079,41983,2904
Honeysuckle_UCwsaMpLNx4pnsM1PiQwhyQ_ijc9SOjyMS0_42087_47831.wav,Honeysuckle_UCwsaMpLNx4pnsM1PiQwhyQ_ijc9SOjyMS0,42087,47831,5744
Honeysuckle_UCwsaMpLNx4pnsM1PiQwhyQ_ijc9SOjyMS0_47935_52447.wav,Honeysuckle_UCwsaMpLNx4pnsM1PiQwhyQ_ijc9SOjyMS0,47935,52447,4512
Honeysuckle_UCwsaMpLNx4pnsM1PiQwhyQ_ijc9SOjyMS0_52599_61631.wav,Honeysuckle_UCwsaMpLNx4pnsM1PiQwhyQ_ijc9SOjyMS0,52599,61631,9032
Honeysuckle_UCwsaMpLNx4pnsM1PiQwhyQ_ijc9SOjyMS0_61759_62359.wav,Honeysuckle_UCwsaMpLNx4pnsM1PiQwhyQ_ijc9SOjyMS0,61759,62359,600
Honeysuckle_UCwsaMpLNx4pnsM1PiQwhyQ_ijc9SOjyMS0_62703_68455.wav,Honeysuckle_UCwsaMpLNx4pnsM1PiQwhyQ_ijc9SOjyMS0,62703,68455,5752
Honeysuckle_UCwsaMpLNx4pnsM1PiQwhyQ_ijc9SOjyMS0_68655_74271.wav,Honeysuckle_UCwsaMpLNx4pnsM1PiQwhyQ_ijc9SOjyMS0,68655,74271,5616
Honeysuckle_UCwsaMpLNx4pnsM1PiQwhyQ_ijc9SOjyMS0_74771_76171.wav,Honeysuckle_UCwsaMpLNx4pnsM1PiQwhyQ_ijc9SOjyMS0,74771,76171,1400
Honeysuckle_UCwsaMpLNx4pnsM1PiQwhyQ_ijc9SOjyMS0_76739_77375.wav,Honeysuckle_UCwsaMpLNx4pnsM1PiQwhyQ_ijc9SOjyMS0,76739,77375,636
Honeysuckle_UCwsaMpLNx4pnsM1PiQwhyQ_ijc9SOjyMS0_77551_77947.wav,Honeysuckle_UCwsaMpLNx4pnsM1PiQwhyQ_ijc9SOjyMS0,77551,77947,396
Honeysuckle_UCwsaMpLNx4pnsM1PiQwhyQ_ijc9SOjyMS0_78115_81773.wav,Honeysuckle_UCwsaMpLNx4pnsM1PiQwhyQ_ijc9SOjyMS0,78115,81773,3658
Honeysuckle_UCwsaMpLNx4pnsM1PiQwhyQ_ijc9SOjyMS0_82173_88591.wav,Honeysuckle_UCwsaMpLNx4pnsM1PiQwhyQ_ijc9SOjyMS0,82173,88591,6418
Honeysuckle_UCwsaMpLNx4pnsM1PiQwhyQ_ijc9SOjyMS0_88951_91747.wav,Honeysuckle_UCwsaMpLNx4pnsM1PiQwhyQ_ijc9SOjyMS0,88951,91747,2796
Honeysuckle_UCwsaMpLNx4pnsM1PiQwhyQ_ijc9SOjyMS0_92215_94707.wav,Honeysuckle_UCwsaMpLNx4pnsM1PiQwhyQ_ijc9SOjyMS0,92215,94707,2492
Honeysuckle_UCwsaMpLNx4pnsM1PiQwhyQ_ijc9SOjyMS0_95299_97499.wav,Honeysuckle_UCwsaMpLNx4pnsM1PiQwhyQ_ijc9SOjyMS0,95299,97499,2200
Honeysuckle_UCwsaMpLNx4pnsM1PiQwhyQ_ijc9SOjyMS0_97603_106507.wav,Honeysuckle_UCwsaMpLNx4pnsM1PiQwhyQ_ijc9SOjyMS0,97603,106507,8904
Honeysuckle_UCwsaMpLNx4pnsM1PiQwhyQ_ijc9SOjyMS0_107683_114931.wav,Honeysuckle_UCwsaMpLNx4pnsM1PiQwhyQ_ijc9SOjyMS0,107683,114931,7248
Honeysuckle_UCwsaMpLNx4pnsM1PiQwhyQ_ijc9SOjyMS0_115275_117267.wav,Honeysuckle_UCwsaMpLNx4pnsM1PiQwhyQ_ijc9SOjyMS0,115275,117267,1992
Honeysuckle_UCwsaMpLNx4pnsM1PiQwhyQ_ijc9SOjyMS0_117819_124799.wav,Honeysuckle_UCwsaMpLNx4pnsM1PiQwhyQ_ijc9SOjyMS0,117819,124799,6980
Honeysuckle_UCwsaMpLNx4pnsM1PiQwhyQ_ijc9SOjyMS0_124927_128207.wav,Honeysuckle_UCwsaMpLNx4pnsM1PiQwhyQ_ijc9SOjyMS0,124927,128207,3280
Honeysuckle_UCwsaMpLNx4pnsM1PiQwhyQ_ijc9SOjyMS0_128923_132123.wav,Honeysuckle_UCwsaMpLNx4pnsM1PiQwhyQ_ijc9SOjyMS0,128923,132123,3200
Honeysuckle_UCwsaMpLNx4pnsM1PiQwhyQ_ijc9SOjyMS0_132659_132907.wav,Honeysuckle_UCwsaMpLNx4pnsM1PiQwhyQ_ijc9SOjyMS0,132659,132907,248
Honeysuckle_UCwsaMpLNx4pnsM1PiQwhyQ_ijc9SOjyMS0_133395_133507.wav,Honeysuckle_UCwsaMpLNx4pnsM1PiQwhyQ_ijc9SOjyMS0,133395,133507,112
Honeysuckle_UCwsaMpLNx4pnsM1PiQwhyQ_ijc9SOjyMS0_134203_138371.wav,Honeysuckle_UCwsaMpLNx4pnsM1PiQwhyQ_ijc9SOjyMS0,134203,138371,4168
Honeysuckle_UCwsaMpLNx4pnsM1PiQwhyQ_ijc9SOjyMS0_138683_140107.wav,Honeysuckle_UCwsaMpLNx4pnsM1PiQwhyQ_ijc9SOjyMS0,138683,140107,1424
Honeysuckle_UCwsaMpLNx4pnsM1PiQwhyQ_ijc9SOjyMS0_141483_141835.wav,Honeysuckle_UCwsaMpLNx4pnsM1PiQwhyQ_ijc9SOjyMS0,141483,141835,352
Honeysuckle_UCwsaMpLNx4pnsM1PiQwhyQ_ijc9SOjyMS0_142187_142451.wav,Honeysuckle_UCwsaMpLNx4pnsM1PiQwhyQ_ijc9SOjyMS0,142187,142451,264
Honeysuckle_UCwsaMpLNx4pnsM1PiQwhyQ_ijc9SOjyMS0_143603_143787.wav,Honeysuckle_UCwsaMpLNx4pnsM1PiQwhyQ_ijc9SOjyMS0,143603,143787,184
Honeysuckle_UCwsaMpLNx4pnsM1PiQwhyQ_ijc9SOjyMS0_144651_144987.wav,Honeysuckle_UCwsaMpLNx4pnsM1PiQwhyQ_ijc9SOjyMS0,144651,144987,336
Honeysuckle_UCwsaMpLNx4pnsM1PiQwhyQ_ijc9SOjyMS0_149163_150315.wav,Honeysuckle_UCwsaMpLNx4pnsM1PiQwhyQ_ijc9SOjyMS0,149163,150315,1152
Honeysuckle_UCwsaMpLNx4pnsM1PiQwhyQ_ijc9SOjyMS0_150595_151531.wav,Honeysuckle_UCwsaMpLNx4pnsM1PiQwhyQ_ijc9SOjyMS0,150595,151531,936
Honeysuckle_UCwsaMpLNx4pnsM1PiQwhyQ_ijc9SOjyMS0_151819_152011.wav,Honeysuckle_UCwsaMpLNx4pnsM1PiQwhyQ_ijc9SOjyMS0,151819,152011,192
Honeysuckle_UCwsaMpLNx4pnsM1PiQwhyQ_ijc9SOjyMS0_153779_153955.wav,Honeysuckle_UCwsaMpLNx4pnsM1PiQwhyQ_ijc9SOjyMS0,153779,153955,176
Honeysuckle_UCwsaMpLNx4pnsM1PiQwhyQ_ijc9SOjyMS0_154595_154827.wav,Honeysuckle_UCwsaMpLNx4pnsM1PiQwhyQ_ijc9SOjyMS0,154595,154827,232
Honeysuckle_UCwsaMpLNx4pnsM1PiQwhyQ_ijc9SOjyMS0_155475_156619.wav,Honeysuckle_UCwsaMpLNx4pnsM1PiQwhyQ_ijc9SOjyMS0,155475,156619,1144
Honeysuckle_UCwsaMpLNx4pnsM1PiQwhyQ_ijc9SOjyMS0_158731_159795.wav,Honeysuckle_UCwsaMpLNx4pnsM1PiQwhyQ_ijc9SOjyMS0,158731,159795,1064
Honeysuckle_UCwsaMpLNx4pnsM1PiQwhyQ_ijc9SOjyMS0_160635_161155.wav,Honeysuckle_UCwsaMpLNx4pnsM1PiQwhyQ_ijc9SOjyMS0,160635,161155,520
Honeysuckle_UCwsaMpLNx4pnsM1PiQwhyQ_ijc9SOjyMS0_161875_163507.wav,Honeysuckle_UCwsaMpLNx4pnsM1PiQwhyQ_ijc9SOjyMS0,161875,163507,1632
Honeysuckle_UCwsaMpLNx4pnsM1PiQwhyQ_ijc9SOjyMS0_163827_165923.wav,Honeysuckle_UCwsaMpLNx4pnsM1PiQwhyQ_ijc9SOjyMS0,163827,165923,2096
Honeysuckle_UCwsaMpLNx4pnsM1PiQwhyQ_ijc9SOjyMS0_166227_168731.wav,Honeysuckle_UCwsaMpLNx4pnsM1PiQwhyQ_ijc9SOjyMS0,166227,168731,2504
Honeysuckle_UCwsaMpLNx4pnsM1PiQwhyQ_ijc9SOjyMS0_169171_172339.wav,Honeysuckle_UCwsaMpLNx4pnsM1PiQwhyQ_ijc9SOjyMS0,169171,172339,3168
Honeysuckle_UCwsaMpLNx4pnsM1PiQwhyQ_ijc9SOjyMS0_172843_182235.wav,Honeysuckle_UCwsaMpLNx4pnsM1PiQwhyQ_ijc9SOjyMS0,172843,182235,9392
Honeysuckle_UCwsaMpLNx4pnsM1PiQwhyQ_ijc9SOjyMS0_182771_192203.wav,Honeysuckle_UCwsaMpLNx4pnsM1PiQwhyQ_ijc9SOjyMS0,182771,192203,9432
Honeysuckle_UCwsaMpLNx4pnsM1PiQwhyQ_ijc9SOjyMS0_192339_195459.wav,Honeysuckle_UCwsaMpLNx4pnsM1PiQwhyQ_ijc9SOjyMS0,192339,195459,3120
Honeysuckle_UCwsaMpLNx4pnsM1PiQwhyQ_ijc9SOjyMS0_195683_198859.wav,Honeysuckle_UCwsaMpLNx4pnsM1PiQwhyQ_ijc9SOjyMS0,195683,198859,3176
Honeysuckle_UCwsaMpLNx4pnsM1PiQwhyQ_ijc9SOjyMS0_199483_205339.wav,Honeysuckle_UCwsaMpLNx4pnsM1PiQwhyQ_ijc9SOjyMS0,199483,205339,5856
Honeysuckle_UCwsaMpLNx4pnsM1PiQwhyQ_ijc9SOjyMS0_205467_211555.wav,Honeysuckle_UCwsaMpLNx4pnsM1PiQwhyQ_ijc9SOjyMS0,205467,211555,6088
Honeysuckle_UCwsaMpLNx4pnsM1PiQwhyQ_ijc9SOjyMS0_211659_218399.wav,Honeysuckle_UCwsaMpLNx4pnsM1PiQwhyQ_ijc9SOjyMS0,211659,218399,6740
Honeysuckle_UCwsaMpLNx4pnsM1PiQwhyQ_ijc9SOjyMS0_218551_226903.wav,Honeysuckle_UCwsaMpLNx4pnsM1PiQwhyQ_ijc9SOjyMS0,218551,226903,8352
Honeysuckle_UCwsaMpLNx4pnsM1PiQwhyQ_ijc9SOjyMS0_227343_230483.wav,Honeysuckle_UCwsaMpLNx4pnsM1PiQwhyQ_ijc9SOjyMS0,227343,230483,3140
Honeysuckle_UCwsaMpLNx4pnsM1PiQwhyQ_ijc9SOjyMS0_231059_232447.wav,Honeysuckle_UCwsaMpLNx4pnsM1PiQwhyQ_ijc9SOjyMS0,231059,232447,1388
Honeysuckle_UCwsaMpLNx4pnsM1PiQwhyQ_ijc9SOjyMS0_232599_239511.wav,Honeysuckle_UCwsaMpLNx4pnsM1PiQwhyQ_ijc9SOjyMS0,232599,239511,6912
Honeysuckle_UCwsaMpLNx4pnsM1PiQwhyQ_ijc9SOjyMS0_239719_240503.wav,Honeysuckle_UCwsaMpLNx4pnsM1PiQwhyQ_ijc9SOjyMS0,239719,240503,784
Honeysuckle_UCwsaMpLNx4pnsM1PiQwhyQ_ijc9SOjyMS0_240783_241663.wav,Honeysuckle_UCwsaMpLNx4pnsM1PiQwhyQ_ijc9SOjyMS0,240783,241663,880
Honeysuckle_UCwsaMpLNx4pnsM1PiQwhyQ_ijc9SOjyMS0_241935_250927.wav,Honeysuckle_UCwsaMpLNx4pnsM1PiQwhyQ_ijc9SOjyMS0,241935,250927,8992
Honeysuckle_UCwsaMpLNx4pnsM1PiQwhyQ_ijc9SOjyMS0_251223_253959.wav,Honeysuckle_UCwsaMpLNx4pnsM1PiQwhyQ_ijc9SOjyMS0,251223,253959,2736
Honeysuckle_UCwsaMpLNx4pnsM1PiQwhyQ_ijc9SOjyMS0_254119_261075.wav,Honeysuckle_UCwsaMpLNx4pnsM1PiQwhyQ_ijc9SOjyMS0,254119,261075,6956
Honeysuckle_UCwsaMpLNx4pnsM1PiQwhyQ_ijc9SOjyMS0_261331_270061.wav,Honeysuckle_UCwsaMpLNx4pnsM1PiQwhyQ_ijc9SOjyMS0,261331,270061,8730
Honeysuckle_UCwsaMpLNx4pnsM1PiQwhyQ_ijc9SOjyMS0_270269_271431.wav,Honeysuckle_UCwsaMpLNx4pnsM1PiQwhyQ_ijc9SOjyMS0,270269,271431,1162
Honeysuckle_UCwsaMpLNx4pnsM1PiQwhyQ_ijc9SOjyMS0_271679_277403.wav,Honeysuckle_UCwsaMpLNx4pnsM1PiQwhyQ_ijc9SOjyMS0,271679,277403,5724
Honeysuckle_UCwsaMpLNx4pnsM1PiQwhyQ_ijc9SOjyMS0_277563_285151.wav,Honeysuckle_UCwsaMpLNx4pnsM1PiQwhyQ_ijc9SOjyMS0,277563,285151,7588
Honeysuckle_UCwsaMpLNx4pnsM1PiQwhyQ_ijc9SOjyMS0_285335_287447.wav,Honeysuckle_UCwsaMpLNx4pnsM1PiQwhyQ_ijc9SOjyMS0,285335,287447,2112
Honeysuckle_UCwsaMpLNx4pnsM1PiQwhyQ_ijc9SOjyMS0_287775_293263.wav,Honeysuckle_UCwsaMpLNx4pnsM1PiQwhyQ_ijc9SOjyMS0,287775,293263,5488
Honeysuckle_UCwsaMpLNx4pnsM1PiQwhyQ_ijc9SOjyMS0_293487_294471.wav,Honeysuckle_UCwsaMpLNx4pnsM1PiQwhyQ_ijc9SOjyMS0,293487,294471,984
Honeysuckle_UCwsaMpLNx4pnsM1PiQwhyQ_ijc9SOjyMS0_294751_295295.wav,Honeysuckle_UCwsaMpLNx4pnsM1PiQwhyQ_ijc9SOjyMS0,294751,295295,544
Honeysuckle_UCwsaMpLNx4pnsM1PiQwhyQ_ijc9SOjyMS0_295703_298759.wav,Honeysuckle_UCwsaMpLNx4pnsM1PiQwhyQ_ijc9SOjyMS0,295703,298759,3056
Honeysuckle_UCwsaMpLNx4pnsM1PiQwhyQ_ijc9SOjyMS0_298911_305015.wav,Honeysuckle_UCwsaMpLNx4pnsM1PiQwhyQ_ijc9SOjyMS0,298911,305015,6104
Honeysuckle_UCwsaMpLNx4pnsM1PiQwhyQ_ijc9SOjyMS0_305271_310111.wav,Honeysuckle_UCwsaMpLNx4pnsM1PiQwhyQ_ijc9SOjyMS0,305271,310111,4840
Honeysuckle_UCwsaMpLNx4pnsM1PiQwhyQ_ijc9SOjyMS0_310391_314575.wav,Honeysuckle_UCwsaMpLNx4pnsM1PiQwhyQ_ijc9SOjyMS0,310391,314575,4184
Honeysuckle_UCwsaMpLNx4pnsM1PiQwhyQ_ijc9SOjyMS0_314999_323111.wav,Honeysuckle_UCwsaMpLNx4pnsM1PiQwhyQ_ijc9SOjyMS0,314999,323111,8112
Honeysuckle_UCwsaMpLNx4pnsM1PiQwhyQ_ijc9SOjyMS0_323607_326211.wav,Honeysuckle_UCwsaMpLNx4pnsM1PiQwhyQ_ijc9SOjyMS0,323607,326211,2604
Honeysuckle_UCwsaMpLNx4pnsM1PiQwhyQ_ijc9SOjyMS0_326363_333525.wav,Honeysuckle_UCwsaMpLNx4pnsM1PiQwhyQ_ijc9SOjyMS0,326363,333525,7162
Honeysuckle_UCwsaMpLNx4pnsM1PiQwhyQ_ijc9SOjyMS0_333797_337351.wav,Honeysuckle_UCwsaMpLNx4pnsM1PiQwhyQ_ijc9SOjyMS0,333797,337351,3554
Honeysuckle_UCwsaMpLNx4pnsM1PiQwhyQ_ijc9SOjyMS0_337927_338247.wav,Honeysuckle_UCwsaMpLNx4pnsM1PiQwhyQ_ijc9SOjyMS0,337927,338247,320
Honeysuckle_UCwsaMpLNx4pnsM1PiQwhyQ_ijc9SOjyMS0_338675_340371.wav,Honeysuckle_UCwsaMpLNx4pnsM1PiQwhyQ_ijc9SOjyMS0,338675,340371,1696
Honeysuckle_UCwsaMpLNx4pnsM1PiQwhyQ_ijc9SOjyMS0_341547_341675.wav,Honeysuckle_UCwsaMpLNx4pnsM1PiQwhyQ_ijc9SOjyMS0,341547,341675,128
Honeysuckle_UCwsaMpLNx4pnsM1PiQwhyQ_ijc9SOjyMS0_342083_342323.wav,Honeysuckle_UCwsaMpLNx4pnsM1PiQwhyQ_ijc9SOjyMS0,342083,342323,240
Honeysuckle_UCwsaMpLNx4pnsM1PiQwhyQ_ijc9SOjyMS0_342691_342851.wav,Honeysuckle_UCwsaMpLNx4pnsM1PiQwhyQ_ijc9SOjyMS0,342691,342851,160
Honeysuckle_UCwsaMpLNx4pnsM1PiQwhyQ_ijc9SOjyMS0_343643_353227.wav,Honeysuckle_UCwsaMpLNx4pnsM1PiQwhyQ_ijc9SOjyMS0,343643,353227,9584
Honeysuckle_UCwsaMpLNx4pnsM1PiQwhyQ_ijc9SOjyMS0_353803_355635.wav,Honeysuckle_UCwsaMpLNx4pnsM1PiQwhyQ_ijc9SOjyMS0,353803,355635,1832
Honeysuckle_UCwsaMpLNx4pnsM1PiQwhyQ_ijc9SOjyMS0_355827_360375.wav,Honeysuckle_UCwsaMpLNx4pnsM1PiQwhyQ_ijc9SOjyMS0,355827,360375,4548
Honeysuckle_UCwsaMpLNx4pnsM1PiQwhyQ_ijc9SOjyMS0_360727_366519.wav,Honeysuckle_UCwsaMpLNx4pnsM1PiQwhyQ_ijc9SOjyMS0,360727,366519,5792
Honeysuckle_UCwsaMpLNx4pnsM1PiQwhyQ_ijc9SOjyMS0_367019_367131.wav,Honeysuckle_UCwsaMpLNx4pnsM1PiQwhyQ_ijc9SOjyMS0,367019,367131,112
Honeysuckle_UCwsaMpLNx4pnsM1PiQwhyQ_ijc9SOjyMS0_367491_368515.wav,Honeysuckle_UCwsaMpLNx4pnsM1PiQwhyQ_ijc9SOjyMS0,367491,368515,1024
Honeysuckle_UCwsaMpLNx4pnsM1PiQwhyQ_ijc9SOjyMS0_368667_372515.wav,Honeysuckle_UCwsaMpLNx4pnsM1PiQwhyQ_ijc9SOjyMS0,368667,372515,3848
Honeysuckle_UCwsaMpLNx4pnsM1PiQwhyQ_ijc9SOjyMS0_372707_378707.wav,Honeysuckle_UCwsaMpLNx4pnsM1PiQwhyQ_ijc9SOjyMS0,372707,378707,6000
Honeysuckle_UCwsaMpLNx4pnsM1PiQwhyQ_ijc9SOjyMS0_378811_381771.wav,Honeysuckle_UCwsaMpLNx4pnsM1PiQwhyQ_ijc9SOjyMS0,378811,381771,2960
Honeysuckle_UCwsaMpLNx4pnsM1PiQwhyQ_ijc9SOjyMS0_381915_385747.wav,Honeysuckle_UCwsaMpLNx4pnsM1PiQwhyQ_ijc9SOjyMS0,381915,385747,3832
Honeysuckle_UCwsaMpLNx4pnsM1PiQwhyQ_ijc9SOjyMS0_386019_387275.wav,Honeysuckle_UCwsaMpLNx4pnsM1PiQwhyQ_ijc9SOjyMS0,386019,387275,1256
Honeysuckle_UCwsaMpLNx4pnsM1PiQwhyQ_ijc9SOjyMS0_387459_393959.wav,Honeysuckle_UCwsaMpLNx4pnsM1PiQwhyQ_ijc9SOjyMS0,387459,393959,6500
Honeysuckle_UCwsaMpLNx4pnsM1PiQwhyQ_ijc9SOjyMS0_394255_402127.wav,Honeysuckle_UCwsaMpLNx4pnsM1PiQwhyQ_ijc9SOjyMS0,394255,402127,7872
Honeysuckle_UCwsaMpLNx4pnsM1PiQwhyQ_ijc9SOjyMS0_402279_408731.wav,Honeysuckle_UCwsaMpLNx4pnsM1PiQwhyQ_ijc9SOjyMS0,402279,408731,6452
Honeysuckle_UCwsaMpLNx4pnsM1PiQwhyQ_ijc9SOjyMS0_408955_417035.wav,Honeysuckle_UCwsaMpLNx4pnsM1PiQwhyQ_ijc9SOjyMS0,408955,417035,8080
Honeysuckle_UCwsaMpLNx4pnsM1PiQwhyQ_ijc9SOjyMS0_417339_420211.wav,Honeysuckle_UCwsaMpLNx4pnsM1PiQwhyQ_ijc9SOjyMS0,417339,420211,2872
Honeysuckle_UCwsaMpLNx4pnsM1PiQwhyQ_ijc9SOjyMS0_420419_423531.wav,Honeysuckle_UCwsaMpLNx4pnsM1PiQwhyQ_ijc9SOjyMS0,420419,423531,3112
Honeysuckle_UCwsaMpLNx4pnsM1PiQwhyQ_ijc9SOjyMS0_424515_430291.wav,Honeysuckle_UCwsaMpLNx4pnsM1PiQwhyQ_ijc9SOjyMS0,424515,430291,5776
Honeysuckle_UCwsaMpLNx4pnsM1PiQwhyQ_ijc9SOjyMS0_430395_437343.wav,Honeysuckle_UCwsaMpLNx4pnsM1PiQwhyQ_ijc9SOjyMS0,430395,437343,6948
Honeysuckle_UCwsaMpLNx4pnsM1PiQwhyQ_ijc9SOjyMS0_437599_441587.wav,Honeysuckle_UCwsaMpLNx4pnsM1PiQwhyQ_ijc9SOjyMS0,437599,441587,3988
Honeysuckle_UCwsaMpLNx4pnsM1PiQwhyQ_ijc9SOjyMS0_441747_446059.wav,Honeysuckle_UCwsaMpLNx4pnsM1PiQwhyQ_ijc9SOjyMS0,441747,446059,4312
Honeysuckle_UCwsaMpLNx4pnsM1PiQwhyQ_ijc9SOjyMS0_446179_448003.wav,Honeysuckle_UCwsaMpLNx4pnsM1PiQwhyQ_ijc9SOjyMS0,446179,448003,1824
Honeysuckle_UCwsaMpLNx4pnsM1PiQwhyQ_ijc9SOjyMS0_448731_451063.wav,Honeysuckle_UCwsaMpLNx4pnsM1PiQwhyQ_ijc9SOjyMS0,448731,451063,2332
Honeysuckle_UCwsaMpLNx4pnsM1PiQwhyQ_ijc9SOjyMS0_451223_454119.wav,Honeysuckle_UCwsaMpLNx4pnsM1PiQwhyQ_ijc9SOjyMS0,451223,454119,2896
Honeysuckle_UCwsaMpLNx4pnsM1PiQwhyQ_ijc9SOjyMS0_454343_458849.wav,Honeysuckle_UCwsaMpLNx4pnsM1PiQwhyQ_ijc9SOjyMS0,454343,458849,4506
Honeysuckle_UCwsaMpLNx4pnsM1PiQwhyQ_ijc9SOjyMS0_459121_467522.wav,Honeysuckle_UCwsaMpLNx4pnsM1PiQwhyQ_ijc9SOjyMS0,459121,467522,8401
Honeysuckle_UCwsaMpLNx4pnsM1PiQwhyQ_ijc9SOjyMS0_467914_469114.wav,Honeysuckle_UCwsaMpLNx4pnsM1PiQwhyQ_ijc9SOjyMS0,467914,469114,1200
Honeysuckle_UCwsaMpLNx4pnsM1PiQwhyQ_ijc9SOjyMS0_469627_470171.wav,Honeysuckle_UCwsaMpLNx4pnsM1PiQwhyQ_ijc9SOjyMS0,469627,470171,544
Honeysuckle_UCwsaMpLNx4pnsM1PiQwhyQ_ijc9SOjyMS0_470307_471567.wav,Honeysuckle_UCwsaMpLNx4pnsM1PiQwhyQ_ijc9SOjyMS0,470307,471567,1260
Honeysuckle_UCwsaMpLNx4pnsM1PiQwhyQ_ijc9SOjyMS0_472065_475137.wav,Honeysuckle_UCwsaMpLNx4pnsM1PiQwhyQ_ijc9SOjyMS0,472065,475137,3072
Honeysuckle_UCwsaMpLNx4pnsM1PiQwhyQ_ijc9SOjyMS0_475577_483499.wav,Honeysuckle_UCwsaMpLNx4pnsM1PiQwhyQ_ijc9SOjyMS0,475577,483499,7922
Honeysuckle_UCwsaMpLNx4pnsM1PiQwhyQ_ijc9SOjyMS0_483715_485363.wav,Honeysuckle_UCwsaMpLNx4pnsM1PiQwhyQ_ijc9SOjyMS0,483715,485363,1648
Honeysuckle_UCwsaMpLNx4pnsM1PiQwhyQ_ijc9SOjyMS0_485467_489603.wav,Honeysuckle_UCwsaMpLNx4pnsM1PiQwhyQ_ijc9SOjyMS0,485467,489603,4136
Honeysuckle_UCwsaMpLNx4pnsM1PiQwhyQ_ijc9SOjyMS0_489715_490683.wav,Honeysuckle_UCwsaMpLNx4pnsM1PiQwhyQ_ijc9SOjyMS0,489715,490683,968
Honeysuckle_UCwsaMpLNx4pnsM1PiQwhyQ_ijc9SOjyMS0_490939_498283.wav,Honeysuckle_UCwsaMpLNx4pnsM1PiQwhyQ_ijc9SOjyMS0,490939,498283,7344
Honeysuckle_UCwsaMpLNx4pnsM1PiQwhyQ_ijc9SOjyMS0_498427_501691.wav,Honeysuckle_UCwsaMpLNx4pnsM1PiQwhyQ_ijc9SOjyMS0,498427,501691,3264
Honeysuckle_UCwsaMpLNx4pnsM1PiQwhyQ_ijc9SOjyMS0_501867_511563.wav,Honeysuckle_UCwsaMpLNx4pnsM1PiQwhyQ_ijc9SOjyMS0,501867,511563,9696
Honeysuckle_UCwsaMpLNx4pnsM1PiQwhyQ_ijc9SOjyMS0_511867_513179.wav,Honeysuckle_UCwsaMpLNx4pnsM1PiQwhyQ_ijc9SOjyMS0,511867,513179,1312
Honeysuckle_UCwsaMpLNx4pnsM1PiQwhyQ_ijc9SOjyMS0_513339_522359.wav,Honeysuckle_UCwsaMpLNx4pnsM1PiQwhyQ_ijc9SOjyMS0,513339,522359,9020
Honeysuckle_UCwsaMpLNx4pnsM1PiQwhyQ_ijc9SOjyMS0_522679_525371.wav,Honeysuckle_UCwsaMpLNx4pnsM1PiQwhyQ_ijc9SOjyMS0,522679,525371,2692
Honeysuckle_UCwsaMpLNx4pnsM1PiQwhyQ_ijc9SOjyMS0_525659_526355.wav,Honeysuckle_UCwsaMpLNx4pnsM1PiQwhyQ_ijc9SOjyMS0,525659,526355,696
Honeysuckle_UCwsaMpLNx4pnsM1PiQwhyQ_ijc9SOjyMS0_526699_527835.wav,Honeysuckle_UCwsaMpLNx4pnsM1PiQwhyQ_ijc9SOjyMS0,526699,527835,1136
Honeysuckle_UCwsaMpLNx4pnsM1PiQwhyQ_ijc9SOjyMS0_528107_531187.wav,Honeysuckle_UCwsaMpLNx4pnsM1PiQwhyQ_ijc9SOjyMS0,528107,531187,3080
Honeysuckle_UCwsaMpLNx4pnsM1PiQwhyQ_ijc9SOjyMS0_532195_540699.wav,Honeysuckle_UCwsaMpLNx4pnsM1PiQwhyQ_ijc9SOjyMS0,532195,540699,8504
Honeysuckle_UCwsaMpLNx4pnsM1PiQwhyQ_ijc9SOjyMS0_541067_542099.wav,Honeysuckle_UCwsaMpLNx4pnsM1PiQwhyQ_ijc9SOjyMS0,541067,542099,1032
Honeysuckle_UCwsaMpLNx4pnsM1PiQwhyQ_ijc9SOjyMS0_542259_544589.wav,Honeysuckle_UCwsaMpLNx4pnsM1PiQwhyQ_ijc9SOjyMS0,542259,544589,2330
Honeysuckle_UCwsaMpLNx4pnsM1PiQwhyQ_ijc9SOjyMS0_544925_550197.wav,Honeysuckle_UCwsaMpLNx4pnsM1PiQwhyQ_ijc9SOjyMS0,544925,550197,5272
Honeysuckle_UCwsaMpLNx4pnsM1PiQwhyQ_ijc9SOjyMS0_550445_558503.wav,Honeysuckle_UCwsaMpLNx4pnsM1PiQwhyQ_ijc9SOjyMS0,550445,558503,8058
Honeysuckle_UCwsaMpLNx4pnsM1PiQwhyQ_ijc9SOjyMS0_558799_559411.wav,Honeysuckle_UCwsaMpLNx4pnsM1PiQwhyQ_ijc9SOjyMS0,558799,559411,612
Honeysuckle_UCwsaMpLNx4pnsM1PiQwhyQ_ijc9SOjyMS0_559643_566483.wav,Honeysuckle_UCwsaMpLNx4pnsM1PiQwhyQ_ijc9SOjyMS0,559643,566483,6840
Honeysuckle_UCwsaMpLNx4pnsM1PiQwhyQ_ijc9SOjyMS0_566763_569203.wav,Honeysuckle_UCwsaMpLNx4pnsM1PiQwhyQ_ijc9SOjyMS0,566763,569203,2440
Honeysuckle_UCwsaMpLNx4pnsM1PiQwhyQ_ijc9SOjyMS0_569363_571283.wav,Honeysuckle_UCwsaMpLNx4pnsM1PiQwhyQ_ijc9SOjyMS0,569363,571283,1920
Honeysuckle_UCwsaMpLNx4pnsM1PiQwhyQ_ijc9SOjyMS0_571755_576031.wav,Honeysuckle_UCwsaMpLNx4pnsM1PiQwhyQ_ijc9SOjyMS0,571755,576031,4276
Honeysuckle_UCwsaMpLNx4pnsM1PiQwhyQ_ijc9SOjyMS0_576495_582873.wav,Honeysuckle_UCwsaMpLNx4pnsM1PiQwhyQ_ijc9SOjyMS0,576495,582873,6378
Honeysuckle_UCwsaMpLNx4pnsM1PiQwhyQ_ijc9SOjyMS0_583161_587027.wav,Honeysuckle_UCwsaMpLNx4pnsM1PiQwhyQ_ijc9SOjyMS0,583161,587027,3866
Honeysuckle_UCwsaMpLNx4pnsM1PiQwhyQ_ijc9SOjyMS0_587235_588475.wav,Honeysuckle_UCwsaMpLNx4pnsM1PiQwhyQ_ijc9SOjyMS0,587235,588475,1240
Honeysuckle_UCwsaMpLNx4pnsM1PiQwhyQ_ijc9SOjyMS0_588675_588875.wav,Honeysuckle_UCwsaMpLNx4pnsM1PiQwhyQ_ijc9SOjyMS0,588675,588875,200
Honeysuckle_UCwsaMpLNx4pnsM1PiQwhyQ_ijc9SOjyMS0_589147_589987.wav,Honeysuckle_UCwsaMpLNx4pnsM1PiQwhyQ_ijc9SOjyMS0,589147,589987,840
Honeysuckle_UCwsaMpLNx4pnsM1PiQwhyQ_ijc9SOjyMS0_590371_598239.wav,Honeysuckle_UCwsaMpLNx4pnsM1PiQwhyQ_ijc9SOjyMS0,590371,598239,7868
Honeysuckle_UCwsaMpLNx4pnsM1PiQwhyQ_ijc9SOjyMS0_598495_598599.wav,Honeysuckle_UCwsaMpLNx4pnsM1PiQwhyQ_ijc9SOjyMS0,598495,598599,104
Honeysuckle_UCwsaMpLNx4pnsM1PiQwhyQ_ijc9SOjyMS0_598887_605873.wav,Honeysuckle_UCwsaMpLNx4pnsM1PiQwhyQ_ijc9SOjyMS0,598887,605873,6986
Honeysuckle_UCwsaMpLNx4pnsM1PiQwhyQ_ijc9SOjyMS0_606201_610667.wav,Honeysuckle_UCwsaMpLNx4pnsM1PiQwhyQ_ijc9SOjyMS0,606201,610667,4466
Honeysuckle_UCwsaMpLNx4pnsM1PiQwhyQ_ijc9SOjyMS0_610835_619659.wav,Honeysuckle_UCwsaMpLNx4pnsM1PiQwhyQ_ijc9SOjyMS0,610835,619659,8824
Honeysuckle_UCwsaMpLNx4pnsM1PiQwhyQ_ijc9SOjyMS0_619787_624179.wav,Honeysuckle_UCwsaMpLNx4pnsM1PiQwhyQ_ijc9SOjyMS0,619787,624179,4392
Honeysuckle_UCwsaMpLNx4pnsM1PiQwhyQ_ijc9SOjyMS0_624379_630011.wav,Honeysuckle_UCwsaMpLNx4pnsM1PiQwhyQ_ijc9SOjyMS0,624379,630011,5632
Honeysuckle_UCwsaMpLNx4pnsM1PiQwhyQ_ijc9SOjyMS0_630131_635471.wav,Honeysuckle_UCwsaMpLNx4pnsM1PiQwhyQ_ijc9SOjyMS0,630131,635471,5340
Honeysuckle_UCwsaMpLNx4pnsM1PiQwhyQ_ijc9SOjyMS0_635719_641895.wav,Honeysuckle_UCwsaMpLNx4pnsM1PiQwhyQ_ijc9SOjyMS0,635719,641895,6176
Honeysuckle_UCwsaMpLNx4pnsM1PiQwhyQ_ijc9SOjyMS0_642047_642439.wav,Honeysuckle_UCwsaMpLNx4pnsM1PiQwhyQ_ijc9SOjyMS0,642047,642439,392
Honeysuckle_UCwsaMpLNx4pnsM1PiQwhyQ_ijc9SOjyMS0_642663_643035.wav,Honeysuckle_UCwsaMpLNx4pnsM1PiQwhyQ_ijc9SOjyMS0,642663,643035,372
Honeysuckle_UCwsaMpLNx4pnsM1PiQwhyQ_ijc9SOjyMS0_643211_644659.wav,Honeysuckle_UCwsaMpLNx4pnsM1PiQwhyQ_ijc9SOjyMS0,643211,644659,1448
Honeysuckle_UCwsaMpLNx4pnsM1PiQwhyQ_ijc9SOjyMS0_644931_647327.wav,Honeysuckle_UCwsaMpLNx4pnsM1PiQwhyQ_ijc9SOjyMS0,644931,647327,2396
Honeysuckle_UCwsaMpLNx4pnsM1PiQwhyQ_ijc9SOjyMS0_647607_648575.wav,Honeysuckle_UCwsaMpLNx4pnsM1PiQwhyQ_ijc9SOjyMS0,647607,648575,968
Honeysuckle_UCwsaMpLNx4pnsM1PiQwhyQ_ijc9SOjyMS0_648919_655175.wav,Honeysuckle_UCwsaMpLNx4pnsM1PiQwhyQ_ijc9SOjyMS0,648919,655175,6256
Honeysuckle_UCwsaMpLNx4pnsM1PiQwhyQ_ijc9SOjyMS0_655511_662731.wav,Honeysuckle_UCwsaMpLNx4pnsM1PiQwhyQ_ijc9SOjyMS0,655511,662731,7220
Honeysuckle_UCwsaMpLNx4pnsM1PiQwhyQ_ijc9SOjyMS0_663139_666343.wav,Honeysuckle_UCwsaMpLNx4pnsM1PiQwhyQ_ijc9SOjyMS0,663139,666343,3204
Honeysuckle_UCwsaMpLNx4pnsM1PiQwhyQ_ijc9SOjyMS0_666703_669791.wav,Honeysuckle_UCwsaMpLNx4pnsM1PiQwhyQ_ijc9SOjyMS0,666703,669791,3088
Honeysuckle_UCwsaMpLNx4pnsM1PiQwhyQ_ijc9SOjyMS0_670055_674615.wav,Honeysuckle_UCwsaMpLNx4pnsM1PiQwhyQ_ijc9SOjyMS0,670055,674615,4560
Honeysuckle_UCwsaMpLNx4pnsM1PiQwhyQ_ijc9SOjyMS0_675027_681043.wav,Honeysuckle_UCwsaMpLNx4pnsM1PiQwhyQ_ijc9SOjyMS0,675027,681043,6016
Honeysuckle_UCwsaMpLNx4pnsM1PiQwhyQ_ijc9SOjyMS0_681403_686187.wav,Honeysuckle_UCwsaMpLNx4pnsM1PiQwhyQ_ijc9SOjyMS0,681403,686187,4784
Honeysuckle_UCwsaMpLNx4pnsM1PiQwhyQ_ijc9SOjyMS0_686515_686955.wav,Honeysuckle_UCwsaMpLNx4pnsM1PiQwhyQ_ijc9SOjyMS0,686515,686955,440
Honeysuckle_UCwsaMpLNx4pnsM1PiQwhyQ_ijc9SOjyMS0_687179_691011.wav,Honeysuckle_UCwsaMpLNx4pnsM1PiQwhyQ_ijc9SOjyMS0,687179,691011,3832
Honeysuckle_UCwsaMpLNx4pnsM1PiQwhyQ_ijc9SOjyMS0_691211_696227.wav,Honeysuckle_UCwsaMpLNx4pnsM1PiQwhyQ_ijc9SOjyMS0,691211,696227,5016
Honeysuckle_UCwsaMpLNx4pnsM1PiQwhyQ_ijc9SOjyMS0_696555_701475.wav,Honeysuckle_UCwsaMpLNx4pnsM1PiQwhyQ_ijc9SOjyMS0,696555,701475,4920
Honeysuckle_UCwsaMpLNx4pnsM1PiQwhyQ_ijc9SOjyMS0_701835_706227.wav,Honeysuckle_UCwsaMpLNx4pnsM1PiQwhyQ_ijc9SOjyMS0,701835,706227,4392
Honeysuckle_UCwsaMpLNx4pnsM1PiQwhyQ_ijc9SOjyMS0_706339_711023.wav,Honeysuckle_UCwsaMpLNx4pnsM1PiQwhyQ_ijc9SOjyMS0,706339,711023,4684
Honeysuckle_UCwsaMpLNx4pnsM1PiQwhyQ_ijc9SOjyMS0_711199_718019.wav,Honeysuckle_UCwsaMpLNx4pnsM1PiQwhyQ_ijc9SOjyMS0,711199,718019,6820
Honeysuckle_UCwsaMpLNx4pnsM1PiQwhyQ_ijc9SOjyMS0_718635_726059.wav,Honeysuckle_UCwsaMpLNx4pnsM1PiQwhyQ_ijc9SOjyMS0,718635,726059,7424
Honeysuckle_UCwsaMpLNx4pnsM1PiQwhyQ_ijc9SOjyMS0_726171_729899.wav,Honeysuckle_UCwsaMpLNx4pnsM1PiQwhyQ_ijc9SOjyMS0,726171,729899,3728
Honeysuckle_UCwsaMpLNx4pnsM1PiQwhyQ_ijc9SOjyMS0_730499_736563.wav,Honeysuckle_UCwsaMpLNx4pnsM1PiQwhyQ_ijc9SOjyMS0,730499,736563,6064
Honeysuckle_UCwsaMpLNx4pnsM1PiQwhyQ_ijc9SOjyMS0_737259_741091.wav,Honeysuckle_UCwsaMpLNx4pnsM1PiQwhyQ_ijc9SOjyMS0,737259,741091,3832
Honeysuckle_UCwsaMpLNx4pnsM1PiQwhyQ_ijc9SOjyMS0_741427_745860.wav,Honeysuckle_UCwsaMpLNx4pnsM1PiQwhyQ_ijc9SOjyMS0,741427,745860,4433
Honeysuckle_UCwsaMpLNx4pnsM1PiQwhyQ_ijc9SOjyMS0_746180_754237.wav,Honeysuckle_UCwsaMpLNx4pnsM1PiQwhyQ_ijc9SOjyMS0,746180,754237,8057
Honeysuckle_UCwsaMpLNx4pnsM1PiQwhyQ_ijc9SOjyMS0_754445_755597.wav,Honeysuckle_UCwsaMpLNx4pnsM1PiQwhyQ_ijc9SOjyMS0,754445,755597,1152
Honeysuckle_UCwsaMpLNx4pnsM1PiQwhyQ_ijc9SOjyMS0_755909_764741.wav,Honeysuckle_UCwsaMpLNx4pnsM1PiQwhyQ_ijc9SOjyMS0,755909,764741,8832
Honeysuckle_UCwsaMpLNx4pnsM1PiQwhyQ_ijc9SOjyMS0_765077_771757.wav,Honeysuckle_UCwsaMpLNx4pnsM1PiQwhyQ_ijc9SOjyMS0,765077,771757,6680
Honeysuckle_UCwsaMpLNx4pnsM1PiQwhyQ_ijc9SOjyMS0_772165_774981.wav,Honeysuckle_UCwsaMpLNx4pnsM1PiQwhyQ_ijc9SOjyMS0,772165,774981,2816
Honeysuckle_UCwsaMpLNx4pnsM1PiQwhyQ_ijc9SOjyMS0_775357_778893.wav,Honeysuckle_UCwsaMpLNx4pnsM1PiQwhyQ_ijc9SOjyMS0,775357,778893,3536
Honeysuckle_UCwsaMpLNx4pnsM1PiQwhyQ_ijc9SOjyMS0_779277_780605.wav,Honeysuckle_UCwsaMpLNx4pnsM1PiQwhyQ_ijc9SOjyMS0,779277,780605,1328
Honeysuckle_UCwsaMpLNx4pnsM1PiQwhyQ_ijc9SOjyMS0_780805_786727.wav,Honeysuckle_UCwsaMpLNx4pnsM1PiQwhyQ_ijc9SOjyMS0,780805,786727,5922
Honeysuckle_UCwsaMpLNx4pnsM1PiQwhyQ_ijc9SOjyMS0_786887_789219.wav,Honeysuckle_UCwsaMpLNx4pnsM1PiQwhyQ_ijc9SOjyMS0,786887,789219,2332
Honeysuckle_UCwsaMpLNx4pnsM1PiQwhyQ_ijc9SOjyMS0_789379_798131.wav,Honeysuckle_UCwsaMpLNx4pnsM1PiQwhyQ_ijc9SOjyMS0,789379,798131,8752
Honeysuckle_UCwsaMpLNx4pnsM1PiQwhyQ_ijc9SOjyMS0_798283_801339.wav,Honeysuckle_UCwsaMpLNx4pnsM1PiQwhyQ_ijc9SOjyMS0,798283,801339,3056
