filename,video_id,start_time,end_time,duration
SandyLin_UCnYWIUcX6BRn0F2tclt7mVg_dBM39VcSbw_306_4338.wav,SandyLin_UCnYWIUcX6BRn0F2tclt7mVg_dBM39VcSbw,306,4338,4032
SandyLin_UCnYWIUcX6BRn0F2tclt7mVg_dBM39VcSbw_4674_12962.wav,SandyLin_UCnYWIUcX6BRn0F2tclt7mVg_dBM39VcSbw,4674,12962,8288
SandyLin_UCnYWIUcX6BRn0F2tclt7mVg_dBM39VcSbw_13218_20994.wav,SandyLin_UCnYWIUcX6BRn0F2tclt7mVg_dBM39VcSbw,13218,20994,7776
SandyLin_UCnYWIUcX6BRn0F2tclt7mVg_dBM39VcSbw_21274_30298.wav,SandyLin_UCnYWIUcX6BRn0F2tclt7mVg_dBM39VcSbw,21274,30298,9024
SandyLin_UCnYWIUcX6BRn0F2tclt7mVg_dBM39VcSbw_30458_35858.wav,SandyLin_UCnYWIUcX6BRn0F2tclt7mVg_dBM39VcSbw,30458,35858,5400
SandyLin_UCnYWIUcX6BRn0F2tclt7mVg_dBM39VcSbw_36170_39406.wav,SandyLin_UCnYWIUcX6BRn0F2tclt7mVg_dBM39VcSbw,36170,39406,3236
SandyLin_UCnYWIUcX6BRn0F2tclt7mVg_dBM39VcSbw_39622_46386.wav,SandyLin_UCnYWIUcX6BRn0F2tclt7mVg_dBM39VcSbw,39622,46386,6764
SandyLin_UCnYWIUcX6BRn0F2tclt7mVg_dBM39VcSbw_46858_47318.wav,SandyLin_UCnYWIUcX6BRn0F2tclt7mVg_dBM39VcSbw,46858,47318,460
SandyLin_UCnYWIUcX6BRn0F2tclt7mVg_dBM39VcSbw_47518_50618.wav,SandyLin_UCnYWIUcX6BRn0F2tclt7mVg_dBM39VcSbw,47518,50618,3100
SandyLin_UCnYWIUcX6BRn0F2tclt7mVg_dBM39VcSbw_51042_54354.wav,SandyLin_UCnYWIUcX6BRn0F2tclt7mVg_dBM39VcSbw,51042,54354,3312
SandyLin_UCnYWIUcX6BRn0F2tclt7mVg_dBM39VcSbw_54658_61939.wav,SandyLin_UCnYWIUcX6BRn0F2tclt7mVg_dBM39VcSbw,54658,61939,7281
SandyLin_UCnYWIUcX6BRn0F2tclt7mVg_dBM39VcSbw_62083_65644.wav,SandyLin_UCnYWIUcX6BRn0F2tclt7mVg_dBM39VcSbw,62083,65644,3561
SandyLin_UCnYWIUcX6BRn0F2tclt7mVg_dBM39VcSbw_65956_66734.wav,SandyLin_UCnYWIUcX6BRn0F2tclt7mVg_dBM39VcSbw,65956,66734,778
SandyLin_UCnYWIUcX6BRn0F2tclt7mVg_dBM39VcSbw_66958_68839.wav,SandyLin_UCnYWIUcX6BRn0F2tclt7mVg_dBM39VcSbw,66958,68839,1881
SandyLin_UCnYWIUcX6BRn0F2tclt7mVg_dBM39VcSbw_69039_70559.wav,SandyLin_UCnYWIUcX6BRn0F2tclt7mVg_dBM39VcSbw,69039,70559,1520
SandyLin_UCnYWIUcX6BRn0F2tclt7mVg_dBM39VcSbw_70783_79728.wav,SandyLin_UCnYWIUcX6BRn0F2tclt7mVg_dBM39VcSbw,70783,79728,8945
SandyLin_UCnYWIUcX6BRn0F2tclt7mVg_dBM39VcSbw_80064_85402.wav,SandyLin_UCnYWIUcX6BRn0F2tclt7mVg_dBM39VcSbw,80064,85402,5338
SandyLin_UCnYWIUcX6BRn0F2tclt7mVg_dBM39VcSbw_85706_86866.wav,SandyLin_UCnYWIUcX6BRn0F2tclt7mVg_dBM39VcSbw,85706,86866,1160
SandyLin_UCnYWIUcX6BRn0F2tclt7mVg_dBM39VcSbw_87138_93460.wav,SandyLin_UCnYWIUcX6BRn0F2tclt7mVg_dBM39VcSbw,87138,93460,6322
SandyLin_UCnYWIUcX6BRn0F2tclt7mVg_dBM39VcSbw_93628_97516.wav,SandyLin_UCnYWIUcX6BRn0F2tclt7mVg_dBM39VcSbw,93628,97516,3888
SandyLin_UCnYWIUcX6BRn0F2tclt7mVg_dBM39VcSbw_97830_100680.wav,SandyLin_UCnYWIUcX6BRn0F2tclt7mVg_dBM39VcSbw,97830,100680,2850
SandyLin_UCnYWIUcX6BRn0F2tclt7mVg_dBM39VcSbw_100864_108760.wav,SandyLin_UCnYWIUcX6BRn0F2tclt7mVg_dBM39VcSbw,100864,108760,7896
SandyLin_UCnYWIUcX6BRn0F2tclt7mVg_dBM39VcSbw_108920_109064.wav,SandyLin_UCnYWIUcX6BRn0F2tclt7mVg_dBM39VcSbw,108920,109064,144
SandyLin_UCnYWIUcX6BRn0F2tclt7mVg_dBM39VcSbw_109216_113288.wav,SandyLin_UCnYWIUcX6BRn0F2tclt7mVg_dBM39VcSbw,109216,113288,4072
SandyLin_UCnYWIUcX6BRn0F2tclt7mVg_dBM39VcSbw_113842_116298.wav,SandyLin_UCnYWIUcX6BRn0F2tclt7mVg_dBM39VcSbw,113842,116298,2456
SandyLin_UCnYWIUcX6BRn0F2tclt7mVg_dBM39VcSbw_116754_125554.wav,SandyLin_UCnYWIUcX6BRn0F2tclt7mVg_dBM39VcSbw,116754,125554,8800
SandyLin_UCnYWIUcX6BRn0F2tclt7mVg_dBM39VcSbw_125746_131074.wav,SandyLin_UCnYWIUcX6BRn0F2tclt7mVg_dBM39VcSbw,125746,131074,5328
SandyLin_UCnYWIUcX6BRn0F2tclt7mVg_dBM39VcSbw_131290_135330.wav,SandyLin_UCnYWIUcX6BRn0F2tclt7mVg_dBM39VcSbw,131290,135330,4040
SandyLin_UCnYWIUcX6BRn0F2tclt7mVg_dBM39VcSbw_135658_141530.wav,SandyLin_UCnYWIUcX6BRn0F2tclt7mVg_dBM39VcSbw,135658,141530,5872
SandyLin_UCnYWIUcX6BRn0F2tclt7mVg_dBM39VcSbw_142098_142522.wav,SandyLin_UCnYWIUcX6BRn0F2tclt7mVg_dBM39VcSbw,142098,142522,424
SandyLin_UCnYWIUcX6BRn0F2tclt7mVg_dBM39VcSbw_142682_144394.wav,SandyLin_UCnYWIUcX6BRn0F2tclt7mVg_dBM39VcSbw,142682,144394,1712
SandyLin_UCnYWIUcX6BRn0F2tclt7mVg_dBM39VcSbw_144682_146162.wav,SandyLin_UCnYWIUcX6BRn0F2tclt7mVg_dBM39VcSbw,144682,146162,1480
SandyLin_UCnYWIUcX6BRn0F2tclt7mVg_dBM39VcSbw_146434_155718.wav,SandyLin_UCnYWIUcX6BRn0F2tclt7mVg_dBM39VcSbw,146434,155718,9284
SandyLin_UCnYWIUcX6BRn0F2tclt7mVg_dBM39VcSbw_155830_157106.wav,SandyLin_UCnYWIUcX6BRn0F2tclt7mVg_dBM39VcSbw,155830,157106,1276
SandyLin_UCnYWIUcX6BRn0F2tclt7mVg_dBM39VcSbw_157554_165754.wav,SandyLin_UCnYWIUcX6BRn0F2tclt7mVg_dBM39VcSbw,157554,165754,8200
SandyLin_UCnYWIUcX6BRn0F2tclt7mVg_dBM39VcSbw_165866_169602.wav,SandyLin_UCnYWIUcX6BRn0F2tclt7mVg_dBM39VcSbw,165866,169602,3736
SandyLin_UCnYWIUcX6BRn0F2tclt7mVg_dBM39VcSbw_169714_175466.wav,SandyLin_UCnYWIUcX6BRn0F2tclt7mVg_dBM39VcSbw,169714,175466,5752
SandyLin_UCnYWIUcX6BRn0F2tclt7mVg_dBM39VcSbw_175786_177274.wav,SandyLin_UCnYWIUcX6BRn0F2tclt7mVg_dBM39VcSbw,175786,177274,1488
SandyLin_UCnYWIUcX6BRn0F2tclt7mVg_dBM39VcSbw_177570_177978.wav,SandyLin_UCnYWIUcX6BRn0F2tclt7mVg_dBM39VcSbw,177570,177978,408
SandyLin_UCnYWIUcX6BRn0F2tclt7mVg_dBM39VcSbw_178458_185996.wav,SandyLin_UCnYWIUcX6BRn0F2tclt7mVg_dBM39VcSbw,178458,185996,7538
SandyLin_UCnYWIUcX6BRn0F2tclt7mVg_dBM39VcSbw_186412_191308.wav,SandyLin_UCnYWIUcX6BRn0F2tclt7mVg_dBM39VcSbw,186412,191308,4896
SandyLin_UCnYWIUcX6BRn0F2tclt7mVg_dBM39VcSbw_191476_197896.wav,SandyLin_UCnYWIUcX6BRn0F2tclt7mVg_dBM39VcSbw,191476,197896,6420
SandyLin_UCnYWIUcX6BRn0F2tclt7mVg_dBM39VcSbw_198136_199056.wav,SandyLin_UCnYWIUcX6BRn0F2tclt7mVg_dBM39VcSbw,198136,199056,920
SandyLin_UCnYWIUcX6BRn0F2tclt7mVg_dBM39VcSbw_199272_201064.wav,SandyLin_UCnYWIUcX6BRn0F2tclt7mVg_dBM39VcSbw,199272,201064,1792
SandyLin_UCnYWIUcX6BRn0F2tclt7mVg_dBM39VcSbw_201312_207106.wav,SandyLin_UCnYWIUcX6BRn0F2tclt7mVg_dBM39VcSbw,201312,207106,5794
SandyLin_UCnYWIUcX6BRn0F2tclt7mVg_dBM39VcSbw_207434_211019.wav,SandyLin_UCnYWIUcX6BRn0F2tclt7mVg_dBM39VcSbw,207434,211019,3585
SandyLin_UCnYWIUcX6BRn0F2tclt7mVg_dBM39VcSbw_211355_214643.wav,SandyLin_UCnYWIUcX6BRn0F2tclt7mVg_dBM39VcSbw,211355,214643,3288
SandyLin_UCnYWIUcX6BRn0F2tclt7mVg_dBM39VcSbw_215107_217692.wav,SandyLin_UCnYWIUcX6BRn0F2tclt7mVg_dBM39VcSbw,215107,217692,2585
SandyLin_UCnYWIUcX6BRn0F2tclt7mVg_dBM39VcSbw_217852_221708.wav,SandyLin_UCnYWIUcX6BRn0F2tclt7mVg_dBM39VcSbw,217852,221708,3856
SandyLin_UCnYWIUcX6BRn0F2tclt7mVg_dBM39VcSbw_222254_225758.wav,SandyLin_UCnYWIUcX6BRn0F2tclt7mVg_dBM39VcSbw,222254,225758,3504
SandyLin_UCnYWIUcX6BRn0F2tclt7mVg_dBM39VcSbw_226174_226854.wav,SandyLin_UCnYWIUcX6BRn0F2tclt7mVg_dBM39VcSbw,226174,226854,680
SandyLin_UCnYWIUcX6BRn0F2tclt7mVg_dBM39VcSbw_227086_232334.wav,SandyLin_UCnYWIUcX6BRn0F2tclt7mVg_dBM39VcSbw,227086,232334,5248
SandyLin_UCnYWIUcX6BRn0F2tclt7mVg_dBM39VcSbw_232550_233174.wav,SandyLin_UCnYWIUcX6BRn0F2tclt7mVg_dBM39VcSbw,232550,233174,624
SandyLin_UCnYWIUcX6BRn0F2tclt7mVg_dBM39VcSbw_233326_235558.wav,SandyLin_UCnYWIUcX6BRn0F2tclt7mVg_dBM39VcSbw,233326,235558,2232
SandyLin_UCnYWIUcX6BRn0F2tclt7mVg_dBM39VcSbw_235694_237382.wav,SandyLin_UCnYWIUcX6BRn0F2tclt7mVg_dBM39VcSbw,235694,237382,1688
SandyLin_UCnYWIUcX6BRn0F2tclt7mVg_dBM39VcSbw_237606_246350.wav,SandyLin_UCnYWIUcX6BRn0F2tclt7mVg_dBM39VcSbw,237606,246350,8744
SandyLin_UCnYWIUcX6BRn0F2tclt7mVg_dBM39VcSbw_246606_247686.wav,SandyLin_UCnYWIUcX6BRn0F2tclt7mVg_dBM39VcSbw,246606,247686,1080
SandyLin_UCnYWIUcX6BRn0F2tclt7mVg_dBM39VcSbw_248054_250022.wav,SandyLin_UCnYWIUcX6BRn0F2tclt7mVg_dBM39VcSbw,248054,250022,1968
SandyLin_UCnYWIUcX6BRn0F2tclt7mVg_dBM39VcSbw_250238_252198.wav,SandyLin_UCnYWIUcX6BRn0F2tclt7mVg_dBM39VcSbw,250238,252198,1960
SandyLin_UCnYWIUcX6BRn0F2tclt7mVg_dBM39VcSbw_252318_253454.wav,SandyLin_UCnYWIUcX6BRn0F2tclt7mVg_dBM39VcSbw,252318,253454,1136
SandyLin_UCnYWIUcX6BRn0F2tclt7mVg_dBM39VcSbw_253630_257510.wav,SandyLin_UCnYWIUcX6BRn0F2tclt7mVg_dBM39VcSbw,253630,257510,3880
SandyLin_UCnYWIUcX6BRn0F2tclt7mVg_dBM39VcSbw_257614_261702.wav,SandyLin_UCnYWIUcX6BRn0F2tclt7mVg_dBM39VcSbw,257614,261702,4088
SandyLin_UCnYWIUcX6BRn0F2tclt7mVg_dBM39VcSbw_261862_268558.wav,SandyLin_UCnYWIUcX6BRn0F2tclt7mVg_dBM39VcSbw,261862,268558,6696
SandyLin_UCnYWIUcX6BRn0F2tclt7mVg_dBM39VcSbw_268790_277654.wav,SandyLin_UCnYWIUcX6BRn0F2tclt7mVg_dBM39VcSbw,268790,277654,8864
SandyLin_UCnYWIUcX6BRn0F2tclt7mVg_dBM39VcSbw_277782_279118.wav,SandyLin_UCnYWIUcX6BRn0F2tclt7mVg_dBM39VcSbw,277782,279118,1336
SandyLin_UCnYWIUcX6BRn0F2tclt7mVg_dBM39VcSbw_279358_283854.wav,SandyLin_UCnYWIUcX6BRn0F2tclt7mVg_dBM39VcSbw,279358,283854,4496
SandyLin_UCnYWIUcX6BRn0F2tclt7mVg_dBM39VcSbw_284006_291306.wav,SandyLin_UCnYWIUcX6BRn0F2tclt7mVg_dBM39VcSbw,284006,291306,7300
SandyLin_UCnYWIUcX6BRn0F2tclt7mVg_dBM39VcSbw_291778_292554.wav,SandyLin_UCnYWIUcX6BRn0F2tclt7mVg_dBM39VcSbw,291778,292554,776
SandyLin_UCnYWIUcX6BRn0F2tclt7mVg_dBM39VcSbw_292922_296322.wav,SandyLin_UCnYWIUcX6BRn0F2tclt7mVg_dBM39VcSbw,292922,296322,3400
SandyLin_UCnYWIUcX6BRn0F2tclt7mVg_dBM39VcSbw_296506_305930.wav,SandyLin_UCnYWIUcX6BRn0F2tclt7mVg_dBM39VcSbw,296506,305930,9424
SandyLin_UCnYWIUcX6BRn0F2tclt7mVg_dBM39VcSbw_306234_315238.wav,SandyLin_UCnYWIUcX6BRn0F2tclt7mVg_dBM39VcSbw,306234,315238,9004
SandyLin_UCnYWIUcX6BRn0F2tclt7mVg_dBM39VcSbw_315382_323878.wav,SandyLin_UCnYWIUcX6BRn0F2tclt7mVg_dBM39VcSbw,315382,323878,8496
SandyLin_UCnYWIUcX6BRn0F2tclt7mVg_dBM39VcSbw_324006_324866.wav,SandyLin_UCnYWIUcX6BRn0F2tclt7mVg_dBM39VcSbw,324006,324866,860
SandyLin_UCnYWIUcX6BRn0F2tclt7mVg_dBM39VcSbw_325154_334058.wav,SandyLin_UCnYWIUcX6BRn0F2tclt7mVg_dBM39VcSbw,325154,334058,8904
SandyLin_UCnYWIUcX6BRn0F2tclt7mVg_dBM39VcSbw_334266_337386.wav,SandyLin_UCnYWIUcX6BRn0F2tclt7mVg_dBM39VcSbw,334266,337386,3120
SandyLin_UCnYWIUcX6BRn0F2tclt7mVg_dBM39VcSbw_337594_343098.wav,SandyLin_UCnYWIUcX6BRn0F2tclt7mVg_dBM39VcSbw,337594,343098,5504
SandyLin_UCnYWIUcX6BRn0F2tclt7mVg_dBM39VcSbw_343474_344326.wav,SandyLin_UCnYWIUcX6BRn0F2tclt7mVg_dBM39VcSbw,343474,344326,852
SandyLin_UCnYWIUcX6BRn0F2tclt7mVg_dBM39VcSbw_344526_348342.wav,SandyLin_UCnYWIUcX6BRn0F2tclt7mVg_dBM39VcSbw,344526,348342,3816
SandyLin_UCnYWIUcX6BRn0F2tclt7mVg_dBM39VcSbw_348550_356106.wav,SandyLin_UCnYWIUcX6BRn0F2tclt7mVg_dBM39VcSbw,348550,356106,7556
SandyLin_UCnYWIUcX6BRn0F2tclt7mVg_dBM39VcSbw_356258_356930.wav,SandyLin_UCnYWIUcX6BRn0F2tclt7mVg_dBM39VcSbw,356258,356930,672
SandyLin_UCnYWIUcX6BRn0F2tclt7mVg_dBM39VcSbw_357034_359602.wav,SandyLin_UCnYWIUcX6BRn0F2tclt7mVg_dBM39VcSbw,357034,359602,2568
SandyLin_UCnYWIUcX6BRn0F2tclt7mVg_dBM39VcSbw_359826_362906.wav,SandyLin_UCnYWIUcX6BRn0F2tclt7mVg_dBM39VcSbw,359826,362906,3080
SandyLin_UCnYWIUcX6BRn0F2tclt7mVg_dBM39VcSbw_363162_370218.wav,SandyLin_UCnYWIUcX6BRn0F2tclt7mVg_dBM39VcSbw,363162,370218,7056
SandyLin_UCnYWIUcX6BRn0F2tclt7mVg_dBM39VcSbw_370538_372234.wav,SandyLin_UCnYWIUcX6BRn0F2tclt7mVg_dBM39VcSbw,370538,372234,1696
SandyLin_UCnYWIUcX6BRn0F2tclt7mVg_dBM39VcSbw_372586_375170.wav,SandyLin_UCnYWIUcX6BRn0F2tclt7mVg_dBM39VcSbw,372586,375170,2584
SandyLin_UCnYWIUcX6BRn0F2tclt7mVg_dBM39VcSbw_375442_378622.wav,SandyLin_UCnYWIUcX6BRn0F2tclt7mVg_dBM39VcSbw,375442,378622,3180
SandyLin_UCnYWIUcX6BRn0F2tclt7mVg_dBM39VcSbw_378854_387434.wav,SandyLin_UCnYWIUcX6BRn0F2tclt7mVg_dBM39VcSbw,378854,387434,8580
SandyLin_UCnYWIUcX6BRn0F2tclt7mVg_dBM39VcSbw_387666_388770.wav,SandyLin_UCnYWIUcX6BRn0F2tclt7mVg_dBM39VcSbw,387666,388770,1104
SandyLin_UCnYWIUcX6BRn0F2tclt7mVg_dBM39VcSbw_388922_390562.wav,SandyLin_UCnYWIUcX6BRn0F2tclt7mVg_dBM39VcSbw,388922,390562,1640
SandyLin_UCnYWIUcX6BRn0F2tclt7mVg_dBM39VcSbw_390714_396962.wav,SandyLin_UCnYWIUcX6BRn0F2tclt7mVg_dBM39VcSbw,390714,396962,6248
SandyLin_UCnYWIUcX6BRn0F2tclt7mVg_dBM39VcSbw_397130_399338.wav,SandyLin_UCnYWIUcX6BRn0F2tclt7mVg_dBM39VcSbw,397130,399338,2208
SandyLin_UCnYWIUcX6BRn0F2tclt7mVg_dBM39VcSbw_399458_407700.wav,SandyLin_UCnYWIUcX6BRn0F2tclt7mVg_dBM39VcSbw,399458,407700,8242
SandyLin_UCnYWIUcX6BRn0F2tclt7mVg_dBM39VcSbw_407924_409460.wav,SandyLin_UCnYWIUcX6BRn0F2tclt7mVg_dBM39VcSbw,407924,409460,1536
SandyLin_UCnYWIUcX6BRn0F2tclt7mVg_dBM39VcSbw_409724_410102.wav,SandyLin_UCnYWIUcX6BRn0F2tclt7mVg_dBM39VcSbw,409724,410102,378
SandyLin_UCnYWIUcX6BRn0F2tclt7mVg_dBM39VcSbw_410270_416354.wav,SandyLin_UCnYWIUcX6BRn0F2tclt7mVg_dBM39VcSbw,410270,416354,6084
SandyLin_UCnYWIUcX6BRn0F2tclt7mVg_dBM39VcSbw_416458_416850.wav,SandyLin_UCnYWIUcX6BRn0F2tclt7mVg_dBM39VcSbw,416458,416850,392
SandyLin_UCnYWIUcX6BRn0F2tclt7mVg_dBM39VcSbw_417010_422674.wav,SandyLin_UCnYWIUcX6BRn0F2tclt7mVg_dBM39VcSbw,417010,422674,5664
SandyLin_UCnYWIUcX6BRn0F2tclt7mVg_dBM39VcSbw_422818_424868.wav,SandyLin_UCnYWIUcX6BRn0F2tclt7mVg_dBM39VcSbw,422818,424868,2050
SandyLin_UCnYWIUcX6BRn0F2tclt7mVg_dBM39VcSbw_425172_432628.wav,SandyLin_UCnYWIUcX6BRn0F2tclt7mVg_dBM39VcSbw,425172,432628,7456
SandyLin_UCnYWIUcX6BRn0F2tclt7mVg_dBM39VcSbw_432836_435582.wav,SandyLin_UCnYWIUcX6BRn0F2tclt7mVg_dBM39VcSbw,432836,435582,2746
SandyLin_UCnYWIUcX6BRn0F2tclt7mVg_dBM39VcSbw_435790_440358.wav,SandyLin_UCnYWIUcX6BRn0F2tclt7mVg_dBM39VcSbw,435790,440358,4568
SandyLin_UCnYWIUcX6BRn0F2tclt7mVg_dBM39VcSbw_440606_445462.wav,SandyLin_UCnYWIUcX6BRn0F2tclt7mVg_dBM39VcSbw,440606,445462,4856
SandyLin_UCnYWIUcX6BRn0F2tclt7mVg_dBM39VcSbw_445774_454462.wav,SandyLin_UCnYWIUcX6BRn0F2tclt7mVg_dBM39VcSbw,445774,454462,8688
SandyLin_UCnYWIUcX6BRn0F2tclt7mVg_dBM39VcSbw_454638_460074.wav,SandyLin_UCnYWIUcX6BRn0F2tclt7mVg_dBM39VcSbw,454638,460074,5436
SandyLin_UCnYWIUcX6BRn0F2tclt7mVg_dBM39VcSbw_460186_462538.wav,SandyLin_UCnYWIUcX6BRn0F2tclt7mVg_dBM39VcSbw,460186,462538,2352
SandyLin_UCnYWIUcX6BRn0F2tclt7mVg_dBM39VcSbw_462778_468722.wav,SandyLin_UCnYWIUcX6BRn0F2tclt7mVg_dBM39VcSbw,462778,468722,5944
SandyLin_UCnYWIUcX6BRn0F2tclt7mVg_dBM39VcSbw_468898_470454.wav,SandyLin_UCnYWIUcX6BRn0F2tclt7mVg_dBM39VcSbw,468898,470454,1556
SandyLin_UCnYWIUcX6BRn0F2tclt7mVg_dBM39VcSbw_470614_477294.wav,SandyLin_UCnYWIUcX6BRn0F2tclt7mVg_dBM39VcSbw,470614,477294,6680
SandyLin_UCnYWIUcX6BRn0F2tclt7mVg_dBM39VcSbw_477446_482656.wav,SandyLin_UCnYWIUcX6BRn0F2tclt7mVg_dBM39VcSbw,477446,482656,5210
SandyLin_UCnYWIUcX6BRn0F2tclt7mVg_dBM39VcSbw_482928_488722.wav,SandyLin_UCnYWIUcX6BRn0F2tclt7mVg_dBM39VcSbw,482928,488722,5794
SandyLin_UCnYWIUcX6BRn0F2tclt7mVg_dBM39VcSbw_488930_497964.wav,SandyLin_UCnYWIUcX6BRn0F2tclt7mVg_dBM39VcSbw,488930,497964,9034
SandyLin_UCnYWIUcX6BRn0F2tclt7mVg_dBM39VcSbw_498268_503734.wav,SandyLin_UCnYWIUcX6BRn0F2tclt7mVg_dBM39VcSbw,498268,503734,5466
SandyLin_UCnYWIUcX6BRn0F2tclt7mVg_dBM39VcSbw_504006_506202.wav,SandyLin_UCnYWIUcX6BRn0F2tclt7mVg_dBM39VcSbw,504006,506202,2196
SandyLin_UCnYWIUcX6BRn0F2tclt7mVg_dBM39VcSbw_506354_507810.wav,SandyLin_UCnYWIUcX6BRn0F2tclt7mVg_dBM39VcSbw,506354,507810,1456
SandyLin_UCnYWIUcX6BRn0F2tclt7mVg_dBM39VcSbw_508058_510122.wav,SandyLin_UCnYWIUcX6BRn0F2tclt7mVg_dBM39VcSbw,508058,510122,2064
SandyLin_UCnYWIUcX6BRn0F2tclt7mVg_dBM39VcSbw_510226_511050.wav,SandyLin_UCnYWIUcX6BRn0F2tclt7mVg_dBM39VcSbw,510226,511050,824
SandyLin_UCnYWIUcX6BRn0F2tclt7mVg_dBM39VcSbw_511226_513330.wav,SandyLin_UCnYWIUcX6BRn0F2tclt7mVg_dBM39VcSbw,511226,513330,2104
SandyLin_UCnYWIUcX6BRn0F2tclt7mVg_dBM39VcSbw_513490_516650.wav,SandyLin_UCnYWIUcX6BRn0F2tclt7mVg_dBM39VcSbw,513490,516650,3160
SandyLin_UCnYWIUcX6BRn0F2tclt7mVg_dBM39VcSbw_516818_523922.wav,SandyLin_UCnYWIUcX6BRn0F2tclt7mVg_dBM39VcSbw,516818,523922,7104
SandyLin_UCnYWIUcX6BRn0F2tclt7mVg_dBM39VcSbw_524122_529242.wav,SandyLin_UCnYWIUcX6BRn0F2tclt7mVg_dBM39VcSbw,524122,529242,5120
SandyLin_UCnYWIUcX6BRn0F2tclt7mVg_dBM39VcSbw_529586_532754.wav,SandyLin_UCnYWIUcX6BRn0F2tclt7mVg_dBM39VcSbw,529586,532754,3168
SandyLin_UCnYWIUcX6BRn0F2tclt7mVg_dBM39VcSbw_532946_534666.wav,SandyLin_UCnYWIUcX6BRn0F2tclt7mVg_dBM39VcSbw,532946,534666,1720
SandyLin_UCnYWIUcX6BRn0F2tclt7mVg_dBM39VcSbw_534842_541470.wav,SandyLin_UCnYWIUcX6BRn0F2tclt7mVg_dBM39VcSbw,534842,541470,6628
SandyLin_UCnYWIUcX6BRn0F2tclt7mVg_dBM39VcSbw_541670_545314.wav,SandyLin_UCnYWIUcX6BRn0F2tclt7mVg_dBM39VcSbw,541670,545314,3644
SandyLin_UCnYWIUcX6BRn0F2tclt7mVg_dBM39VcSbw_545458_553706.wav,SandyLin_UCnYWIUcX6BRn0F2tclt7mVg_dBM39VcSbw,545458,553706,8248
SandyLin_UCnYWIUcX6BRn0F2tclt7mVg_dBM39VcSbw_553858_559858.wav,SandyLin_UCnYWIUcX6BRn0F2tclt7mVg_dBM39VcSbw,553858,559858,6000
SandyLin_UCnYWIUcX6BRn0F2tclt7mVg_dBM39VcSbw_560362_563548.wav,SandyLin_UCnYWIUcX6BRn0F2tclt7mVg_dBM39VcSbw,560362,563548,3186
SandyLin_UCnYWIUcX6BRn0F2tclt7mVg_dBM39VcSbw_563836_571228.wav,SandyLin_UCnYWIUcX6BRn0F2tclt7mVg_dBM39VcSbw,563836,571228,7392
SandyLin_UCnYWIUcX6BRn0F2tclt7mVg_dBM39VcSbw_571572_574140.wav,SandyLin_UCnYWIUcX6BRn0F2tclt7mVg_dBM39VcSbw,571572,574140,2568
SandyLin_UCnYWIUcX6BRn0F2tclt7mVg_dBM39VcSbw_574460_575644.wav,SandyLin_UCnYWIUcX6BRn0F2tclt7mVg_dBM39VcSbw,574460,575644,1184
SandyLin_UCnYWIUcX6BRn0F2tclt7mVg_dBM39VcSbw_576188_577342.wav,SandyLin_UCnYWIUcX6BRn0F2tclt7mVg_dBM39VcSbw,576188,577342,1154
SandyLin_UCnYWIUcX6BRn0F2tclt7mVg_dBM39VcSbw_577542_586360.wav,SandyLin_UCnYWIUcX6BRn0F2tclt7mVg_dBM39VcSbw,577542,586360,8818
SandyLin_UCnYWIUcX6BRn0F2tclt7mVg_dBM39VcSbw_586688_587874.wav,SandyLin_UCnYWIUcX6BRn0F2tclt7mVg_dBM39VcSbw,586688,587874,1186
SandyLin_UCnYWIUcX6BRn0F2tclt7mVg_dBM39VcSbw_588074_589402.wav,SandyLin_UCnYWIUcX6BRn0F2tclt7mVg_dBM39VcSbw,588074,589402,1328
SandyLin_UCnYWIUcX6BRn0F2tclt7mVg_dBM39VcSbw_589586_595442.wav,SandyLin_UCnYWIUcX6BRn0F2tclt7mVg_dBM39VcSbw,589586,595442,5856
SandyLin_UCnYWIUcX6BRn0F2tclt7mVg_dBM39VcSbw_595778_604756.wav,SandyLin_UCnYWIUcX6BRn0F2tclt7mVg_dBM39VcSbw,595778,604756,8978
SandyLin_UCnYWIUcX6BRn0F2tclt7mVg_dBM39VcSbw_604932_613860.wav,SandyLin_UCnYWIUcX6BRn0F2tclt7mVg_dBM39VcSbw,604932,613860,8928
SandyLin_UCnYWIUcX6BRn0F2tclt7mVg_dBM39VcSbw_614092_614396.wav,SandyLin_UCnYWIUcX6BRn0F2tclt7mVg_dBM39VcSbw,614092,614396,304
SandyLin_UCnYWIUcX6BRn0F2tclt7mVg_dBM39VcSbw_614628_614974.wav,SandyLin_UCnYWIUcX6BRn0F2tclt7mVg_dBM39VcSbw,614628,614974,346
SandyLin_UCnYWIUcX6BRn0F2tclt7mVg_dBM39VcSbw_615166_617382.wav,SandyLin_UCnYWIUcX6BRn0F2tclt7mVg_dBM39VcSbw,615166,617382,2216
SandyLin_UCnYWIUcX6BRn0F2tclt7mVg_dBM39VcSbw_617542_622322.wav,SandyLin_UCnYWIUcX6BRn0F2tclt7mVg_dBM39VcSbw,617542,622322,4780
SandyLin_UCnYWIUcX6BRn0F2tclt7mVg_dBM39VcSbw_622634_628826.wav,SandyLin_UCnYWIUcX6BRn0F2tclt7mVg_dBM39VcSbw,622634,628826,6192
SandyLin_UCnYWIUcX6BRn0F2tclt7mVg_dBM39VcSbw_628986_630930.wav,SandyLin_UCnYWIUcX6BRn0F2tclt7mVg_dBM39VcSbw,628986,630930,1944
SandyLin_UCnYWIUcX6BRn0F2tclt7mVg_dBM39VcSbw_631066_637498.wav,SandyLin_UCnYWIUcX6BRn0F2tclt7mVg_dBM39VcSbw,631066,637498,6432
SandyLin_UCnYWIUcX6BRn0F2tclt7mVg_dBM39VcSbw_637658_638378.wav,SandyLin_UCnYWIUcX6BRn0F2tclt7mVg_dBM39VcSbw,637658,638378,720
SandyLin_UCnYWIUcX6BRn0F2tclt7mVg_dBM39VcSbw_638482_641418.wav,SandyLin_UCnYWIUcX6BRn0F2tclt7mVg_dBM39VcSbw,638482,641418,2936
SandyLin_UCnYWIUcX6BRn0F2tclt7mVg_dBM39VcSbw_641538_642410.wav,SandyLin_UCnYWIUcX6BRn0F2tclt7mVg_dBM39VcSbw,641538,642410,872
SandyLin_UCnYWIUcX6BRn0F2tclt7mVg_dBM39VcSbw_642618_652582.wav,SandyLin_UCnYWIUcX6BRn0F2tclt7mVg_dBM39VcSbw,642618,652582,9964
SandyLin_UCnYWIUcX6BRn0F2tclt7mVg_dBM39VcSbw_652878_659482.wav,SandyLin_UCnYWIUcX6BRn0F2tclt7mVg_dBM39VcSbw,652878,659482,6604
SandyLin_UCnYWIUcX6BRn0F2tclt7mVg_dBM39VcSbw_659682_659786.wav,SandyLin_UCnYWIUcX6BRn0F2tclt7mVg_dBM39VcSbw,659682,659786,104
SandyLin_UCnYWIUcX6BRn0F2tclt7mVg_dBM39VcSbw_659986_661178.wav,SandyLin_UCnYWIUcX6BRn0F2tclt7mVg_dBM39VcSbw,659986,661178,1192
SandyLin_UCnYWIUcX6BRn0F2tclt7mVg_dBM39VcSbw_661418_662538.wav,SandyLin_UCnYWIUcX6BRn0F2tclt7mVg_dBM39VcSbw,661418,662538,1120
SandyLin_UCnYWIUcX6BRn0F2tclt7mVg_dBM39VcSbw_662890_663330.wav,SandyLin_UCnYWIUcX6BRn0F2tclt7mVg_dBM39VcSbw,662890,663330,440
SandyLin_UCnYWIUcX6BRn0F2tclt7mVg_dBM39VcSbw_663442_672202.wav,SandyLin_UCnYWIUcX6BRn0F2tclt7mVg_dBM39VcSbw,663442,672202,8760
SandyLin_UCnYWIUcX6BRn0F2tclt7mVg_dBM39VcSbw_673890_678852.wav,SandyLin_UCnYWIUcX6BRn0F2tclt7mVg_dBM39VcSbw,673890,678852,4962
SandyLin_UCnYWIUcX6BRn0F2tclt7mVg_dBM39VcSbw_679004_684676.wav,SandyLin_UCnYWIUcX6BRn0F2tclt7mVg_dBM39VcSbw,679004,684676,5672
SandyLin_UCnYWIUcX6BRn0F2tclt7mVg_dBM39VcSbw_684996_685262.wav,SandyLin_UCnYWIUcX6BRn0F2tclt7mVg_dBM39VcSbw,684996,685262,266
SandyLin_UCnYWIUcX6BRn0F2tclt7mVg_dBM39VcSbw_685374_694062.wav,SandyLin_UCnYWIUcX6BRn0F2tclt7mVg_dBM39VcSbw,685374,694062,8688
SandyLin_UCnYWIUcX6BRn0F2tclt7mVg_dBM39VcSbw_694214_696874.wav,SandyLin_UCnYWIUcX6BRn0F2tclt7mVg_dBM39VcSbw,694214,696874,2660
SandyLin_UCnYWIUcX6BRn0F2tclt7mVg_dBM39VcSbw_697306_705146.wav,SandyLin_UCnYWIUcX6BRn0F2tclt7mVg_dBM39VcSbw,697306,705146,7840
SandyLin_UCnYWIUcX6BRn0F2tclt7mVg_dBM39VcSbw_705546_708122.wav,SandyLin_UCnYWIUcX6BRn0F2tclt7mVg_dBM39VcSbw,705546,708122,2576
SandyLin_UCnYWIUcX6BRn0F2tclt7mVg_dBM39VcSbw_708698_711146.wav,SandyLin_UCnYWIUcX6BRn0F2tclt7mVg_dBM39VcSbw,708698,711146,2448
SandyLin_UCnYWIUcX6BRn0F2tclt7mVg_dBM39VcSbw_711642_711874.wav,SandyLin_UCnYWIUcX6BRn0F2tclt7mVg_dBM39VcSbw,711642,711874,232
SandyLin_UCnYWIUcX6BRn0F2tclt7mVg_dBM39VcSbw_712010_714346.wav,SandyLin_UCnYWIUcX6BRn0F2tclt7mVg_dBM39VcSbw,712010,714346,2336
SandyLin_UCnYWIUcX6BRn0F2tclt7mVg_dBM39VcSbw_714458_717610.wav,SandyLin_UCnYWIUcX6BRn0F2tclt7mVg_dBM39VcSbw,714458,717610,3152
SandyLin_UCnYWIUcX6BRn0F2tclt7mVg_dBM39VcSbw_717754_723562.wav,SandyLin_UCnYWIUcX6BRn0F2tclt7mVg_dBM39VcSbw,717754,723562,5808
SandyLin_UCnYWIUcX6BRn0F2tclt7mVg_dBM39VcSbw_723730_729722.wav,SandyLin_UCnYWIUcX6BRn0F2tclt7mVg_dBM39VcSbw,723730,729722,5992
SandyLin_UCnYWIUcX6BRn0F2tclt7mVg_dBM39VcSbw_730026_733442.wav,SandyLin_UCnYWIUcX6BRn0F2tclt7mVg_dBM39VcSbw,730026,733442,3416
SandyLin_UCnYWIUcX6BRn0F2tclt7mVg_dBM39VcSbw_733618_740642.wav,SandyLin_UCnYWIUcX6BRn0F2tclt7mVg_dBM39VcSbw,733618,740642,7024
SandyLin_UCnYWIUcX6BRn0F2tclt7mVg_dBM39VcSbw_740778_745786.wav,SandyLin_UCnYWIUcX6BRn0F2tclt7mVg_dBM39VcSbw,740778,745786,5008
SandyLin_UCnYWIUcX6BRn0F2tclt7mVg_dBM39VcSbw_746186_754578.wav,SandyLin_UCnYWIUcX6BRn0F2tclt7mVg_dBM39VcSbw,746186,754578,8392
SandyLin_UCnYWIUcX6BRn0F2tclt7mVg_dBM39VcSbw_754698_760578.wav,SandyLin_UCnYWIUcX6BRn0F2tclt7mVg_dBM39VcSbw,754698,760578,5880
SandyLin_UCnYWIUcX6BRn0F2tclt7mVg_dBM39VcSbw_761034_762026.wav,SandyLin_UCnYWIUcX6BRn0F2tclt7mVg_dBM39VcSbw,761034,762026,992
SandyLin_UCnYWIUcX6BRn0F2tclt7mVg_dBM39VcSbw_762402_768138.wav,SandyLin_UCnYWIUcX6BRn0F2tclt7mVg_dBM39VcSbw,762402,768138,5736
SandyLin_UCnYWIUcX6BRn0F2tclt7mVg_dBM39VcSbw_768362_775698.wav,SandyLin_UCnYWIUcX6BRn0F2tclt7mVg_dBM39VcSbw,768362,775698,7336
SandyLin_UCnYWIUcX6BRn0F2tclt7mVg_dBM39VcSbw_776002_777730.wav,SandyLin_UCnYWIUcX6BRn0F2tclt7mVg_dBM39VcSbw,776002,777730,1728
SandyLin_UCnYWIUcX6BRn0F2tclt7mVg_dBM39VcSbw_777938_780538.wav,SandyLin_UCnYWIUcX6BRn0F2tclt7mVg_dBM39VcSbw,777938,780538,2600
SandyLin_UCnYWIUcX6BRn0F2tclt7mVg_dBM39VcSbw_780682_785330.wav,SandyLin_UCnYWIUcX6BRn0F2tclt7mVg_dBM39VcSbw,780682,785330,4648
SandyLin_UCnYWIUcX6BRn0F2tclt7mVg_dBM39VcSbw_785602_792370.wav,SandyLin_UCnYWIUcX6BRn0F2tclt7mVg_dBM39VcSbw,785602,792370,6768
SandyLin_UCnYWIUcX6BRn0F2tclt7mVg_dBM39VcSbw_792474_794098.wav,SandyLin_UCnYWIUcX6BRn0F2tclt7mVg_dBM39VcSbw,792474,794098,1624
SandyLin_UCnYWIUcX6BRn0F2tclt7mVg_dBM39VcSbw_794234_797234.wav,SandyLin_UCnYWIUcX6BRn0F2tclt7mVg_dBM39VcSbw,794234,797234,3000
SandyLin_UCnYWIUcX6BRn0F2tclt7mVg_dBM39VcSbw_797362_800498.wav,SandyLin_UCnYWIUcX6BRn0F2tclt7mVg_dBM39VcSbw,797362,800498,3136
SandyLin_UCnYWIUcX6BRn0F2tclt7mVg_dBM39VcSbw_800754_809586.wav,SandyLin_UCnYWIUcX6BRn0F2tclt7mVg_dBM39VcSbw,800754,809586,8832
SandyLin_UCnYWIUcX6BRn0F2tclt7mVg_dBM39VcSbw_809738_812186.wav,SandyLin_UCnYWIUcX6BRn0F2tclt7mVg_dBM39VcSbw,809738,812186,2448
SandyLin_UCnYWIUcX6BRn0F2tclt7mVg_dBM39VcSbw_812754_812914.wav,SandyLin_UCnYWIUcX6BRn0F2tclt7mVg_dBM39VcSbw,812754,812914,160
SandyLin_UCnYWIUcX6BRn0F2tclt7mVg_dBM39VcSbw_813482_821426.wav,SandyLin_UCnYWIUcX6BRn0F2tclt7mVg_dBM39VcSbw,813482,821426,7944
SandyLin_UCnYWIUcX6BRn0F2tclt7mVg_dBM39VcSbw_822306_831406.wav,SandyLin_UCnYWIUcX6BRn0F2tclt7mVg_dBM39VcSbw,822306,831406,9100
SandyLin_UCnYWIUcX6BRn0F2tclt7mVg_dBM39VcSbw_831582_835098.wav,SandyLin_UCnYWIUcX6BRn0F2tclt7mVg_dBM39VcSbw,831582,835098,3516
SandyLin_UCnYWIUcX6BRn0F2tclt7mVg_dBM39VcSbw_835218_840690.wav,SandyLin_UCnYWIUcX6BRn0F2tclt7mVg_dBM39VcSbw,835218,840690,5472
SandyLin_UCnYWIUcX6BRn0F2tclt7mVg_dBM39VcSbw_841162_848934.wav,SandyLin_UCnYWIUcX6BRn0F2tclt7mVg_dBM39VcSbw,841162,848934,7772
SandyLin_UCnYWIUcX6BRn0F2tclt7mVg_dBM39VcSbw_849046_851134.wav,SandyLin_UCnYWIUcX6BRn0F2tclt7mVg_dBM39VcSbw,849046,851134,2088
SandyLin_UCnYWIUcX6BRn0F2tclt7mVg_dBM39VcSbw_851302_852246.wav,SandyLin_UCnYWIUcX6BRn0F2tclt7mVg_dBM39VcSbw,851302,852246,944
SandyLin_UCnYWIUcX6BRn0F2tclt7mVg_dBM39VcSbw_852350_857754.wav,SandyLin_UCnYWIUcX6BRn0F2tclt7mVg_dBM39VcSbw,852350,857754,5404
SandyLin_UCnYWIUcX6BRn0F2tclt7mVg_dBM39VcSbw_858234_868211.wav,SandyLin_UCnYWIUcX6BRn0F2tclt7mVg_dBM39VcSbw,858234,868211,9977
SandyLin_UCnYWIUcX6BRn0F2tclt7mVg_dBM39VcSbw_868499_872740.wav,SandyLin_UCnYWIUcX6BRn0F2tclt7mVg_dBM39VcSbw,868499,872740,4241
SandyLin_UCnYWIUcX6BRn0F2tclt7mVg_dBM39VcSbw_872964_873214.wav,SandyLin_UCnYWIUcX6BRn0F2tclt7mVg_dBM39VcSbw,872964,873214,250
SandyLin_UCnYWIUcX6BRn0F2tclt7mVg_dBM39VcSbw_873366_874246.wav,SandyLin_UCnYWIUcX6BRn0F2tclt7mVg_dBM39VcSbw,873366,874246,880
SandyLin_UCnYWIUcX6BRn0F2tclt7mVg_dBM39VcSbw_874422_875626.wav,SandyLin_UCnYWIUcX6BRn0F2tclt7mVg_dBM39VcSbw,874422,875626,1204
SandyLin_UCnYWIUcX6BRn0F2tclt7mVg_dBM39VcSbw_875890_881298.wav,SandyLin_UCnYWIUcX6BRn0F2tclt7mVg_dBM39VcSbw,875890,881298,5408
SandyLin_UCnYWIUcX6BRn0F2tclt7mVg_dBM39VcSbw_881618_885638.wav,SandyLin_UCnYWIUcX6BRn0F2tclt7mVg_dBM39VcSbw,881618,885638,4020
SandyLin_UCnYWIUcX6BRn0F2tclt7mVg_dBM39VcSbw_885966_888256.wav,SandyLin_UCnYWIUcX6BRn0F2tclt7mVg_dBM39VcSbw,885966,888256,2290
SandyLin_UCnYWIUcX6BRn0F2tclt7mVg_dBM39VcSbw_888504_896050.wav,SandyLin_UCnYWIUcX6BRn0F2tclt7mVg_dBM39VcSbw,888504,896050,7546
SandyLin_UCnYWIUcX6BRn0F2tclt7mVg_dBM39VcSbw_896202_904546.wav,SandyLin_UCnYWIUcX6BRn0F2tclt7mVg_dBM39VcSbw,896202,904546,8344
SandyLin_UCnYWIUcX6BRn0F2tclt7mVg_dBM39VcSbw_904650_905658.wav,SandyLin_UCnYWIUcX6BRn0F2tclt7mVg_dBM39VcSbw,904650,905658,1008
SandyLin_UCnYWIUcX6BRn0F2tclt7mVg_dBM39VcSbw_905954_910683.wav,SandyLin_UCnYWIUcX6BRn0F2tclt7mVg_dBM39VcSbw,905954,910683,4729
SandyLin_UCnYWIUcX6BRn0F2tclt7mVg_dBM39VcSbw_910891_916195.wav,SandyLin_UCnYWIUcX6BRn0F2tclt7mVg_dBM39VcSbw,910891,916195,5304
SandyLin_UCnYWIUcX6BRn0F2tclt7mVg_dBM39VcSbw_916515_917835.wav,SandyLin_UCnYWIUcX6BRn0F2tclt7mVg_dBM39VcSbw,916515,917835,1320
SandyLin_UCnYWIUcX6BRn0F2tclt7mVg_dBM39VcSbw_918139_923852.wav,SandyLin_UCnYWIUcX6BRn0F2tclt7mVg_dBM39VcSbw,918139,923852,5713
SandyLin_UCnYWIUcX6BRn0F2tclt7mVg_dBM39VcSbw_924260_927988.wav,SandyLin_UCnYWIUcX6BRn0F2tclt7mVg_dBM39VcSbw,924260,927988,3728
SandyLin_UCnYWIUcX6BRn0F2tclt7mVg_dBM39VcSbw_928172_933510.wav,SandyLin_UCnYWIUcX6BRn0F2tclt7mVg_dBM39VcSbw,928172,933510,5338
SandyLin_UCnYWIUcX6BRn0F2tclt7mVg_dBM39VcSbw_933654_938450.wav,SandyLin_UCnYWIUcX6BRn0F2tclt7mVg_dBM39VcSbw,933654,938450,4796
SandyLin_UCnYWIUcX6BRn0F2tclt7mVg_dBM39VcSbw_938610_947906.wav,SandyLin_UCnYWIUcX6BRn0F2tclt7mVg_dBM39VcSbw,938610,947906,9296
SandyLin_UCnYWIUcX6BRn0F2tclt7mVg_dBM39VcSbw_948162_949210.wav,SandyLin_UCnYWIUcX6BRn0F2tclt7mVg_dBM39VcSbw,948162,949210,1048
SandyLin_UCnYWIUcX6BRn0F2tclt7mVg_dBM39VcSbw_949386_956474.wav,SandyLin_UCnYWIUcX6BRn0F2tclt7mVg_dBM39VcSbw,949386,956474,7088
SandyLin_UCnYWIUcX6BRn0F2tclt7mVg_dBM39VcSbw_956650_964758.wav,SandyLin_UCnYWIUcX6BRn0F2tclt7mVg_dBM39VcSbw,956650,964758,8108
SandyLin_UCnYWIUcX6BRn0F2tclt7mVg_dBM39VcSbw_964950_973350.wav,SandyLin_UCnYWIUcX6BRn0F2tclt7mVg_dBM39VcSbw,964950,973350,8400
SandyLin_UCnYWIUcX6BRn0F2tclt7mVg_dBM39VcSbw_973542_976750.wav,SandyLin_UCnYWIUcX6BRn0F2tclt7mVg_dBM39VcSbw,973542,976750,3208
SandyLin_UCnYWIUcX6BRn0F2tclt7mVg_dBM39VcSbw_976958_979192.wav,SandyLin_UCnYWIUcX6BRn0F2tclt7mVg_dBM39VcSbw,976958,979192,2234
SandyLin_UCnYWIUcX6BRn0F2tclt7mVg_dBM39VcSbw_979512_988594.wav,SandyLin_UCnYWIUcX6BRn0F2tclt7mVg_dBM39VcSbw,979512,988594,9082
SandyLin_UCnYWIUcX6BRn0F2tclt7mVg_dBM39VcSbw_988874_993302.wav,SandyLin_UCnYWIUcX6BRn0F2tclt7mVg_dBM39VcSbw,988874,993302,4428
SandyLin_UCnYWIUcX6BRn0F2tclt7mVg_dBM39VcSbw_993462_1001462.wav,SandyLin_UCnYWIUcX6BRn0F2tclt7mVg_dBM39VcSbw,993462,1001462,8000
SandyLin_UCnYWIUcX6BRn0F2tclt7mVg_dBM39VcSbw_1001678_1006182.wav,SandyLin_UCnYWIUcX6BRn0F2tclt7mVg_dBM39VcSbw,1001678,1006182,4504
SandyLin_UCnYWIUcX6BRn0F2tclt7mVg_dBM39VcSbw_1006406_1011478.wav,SandyLin_UCnYWIUcX6BRn0F2tclt7mVg_dBM39VcSbw,1006406,1011478,5072
SandyLin_UCnYWIUcX6BRn0F2tclt7mVg_dBM39VcSbw_1011782_1014638.wav,SandyLin_UCnYWIUcX6BRn0F2tclt7mVg_dBM39VcSbw,1011782,1014638,2856
SandyLin_UCnYWIUcX6BRn0F2tclt7mVg_dBM39VcSbw_1014982_1022334.wav,SandyLin_UCnYWIUcX6BRn0F2tclt7mVg_dBM39VcSbw,1014982,1022334,7352
SandyLin_UCnYWIUcX6BRn0F2tclt7mVg_dBM39VcSbw_1022574_1024910.wav,SandyLin_UCnYWIUcX6BRn0F2tclt7mVg_dBM39VcSbw,1022574,1024910,2336
SandyLin_UCnYWIUcX6BRn0F2tclt7mVg_dBM39VcSbw_1025070_1027438.wav,SandyLin_UCnYWIUcX6BRn0F2tclt7mVg_dBM39VcSbw,1025070,1027438,2368
SandyLin_UCnYWIUcX6BRn0F2tclt7mVg_dBM39VcSbw_1027574_1028246.wav,SandyLin_UCnYWIUcX6BRn0F2tclt7mVg_dBM39VcSbw,1027574,1028246,672
SandyLin_UCnYWIUcX6BRn0F2tclt7mVg_dBM39VcSbw_1028494_1036462.wav,SandyLin_UCnYWIUcX6BRn0F2tclt7mVg_dBM39VcSbw,1028494,1036462,7968
SandyLin_UCnYWIUcX6BRn0F2tclt7mVg_dBM39VcSbw_1036702_1043418.wav,SandyLin_UCnYWIUcX6BRn0F2tclt7mVg_dBM39VcSbw,1036702,1043418,6716
SandyLin_UCnYWIUcX6BRn0F2tclt7mVg_dBM39VcSbw_1043786_1047926.wav,SandyLin_UCnYWIUcX6BRn0F2tclt7mVg_dBM39VcSbw,1043786,1047926,4140
SandyLin_UCnYWIUcX6BRn0F2tclt7mVg_dBM39VcSbw_1048134_1048382.wav,SandyLin_UCnYWIUcX6BRn0F2tclt7mVg_dBM39VcSbw,1048134,1048382,248
SandyLin_UCnYWIUcX6BRn0F2tclt7mVg_dBM39VcSbw_1048534_1052934.wav,SandyLin_UCnYWIUcX6BRn0F2tclt7mVg_dBM39VcSbw,1048534,1052934,4400
SandyLin_UCnYWIUcX6BRn0F2tclt7mVg_dBM39VcSbw_1053094_1059630.wav,SandyLin_UCnYWIUcX6BRn0F2tclt7mVg_dBM39VcSbw,1053094,1059630,6536
SandyLin_UCnYWIUcX6BRn0F2tclt7mVg_dBM39VcSbw_1059782_1061422.wav,SandyLin_UCnYWIUcX6BRn0F2tclt7mVg_dBM39VcSbw,1059782,1061422,1640
SandyLin_UCnYWIUcX6BRn0F2tclt7mVg_dBM39VcSbw_1061598_1067026.wav,SandyLin_UCnYWIUcX6BRn0F2tclt7mVg_dBM39VcSbw,1061598,1067026,5428
SandyLin_UCnYWIUcX6BRn0F2tclt7mVg_dBM39VcSbw_1067378_1068922.wav,SandyLin_UCnYWIUcX6BRn0F2tclt7mVg_dBM39VcSbw,1067378,1068922,1544
SandyLin_UCnYWIUcX6BRn0F2tclt7mVg_dBM39VcSbw_1069298_1069450.wav,SandyLin_UCnYWIUcX6BRn0F2tclt7mVg_dBM39VcSbw,1069298,1069450,152
SandyLin_UCnYWIUcX6BRn0F2tclt7mVg_dBM39VcSbw_1069794_1070514.wav,SandyLin_UCnYWIUcX6BRn0F2tclt7mVg_dBM39VcSbw,1069794,1070514,720
SandyLin_UCnYWIUcX6BRn0F2tclt7mVg_dBM39VcSbw_1070794_1077644.wav,SandyLin_UCnYWIUcX6BRn0F2tclt7mVg_dBM39VcSbw,1070794,1077644,6850
SandyLin_UCnYWIUcX6BRn0F2tclt7mVg_dBM39VcSbw_1077812_1083582.wav,SandyLin_UCnYWIUcX6BRn0F2tclt7mVg_dBM39VcSbw,1077812,1083582,5770
SandyLin_UCnYWIUcX6BRn0F2tclt7mVg_dBM39VcSbw_1083686_1087534.wav,SandyLin_UCnYWIUcX6BRn0F2tclt7mVg_dBM39VcSbw,1083686,1087534,3848
SandyLin_UCnYWIUcX6BRn0F2tclt7mVg_dBM39VcSbw_1087662_1088642.wav,SandyLin_UCnYWIUcX6BRn0F2tclt7mVg_dBM39VcSbw,1087662,1088642,980
SandyLin_UCnYWIUcX6BRn0F2tclt7mVg_dBM39VcSbw_1089002_1093011.wav,SandyLin_UCnYWIUcX6BRn0F2tclt7mVg_dBM39VcSbw,1089002,1093011,4009
SandyLin_UCnYWIUcX6BRn0F2tclt7mVg_dBM39VcSbw_1093267_1096347.wav,SandyLin_UCnYWIUcX6BRn0F2tclt7mVg_dBM39VcSbw,1093267,1096347,3080
SandyLin_UCnYWIUcX6BRn0F2tclt7mVg_dBM39VcSbw_1096619_1105668.wav,SandyLin_UCnYWIUcX6BRn0F2tclt7mVg_dBM39VcSbw,1096619,1105668,9049
SandyLin_UCnYWIUcX6BRn0F2tclt7mVg_dBM39VcSbw_1106228_1108420.wav,SandyLin_UCnYWIUcX6BRn0F2tclt7mVg_dBM39VcSbw,1106228,1108420,2192
SandyLin_UCnYWIUcX6BRn0F2tclt7mVg_dBM39VcSbw_1108652_1108804.wav,SandyLin_UCnYWIUcX6BRn0F2tclt7mVg_dBM39VcSbw,1108652,1108804,152
SandyLin_UCnYWIUcX6BRn0F2tclt7mVg_dBM39VcSbw_1109020_1110766.wav,SandyLin_UCnYWIUcX6BRn0F2tclt7mVg_dBM39VcSbw,1109020,1110766,1746
SandyLin_UCnYWIUcX6BRn0F2tclt7mVg_dBM39VcSbw_1110918_1114710.wav,SandyLin_UCnYWIUcX6BRn0F2tclt7mVg_dBM39VcSbw,1110918,1114710,3792
SandyLin_UCnYWIUcX6BRn0F2tclt7mVg_dBM39VcSbw_1114878_1117774.wav,SandyLin_UCnYWIUcX6BRn0F2tclt7mVg_dBM39VcSbw,1114878,1117774,2896
SandyLin_UCnYWIUcX6BRn0F2tclt7mVg_dBM39VcSbw_1117894_1119766.wav,SandyLin_UCnYWIUcX6BRn0F2tclt7mVg_dBM39VcSbw,1117894,1119766,1872
SandyLin_UCnYWIUcX6BRn0F2tclt7mVg_dBM39VcSbw_1119870_1126142.wav,SandyLin_UCnYWIUcX6BRn0F2tclt7mVg_dBM39VcSbw,1119870,1126142,6272
SandyLin_UCnYWIUcX6BRn0F2tclt7mVg_dBM39VcSbw_1126430_1127750.wav,SandyLin_UCnYWIUcX6BRn0F2tclt7mVg_dBM39VcSbw,1126430,1127750,1320
SandyLin_UCnYWIUcX6BRn0F2tclt7mVg_dBM39VcSbw_1128110_1132318.wav,SandyLin_UCnYWIUcX6BRn0F2tclt7mVg_dBM39VcSbw,1128110,1132318,4208
SandyLin_UCnYWIUcX6BRn0F2tclt7mVg_dBM39VcSbw_1132470_1133680.wav,SandyLin_UCnYWIUcX6BRn0F2tclt7mVg_dBM39VcSbw,1132470,1133680,1210
SandyLin_UCnYWIUcX6BRn0F2tclt7mVg_dBM39VcSbw_1133856_1142586.wav,SandyLin_UCnYWIUcX6BRn0F2tclt7mVg_dBM39VcSbw,1133856,1142586,8730
SandyLin_UCnYWIUcX6BRn0F2tclt7mVg_dBM39VcSbw_1143042_1144690.wav,SandyLin_UCnYWIUcX6BRn0F2tclt7mVg_dBM39VcSbw,1143042,1144690,1648
SandyLin_UCnYWIUcX6BRn0F2tclt7mVg_dBM39VcSbw_1144994_1154474.wav,SandyLin_UCnYWIUcX6BRn0F2tclt7mVg_dBM39VcSbw,1144994,1154474,9480
SandyLin_UCnYWIUcX6BRn0F2tclt7mVg_dBM39VcSbw_1156674_1158826.wav,SandyLin_UCnYWIUcX6BRn0F2tclt7mVg_dBM39VcSbw,1156674,1158826,2152
SandyLin_UCnYWIUcX6BRn0F2tclt7mVg_dBM39VcSbw_1159642_1161986.wav,SandyLin_UCnYWIUcX6BRn0F2tclt7mVg_dBM39VcSbw,1159642,1161986,2344
SandyLin_UCnYWIUcX6BRn0F2tclt7mVg_dBM39VcSbw_1162290_1164890.wav,SandyLin_UCnYWIUcX6BRn0F2tclt7mVg_dBM39VcSbw,1162290,1164890,2600
SandyLin_UCnYWIUcX6BRn0F2tclt7mVg_dBM39VcSbw_1165674_1167306.wav,SandyLin_UCnYWIUcX6BRn0F2tclt7mVg_dBM39VcSbw,1165674,1167306,1632
SandyLin_UCnYWIUcX6BRn0F2tclt7mVg_dBM39VcSbw_1167490_1172258.wav,SandyLin_UCnYWIUcX6BRn0F2tclt7mVg_dBM39VcSbw,1167490,1172258,4768
SandyLin_UCnYWIUcX6BRn0F2tclt7mVg_dBM39VcSbw_1172418_1179682.wav,SandyLin_UCnYWIUcX6BRn0F2tclt7mVg_dBM39VcSbw,1172418,1179682,7264
SandyLin_UCnYWIUcX6BRn0F2tclt7mVg_dBM39VcSbw_1180082_1180506.wav,SandyLin_UCnYWIUcX6BRn0F2tclt7mVg_dBM39VcSbw,1180082,1180506,424
SandyLin_UCnYWIUcX6BRn0F2tclt7mVg_dBM39VcSbw_1181018_1189294.wav,SandyLin_UCnYWIUcX6BRn0F2tclt7mVg_dBM39VcSbw,1181018,1189294,8276
SandyLin_UCnYWIUcX6BRn0F2tclt7mVg_dBM39VcSbw_1189422_1190190.wav,SandyLin_UCnYWIUcX6BRn0F2tclt7mVg_dBM39VcSbw,1189422,1190190,768
SandyLin_UCnYWIUcX6BRn0F2tclt7mVg_dBM39VcSbw_1190334_1193910.wav,SandyLin_UCnYWIUcX6BRn0F2tclt7mVg_dBM39VcSbw,1190334,1193910,3576
SandyLin_UCnYWIUcX6BRn0F2tclt7mVg_dBM39VcSbw_1194086_1203726.wav,SandyLin_UCnYWIUcX6BRn0F2tclt7mVg_dBM39VcSbw,1194086,1203726,9640
SandyLin_UCnYWIUcX6BRn0F2tclt7mVg_dBM39VcSbw_1204038_1208638.wav,SandyLin_UCnYWIUcX6BRn0F2tclt7mVg_dBM39VcSbw,1204038,1208638,4600
SandyLin_UCnYWIUcX6BRn0F2tclt7mVg_dBM39VcSbw_1209126_1209606.wav,SandyLin_UCnYWIUcX6BRn0F2tclt7mVg_dBM39VcSbw,1209126,1209606,480
SandyLin_UCnYWIUcX6BRn0F2tclt7mVg_dBM39VcSbw_1209966_1211782.wav,SandyLin_UCnYWIUcX6BRn0F2tclt7mVg_dBM39VcSbw,1209966,1211782,1816
SandyLin_UCnYWIUcX6BRn0F2tclt7mVg_dBM39VcSbw_1211934_1214918.wav,SandyLin_UCnYWIUcX6BRn0F2tclt7mVg_dBM39VcSbw,1211934,1214918,2984
SandyLin_UCnYWIUcX6BRn0F2tclt7mVg_dBM39VcSbw_1215078_1216434.wav,SandyLin_UCnYWIUcX6BRn0F2tclt7mVg_dBM39VcSbw,1215078,1216434,1356
SandyLin_UCnYWIUcX6BRn0F2tclt7mVg_dBM39VcSbw_1216746_1218138.wav,SandyLin_UCnYWIUcX6BRn0F2tclt7mVg_dBM39VcSbw,1216746,1218138,1392
SandyLin_UCnYWIUcX6BRn0F2tclt7mVg_dBM39VcSbw_1218274_1218794.wav,SandyLin_UCnYWIUcX6BRn0F2tclt7mVg_dBM39VcSbw,1218274,1218794,520
SandyLin_UCnYWIUcX6BRn0F2tclt7mVg_dBM39VcSbw_1219074_1220394.wav,SandyLin_UCnYWIUcX6BRn0F2tclt7mVg_dBM39VcSbw,1219074,1220394,1320
SandyLin_UCnYWIUcX6BRn0F2tclt7mVg_dBM39VcSbw_1220714_1230562.wav,SandyLin_UCnYWIUcX6BRn0F2tclt7mVg_dBM39VcSbw,1220714,1230562,9848
SandyLin_UCnYWIUcX6BRn0F2tclt7mVg_dBM39VcSbw_1230770_1231154.wav,SandyLin_UCnYWIUcX6BRn0F2tclt7mVg_dBM39VcSbw,1230770,1231154,384
SandyLin_UCnYWIUcX6BRn0F2tclt7mVg_dBM39VcSbw_1231298_1232938.wav,SandyLin_UCnYWIUcX6BRn0F2tclt7mVg_dBM39VcSbw,1231298,1232938,1640
SandyLin_UCnYWIUcX6BRn0F2tclt7mVg_dBM39VcSbw_1233122_1238003.wav,SandyLin_UCnYWIUcX6BRn0F2tclt7mVg_dBM39VcSbw,1233122,1238003,4881
SandyLin_UCnYWIUcX6BRn0F2tclt7mVg_dBM39VcSbw_1238259_1241163.wav,SandyLin_UCnYWIUcX6BRn0F2tclt7mVg_dBM39VcSbw,1238259,1241163,2904
SandyLin_UCnYWIUcX6BRn0F2tclt7mVg_dBM39VcSbw_1241419_1244108.wav,SandyLin_UCnYWIUcX6BRn0F2tclt7mVg_dBM39VcSbw,1241419,1244108,2689
SandyLin_UCnYWIUcX6BRn0F2tclt7mVg_dBM39VcSbw_1244372_1246494.wav,SandyLin_UCnYWIUcX6BRn0F2tclt7mVg_dBM39VcSbw,1244372,1246494,2122
SandyLin_UCnYWIUcX6BRn0F2tclt7mVg_dBM39VcSbw_1246646_1256216.wav,SandyLin_UCnYWIUcX6BRn0F2tclt7mVg_dBM39VcSbw,1246646,1256216,9570
SandyLin_UCnYWIUcX6BRn0F2tclt7mVg_dBM39VcSbw_1256728_1260378.wav,SandyLin_UCnYWIUcX6BRn0F2tclt7mVg_dBM39VcSbw,1256728,1260378,3650
SandyLin_UCnYWIUcX6BRn0F2tclt7mVg_dBM39VcSbw_1260490_1261202.wav,SandyLin_UCnYWIUcX6BRn0F2tclt7mVg_dBM39VcSbw,1260490,1261202,712
SandyLin_UCnYWIUcX6BRn0F2tclt7mVg_dBM39VcSbw_1261322_1266084.wav,SandyLin_UCnYWIUcX6BRn0F2tclt7mVg_dBM39VcSbw,1261322,1266084,4762
SandyLin_UCnYWIUcX6BRn0F2tclt7mVg_dBM39VcSbw_1266340_1267444.wav,SandyLin_UCnYWIUcX6BRn0F2tclt7mVg_dBM39VcSbw,1266340,1267444,1104
SandyLin_UCnYWIUcX6BRn0F2tclt7mVg_dBM39VcSbw_1267716_1272086.wav,SandyLin_UCnYWIUcX6BRn0F2tclt7mVg_dBM39VcSbw,1267716,1272086,4370
SandyLin_UCnYWIUcX6BRn0F2tclt7mVg_dBM39VcSbw_1272270_1273178.wav,SandyLin_UCnYWIUcX6BRn0F2tclt7mVg_dBM39VcSbw,1272270,1273178,908
SandyLin_UCnYWIUcX6BRn0F2tclt7mVg_dBM39VcSbw_1273306_1277826.wav,SandyLin_UCnYWIUcX6BRn0F2tclt7mVg_dBM39VcSbw,1273306,1277826,4520
SandyLin_UCnYWIUcX6BRn0F2tclt7mVg_dBM39VcSbw_1278090_1279674.wav,SandyLin_UCnYWIUcX6BRn0F2tclt7mVg_dBM39VcSbw,1278090,1279674,1584
SandyLin_UCnYWIUcX6BRn0F2tclt7mVg_dBM39VcSbw_1279842_1280482.wav,SandyLin_UCnYWIUcX6BRn0F2tclt7mVg_dBM39VcSbw,1279842,1280482,640
SandyLin_UCnYWIUcX6BRn0F2tclt7mVg_dBM39VcSbw_1280634_1282130.wav,SandyLin_UCnYWIUcX6BRn0F2tclt7mVg_dBM39VcSbw,1280634,1282130,1496
SandyLin_UCnYWIUcX6BRn0F2tclt7mVg_dBM39VcSbw_1282354_1291178.wav,SandyLin_UCnYWIUcX6BRn0F2tclt7mVg_dBM39VcSbw,1282354,1291178,8824
SandyLin_UCnYWIUcX6BRn0F2tclt7mVg_dBM39VcSbw_1291490_1293090.wav,SandyLin_UCnYWIUcX6BRn0F2tclt7mVg_dBM39VcSbw,1291490,1293090,1600
SandyLin_UCnYWIUcX6BRn0F2tclt7mVg_dBM39VcSbw_1293250_1297002.wav,SandyLin_UCnYWIUcX6BRn0F2tclt7mVg_dBM39VcSbw,1293250,1297002,3752
SandyLin_UCnYWIUcX6BRn0F2tclt7mVg_dBM39VcSbw_1297170_1298090.wav,SandyLin_UCnYWIUcX6BRn0F2tclt7mVg_dBM39VcSbw,1297170,1298090,920
SandyLin_UCnYWIUcX6BRn0F2tclt7mVg_dBM39VcSbw_1298538_1301506.wav,SandyLin_UCnYWIUcX6BRn0F2tclt7mVg_dBM39VcSbw,1298538,1301506,2968
SandyLin_UCnYWIUcX6BRn0F2tclt7mVg_dBM39VcSbw_1301954_1307628.wav,SandyLin_UCnYWIUcX6BRn0F2tclt7mVg_dBM39VcSbw,1301954,1307628,5674
SandyLin_UCnYWIUcX6BRn0F2tclt7mVg_dBM39VcSbw_1308012_1313852.wav,SandyLin_UCnYWIUcX6BRn0F2tclt7mVg_dBM39VcSbw,1308012,1313852,5840
SandyLin_UCnYWIUcX6BRn0F2tclt7mVg_dBM39VcSbw_1314148_1323478.wav,SandyLin_UCnYWIUcX6BRn0F2tclt7mVg_dBM39VcSbw,1314148,1323478,9330
SandyLin_UCnYWIUcX6BRn0F2tclt7mVg_dBM39VcSbw_1323774_1330946.wav,SandyLin_UCnYWIUcX6BRn0F2tclt7mVg_dBM39VcSbw,1323774,1330946,7172
SandyLin_UCnYWIUcX6BRn0F2tclt7mVg_dBM39VcSbw_1331098_1337162.wav,SandyLin_UCnYWIUcX6BRn0F2tclt7mVg_dBM39VcSbw,1331098,1337162,6064
SandyLin_UCnYWIUcX6BRn0F2tclt7mVg_dBM39VcSbw_1337442_1343618.wav,SandyLin_UCnYWIUcX6BRn0F2tclt7mVg_dBM39VcSbw,1337442,1343618,6176
SandyLin_UCnYWIUcX6BRn0F2tclt7mVg_dBM39VcSbw_1343930_1346850.wav,SandyLin_UCnYWIUcX6BRn0F2tclt7mVg_dBM39VcSbw,1343930,1346850,2920
SandyLin_UCnYWIUcX6BRn0F2tclt7mVg_dBM39VcSbw_1347130_1350518.wav,SandyLin_UCnYWIUcX6BRn0F2tclt7mVg_dBM39VcSbw,1347130,1350518,3388
SandyLin_UCnYWIUcX6BRn0F2tclt7mVg_dBM39VcSbw_1350742_1358166.wav,SandyLin_UCnYWIUcX6BRn0F2tclt7mVg_dBM39VcSbw,1350742,1358166,7424
SandyLin_UCnYWIUcX6BRn0F2tclt7mVg_dBM39VcSbw_1358406_1359062.wav,SandyLin_UCnYWIUcX6BRn0F2tclt7mVg_dBM39VcSbw,1358406,1359062,656
SandyLin_UCnYWIUcX6BRn0F2tclt7mVg_dBM39VcSbw_1359238_1361270.wav,SandyLin_UCnYWIUcX6BRn0F2tclt7mVg_dBM39VcSbw,1359238,1361270,2032
SandyLin_UCnYWIUcX6BRn0F2tclt7mVg_dBM39VcSbw_1361462_1368496.wav,SandyLin_UCnYWIUcX6BRn0F2tclt7mVg_dBM39VcSbw,1361462,1368496,7034
SandyLin_UCnYWIUcX6BRn0F2tclt7mVg_dBM39VcSbw_1368648_1373362.wav,SandyLin_UCnYWIUcX6BRn0F2tclt7mVg_dBM39VcSbw,1368648,1373362,4714
SandyLin_UCnYWIUcX6BRn0F2tclt7mVg_dBM39VcSbw_1373938_1382426.wav,SandyLin_UCnYWIUcX6BRn0F2tclt7mVg_dBM39VcSbw,1373938,1382426,8488
SandyLin_UCnYWIUcX6BRn0F2tclt7mVg_dBM39VcSbw_1382674_1387258.wav,SandyLin_UCnYWIUcX6BRn0F2tclt7mVg_dBM39VcSbw,1382674,1387258,4584
SandyLin_UCnYWIUcX6BRn0F2tclt7mVg_dBM39VcSbw_1387490_1389594.wav,SandyLin_UCnYWIUcX6BRn0F2tclt7mVg_dBM39VcSbw,1387490,1389594,2104
SandyLin_UCnYWIUcX6BRn0F2tclt7mVg_dBM39VcSbw_1389762_1391490.wav,SandyLin_UCnYWIUcX6BRn0F2tclt7mVg_dBM39VcSbw,1389762,1391490,1728
SandyLin_UCnYWIUcX6BRn0F2tclt7mVg_dBM39VcSbw_1391674_1392346.wav,SandyLin_UCnYWIUcX6BRn0F2tclt7mVg_dBM39VcSbw,1391674,1392346,672
SandyLin_UCnYWIUcX6BRn0F2tclt7mVg_dBM39VcSbw_1392658_1393898.wav,SandyLin_UCnYWIUcX6BRn0F2tclt7mVg_dBM39VcSbw,1392658,1393898,1240
SandyLin_UCnYWIUcX6BRn0F2tclt7mVg_dBM39VcSbw_1395138_1399692.wav,SandyLin_UCnYWIUcX6BRn0F2tclt7mVg_dBM39VcSbw,1395138,1399692,4554
SandyLin_UCnYWIUcX6BRn0F2tclt7mVg_dBM39VcSbw_1399804_1405580.wav,SandyLin_UCnYWIUcX6BRn0F2tclt7mVg_dBM39VcSbw,1399804,1405580,5776
SandyLin_UCnYWIUcX6BRn0F2tclt7mVg_dBM39VcSbw_1405780_1406348.wav,SandyLin_UCnYWIUcX6BRn0F2tclt7mVg_dBM39VcSbw,1405780,1406348,568
SandyLin_UCnYWIUcX6BRn0F2tclt7mVg_dBM39VcSbw_1406596_1406740.wav,SandyLin_UCnYWIUcX6BRn0F2tclt7mVg_dBM39VcSbw,1406596,1406740,144
SandyLin_UCnYWIUcX6BRn0F2tclt7mVg_dBM39VcSbw_1407156_1409420.wav,SandyLin_UCnYWIUcX6BRn0F2tclt7mVg_dBM39VcSbw,1407156,1409420,2264
SandyLin_UCnYWIUcX6BRn0F2tclt7mVg_dBM39VcSbw_1409868_1415172.wav,SandyLin_UCnYWIUcX6BRn0F2tclt7mVg_dBM39VcSbw,1409868,1415172,5304
SandyLin_UCnYWIUcX6BRn0F2tclt7mVg_dBM39VcSbw_1415612_1420756.wav,SandyLin_UCnYWIUcX6BRn0F2tclt7mVg_dBM39VcSbw,1415612,1420756,5144
SandyLin_UCnYWIUcX6BRn0F2tclt7mVg_dBM39VcSbw_1421012_1427725.wav,SandyLin_UCnYWIUcX6BRn0F2tclt7mVg_dBM39VcSbw,1421012,1427725,6713
