filename,video_id,start_time,end_time,duration
AneesaSmith_UCUek6yHcjiiA0hiMqgsGpw_HrYDsGL1gxg_281_32481.wav,AneesaSmith_UCUek6yHcjiiA0hiMqgsGpw_HrYDsGL1gxg,281,32481,32200
AneesaSmith_UCUek6yHcjiiA0hiMqgsGpw_HrYDsGL1gxg_32913_38649.wav,AneesaSmith_UCUek6yHcjiiA0hiMqgsGpw_HrYDsGL1gxg,32913,38649,5736
AneesaSmith_UCUek6yHcjiiA0hiMqgsGpw_HrYDsGL1gxg_38825_43809.wav,AneesaSmith_UCUek6yHcjiiA0hiMqgsGpw_HrYDsGL1gxg,38825,43809,4984
AneesaSmith_UCUek6yHcjiiA0hiMqgsGpw_HrYDsGL1gxg_43929_58425.wav,AneesaSmith_UCUek6yHcjiiA0hiMqgsGpw_HrYDsGL1gxg,43929,58425,14496
AneesaSmith_UCUek6yHcjiiA0hiMqgsGpw_HrYDsGL1gxg_58537_59945.wav,AneesaSmith_UCUek6yHcjiiA0hiMqgsGpw_HrYDsGL1gxg,58537,59945,1408
AneesaSmith_UCUek6yHcjiiA0hiMqgsGpw_HrYDsGL1gxg_60073_63417.wav,AneesaSmith_UCUek6yHcjiiA0hiMqgsGpw_HrYDsGL1gxg,60073,63417,3344
AneesaSmith_UCUek6yHcjiiA0hiMqgsGpw_HrYDsGL1gxg_63521_85665.wav,AneesaSmith_UCUek6yHcjiiA0hiMqgsGpw_HrYDsGL1gxg,63521,85665,22144
AneesaSmith_UCUek6yHcjiiA0hiMqgsGpw_HrYDsGL1gxg_85785_94481.wav,AneesaSmith_UCUek6yHcjiiA0hiMqgsGpw_HrYDsGL1gxg,85785,94481,8696
AneesaSmith_UCUek6yHcjiiA0hiMqgsGpw_HrYDsGL1gxg_94561_94801.wav,AneesaSmith_UCUek6yHcjiiA0hiMqgsGpw_HrYDsGL1gxg,94561,94801,240
AneesaSmith_UCUek6yHcjiiA0hiMqgsGpw_HrYDsGL1gxg_94889_100929.wav,AneesaSmith_UCUek6yHcjiiA0hiMqgsGpw_HrYDsGL1gxg,94889,100929,6040
AneesaSmith_UCUek6yHcjiiA0hiMqgsGpw_HrYDsGL1gxg_101545_113329.wav,AneesaSmith_UCUek6yHcjiiA0hiMqgsGpw_HrYDsGL1gxg,101545,113329,11784
AneesaSmith_UCUek6yHcjiiA0hiMqgsGpw_HrYDsGL1gxg_113513_125593.wav,AneesaSmith_UCUek6yHcjiiA0hiMqgsGpw_HrYDsGL1gxg,113513,125593,12080
AneesaSmith_UCUek6yHcjiiA0hiMqgsGpw_HrYDsGL1gxg_125673_128857.wav,AneesaSmith_UCUek6yHcjiiA0hiMqgsGpw_HrYDsGL1gxg,125673,128857,3184
AneesaSmith_UCUek6yHcjiiA0hiMqgsGpw_HrYDsGL1gxg_129113_136465.wav,AneesaSmith_UCUek6yHcjiiA0hiMqgsGpw_HrYDsGL1gxg,129113,136465,7352
AneesaSmith_UCUek6yHcjiiA0hiMqgsGpw_HrYDsGL1gxg_136817_146698.wav,AneesaSmith_UCUek6yHcjiiA0hiMqgsGpw_HrYDsGL1gxg,136817,146698,9881
AneesaSmith_UCUek6yHcjiiA0hiMqgsGpw_HrYDsGL1gxg_146818_149162.wav,AneesaSmith_UCUek6yHcjiiA0hiMqgsGpw_HrYDsGL1gxg,146818,149162,2344
AneesaSmith_UCUek6yHcjiiA0hiMqgsGpw_HrYDsGL1gxg_149266_152730.wav,AneesaSmith_UCUek6yHcjiiA0hiMqgsGpw_HrYDsGL1gxg,149266,152730,3464
AneesaSmith_UCUek6yHcjiiA0hiMqgsGpw_HrYDsGL1gxg_152874_154202.wav,AneesaSmith_UCUek6yHcjiiA0hiMqgsGpw_HrYDsGL1gxg,152874,154202,1328
AneesaSmith_UCUek6yHcjiiA0hiMqgsGpw_HrYDsGL1gxg_154611_156845.wav,AneesaSmith_UCUek6yHcjiiA0hiMqgsGpw_HrYDsGL1gxg,154611,156845,2234
AneesaSmith_UCUek6yHcjiiA0hiMqgsGpw_HrYDsGL1gxg_157013_168845.wav,AneesaSmith_UCUek6yHcjiiA0hiMqgsGpw_HrYDsGL1gxg,157013,168845,11832
AneesaSmith_UCUek6yHcjiiA0hiMqgsGpw_HrYDsGL1gxg_169021_169545.wav,AneesaSmith_UCUek6yHcjiiA0hiMqgsGpw_HrYDsGL1gxg,169021,169545,524
AneesaSmith_UCUek6yHcjiiA0hiMqgsGpw_HrYDsGL1gxg_169825_184185.wav,AneesaSmith_UCUek6yHcjiiA0hiMqgsGpw_HrYDsGL1gxg,169825,184185,14360
AneesaSmith_UCUek6yHcjiiA0hiMqgsGpw_HrYDsGL1gxg_184289_186065.wav,AneesaSmith_UCUek6yHcjiiA0hiMqgsGpw_HrYDsGL1gxg,184289,186065,1776
AneesaSmith_UCUek6yHcjiiA0hiMqgsGpw_HrYDsGL1gxg_186217_201729.wav,AneesaSmith_UCUek6yHcjiiA0hiMqgsGpw_HrYDsGL1gxg,186217,201729,15512
AneesaSmith_UCUek6yHcjiiA0hiMqgsGpw_HrYDsGL1gxg_201865_207021.wav,AneesaSmith_UCUek6yHcjiiA0hiMqgsGpw_HrYDsGL1gxg,201865,207021,5156
AneesaSmith_UCUek6yHcjiiA0hiMqgsGpw_HrYDsGL1gxg_207165_216257.wav,AneesaSmith_UCUek6yHcjiiA0hiMqgsGpw_HrYDsGL1gxg,207165,216257,9092
AneesaSmith_UCUek6yHcjiiA0hiMqgsGpw_HrYDsGL1gxg_216409_220161.wav,AneesaSmith_UCUek6yHcjiiA0hiMqgsGpw_HrYDsGL1gxg,216409,220161,3752
AneesaSmith_UCUek6yHcjiiA0hiMqgsGpw_HrYDsGL1gxg_220345_227673.wav,AneesaSmith_UCUek6yHcjiiA0hiMqgsGpw_HrYDsGL1gxg,220345,227673,7328
AneesaSmith_UCUek6yHcjiiA0hiMqgsGpw_HrYDsGL1gxg_228193_229017.wav,AneesaSmith_UCUek6yHcjiiA0hiMqgsGpw_HrYDsGL1gxg,228193,229017,824
AneesaSmith_UCUek6yHcjiiA0hiMqgsGpw_HrYDsGL1gxg_229153_242817.wav,AneesaSmith_UCUek6yHcjiiA0hiMqgsGpw_HrYDsGL1gxg,229153,242817,13664
AneesaSmith_UCUek6yHcjiiA0hiMqgsGpw_HrYDsGL1gxg_242961_246297.wav,AneesaSmith_UCUek6yHcjiiA0hiMqgsGpw_HrYDsGL1gxg,242961,246297,3336
AneesaSmith_UCUek6yHcjiiA0hiMqgsGpw_HrYDsGL1gxg_246449_255801.wav,AneesaSmith_UCUek6yHcjiiA0hiMqgsGpw_HrYDsGL1gxg,246449,255801,9352
AneesaSmith_UCUek6yHcjiiA0hiMqgsGpw_HrYDsGL1gxg_255913_267289.wav,AneesaSmith_UCUek6yHcjiiA0hiMqgsGpw_HrYDsGL1gxg,255913,267289,11376
AneesaSmith_UCUek6yHcjiiA0hiMqgsGpw_HrYDsGL1gxg_267393_267561.wav,AneesaSmith_UCUek6yHcjiiA0hiMqgsGpw_HrYDsGL1gxg,267393,267561,168
AneesaSmith_UCUek6yHcjiiA0hiMqgsGpw_HrYDsGL1gxg_267673_270017.wav,AneesaSmith_UCUek6yHcjiiA0hiMqgsGpw_HrYDsGL1gxg,267673,270017,2344
AneesaSmith_UCUek6yHcjiiA0hiMqgsGpw_HrYDsGL1gxg_270145_275921.wav,AneesaSmith_UCUek6yHcjiiA0hiMqgsGpw_HrYDsGL1gxg,270145,275921,5776
AneesaSmith_UCUek6yHcjiiA0hiMqgsGpw_HrYDsGL1gxg_276553_277257.wav,AneesaSmith_UCUek6yHcjiiA0hiMqgsGpw_HrYDsGL1gxg,276553,277257,704
AneesaSmith_UCUek6yHcjiiA0hiMqgsGpw_HrYDsGL1gxg_277369_281625.wav,AneesaSmith_UCUek6yHcjiiA0hiMqgsGpw_HrYDsGL1gxg,277369,281625,4256
AneesaSmith_UCUek6yHcjiiA0hiMqgsGpw_HrYDsGL1gxg_281745_296057.wav,AneesaSmith_UCUek6yHcjiiA0hiMqgsGpw_HrYDsGL1gxg,281745,296057,14312
AneesaSmith_UCUek6yHcjiiA0hiMqgsGpw_HrYDsGL1gxg_296209_303009.wav,AneesaSmith_UCUek6yHcjiiA0hiMqgsGpw_HrYDsGL1gxg,296209,303009,6800
AneesaSmith_UCUek6yHcjiiA0hiMqgsGpw_HrYDsGL1gxg_303385_303905.wav,AneesaSmith_UCUek6yHcjiiA0hiMqgsGpw_HrYDsGL1gxg,303385,303905,520
AneesaSmith_UCUek6yHcjiiA0hiMqgsGpw_HrYDsGL1gxg_304185_304561.wav,AneesaSmith_UCUek6yHcjiiA0hiMqgsGpw_HrYDsGL1gxg,304185,304561,376
AneesaSmith_UCUek6yHcjiiA0hiMqgsGpw_HrYDsGL1gxg_304697_307553.wav,AneesaSmith_UCUek6yHcjiiA0hiMqgsGpw_HrYDsGL1gxg,304697,307553,2856
AneesaSmith_UCUek6yHcjiiA0hiMqgsGpw_HrYDsGL1gxg_307673_310021.wav,AneesaSmith_UCUek6yHcjiiA0hiMqgsGpw_HrYDsGL1gxg,307673,310021,2348
AneesaSmith_UCUek6yHcjiiA0hiMqgsGpw_HrYDsGL1gxg_310101_311477.wav,AneesaSmith_UCUek6yHcjiiA0hiMqgsGpw_HrYDsGL1gxg,310101,311477,1376
AneesaSmith_UCUek6yHcjiiA0hiMqgsGpw_HrYDsGL1gxg_311557_319917.wav,AneesaSmith_UCUek6yHcjiiA0hiMqgsGpw_HrYDsGL1gxg,311557,319917,8360
AneesaSmith_UCUek6yHcjiiA0hiMqgsGpw_HrYDsGL1gxg_319997_338167.wav,AneesaSmith_UCUek6yHcjiiA0hiMqgsGpw_HrYDsGL1gxg,319997,338167,18170
AneesaSmith_UCUek6yHcjiiA0hiMqgsGpw_HrYDsGL1gxg_338247_340039.wav,AneesaSmith_UCUek6yHcjiiA0hiMqgsGpw_HrYDsGL1gxg,338247,340039,1792
AneesaSmith_UCUek6yHcjiiA0hiMqgsGpw_HrYDsGL1gxg_340119_341057.wav,AneesaSmith_UCUek6yHcjiiA0hiMqgsGpw_HrYDsGL1gxg,340119,341057,938
AneesaSmith_UCUek6yHcjiiA0hiMqgsGpw_HrYDsGL1gxg_341161_341905.wav,AneesaSmith_UCUek6yHcjiiA0hiMqgsGpw_HrYDsGL1gxg,341161,341905,744
AneesaSmith_UCUek6yHcjiiA0hiMqgsGpw_HrYDsGL1gxg_342121_346477.wav,AneesaSmith_UCUek6yHcjiiA0hiMqgsGpw_HrYDsGL1gxg,342121,346477,4356
AneesaSmith_UCUek6yHcjiiA0hiMqgsGpw_HrYDsGL1gxg_346621_351917.wav,AneesaSmith_UCUek6yHcjiiA0hiMqgsGpw_HrYDsGL1gxg,346621,351917,5296
AneesaSmith_UCUek6yHcjiiA0hiMqgsGpw_HrYDsGL1gxg_352045_353985.wav,AneesaSmith_UCUek6yHcjiiA0hiMqgsGpw_HrYDsGL1gxg,352045,353985,1940
AneesaSmith_UCUek6yHcjiiA0hiMqgsGpw_HrYDsGL1gxg_354113_359161.wav,AneesaSmith_UCUek6yHcjiiA0hiMqgsGpw_HrYDsGL1gxg,354113,359161,5048
AneesaSmith_UCUek6yHcjiiA0hiMqgsGpw_HrYDsGL1gxg_359313_366361.wav,AneesaSmith_UCUek6yHcjiiA0hiMqgsGpw_HrYDsGL1gxg,359313,366361,7048
AneesaSmith_UCUek6yHcjiiA0hiMqgsGpw_HrYDsGL1gxg_366673_372890.wav,AneesaSmith_UCUek6yHcjiiA0hiMqgsGpw_HrYDsGL1gxg,366673,372890,6217
AneesaSmith_UCUek6yHcjiiA0hiMqgsGpw_HrYDsGL1gxg_373034_375418.wav,AneesaSmith_UCUek6yHcjiiA0hiMqgsGpw_HrYDsGL1gxg,373034,375418,2384
AneesaSmith_UCUek6yHcjiiA0hiMqgsGpw_HrYDsGL1gxg_375578_383266.wav,AneesaSmith_UCUek6yHcjiiA0hiMqgsGpw_HrYDsGL1gxg,375578,383266,7688
AneesaSmith_UCUek6yHcjiiA0hiMqgsGpw_HrYDsGL1gxg_383394_384379.wav,AneesaSmith_UCUek6yHcjiiA0hiMqgsGpw_HrYDsGL1gxg,383394,384379,985
AneesaSmith_UCUek6yHcjiiA0hiMqgsGpw_HrYDsGL1gxg_384523_392915.wav,AneesaSmith_UCUek6yHcjiiA0hiMqgsGpw_HrYDsGL1gxg,384523,392915,8392
AneesaSmith_UCUek6yHcjiiA0hiMqgsGpw_HrYDsGL1gxg_393019_404299.wav,AneesaSmith_UCUek6yHcjiiA0hiMqgsGpw_HrYDsGL1gxg,393019,404299,11280
AneesaSmith_UCUek6yHcjiiA0hiMqgsGpw_HrYDsGL1gxg_404403_406244.wav,AneesaSmith_UCUek6yHcjiiA0hiMqgsGpw_HrYDsGL1gxg,404403,406244,1841
AneesaSmith_UCUek6yHcjiiA0hiMqgsGpw_HrYDsGL1gxg_406356_414412.wav,AneesaSmith_UCUek6yHcjiiA0hiMqgsGpw_HrYDsGL1gxg,406356,414412,8056
AneesaSmith_UCUek6yHcjiiA0hiMqgsGpw_HrYDsGL1gxg_414524_416781.wav,AneesaSmith_UCUek6yHcjiiA0hiMqgsGpw_HrYDsGL1gxg,414524,416781,2257
AneesaSmith_UCUek6yHcjiiA0hiMqgsGpw_HrYDsGL1gxg_417117_417465.wav,AneesaSmith_UCUek6yHcjiiA0hiMqgsGpw_HrYDsGL1gxg,417117,417465,348
AneesaSmith_UCUek6yHcjiiA0hiMqgsGpw_HrYDsGL1gxg_417737_431729.wav,AneesaSmith_UCUek6yHcjiiA0hiMqgsGpw_HrYDsGL1gxg,417737,431729,13992
AneesaSmith_UCUek6yHcjiiA0hiMqgsGpw_HrYDsGL1gxg_432361_434589.wav,AneesaSmith_UCUek6yHcjiiA0hiMqgsGpw_HrYDsGL1gxg,432361,434589,2228
AneesaSmith_UCUek6yHcjiiA0hiMqgsGpw_HrYDsGL1gxg_434733_444705.wav,AneesaSmith_UCUek6yHcjiiA0hiMqgsGpw_HrYDsGL1gxg,434733,444705,9972
AneesaSmith_UCUek6yHcjiiA0hiMqgsGpw_HrYDsGL1gxg_444961_457715.wav,AneesaSmith_UCUek6yHcjiiA0hiMqgsGpw_HrYDsGL1gxg,444961,457715,12754
AneesaSmith_UCUek6yHcjiiA0hiMqgsGpw_HrYDsGL1gxg_457843_458859.wav,AneesaSmith_UCUek6yHcjiiA0hiMqgsGpw_HrYDsGL1gxg,457843,458859,1016
AneesaSmith_UCUek6yHcjiiA0hiMqgsGpw_HrYDsGL1gxg_459003_463733.wav,AneesaSmith_UCUek6yHcjiiA0hiMqgsGpw_HrYDsGL1gxg,459003,463733,4730
AneesaSmith_UCUek6yHcjiiA0hiMqgsGpw_HrYDsGL1gxg_463885_467557.wav,AneesaSmith_UCUek6yHcjiiA0hiMqgsGpw_HrYDsGL1gxg,463885,467557,3672
AneesaSmith_UCUek6yHcjiiA0hiMqgsGpw_HrYDsGL1gxg_467749_480533.wav,AneesaSmith_UCUek6yHcjiiA0hiMqgsGpw_HrYDsGL1gxg,467749,480533,12784
AneesaSmith_UCUek6yHcjiiA0hiMqgsGpw_HrYDsGL1gxg_480925_481993.wav,AneesaSmith_UCUek6yHcjiiA0hiMqgsGpw_HrYDsGL1gxg,480925,481993,1068
AneesaSmith_UCUek6yHcjiiA0hiMqgsGpw_HrYDsGL1gxg_482713_490525.wav,AneesaSmith_UCUek6yHcjiiA0hiMqgsGpw_HrYDsGL1gxg,482713,490525,7812
AneesaSmith_UCUek6yHcjiiA0hiMqgsGpw_HrYDsGL1gxg_490781_492585.wav,AneesaSmith_UCUek6yHcjiiA0hiMqgsGpw_HrYDsGL1gxg,490781,492585,1804
AneesaSmith_UCUek6yHcjiiA0hiMqgsGpw_HrYDsGL1gxg_492969_497537.wav,AneesaSmith_UCUek6yHcjiiA0hiMqgsGpw_HrYDsGL1gxg,492969,497537,4568
AneesaSmith_UCUek6yHcjiiA0hiMqgsGpw_HrYDsGL1gxg_497801_498369.wav,AneesaSmith_UCUek6yHcjiiA0hiMqgsGpw_HrYDsGL1gxg,497801,498369,568
AneesaSmith_UCUek6yHcjiiA0hiMqgsGpw_HrYDsGL1gxg_498785_499273.wav,AneesaSmith_UCUek6yHcjiiA0hiMqgsGpw_HrYDsGL1gxg,498785,499273,488
AneesaSmith_UCUek6yHcjiiA0hiMqgsGpw_HrYDsGL1gxg_499833_506945.wav,AneesaSmith_UCUek6yHcjiiA0hiMqgsGpw_HrYDsGL1gxg,499833,506945,7112
AneesaSmith_UCUek6yHcjiiA0hiMqgsGpw_HrYDsGL1gxg_507201_515257.wav,AneesaSmith_UCUek6yHcjiiA0hiMqgsGpw_HrYDsGL1gxg,507201,515257,8056
AneesaSmith_UCUek6yHcjiiA0hiMqgsGpw_HrYDsGL1gxg_516137_516441.wav,AneesaSmith_UCUek6yHcjiiA0hiMqgsGpw_HrYDsGL1gxg,516137,516441,304
AneesaSmith_UCUek6yHcjiiA0hiMqgsGpw_HrYDsGL1gxg_516721_517401.wav,AneesaSmith_UCUek6yHcjiiA0hiMqgsGpw_HrYDsGL1gxg,516721,517401,680
AneesaSmith_UCUek6yHcjiiA0hiMqgsGpw_HrYDsGL1gxg_518105_518209.wav,AneesaSmith_UCUek6yHcjiiA0hiMqgsGpw_HrYDsGL1gxg,518105,518209,104
AneesaSmith_UCUek6yHcjiiA0hiMqgsGpw_HrYDsGL1gxg_518361_521385.wav,AneesaSmith_UCUek6yHcjiiA0hiMqgsGpw_HrYDsGL1gxg,518361,521385,3024
AneesaSmith_UCUek6yHcjiiA0hiMqgsGpw_HrYDsGL1gxg_521529_523721.wav,AneesaSmith_UCUek6yHcjiiA0hiMqgsGpw_HrYDsGL1gxg,521529,523721,2192
AneesaSmith_UCUek6yHcjiiA0hiMqgsGpw_HrYDsGL1gxg_523849_534969.wav,AneesaSmith_UCUek6yHcjiiA0hiMqgsGpw_HrYDsGL1gxg,523849,534969,11120
AneesaSmith_UCUek6yHcjiiA0hiMqgsGpw_HrYDsGL1gxg_535209_547857.wav,AneesaSmith_UCUek6yHcjiiA0hiMqgsGpw_HrYDsGL1gxg,535209,547857,12648
AneesaSmith_UCUek6yHcjiiA0hiMqgsGpw_HrYDsGL1gxg_548177_553803.wav,AneesaSmith_UCUek6yHcjiiA0hiMqgsGpw_HrYDsGL1gxg,548177,553803,5626
AneesaSmith_UCUek6yHcjiiA0hiMqgsGpw_HrYDsGL1gxg_553987_565405.wav,AneesaSmith_UCUek6yHcjiiA0hiMqgsGpw_HrYDsGL1gxg,553987,565405,11418
AneesaSmith_UCUek6yHcjiiA0hiMqgsGpw_HrYDsGL1gxg_565781_570918.wav,AneesaSmith_UCUek6yHcjiiA0hiMqgsGpw_HrYDsGL1gxg,565781,570918,5137
AneesaSmith_UCUek6yHcjiiA0hiMqgsGpw_HrYDsGL1gxg_571062_576023.wav,AneesaSmith_UCUek6yHcjiiA0hiMqgsGpw_HrYDsGL1gxg,571062,576023,4961
AneesaSmith_UCUek6yHcjiiA0hiMqgsGpw_HrYDsGL1gxg_576271_583856.wav,AneesaSmith_UCUek6yHcjiiA0hiMqgsGpw_HrYDsGL1gxg,576271,583856,7585
AneesaSmith_UCUek6yHcjiiA0hiMqgsGpw_HrYDsGL1gxg_584072_594136.wav,AneesaSmith_UCUek6yHcjiiA0hiMqgsGpw_HrYDsGL1gxg,584072,594136,10064
AneesaSmith_UCUek6yHcjiiA0hiMqgsGpw_HrYDsGL1gxg_594232_601441.wav,AneesaSmith_UCUek6yHcjiiA0hiMqgsGpw_HrYDsGL1gxg,594232,601441,7209
AneesaSmith_UCUek6yHcjiiA0hiMqgsGpw_HrYDsGL1gxg_601881_605441.wav,AneesaSmith_UCUek6yHcjiiA0hiMqgsGpw_HrYDsGL1gxg,601881,605441,3560
AneesaSmith_UCUek6yHcjiiA0hiMqgsGpw_HrYDsGL1gxg_605657_609802.wav,AneesaSmith_UCUek6yHcjiiA0hiMqgsGpw_HrYDsGL1gxg,605657,609802,4145
AneesaSmith_UCUek6yHcjiiA0hiMqgsGpw_HrYDsGL1gxg_609922_623091.wav,AneesaSmith_UCUek6yHcjiiA0hiMqgsGpw_HrYDsGL1gxg,609922,623091,13169
AneesaSmith_UCUek6yHcjiiA0hiMqgsGpw_HrYDsGL1gxg_623381_626529.wav,AneesaSmith_UCUek6yHcjiiA0hiMqgsGpw_HrYDsGL1gxg,623381,626529,3148
AneesaSmith_UCUek6yHcjiiA0hiMqgsGpw_HrYDsGL1gxg_626721_636817.wav,AneesaSmith_UCUek6yHcjiiA0hiMqgsGpw_HrYDsGL1gxg,626721,636817,10096
AneesaSmith_UCUek6yHcjiiA0hiMqgsGpw_HrYDsGL1gxg_637081_640097.wav,AneesaSmith_UCUek6yHcjiiA0hiMqgsGpw_HrYDsGL1gxg,637081,640097,3016
AneesaSmith_UCUek6yHcjiiA0hiMqgsGpw_HrYDsGL1gxg_640233_643857.wav,AneesaSmith_UCUek6yHcjiiA0hiMqgsGpw_HrYDsGL1gxg,640233,643857,3624
AneesaSmith_UCUek6yHcjiiA0hiMqgsGpw_HrYDsGL1gxg_643993_654849.wav,AneesaSmith_UCUek6yHcjiiA0hiMqgsGpw_HrYDsGL1gxg,643993,654849,10856
AneesaSmith_UCUek6yHcjiiA0hiMqgsGpw_HrYDsGL1gxg_655017_658897.wav,AneesaSmith_UCUek6yHcjiiA0hiMqgsGpw_HrYDsGL1gxg,655017,658897,3880
AneesaSmith_UCUek6yHcjiiA0hiMqgsGpw_HrYDsGL1gxg_659161_659785.wav,AneesaSmith_UCUek6yHcjiiA0hiMqgsGpw_HrYDsGL1gxg,659161,659785,624
AneesaSmith_UCUek6yHcjiiA0hiMqgsGpw_HrYDsGL1gxg_660545_669145.wav,AneesaSmith_UCUek6yHcjiiA0hiMqgsGpw_HrYDsGL1gxg,660545,669145,8600
AneesaSmith_UCUek6yHcjiiA0hiMqgsGpw_HrYDsGL1gxg_669361_671713.wav,AneesaSmith_UCUek6yHcjiiA0hiMqgsGpw_HrYDsGL1gxg,669361,671713,2352
AneesaSmith_UCUek6yHcjiiA0hiMqgsGpw_HrYDsGL1gxg_672057_678397.wav,AneesaSmith_UCUek6yHcjiiA0hiMqgsGpw_HrYDsGL1gxg,672057,678397,6340
AneesaSmith_UCUek6yHcjiiA0hiMqgsGpw_HrYDsGL1gxg_678565_682341.wav,AneesaSmith_UCUek6yHcjiiA0hiMqgsGpw_HrYDsGL1gxg,678565,682341,3776
AneesaSmith_UCUek6yHcjiiA0hiMqgsGpw_HrYDsGL1gxg_682509_687889.wav,AneesaSmith_UCUek6yHcjiiA0hiMqgsGpw_HrYDsGL1gxg,682509,687889,5380
AneesaSmith_UCUek6yHcjiiA0hiMqgsGpw_HrYDsGL1gxg_688193_693081.wav,AneesaSmith_UCUek6yHcjiiA0hiMqgsGpw_HrYDsGL1gxg,688193,693081,4888
AneesaSmith_UCUek6yHcjiiA0hiMqgsGpw_HrYDsGL1gxg_693705_695881.wav,AneesaSmith_UCUek6yHcjiiA0hiMqgsGpw_HrYDsGL1gxg,693705,695881,2176
AneesaSmith_UCUek6yHcjiiA0hiMqgsGpw_HrYDsGL1gxg_696057_704385.wav,AneesaSmith_UCUek6yHcjiiA0hiMqgsGpw_HrYDsGL1gxg,696057,704385,8328
AneesaSmith_UCUek6yHcjiiA0hiMqgsGpw_HrYDsGL1gxg_704665_711977.wav,AneesaSmith_UCUek6yHcjiiA0hiMqgsGpw_HrYDsGL1gxg,704665,711977,7312
AneesaSmith_UCUek6yHcjiiA0hiMqgsGpw_HrYDsGL1gxg_712289_722665.wav,AneesaSmith_UCUek6yHcjiiA0hiMqgsGpw_HrYDsGL1gxg,712289,722665,10376
AneesaSmith_UCUek6yHcjiiA0hiMqgsGpw_HrYDsGL1gxg_722825_729769.wav,AneesaSmith_UCUek6yHcjiiA0hiMqgsGpw_HrYDsGL1gxg,722825,729769,6944
AneesaSmith_UCUek6yHcjiiA0hiMqgsGpw_HrYDsGL1gxg_729969_735545.wav,AneesaSmith_UCUek6yHcjiiA0hiMqgsGpw_HrYDsGL1gxg,729969,735545,5576
AneesaSmith_UCUek6yHcjiiA0hiMqgsGpw_HrYDsGL1gxg_735801_736977.wav,AneesaSmith_UCUek6yHcjiiA0hiMqgsGpw_HrYDsGL1gxg,735801,736977,1176
AneesaSmith_UCUek6yHcjiiA0hiMqgsGpw_HrYDsGL1gxg_737241_746073.wav,AneesaSmith_UCUek6yHcjiiA0hiMqgsGpw_HrYDsGL1gxg,737241,746073,8832
AneesaSmith_UCUek6yHcjiiA0hiMqgsGpw_HrYDsGL1gxg_746257_760057.wav,AneesaSmith_UCUek6yHcjiiA0hiMqgsGpw_HrYDsGL1gxg,746257,760057,13800
AneesaSmith_UCUek6yHcjiiA0hiMqgsGpw_HrYDsGL1gxg_760257_768579.wav,AneesaSmith_UCUek6yHcjiiA0hiMqgsGpw_HrYDsGL1gxg,760257,768579,8322
AneesaSmith_UCUek6yHcjiiA0hiMqgsGpw_HrYDsGL1gxg_768707_779525.wav,AneesaSmith_UCUek6yHcjiiA0hiMqgsGpw_HrYDsGL1gxg,768707,779525,10818
AneesaSmith_UCUek6yHcjiiA0hiMqgsGpw_HrYDsGL1gxg_779661_784241.wav,AneesaSmith_UCUek6yHcjiiA0hiMqgsGpw_HrYDsGL1gxg,779661,784241,4580
AneesaSmith_UCUek6yHcjiiA0hiMqgsGpw_HrYDsGL1gxg_784697_795193.wav,AneesaSmith_UCUek6yHcjiiA0hiMqgsGpw_HrYDsGL1gxg,784697,795193,10496
AneesaSmith_UCUek6yHcjiiA0hiMqgsGpw_HrYDsGL1gxg_795433_795549.wav,AneesaSmith_UCUek6yHcjiiA0hiMqgsGpw_HrYDsGL1gxg,795433,795549,116
AneesaSmith_UCUek6yHcjiiA0hiMqgsGpw_HrYDsGL1gxg_795677_806847.wav,AneesaSmith_UCUek6yHcjiiA0hiMqgsGpw_HrYDsGL1gxg,795677,806847,11170
AneesaSmith_UCUek6yHcjiiA0hiMqgsGpw_HrYDsGL1gxg_806951_813815.wav,AneesaSmith_UCUek6yHcjiiA0hiMqgsGpw_HrYDsGL1gxg,806951,813815,6864
AneesaSmith_UCUek6yHcjiiA0hiMqgsGpw_HrYDsGL1gxg_813935_814687.wav,AneesaSmith_UCUek6yHcjiiA0hiMqgsGpw_HrYDsGL1gxg,813935,814687,752
AneesaSmith_UCUek6yHcjiiA0hiMqgsGpw_HrYDsGL1gxg_814791_823897.wav,AneesaSmith_UCUek6yHcjiiA0hiMqgsGpw_HrYDsGL1gxg,814791,823897,9106
AneesaSmith_UCUek6yHcjiiA0hiMqgsGpw_HrYDsGL1gxg_824185_824885.wav,AneesaSmith_UCUek6yHcjiiA0hiMqgsGpw_HrYDsGL1gxg,824185,824885,700
AneesaSmith_UCUek6yHcjiiA0hiMqgsGpw_HrYDsGL1gxg_825093_832333.wav,AneesaSmith_UCUek6yHcjiiA0hiMqgsGpw_HrYDsGL1gxg,825093,832333,7240
AneesaSmith_UCUek6yHcjiiA0hiMqgsGpw_HrYDsGL1gxg_832469_836621.wav,AneesaSmith_UCUek6yHcjiiA0hiMqgsGpw_HrYDsGL1gxg,832469,836621,4152
AneesaSmith_UCUek6yHcjiiA0hiMqgsGpw_HrYDsGL1gxg_836917_845941.wav,AneesaSmith_UCUek6yHcjiiA0hiMqgsGpw_HrYDsGL1gxg,836917,845941,9024
AneesaSmith_UCUek6yHcjiiA0hiMqgsGpw_HrYDsGL1gxg_846093_852863.wav,AneesaSmith_UCUek6yHcjiiA0hiMqgsGpw_HrYDsGL1gxg,846093,852863,6770
AneesaSmith_UCUek6yHcjiiA0hiMqgsGpw_HrYDsGL1gxg_852943_853167.wav,AneesaSmith_UCUek6yHcjiiA0hiMqgsGpw_HrYDsGL1gxg,852943,853167,224
AneesaSmith_UCUek6yHcjiiA0hiMqgsGpw_HrYDsGL1gxg_853255_855935.wav,AneesaSmith_UCUek6yHcjiiA0hiMqgsGpw_HrYDsGL1gxg,853255,855935,2680
AneesaSmith_UCUek6yHcjiiA0hiMqgsGpw_HrYDsGL1gxg_856023_862567.wav,AneesaSmith_UCUek6yHcjiiA0hiMqgsGpw_HrYDsGL1gxg,856023,862567,6544
AneesaSmith_UCUek6yHcjiiA0hiMqgsGpw_HrYDsGL1gxg_862655_873337.wav,AneesaSmith_UCUek6yHcjiiA0hiMqgsGpw_HrYDsGL1gxg,862655,873337,10682
AneesaSmith_UCUek6yHcjiiA0hiMqgsGpw_HrYDsGL1gxg_873577_887257.wav,AneesaSmith_UCUek6yHcjiiA0hiMqgsGpw_HrYDsGL1gxg,873577,887257,13680
AneesaSmith_UCUek6yHcjiiA0hiMqgsGpw_HrYDsGL1gxg_887393_887953.wav,AneesaSmith_UCUek6yHcjiiA0hiMqgsGpw_HrYDsGL1gxg,887393,887953,560
AneesaSmith_UCUek6yHcjiiA0hiMqgsGpw_HrYDsGL1gxg_888657_899369.wav,AneesaSmith_UCUek6yHcjiiA0hiMqgsGpw_HrYDsGL1gxg,888657,899369,10712
AneesaSmith_UCUek6yHcjiiA0hiMqgsGpw_HrYDsGL1gxg_899465_909362.wav,AneesaSmith_UCUek6yHcjiiA0hiMqgsGpw_HrYDsGL1gxg,899465,909362,9897
AneesaSmith_UCUek6yHcjiiA0hiMqgsGpw_HrYDsGL1gxg_909522_910538.wav,AneesaSmith_UCUek6yHcjiiA0hiMqgsGpw_HrYDsGL1gxg,909522,910538,1016
AneesaSmith_UCUek6yHcjiiA0hiMqgsGpw_HrYDsGL1gxg_910794_919515.wav,AneesaSmith_UCUek6yHcjiiA0hiMqgsGpw_HrYDsGL1gxg,910794,919515,8721
AneesaSmith_UCUek6yHcjiiA0hiMqgsGpw_HrYDsGL1gxg_919755_926487.wav,AneesaSmith_UCUek6yHcjiiA0hiMqgsGpw_HrYDsGL1gxg,919755,926487,6732
AneesaSmith_UCUek6yHcjiiA0hiMqgsGpw_HrYDsGL1gxg_926623_931307.wav,AneesaSmith_UCUek6yHcjiiA0hiMqgsGpw_HrYDsGL1gxg,926623,931307,4684
AneesaSmith_UCUek6yHcjiiA0hiMqgsGpw_HrYDsGL1gxg_931443_934019.wav,AneesaSmith_UCUek6yHcjiiA0hiMqgsGpw_HrYDsGL1gxg,931443,934019,2576
AneesaSmith_UCUek6yHcjiiA0hiMqgsGpw_HrYDsGL1gxg_934235_938596.wav,AneesaSmith_UCUek6yHcjiiA0hiMqgsGpw_HrYDsGL1gxg,934235,938596,4361
AneesaSmith_UCUek6yHcjiiA0hiMqgsGpw_HrYDsGL1gxg_938748_946196.wav,AneesaSmith_UCUek6yHcjiiA0hiMqgsGpw_HrYDsGL1gxg,938748,946196,7448
AneesaSmith_UCUek6yHcjiiA0hiMqgsGpw_HrYDsGL1gxg_946348_952685.wav,AneesaSmith_UCUek6yHcjiiA0hiMqgsGpw_HrYDsGL1gxg,946348,952685,6337
AneesaSmith_UCUek6yHcjiiA0hiMqgsGpw_HrYDsGL1gxg_953085_954893.wav,AneesaSmith_UCUek6yHcjiiA0hiMqgsGpw_HrYDsGL1gxg,953085,954893,1808
AneesaSmith_UCUek6yHcjiiA0hiMqgsGpw_HrYDsGL1gxg_955149_955293.wav,AneesaSmith_UCUek6yHcjiiA0hiMqgsGpw_HrYDsGL1gxg,955149,955293,144
AneesaSmith_UCUek6yHcjiiA0hiMqgsGpw_HrYDsGL1gxg_955597_969393.wav,AneesaSmith_UCUek6yHcjiiA0hiMqgsGpw_HrYDsGL1gxg,955597,969393,13796
AneesaSmith_UCUek6yHcjiiA0hiMqgsGpw_HrYDsGL1gxg_969793_970481.wav,AneesaSmith_UCUek6yHcjiiA0hiMqgsGpw_HrYDsGL1gxg,969793,970481,688
AneesaSmith_UCUek6yHcjiiA0hiMqgsGpw_HrYDsGL1gxg_970977_971685.wav,AneesaSmith_UCUek6yHcjiiA0hiMqgsGpw_HrYDsGL1gxg,970977,971685,708
AneesaSmith_UCUek6yHcjiiA0hiMqgsGpw_HrYDsGL1gxg_971821_984705.wav,AneesaSmith_UCUek6yHcjiiA0hiMqgsGpw_HrYDsGL1gxg,971821,984705,12884
AneesaSmith_UCUek6yHcjiiA0hiMqgsGpw_HrYDsGL1gxg_985121_993641.wav,AneesaSmith_UCUek6yHcjiiA0hiMqgsGpw_HrYDsGL1gxg,985121,993641,8520
AneesaSmith_UCUek6yHcjiiA0hiMqgsGpw_HrYDsGL1gxg_993905_994165.wav,AneesaSmith_UCUek6yHcjiiA0hiMqgsGpw_HrYDsGL1gxg,993905,994165,260
AneesaSmith_UCUek6yHcjiiA0hiMqgsGpw_HrYDsGL1gxg_994253_1000605.wav,AneesaSmith_UCUek6yHcjiiA0hiMqgsGpw_HrYDsGL1gxg,994253,1000605,6352
AneesaSmith_UCUek6yHcjiiA0hiMqgsGpw_HrYDsGL1gxg_1000685_1005109.wav,AneesaSmith_UCUek6yHcjiiA0hiMqgsGpw_HrYDsGL1gxg,1000685,1005109,4424
AneesaSmith_UCUek6yHcjiiA0hiMqgsGpw_HrYDsGL1gxg_1005189_1014457.wav,AneesaSmith_UCUek6yHcjiiA0hiMqgsGpw_HrYDsGL1gxg,1005189,1014457,9268
AneesaSmith_UCUek6yHcjiiA0hiMqgsGpw_HrYDsGL1gxg_1014625_1021937.wav,AneesaSmith_UCUek6yHcjiiA0hiMqgsGpw_HrYDsGL1gxg,1014625,1021937,7312
AneesaSmith_UCUek6yHcjiiA0hiMqgsGpw_HrYDsGL1gxg_1022049_1032249.wav,AneesaSmith_UCUek6yHcjiiA0hiMqgsGpw_HrYDsGL1gxg,1022049,1032249,10200
AneesaSmith_UCUek6yHcjiiA0hiMqgsGpw_HrYDsGL1gxg_1033033_1033881.wav,AneesaSmith_UCUek6yHcjiiA0hiMqgsGpw_HrYDsGL1gxg,1033033,1033881,848
AneesaSmith_UCUek6yHcjiiA0hiMqgsGpw_HrYDsGL1gxg_1034025_1046485.wav,AneesaSmith_UCUek6yHcjiiA0hiMqgsGpw_HrYDsGL1gxg,1034025,1046485,12460
AneesaSmith_UCUek6yHcjiiA0hiMqgsGpw_HrYDsGL1gxg_1046573_1046861.wav,AneesaSmith_UCUek6yHcjiiA0hiMqgsGpw_HrYDsGL1gxg,1046573,1046861,288
AneesaSmith_UCUek6yHcjiiA0hiMqgsGpw_HrYDsGL1gxg_1046949_1054533.wav,AneesaSmith_UCUek6yHcjiiA0hiMqgsGpw_HrYDsGL1gxg,1046949,1054533,7584
AneesaSmith_UCUek6yHcjiiA0hiMqgsGpw_HrYDsGL1gxg_1054613_1054769.wav,AneesaSmith_UCUek6yHcjiiA0hiMqgsGpw_HrYDsGL1gxg,1054613,1054769,156
AneesaSmith_UCUek6yHcjiiA0hiMqgsGpw_HrYDsGL1gxg_1054881_1056033.wav,AneesaSmith_UCUek6yHcjiiA0hiMqgsGpw_HrYDsGL1gxg,1054881,1056033,1152
AneesaSmith_UCUek6yHcjiiA0hiMqgsGpw_HrYDsGL1gxg_1056657_1058089.wav,AneesaSmith_UCUek6yHcjiiA0hiMqgsGpw_HrYDsGL1gxg,1056657,1058089,1432
AneesaSmith_UCUek6yHcjiiA0hiMqgsGpw_HrYDsGL1gxg_1058393_1060489.wav,AneesaSmith_UCUek6yHcjiiA0hiMqgsGpw_HrYDsGL1gxg,1058393,1060489,2096
AneesaSmith_UCUek6yHcjiiA0hiMqgsGpw_HrYDsGL1gxg_1061025_1067081.wav,AneesaSmith_UCUek6yHcjiiA0hiMqgsGpw_HrYDsGL1gxg,1061025,1067081,6056
AneesaSmith_UCUek6yHcjiiA0hiMqgsGpw_HrYDsGL1gxg_1067497_1075977.wav,AneesaSmith_UCUek6yHcjiiA0hiMqgsGpw_HrYDsGL1gxg,1067497,1075977,8480
AneesaSmith_UCUek6yHcjiiA0hiMqgsGpw_HrYDsGL1gxg_1077177_1083657.wav,AneesaSmith_UCUek6yHcjiiA0hiMqgsGpw_HrYDsGL1gxg,1077177,1083657,6480
AneesaSmith_UCUek6yHcjiiA0hiMqgsGpw_HrYDsGL1gxg_1084025_1090185.wav,AneesaSmith_UCUek6yHcjiiA0hiMqgsGpw_HrYDsGL1gxg,1084025,1090185,6160
AneesaSmith_UCUek6yHcjiiA0hiMqgsGpw_HrYDsGL1gxg_1090537_1096389.wav,AneesaSmith_UCUek6yHcjiiA0hiMqgsGpw_HrYDsGL1gxg,1090537,1096389,5852
AneesaSmith_UCUek6yHcjiiA0hiMqgsGpw_HrYDsGL1gxg_1096557_1098209.wav,AneesaSmith_UCUek6yHcjiiA0hiMqgsGpw_HrYDsGL1gxg,1096557,1098209,1652
AneesaSmith_UCUek6yHcjiiA0hiMqgsGpw_HrYDsGL1gxg_1098969_1103546.wav,AneesaSmith_UCUek6yHcjiiA0hiMqgsGpw_HrYDsGL1gxg,1098969,1103546,4577
AneesaSmith_UCUek6yHcjiiA0hiMqgsGpw_HrYDsGL1gxg_1103674_1104274.wav,AneesaSmith_UCUek6yHcjiiA0hiMqgsGpw_HrYDsGL1gxg,1103674,1104274,600
AneesaSmith_UCUek6yHcjiiA0hiMqgsGpw_HrYDsGL1gxg_1104274_1107346.wav,AneesaSmith_UCUek6yHcjiiA0hiMqgsGpw_HrYDsGL1gxg,1104274,1107346,3072
AneesaSmith_UCUek6yHcjiiA0hiMqgsGpw_HrYDsGL1gxg_1107682_1108386.wav,AneesaSmith_UCUek6yHcjiiA0hiMqgsGpw_HrYDsGL1gxg,1107682,1108386,704
AneesaSmith_UCUek6yHcjiiA0hiMqgsGpw_HrYDsGL1gxg_1108530_1109322.wav,AneesaSmith_UCUek6yHcjiiA0hiMqgsGpw_HrYDsGL1gxg,1108530,1109322,792
AneesaSmith_UCUek6yHcjiiA0hiMqgsGpw_HrYDsGL1gxg_1109474_1109626.wav,AneesaSmith_UCUek6yHcjiiA0hiMqgsGpw_HrYDsGL1gxg,1109474,1109626,152
AneesaSmith_UCUek6yHcjiiA0hiMqgsGpw_HrYDsGL1gxg_1110042_1113658.wav,AneesaSmith_UCUek6yHcjiiA0hiMqgsGpw_HrYDsGL1gxg,1110042,1113658,3616
AneesaSmith_UCUek6yHcjiiA0hiMqgsGpw_HrYDsGL1gxg_1114482_1114642.wav,AneesaSmith_UCUek6yHcjiiA0hiMqgsGpw_HrYDsGL1gxg,1114482,1114642,160
AneesaSmith_UCUek6yHcjiiA0hiMqgsGpw_HrYDsGL1gxg_1115010_1115130.wav,AneesaSmith_UCUek6yHcjiiA0hiMqgsGpw_HrYDsGL1gxg,1115010,1115130,120
AneesaSmith_UCUek6yHcjiiA0hiMqgsGpw_HrYDsGL1gxg_1115850_1115954.wav,AneesaSmith_UCUek6yHcjiiA0hiMqgsGpw_HrYDsGL1gxg,1115850,1115954,104
AneesaSmith_UCUek6yHcjiiA0hiMqgsGpw_HrYDsGL1gxg_1116258_1119642.wav,AneesaSmith_UCUek6yHcjiiA0hiMqgsGpw_HrYDsGL1gxg,1116258,1119642,3384
