filename,video_id,start_time,end_time,duration
TheTinaElaine_UCC0gStuw8kBnVF5nzkcdkA_4o0sm5USTD0_0_3553.wav,TheTinaElaine_UCC0gStuw8kBnVF5nzkcdkA_4o0sm5USTD0,0,3553,3553
TheTinaElaine_UCC0gStuw8kBnVF5nzkcdkA_4o0sm5USTD0_4145_5337.wav,TheTinaElaine_UCC0gStuw8kBnVF5nzkcdkA_4o0sm5USTD0,4145,5337,1192
TheTinaElaine_UCC0gStuw8kBnVF5nzkcdkA_4o0sm5USTD0_6197_21093.wav,TheTinaElaine_UCC0gStuw8kBnVF5nzkcdkA_4o0sm5USTD0,6197,21093,14896
TheTinaElaine_UCC0gStuw8kBnVF5nzkcdkA_4o0sm5USTD0_21221_22129.wav,TheTinaElaine_UCC0gStuw8kBnVF5nzkcdkA_4o0sm5USTD0,21221,22129,908
TheTinaElaine_UCC0gStuw8kBnVF5nzkcdkA_4o0sm5USTD0_22265_30865.wav,TheTinaElaine_UCC0gStuw8kBnVF5nzkcdkA_4o0sm5USTD0,22265,30865,8600
TheTinaElaine_UCC0gStuw8kBnVF5nzkcdkA_4o0sm5USTD0_31001_33459.wav,TheTinaElaine_UCC0gStuw8kBnVF5nzkcdkA_4o0sm5USTD0,31001,33459,2458
TheTinaElaine_UCC0gStuw8kBnVF5nzkcdkA_4o0sm5USTD0_33571_39259.wav,TheTinaElaine_UCC0gStuw8kBnVF5nzkcdkA_4o0sm5USTD0,33571,39259,5688
TheTinaElaine_UCC0gStuw8kBnVF5nzkcdkA_4o0sm5USTD0_39363_46019.wav,TheTinaElaine_UCC0gStuw8kBnVF5nzkcdkA_4o0sm5USTD0,39363,46019,6656
TheTinaElaine_UCC0gStuw8kBnVF5nzkcdkA_4o0sm5USTD0_46123_48893.wav,TheTinaElaine_UCC0gStuw8kBnVF5nzkcdkA_4o0sm5USTD0,46123,48893,2770
TheTinaElaine_UCC0gStuw8kBnVF5nzkcdkA_4o0sm5USTD0_49069_50017.wav,TheTinaElaine_UCC0gStuw8kBnVF5nzkcdkA_4o0sm5USTD0,49069,50017,948
TheTinaElaine_UCC0gStuw8kBnVF5nzkcdkA_4o0sm5USTD0_50169_59107.wav,TheTinaElaine_UCC0gStuw8kBnVF5nzkcdkA_4o0sm5USTD0,50169,59107,8938
TheTinaElaine_UCC0gStuw8kBnVF5nzkcdkA_4o0sm5USTD0_59235_66405.wav,TheTinaElaine_UCC0gStuw8kBnVF5nzkcdkA_4o0sm5USTD0,59235,66405,7170
TheTinaElaine_UCC0gStuw8kBnVF5nzkcdkA_4o0sm5USTD0_66757_73669.wav,TheTinaElaine_UCC0gStuw8kBnVF5nzkcdkA_4o0sm5USTD0,66757,73669,6912
TheTinaElaine_UCC0gStuw8kBnVF5nzkcdkA_4o0sm5USTD0_73789_81381.wav,TheTinaElaine_UCC0gStuw8kBnVF5nzkcdkA_4o0sm5USTD0,73789,81381,7592
TheTinaElaine_UCC0gStuw8kBnVF5nzkcdkA_4o0sm5USTD0_81485_94477.wav,TheTinaElaine_UCC0gStuw8kBnVF5nzkcdkA_4o0sm5USTD0,81485,94477,12992
TheTinaElaine_UCC0gStuw8kBnVF5nzkcdkA_4o0sm5USTD0_94589_96925.wav,TheTinaElaine_UCC0gStuw8kBnVF5nzkcdkA_4o0sm5USTD0,94589,96925,2336
TheTinaElaine_UCC0gStuw8kBnVF5nzkcdkA_4o0sm5USTD0_97181_102405.wav,TheTinaElaine_UCC0gStuw8kBnVF5nzkcdkA_4o0sm5USTD0,97181,102405,5224
TheTinaElaine_UCC0gStuw8kBnVF5nzkcdkA_4o0sm5USTD0_102661_112479.wav,TheTinaElaine_UCC0gStuw8kBnVF5nzkcdkA_4o0sm5USTD0,102661,112479,9818
TheTinaElaine_UCC0gStuw8kBnVF5nzkcdkA_4o0sm5USTD0_112583_115295.wav,TheTinaElaine_UCC0gStuw8kBnVF5nzkcdkA_4o0sm5USTD0,112583,115295,2712
TheTinaElaine_UCC0gStuw8kBnVF5nzkcdkA_4o0sm5USTD0_115399_117711.wav,TheTinaElaine_UCC0gStuw8kBnVF5nzkcdkA_4o0sm5USTD0,115399,117711,2312
TheTinaElaine_UCC0gStuw8kBnVF5nzkcdkA_4o0sm5USTD0_117815_119415.wav,TheTinaElaine_UCC0gStuw8kBnVF5nzkcdkA_4o0sm5USTD0,117815,119415,1600
TheTinaElaine_UCC0gStuw8kBnVF5nzkcdkA_4o0sm5USTD0_119519_120481.wav,TheTinaElaine_UCC0gStuw8kBnVF5nzkcdkA_4o0sm5USTD0,119519,120481,962
TheTinaElaine_UCC0gStuw8kBnVF5nzkcdkA_4o0sm5USTD0_120857_127393.wav,TheTinaElaine_UCC0gStuw8kBnVF5nzkcdkA_4o0sm5USTD0,120857,127393,6536
TheTinaElaine_UCC0gStuw8kBnVF5nzkcdkA_4o0sm5USTD0_127721_132217.wav,TheTinaElaine_UCC0gStuw8kBnVF5nzkcdkA_4o0sm5USTD0,127721,132217,4496
TheTinaElaine_UCC0gStuw8kBnVF5nzkcdkA_4o0sm5USTD0_132545_140081.wav,TheTinaElaine_UCC0gStuw8kBnVF5nzkcdkA_4o0sm5USTD0,132545,140081,7536
TheTinaElaine_UCC0gStuw8kBnVF5nzkcdkA_4o0sm5USTD0_140257_142073.wav,TheTinaElaine_UCC0gStuw8kBnVF5nzkcdkA_4o0sm5USTD0,140257,142073,1816
TheTinaElaine_UCC0gStuw8kBnVF5nzkcdkA_4o0sm5USTD0_142241_149241.wav,TheTinaElaine_UCC0gStuw8kBnVF5nzkcdkA_4o0sm5USTD0,142241,149241,7000
TheTinaElaine_UCC0gStuw8kBnVF5nzkcdkA_4o0sm5USTD0_149433_151553.wav,TheTinaElaine_UCC0gStuw8kBnVF5nzkcdkA_4o0sm5USTD0,149433,151553,2120
TheTinaElaine_UCC0gStuw8kBnVF5nzkcdkA_4o0sm5USTD0_155529_160629.wav,TheTinaElaine_UCC0gStuw8kBnVF5nzkcdkA_4o0sm5USTD0,155529,160629,5100
TheTinaElaine_UCC0gStuw8kBnVF5nzkcdkA_4o0sm5USTD0_160885_168631.wav,TheTinaElaine_UCC0gStuw8kBnVF5nzkcdkA_4o0sm5USTD0,160885,168631,7746
TheTinaElaine_UCC0gStuw8kBnVF5nzkcdkA_4o0sm5USTD0_168735_172735.wav,TheTinaElaine_UCC0gStuw8kBnVF5nzkcdkA_4o0sm5USTD0,168735,172735,4000
TheTinaElaine_UCC0gStuw8kBnVF5nzkcdkA_4o0sm5USTD0_172847_179089.wav,TheTinaElaine_UCC0gStuw8kBnVF5nzkcdkA_4o0sm5USTD0,172847,179089,6242
TheTinaElaine_UCC0gStuw8kBnVF5nzkcdkA_4o0sm5USTD0_179473_180269.wav,TheTinaElaine_UCC0gStuw8kBnVF5nzkcdkA_4o0sm5USTD0,179473,180269,796
TheTinaElaine_UCC0gStuw8kBnVF5nzkcdkA_4o0sm5USTD0_180437_187125.wav,TheTinaElaine_UCC0gStuw8kBnVF5nzkcdkA_4o0sm5USTD0,180437,187125,6688
TheTinaElaine_UCC0gStuw8kBnVF5nzkcdkA_4o0sm5USTD0_187325_198677.wav,TheTinaElaine_UCC0gStuw8kBnVF5nzkcdkA_4o0sm5USTD0,187325,198677,11352
TheTinaElaine_UCC0gStuw8kBnVF5nzkcdkA_4o0sm5USTD0_198853_200109.wav,TheTinaElaine_UCC0gStuw8kBnVF5nzkcdkA_4o0sm5USTD0,198853,200109,1256
TheTinaElaine_UCC0gStuw8kBnVF5nzkcdkA_4o0sm5USTD0_200285_201977.wav,TheTinaElaine_UCC0gStuw8kBnVF5nzkcdkA_4o0sm5USTD0,200285,201977,1692
TheTinaElaine_UCC0gStuw8kBnVF5nzkcdkA_4o0sm5USTD0_202225_209889.wav,TheTinaElaine_UCC0gStuw8kBnVF5nzkcdkA_4o0sm5USTD0,202225,209889,7664
TheTinaElaine_UCC0gStuw8kBnVF5nzkcdkA_4o0sm5USTD0_210017_222489.wav,TheTinaElaine_UCC0gStuw8kBnVF5nzkcdkA_4o0sm5USTD0,210017,222489,12472
TheTinaElaine_UCC0gStuw8kBnVF5nzkcdkA_4o0sm5USTD0_222649_227473.wav,TheTinaElaine_UCC0gStuw8kBnVF5nzkcdkA_4o0sm5USTD0,222649,227473,4824
TheTinaElaine_UCC0gStuw8kBnVF5nzkcdkA_4o0sm5USTD0_228265_232905.wav,TheTinaElaine_UCC0gStuw8kBnVF5nzkcdkA_4o0sm5USTD0,228265,232905,4640
TheTinaElaine_UCC0gStuw8kBnVF5nzkcdkA_4o0sm5USTD0_233169_236457.wav,TheTinaElaine_UCC0gStuw8kBnVF5nzkcdkA_4o0sm5USTD0,233169,236457,3288
TheTinaElaine_UCC0gStuw8kBnVF5nzkcdkA_4o0sm5USTD0_236625_239457.wav,TheTinaElaine_UCC0gStuw8kBnVF5nzkcdkA_4o0sm5USTD0,236625,239457,2832
TheTinaElaine_UCC0gStuw8kBnVF5nzkcdkA_4o0sm5USTD0_239561_253449.wav,TheTinaElaine_UCC0gStuw8kBnVF5nzkcdkA_4o0sm5USTD0,239561,253449,13888
TheTinaElaine_UCC0gStuw8kBnVF5nzkcdkA_4o0sm5USTD0_253625_255841.wav,TheTinaElaine_UCC0gStuw8kBnVF5nzkcdkA_4o0sm5USTD0,253625,255841,2216
TheTinaElaine_UCC0gStuw8kBnVF5nzkcdkA_4o0sm5USTD0_256025_265769.wav,TheTinaElaine_UCC0gStuw8kBnVF5nzkcdkA_4o0sm5USTD0,256025,265769,9744
TheTinaElaine_UCC0gStuw8kBnVF5nzkcdkA_4o0sm5USTD0_265945_278865.wav,TheTinaElaine_UCC0gStuw8kBnVF5nzkcdkA_4o0sm5USTD0,265945,278865,12920
TheTinaElaine_UCC0gStuw8kBnVF5nzkcdkA_4o0sm5USTD0_279217_279885.wav,TheTinaElaine_UCC0gStuw8kBnVF5nzkcdkA_4o0sm5USTD0,279217,279885,668
TheTinaElaine_UCC0gStuw8kBnVF5nzkcdkA_4o0sm5USTD0_280013_283351.wav,TheTinaElaine_UCC0gStuw8kBnVF5nzkcdkA_4o0sm5USTD0,280013,283351,3338
TheTinaElaine_UCC0gStuw8kBnVF5nzkcdkA_4o0sm5USTD0_283479_291609.wav,TheTinaElaine_UCC0gStuw8kBnVF5nzkcdkA_4o0sm5USTD0,283479,291609,8130
TheTinaElaine_UCC0gStuw8kBnVF5nzkcdkA_4o0sm5USTD0_291777_297377.wav,TheTinaElaine_UCC0gStuw8kBnVF5nzkcdkA_4o0sm5USTD0,291777,297377,5600
TheTinaElaine_UCC0gStuw8kBnVF5nzkcdkA_4o0sm5USTD0_297697_304921.wav,TheTinaElaine_UCC0gStuw8kBnVF5nzkcdkA_4o0sm5USTD0,297697,304921,7224
TheTinaElaine_UCC0gStuw8kBnVF5nzkcdkA_4o0sm5USTD0_305281_319378.wav,TheTinaElaine_UCC0gStuw8kBnVF5nzkcdkA_4o0sm5USTD0,305281,319378,14097
TheTinaElaine_UCC0gStuw8kBnVF5nzkcdkA_4o0sm5USTD0_319546_330451.wav,TheTinaElaine_UCC0gStuw8kBnVF5nzkcdkA_4o0sm5USTD0,319546,330451,10905
TheTinaElaine_UCC0gStuw8kBnVF5nzkcdkA_4o0sm5USTD0_330731_335292.wav,TheTinaElaine_UCC0gStuw8kBnVF5nzkcdkA_4o0sm5USTD0,330731,335292,4561
TheTinaElaine_UCC0gStuw8kBnVF5nzkcdkA_4o0sm5USTD0_335444_344964.wav,TheTinaElaine_UCC0gStuw8kBnVF5nzkcdkA_4o0sm5USTD0,335444,344964,9520
TheTinaElaine_UCC0gStuw8kBnVF5nzkcdkA_4o0sm5USTD0_345076_354508.wav,TheTinaElaine_UCC0gStuw8kBnVF5nzkcdkA_4o0sm5USTD0,345076,354508,9432
TheTinaElaine_UCC0gStuw8kBnVF5nzkcdkA_4o0sm5USTD0_354612_355868.wav,TheTinaElaine_UCC0gStuw8kBnVF5nzkcdkA_4o0sm5USTD0,354612,355868,1256
TheTinaElaine_UCC0gStuw8kBnVF5nzkcdkA_4o0sm5USTD0_356052_357389.wav,TheTinaElaine_UCC0gStuw8kBnVF5nzkcdkA_4o0sm5USTD0,356052,357389,1337
TheTinaElaine_UCC0gStuw8kBnVF5nzkcdkA_4o0sm5USTD0_357661_363269.wav,TheTinaElaine_UCC0gStuw8kBnVF5nzkcdkA_4o0sm5USTD0,357661,363269,5608
TheTinaElaine_UCC0gStuw8kBnVF5nzkcdkA_4o0sm5USTD0_363685_365913.wav,TheTinaElaine_UCC0gStuw8kBnVF5nzkcdkA_4o0sm5USTD0,363685,365913,2228
TheTinaElaine_UCC0gStuw8kBnVF5nzkcdkA_4o0sm5USTD0_366217_368757.wav,TheTinaElaine_UCC0gStuw8kBnVF5nzkcdkA_4o0sm5USTD0,366217,368757,2540
TheTinaElaine_UCC0gStuw8kBnVF5nzkcdkA_4o0sm5USTD0_368997_373561.wav,TheTinaElaine_UCC0gStuw8kBnVF5nzkcdkA_4o0sm5USTD0,368997,373561,4564
TheTinaElaine_UCC0gStuw8kBnVF5nzkcdkA_4o0sm5USTD0_373761_377469.wav,TheTinaElaine_UCC0gStuw8kBnVF5nzkcdkA_4o0sm5USTD0,373761,377469,3708
TheTinaElaine_UCC0gStuw8kBnVF5nzkcdkA_4o0sm5USTD0_377693_384461.wav,TheTinaElaine_UCC0gStuw8kBnVF5nzkcdkA_4o0sm5USTD0,377693,384461,6768
TheTinaElaine_UCC0gStuw8kBnVF5nzkcdkA_4o0sm5USTD0_384677_384969.wav,TheTinaElaine_UCC0gStuw8kBnVF5nzkcdkA_4o0sm5USTD0,384677,384969,292
TheTinaElaine_UCC0gStuw8kBnVF5nzkcdkA_4o0sm5USTD0_385441_390163.wav,TheTinaElaine_UCC0gStuw8kBnVF5nzkcdkA_4o0sm5USTD0,385441,390163,4722
TheTinaElaine_UCC0gStuw8kBnVF5nzkcdkA_4o0sm5USTD0_390331_401380.wav,TheTinaElaine_UCC0gStuw8kBnVF5nzkcdkA_4o0sm5USTD0,390331,401380,11049
TheTinaElaine_UCC0gStuw8kBnVF5nzkcdkA_4o0sm5USTD0_401508_404405.wav,TheTinaElaine_UCC0gStuw8kBnVF5nzkcdkA_4o0sm5USTD0,401508,404405,2897
TheTinaElaine_UCC0gStuw8kBnVF5nzkcdkA_4o0sm5USTD0_404613_417375.wav,TheTinaElaine_UCC0gStuw8kBnVF5nzkcdkA_4o0sm5USTD0,404613,417375,12762
TheTinaElaine_UCC0gStuw8kBnVF5nzkcdkA_4o0sm5USTD0_417503_429439.wav,TheTinaElaine_UCC0gStuw8kBnVF5nzkcdkA_4o0sm5USTD0,417503,429439,11936
TheTinaElaine_UCC0gStuw8kBnVF5nzkcdkA_4o0sm5USTD0_429583_433153.wav,TheTinaElaine_UCC0gStuw8kBnVF5nzkcdkA_4o0sm5USTD0,429583,433153,3570
TheTinaElaine_UCC0gStuw8kBnVF5nzkcdkA_4o0sm5USTD0_437217_440877.wav,TheTinaElaine_UCC0gStuw8kBnVF5nzkcdkA_4o0sm5USTD0,437217,440877,3660
TheTinaElaine_UCC0gStuw8kBnVF5nzkcdkA_4o0sm5USTD0_441013_449013.wav,TheTinaElaine_UCC0gStuw8kBnVF5nzkcdkA_4o0sm5USTD0,441013,449013,8000
TheTinaElaine_UCC0gStuw8kBnVF5nzkcdkA_4o0sm5USTD0_449157_450767.wav,TheTinaElaine_UCC0gStuw8kBnVF5nzkcdkA_4o0sm5USTD0,449157,450767,1610
TheTinaElaine_UCC0gStuw8kBnVF5nzkcdkA_4o0sm5USTD0_450871_457264.wav,TheTinaElaine_UCC0gStuw8kBnVF5nzkcdkA_4o0sm5USTD0,450871,457264,6393
TheTinaElaine_UCC0gStuw8kBnVF5nzkcdkA_4o0sm5USTD0_457416_468048.wav,TheTinaElaine_UCC0gStuw8kBnVF5nzkcdkA_4o0sm5USTD0,457416,468048,10632
TheTinaElaine_UCC0gStuw8kBnVF5nzkcdkA_4o0sm5USTD0_468128_472960.wav,TheTinaElaine_UCC0gStuw8kBnVF5nzkcdkA_4o0sm5USTD0,468128,472960,4832
TheTinaElaine_UCC0gStuw8kBnVF5nzkcdkA_4o0sm5USTD0_473048_477057.wav,TheTinaElaine_UCC0gStuw8kBnVF5nzkcdkA_4o0sm5USTD0,473048,477057,4009
TheTinaElaine_UCC0gStuw8kBnVF5nzkcdkA_4o0sm5USTD0_477217_478561.wav,TheTinaElaine_UCC0gStuw8kBnVF5nzkcdkA_4o0sm5USTD0,477217,478561,1344
TheTinaElaine_UCC0gStuw8kBnVF5nzkcdkA_4o0sm5USTD0_479009_485825.wav,TheTinaElaine_UCC0gStuw8kBnVF5nzkcdkA_4o0sm5USTD0,479009,485825,6816
TheTinaElaine_UCC0gStuw8kBnVF5nzkcdkA_4o0sm5USTD0_486833_490645.wav,TheTinaElaine_UCC0gStuw8kBnVF5nzkcdkA_4o0sm5USTD0,486833,490645,3812
TheTinaElaine_UCC0gStuw8kBnVF5nzkcdkA_4o0sm5USTD0_490845_504873.wav,TheTinaElaine_UCC0gStuw8kBnVF5nzkcdkA_4o0sm5USTD0,490845,504873,14028
TheTinaElaine_UCC0gStuw8kBnVF5nzkcdkA_4o0sm5USTD0_504961_506109.wav,TheTinaElaine_UCC0gStuw8kBnVF5nzkcdkA_4o0sm5USTD0,504961,506109,1148
TheTinaElaine_UCC0gStuw8kBnVF5nzkcdkA_4o0sm5USTD0_506301_508697.wav,TheTinaElaine_UCC0gStuw8kBnVF5nzkcdkA_4o0sm5USTD0,506301,508697,2396
TheTinaElaine_UCC0gStuw8kBnVF5nzkcdkA_4o0sm5USTD0_509161_516273.wav,TheTinaElaine_UCC0gStuw8kBnVF5nzkcdkA_4o0sm5USTD0,509161,516273,7112
TheTinaElaine_UCC0gStuw8kBnVF5nzkcdkA_4o0sm5USTD0_516705_528713.wav,TheTinaElaine_UCC0gStuw8kBnVF5nzkcdkA_4o0sm5USTD0,516705,528713,12008
TheTinaElaine_UCC0gStuw8kBnVF5nzkcdkA_4o0sm5USTD0_528961_533675.wav,TheTinaElaine_UCC0gStuw8kBnVF5nzkcdkA_4o0sm5USTD0,528961,533675,4714
TheTinaElaine_UCC0gStuw8kBnVF5nzkcdkA_4o0sm5USTD0_533755_544181.wav,TheTinaElaine_UCC0gStuw8kBnVF5nzkcdkA_4o0sm5USTD0,533755,544181,10426
TheTinaElaine_UCC0gStuw8kBnVF5nzkcdkA_4o0sm5USTD0_544293_547493.wav,TheTinaElaine_UCC0gStuw8kBnVF5nzkcdkA_4o0sm5USTD0,544293,547493,3200
TheTinaElaine_UCC0gStuw8kBnVF5nzkcdkA_4o0sm5USTD0_547605_554737.wav,TheTinaElaine_UCC0gStuw8kBnVF5nzkcdkA_4o0sm5USTD0,547605,554737,7132
TheTinaElaine_UCC0gStuw8kBnVF5nzkcdkA_4o0sm5USTD0_554945_558705.wav,TheTinaElaine_UCC0gStuw8kBnVF5nzkcdkA_4o0sm5USTD0,554945,558705,3760
TheTinaElaine_UCC0gStuw8kBnVF5nzkcdkA_4o0sm5USTD0_558833_565161.wav,TheTinaElaine_UCC0gStuw8kBnVF5nzkcdkA_4o0sm5USTD0,558833,565161,6328
TheTinaElaine_UCC0gStuw8kBnVF5nzkcdkA_4o0sm5USTD0_565265_567225.wav,TheTinaElaine_UCC0gStuw8kBnVF5nzkcdkA_4o0sm5USTD0,565265,567225,1960
TheTinaElaine_UCC0gStuw8kBnVF5nzkcdkA_4o0sm5USTD0_567329_576289.wav,TheTinaElaine_UCC0gStuw8kBnVF5nzkcdkA_4o0sm5USTD0,567329,576289,8960
TheTinaElaine_UCC0gStuw8kBnVF5nzkcdkA_4o0sm5USTD0_576401_579089.wav,TheTinaElaine_UCC0gStuw8kBnVF5nzkcdkA_4o0sm5USTD0,576401,579089,2688
TheTinaElaine_UCC0gStuw8kBnVF5nzkcdkA_4o0sm5USTD0_579345_579449.wav,TheTinaElaine_UCC0gStuw8kBnVF5nzkcdkA_4o0sm5USTD0,579345,579449,104
TheTinaElaine_UCC0gStuw8kBnVF5nzkcdkA_4o0sm5USTD0_579913_584379.wav,TheTinaElaine_UCC0gStuw8kBnVF5nzkcdkA_4o0sm5USTD0,579913,584379,4466
TheTinaElaine_UCC0gStuw8kBnVF5nzkcdkA_4o0sm5USTD0_584555_589659.wav,TheTinaElaine_UCC0gStuw8kBnVF5nzkcdkA_4o0sm5USTD0,584555,589659,5104
TheTinaElaine_UCC0gStuw8kBnVF5nzkcdkA_4o0sm5USTD0_589795_594245.wav,TheTinaElaine_UCC0gStuw8kBnVF5nzkcdkA_4o0sm5USTD0,589795,594245,4450
TheTinaElaine_UCC0gStuw8kBnVF5nzkcdkA_4o0sm5USTD0_594381_601665.wav,TheTinaElaine_UCC0gStuw8kBnVF5nzkcdkA_4o0sm5USTD0,594381,601665,7284
TheTinaElaine_UCC0gStuw8kBnVF5nzkcdkA_4o0sm5USTD0_601953_602601.wav,TheTinaElaine_UCC0gStuw8kBnVF5nzkcdkA_4o0sm5USTD0,601953,602601,648
TheTinaElaine_UCC0gStuw8kBnVF5nzkcdkA_4o0sm5USTD0_602921_603137.wav,TheTinaElaine_UCC0gStuw8kBnVF5nzkcdkA_4o0sm5USTD0,602921,603137,216
TheTinaElaine_UCC0gStuw8kBnVF5nzkcdkA_4o0sm5USTD0_603457_604217.wav,TheTinaElaine_UCC0gStuw8kBnVF5nzkcdkA_4o0sm5USTD0,603457,604217,760
TheTinaElaine_UCC0gStuw8kBnVF5nzkcdkA_4o0sm5USTD0_604609_605593.wav,TheTinaElaine_UCC0gStuw8kBnVF5nzkcdkA_4o0sm5USTD0,604609,605593,984
TheTinaElaine_UCC0gStuw8kBnVF5nzkcdkA_4o0sm5USTD0_606385_607057.wav,TheTinaElaine_UCC0gStuw8kBnVF5nzkcdkA_4o0sm5USTD0,606385,607057,672
TheTinaElaine_UCC0gStuw8kBnVF5nzkcdkA_4o0sm5USTD0_607777_620914.wav,TheTinaElaine_UCC0gStuw8kBnVF5nzkcdkA_4o0sm5USTD0,607777,620914,13137
TheTinaElaine_UCC0gStuw8kBnVF5nzkcdkA_4o0sm5USTD0_621050_626979.wav,TheTinaElaine_UCC0gStuw8kBnVF5nzkcdkA_4o0sm5USTD0,621050,626979,5929
TheTinaElaine_UCC0gStuw8kBnVF5nzkcdkA_4o0sm5USTD0_627131_629835.wav,TheTinaElaine_UCC0gStuw8kBnVF5nzkcdkA_4o0sm5USTD0,627131,629835,2704
TheTinaElaine_UCC0gStuw8kBnVF5nzkcdkA_4o0sm5USTD0_630051_637245.wav,TheTinaElaine_UCC0gStuw8kBnVF5nzkcdkA_4o0sm5USTD0,630051,637245,7194
TheTinaElaine_UCC0gStuw8kBnVF5nzkcdkA_4o0sm5USTD0_637485_641687.wav,TheTinaElaine_UCC0gStuw8kBnVF5nzkcdkA_4o0sm5USTD0,637485,641687,4202
TheTinaElaine_UCC0gStuw8kBnVF5nzkcdkA_4o0sm5USTD0_641879_645481.wav,TheTinaElaine_UCC0gStuw8kBnVF5nzkcdkA_4o0sm5USTD0,641879,645481,3602
TheTinaElaine_UCC0gStuw8kBnVF5nzkcdkA_4o0sm5USTD0_645705_653805.wav,TheTinaElaine_UCC0gStuw8kBnVF5nzkcdkA_4o0sm5USTD0,645705,653805,8100
TheTinaElaine_UCC0gStuw8kBnVF5nzkcdkA_4o0sm5USTD0_653973_654521.wav,TheTinaElaine_UCC0gStuw8kBnVF5nzkcdkA_4o0sm5USTD0,653973,654521,548
TheTinaElaine_UCC0gStuw8kBnVF5nzkcdkA_4o0sm5USTD0_654753_658777.wav,TheTinaElaine_UCC0gStuw8kBnVF5nzkcdkA_4o0sm5USTD0,654753,658777,4024
TheTinaElaine_UCC0gStuw8kBnVF5nzkcdkA_4o0sm5USTD0_659233_660057.wav,TheTinaElaine_UCC0gStuw8kBnVF5nzkcdkA_4o0sm5USTD0,659233,660057,824
TheTinaElaine_UCC0gStuw8kBnVF5nzkcdkA_4o0sm5USTD0_660849_665121.wav,TheTinaElaine_UCC0gStuw8kBnVF5nzkcdkA_4o0sm5USTD0,660849,665121,4272
TheTinaElaine_UCC0gStuw8kBnVF5nzkcdkA_4o0sm5USTD0_665449_667049.wav,TheTinaElaine_UCC0gStuw8kBnVF5nzkcdkA_4o0sm5USTD0,665449,667049,1600
TheTinaElaine_UCC0gStuw8kBnVF5nzkcdkA_4o0sm5USTD0_667345_668313.wav,TheTinaElaine_UCC0gStuw8kBnVF5nzkcdkA_4o0sm5USTD0,667345,668313,968
TheTinaElaine_UCC0gStuw8kBnVF5nzkcdkA_4o0sm5USTD0_668921_670857.wav,TheTinaElaine_UCC0gStuw8kBnVF5nzkcdkA_4o0sm5USTD0,668921,670857,1936
TheTinaElaine_UCC0gStuw8kBnVF5nzkcdkA_4o0sm5USTD0_671129_678045.wav,TheTinaElaine_UCC0gStuw8kBnVF5nzkcdkA_4o0sm5USTD0,671129,678045,6916
TheTinaElaine_UCC0gStuw8kBnVF5nzkcdkA_4o0sm5USTD0_678221_683269.wav,TheTinaElaine_UCC0gStuw8kBnVF5nzkcdkA_4o0sm5USTD0,678221,683269,5048
TheTinaElaine_UCC0gStuw8kBnVF5nzkcdkA_4o0sm5USTD0_683429_687621.wav,TheTinaElaine_UCC0gStuw8kBnVF5nzkcdkA_4o0sm5USTD0,683429,687621,4192
TheTinaElaine_UCC0gStuw8kBnVF5nzkcdkA_4o0sm5USTD0_687821_692833.wav,TheTinaElaine_UCC0gStuw8kBnVF5nzkcdkA_4o0sm5USTD0,687821,692833,5012
TheTinaElaine_UCC0gStuw8kBnVF5nzkcdkA_4o0sm5USTD0_693105_698753.wav,TheTinaElaine_UCC0gStuw8kBnVF5nzkcdkA_4o0sm5USTD0,693105,698753,5648
TheTinaElaine_UCC0gStuw8kBnVF5nzkcdkA_4o0sm5USTD0_698953_704081.wav,TheTinaElaine_UCC0gStuw8kBnVF5nzkcdkA_4o0sm5USTD0,698953,704081,5128
TheTinaElaine_UCC0gStuw8kBnVF5nzkcdkA_4o0sm5USTD0_704233_711773.wav,TheTinaElaine_UCC0gStuw8kBnVF5nzkcdkA_4o0sm5USTD0,704233,711773,7540
TheTinaElaine_UCC0gStuw8kBnVF5nzkcdkA_4o0sm5USTD0_711957_712737.wav,TheTinaElaine_UCC0gStuw8kBnVF5nzkcdkA_4o0sm5USTD0,711957,712737,780
TheTinaElaine_UCC0gStuw8kBnVF5nzkcdkA_4o0sm5USTD0_712905_720033.wav,TheTinaElaine_UCC0gStuw8kBnVF5nzkcdkA_4o0sm5USTD0,712905,720033,7128
TheTinaElaine_UCC0gStuw8kBnVF5nzkcdkA_4o0sm5USTD0_720257_722017.wav,TheTinaElaine_UCC0gStuw8kBnVF5nzkcdkA_4o0sm5USTD0,720257,722017,1760
TheTinaElaine_UCC0gStuw8kBnVF5nzkcdkA_4o0sm5USTD0_722153_731865.wav,TheTinaElaine_UCC0gStuw8kBnVF5nzkcdkA_4o0sm5USTD0,722153,731865,9712
TheTinaElaine_UCC0gStuw8kBnVF5nzkcdkA_4o0sm5USTD0_732025_737113.wav,TheTinaElaine_UCC0gStuw8kBnVF5nzkcdkA_4o0sm5USTD0,732025,737113,5088
TheTinaElaine_UCC0gStuw8kBnVF5nzkcdkA_4o0sm5USTD0_738137_751907.wav,TheTinaElaine_UCC0gStuw8kBnVF5nzkcdkA_4o0sm5USTD0,738137,751907,13770
TheTinaElaine_UCC0gStuw8kBnVF5nzkcdkA_4o0sm5USTD0_752043_761083.wav,TheTinaElaine_UCC0gStuw8kBnVF5nzkcdkA_4o0sm5USTD0,752043,761083,9040
TheTinaElaine_UCC0gStuw8kBnVF5nzkcdkA_4o0sm5USTD0_761219_767987.wav,TheTinaElaine_UCC0gStuw8kBnVF5nzkcdkA_4o0sm5USTD0,761219,767987,6768
TheTinaElaine_UCC0gStuw8kBnVF5nzkcdkA_4o0sm5USTD0_768115_775149.wav,TheTinaElaine_UCC0gStuw8kBnVF5nzkcdkA_4o0sm5USTD0,768115,775149,7034
TheTinaElaine_UCC0gStuw8kBnVF5nzkcdkA_4o0sm5USTD0_775485_781913.wav,TheTinaElaine_UCC0gStuw8kBnVF5nzkcdkA_4o0sm5USTD0,775485,781913,6428
TheTinaElaine_UCC0gStuw8kBnVF5nzkcdkA_4o0sm5USTD0_782169_791233.wav,TheTinaElaine_UCC0gStuw8kBnVF5nzkcdkA_4o0sm5USTD0,782169,791233,9064
TheTinaElaine_UCC0gStuw8kBnVF5nzkcdkA_4o0sm5USTD0_791529_796881.wav,TheTinaElaine_UCC0gStuw8kBnVF5nzkcdkA_4o0sm5USTD0,791529,796881,5352
TheTinaElaine_UCC0gStuw8kBnVF5nzkcdkA_4o0sm5USTD0_797425_799161.wav,TheTinaElaine_UCC0gStuw8kBnVF5nzkcdkA_4o0sm5USTD0,797425,799161,1736
TheTinaElaine_UCC0gStuw8kBnVF5nzkcdkA_4o0sm5USTD0_799449_809945.wav,TheTinaElaine_UCC0gStuw8kBnVF5nzkcdkA_4o0sm5USTD0,799449,809945,10496
TheTinaElaine_UCC0gStuw8kBnVF5nzkcdkA_4o0sm5USTD0_810057_819825.wav,TheTinaElaine_UCC0gStuw8kBnVF5nzkcdkA_4o0sm5USTD0,810057,819825,9768
TheTinaElaine_UCC0gStuw8kBnVF5nzkcdkA_4o0sm5USTD0_819953_820249.wav,TheTinaElaine_UCC0gStuw8kBnVF5nzkcdkA_4o0sm5USTD0,819953,820249,296
TheTinaElaine_UCC0gStuw8kBnVF5nzkcdkA_4o0sm5USTD0_820377_821993.wav,TheTinaElaine_UCC0gStuw8kBnVF5nzkcdkA_4o0sm5USTD0,820377,821993,1616
TheTinaElaine_UCC0gStuw8kBnVF5nzkcdkA_4o0sm5USTD0_822673_823665.wav,TheTinaElaine_UCC0gStuw8kBnVF5nzkcdkA_4o0sm5USTD0,822673,823665,992
TheTinaElaine_UCC0gStuw8kBnVF5nzkcdkA_4o0sm5USTD0_824025_827641.wav,TheTinaElaine_UCC0gStuw8kBnVF5nzkcdkA_4o0sm5USTD0,824025,827641,3616
TheTinaElaine_UCC0gStuw8kBnVF5nzkcdkA_4o0sm5USTD0_828785_831033.wav,TheTinaElaine_UCC0gStuw8kBnVF5nzkcdkA_4o0sm5USTD0,828785,831033,2248
TheTinaElaine_UCC0gStuw8kBnVF5nzkcdkA_4o0sm5USTD0_832257_833665.wav,TheTinaElaine_UCC0gStuw8kBnVF5nzkcdkA_4o0sm5USTD0,832257,833665,1408
TheTinaElaine_UCC0gStuw8kBnVF5nzkcdkA_4o0sm5USTD0_834057_835305.wav,TheTinaElaine_UCC0gStuw8kBnVF5nzkcdkA_4o0sm5USTD0,834057,835305,1248
TheTinaElaine_UCC0gStuw8kBnVF5nzkcdkA_4o0sm5USTD0_835737_836521.wav,TheTinaElaine_UCC0gStuw8kBnVF5nzkcdkA_4o0sm5USTD0,835737,836521,784
TheTinaElaine_UCC0gStuw8kBnVF5nzkcdkA_4o0sm5USTD0_836977_837585.wav,TheTinaElaine_UCC0gStuw8kBnVF5nzkcdkA_4o0sm5USTD0,836977,837585,608
TheTinaElaine_UCC0gStuw8kBnVF5nzkcdkA_4o0sm5USTD0_838009_839881.wav,TheTinaElaine_UCC0gStuw8kBnVF5nzkcdkA_4o0sm5USTD0,838009,839881,1872
TheTinaElaine_UCC0gStuw8kBnVF5nzkcdkA_4o0sm5USTD0_840289_841081.wav,TheTinaElaine_UCC0gStuw8kBnVF5nzkcdkA_4o0sm5USTD0,840289,841081,792
TheTinaElaine_UCC0gStuw8kBnVF5nzkcdkA_4o0sm5USTD0_842001_850681.wav,TheTinaElaine_UCC0gStuw8kBnVF5nzkcdkA_4o0sm5USTD0,842001,850681,8680
TheTinaElaine_UCC0gStuw8kBnVF5nzkcdkA_4o0sm5USTD0_850945_851081.wav,TheTinaElaine_UCC0gStuw8kBnVF5nzkcdkA_4o0sm5USTD0,850945,851081,136
TheTinaElaine_UCC0gStuw8kBnVF5nzkcdkA_4o0sm5USTD0_851433_856809.wav,TheTinaElaine_UCC0gStuw8kBnVF5nzkcdkA_4o0sm5USTD0,851433,856809,5376
TheTinaElaine_UCC0gStuw8kBnVF5nzkcdkA_4o0sm5USTD0_857361_869793.wav,TheTinaElaine_UCC0gStuw8kBnVF5nzkcdkA_4o0sm5USTD0,857361,869793,12432
TheTinaElaine_UCC0gStuw8kBnVF5nzkcdkA_4o0sm5USTD0_869913_872257.wav,TheTinaElaine_UCC0gStuw8kBnVF5nzkcdkA_4o0sm5USTD0,869913,872257,2344
TheTinaElaine_UCC0gStuw8kBnVF5nzkcdkA_4o0sm5USTD0_872369_873673.wav,TheTinaElaine_UCC0gStuw8kBnVF5nzkcdkA_4o0sm5USTD0,872369,873673,1304
TheTinaElaine_UCC0gStuw8kBnVF5nzkcdkA_4o0sm5USTD0_873777_874777.wav,TheTinaElaine_UCC0gStuw8kBnVF5nzkcdkA_4o0sm5USTD0,873777,874777,1000
TheTinaElaine_UCC0gStuw8kBnVF5nzkcdkA_4o0sm5USTD0_874921_876321.wav,TheTinaElaine_UCC0gStuw8kBnVF5nzkcdkA_4o0sm5USTD0,874921,876321,1400
TheTinaElaine_UCC0gStuw8kBnVF5nzkcdkA_4o0sm5USTD0_876857_877921.wav,TheTinaElaine_UCC0gStuw8kBnVF5nzkcdkA_4o0sm5USTD0,876857,877921,1064
TheTinaElaine_UCC0gStuw8kBnVF5nzkcdkA_4o0sm5USTD0_878553_884465.wav,TheTinaElaine_UCC0gStuw8kBnVF5nzkcdkA_4o0sm5USTD0,878553,884465,5912
TheTinaElaine_UCC0gStuw8kBnVF5nzkcdkA_4o0sm5USTD0_884881_885865.wav,TheTinaElaine_UCC0gStuw8kBnVF5nzkcdkA_4o0sm5USTD0,884881,885865,984
TheTinaElaine_UCC0gStuw8kBnVF5nzkcdkA_4o0sm5USTD0_886297_888947.wav,TheTinaElaine_UCC0gStuw8kBnVF5nzkcdkA_4o0sm5USTD0,886297,888947,2650
TheTinaElaine_UCC0gStuw8kBnVF5nzkcdkA_4o0sm5USTD0_889131_901179.wav,TheTinaElaine_UCC0gStuw8kBnVF5nzkcdkA_4o0sm5USTD0,889131,901179,12048
TheTinaElaine_UCC0gStuw8kBnVF5nzkcdkA_4o0sm5USTD0_901363_905069.wav,TheTinaElaine_UCC0gStuw8kBnVF5nzkcdkA_4o0sm5USTD0,901363,905069,3706
TheTinaElaine_UCC0gStuw8kBnVF5nzkcdkA_4o0sm5USTD0_905285_910929.wav,TheTinaElaine_UCC0gStuw8kBnVF5nzkcdkA_4o0sm5USTD0,905285,910929,5644
TheTinaElaine_UCC0gStuw8kBnVF5nzkcdkA_4o0sm5USTD0_912289_914617.wav,TheTinaElaine_UCC0gStuw8kBnVF5nzkcdkA_4o0sm5USTD0,912289,914617,2328
TheTinaElaine_UCC0gStuw8kBnVF5nzkcdkA_4o0sm5USTD0_915881_923241.wav,TheTinaElaine_UCC0gStuw8kBnVF5nzkcdkA_4o0sm5USTD0,915881,923241,7360
TheTinaElaine_UCC0gStuw8kBnVF5nzkcdkA_4o0sm5USTD0_923641_924337.wav,TheTinaElaine_UCC0gStuw8kBnVF5nzkcdkA_4o0sm5USTD0,923641,924337,696
TheTinaElaine_UCC0gStuw8kBnVF5nzkcdkA_4o0sm5USTD0_924633_932169.wav,TheTinaElaine_UCC0gStuw8kBnVF5nzkcdkA_4o0sm5USTD0,924633,932169,7536
TheTinaElaine_UCC0gStuw8kBnVF5nzkcdkA_4o0sm5USTD0_938993_943161.wav,TheTinaElaine_UCC0gStuw8kBnVF5nzkcdkA_4o0sm5USTD0,938993,943161,4168
TheTinaElaine_UCC0gStuw8kBnVF5nzkcdkA_4o0sm5USTD0_943921_950289.wav,TheTinaElaine_UCC0gStuw8kBnVF5nzkcdkA_4o0sm5USTD0,943921,950289,6368
TheTinaElaine_UCC0gStuw8kBnVF5nzkcdkA_4o0sm5USTD0_950457_952521.wav,TheTinaElaine_UCC0gStuw8kBnVF5nzkcdkA_4o0sm5USTD0,950457,952521,2064
TheTinaElaine_UCC0gStuw8kBnVF5nzkcdkA_4o0sm5USTD0_952953_954513.wav,TheTinaElaine_UCC0gStuw8kBnVF5nzkcdkA_4o0sm5USTD0,952953,954513,1560
TheTinaElaine_UCC0gStuw8kBnVF5nzkcdkA_4o0sm5USTD0_957745_960257.wav,TheTinaElaine_UCC0gStuw8kBnVF5nzkcdkA_4o0sm5USTD0,957745,960257,2512
TheTinaElaine_UCC0gStuw8kBnVF5nzkcdkA_4o0sm5USTD0_960409_963625.wav,TheTinaElaine_UCC0gStuw8kBnVF5nzkcdkA_4o0sm5USTD0,960409,963625,3216
TheTinaElaine_UCC0gStuw8kBnVF5nzkcdkA_4o0sm5USTD0_963761_970865.wav,TheTinaElaine_UCC0gStuw8kBnVF5nzkcdkA_4o0sm5USTD0,963761,970865,7104
TheTinaElaine_UCC0gStuw8kBnVF5nzkcdkA_4o0sm5USTD0_971001_972753.wav,TheTinaElaine_UCC0gStuw8kBnVF5nzkcdkA_4o0sm5USTD0,971001,972753,1752
TheTinaElaine_UCC0gStuw8kBnVF5nzkcdkA_4o0sm5USTD0_972929_974113.wav,TheTinaElaine_UCC0gStuw8kBnVF5nzkcdkA_4o0sm5USTD0,972929,974113,1184
TheTinaElaine_UCC0gStuw8kBnVF5nzkcdkA_4o0sm5USTD0_974401_988849.wav,TheTinaElaine_UCC0gStuw8kBnVF5nzkcdkA_4o0sm5USTD0,974401,988849,14448
TheTinaElaine_UCC0gStuw8kBnVF5nzkcdkA_4o0sm5USTD0_989121_991313.wav,TheTinaElaine_UCC0gStuw8kBnVF5nzkcdkA_4o0sm5USTD0,989121,991313,2192
TheTinaElaine_UCC0gStuw8kBnVF5nzkcdkA_4o0sm5USTD0_991473_1005929.wav,TheTinaElaine_UCC0gStuw8kBnVF5nzkcdkA_4o0sm5USTD0,991473,1005929,14456
TheTinaElaine_UCC0gStuw8kBnVF5nzkcdkA_4o0sm5USTD0_1006065_1007201.wav,TheTinaElaine_UCC0gStuw8kBnVF5nzkcdkA_4o0sm5USTD0,1006065,1007201,1136
TheTinaElaine_UCC0gStuw8kBnVF5nzkcdkA_4o0sm5USTD0_1007369_1009089.wav,TheTinaElaine_UCC0gStuw8kBnVF5nzkcdkA_4o0sm5USTD0,1007369,1009089,1720
TheTinaElaine_UCC0gStuw8kBnVF5nzkcdkA_4o0sm5USTD0_1009385_1011945.wav,TheTinaElaine_UCC0gStuw8kBnVF5nzkcdkA_4o0sm5USTD0,1009385,1011945,2560
TheTinaElaine_UCC0gStuw8kBnVF5nzkcdkA_4o0sm5USTD0_1012345_1013305.wav,TheTinaElaine_UCC0gStuw8kBnVF5nzkcdkA_4o0sm5USTD0,1012345,1013305,960
TheTinaElaine_UCC0gStuw8kBnVF5nzkcdkA_4o0sm5USTD0_1013569_1013717.wav,TheTinaElaine_UCC0gStuw8kBnVF5nzkcdkA_4o0sm5USTD0,1013569,1013717,148
TheTinaElaine_UCC0gStuw8kBnVF5nzkcdkA_4o0sm5USTD0_1013909_1020213.wav,TheTinaElaine_UCC0gStuw8kBnVF5nzkcdkA_4o0sm5USTD0,1013909,1020213,6304
TheTinaElaine_UCC0gStuw8kBnVF5nzkcdkA_4o0sm5USTD0_1020365_1020557.wav,TheTinaElaine_UCC0gStuw8kBnVF5nzkcdkA_4o0sm5USTD0,1020365,1020557,192
TheTinaElaine_UCC0gStuw8kBnVF5nzkcdkA_4o0sm5USTD0_1020733_1022165.wav,TheTinaElaine_UCC0gStuw8kBnVF5nzkcdkA_4o0sm5USTD0,1020733,1022165,1432
TheTinaElaine_UCC0gStuw8kBnVF5nzkcdkA_4o0sm5USTD0_1022317_1024233.wav,TheTinaElaine_UCC0gStuw8kBnVF5nzkcdkA_4o0sm5USTD0,1022317,1024233,1916
TheTinaElaine_UCC0gStuw8kBnVF5nzkcdkA_4o0sm5USTD0_1024489_1025821.wav,TheTinaElaine_UCC0gStuw8kBnVF5nzkcdkA_4o0sm5USTD0,1024489,1025821,1332
TheTinaElaine_UCC0gStuw8kBnVF5nzkcdkA_4o0sm5USTD0_1025997_1035185.wav,TheTinaElaine_UCC0gStuw8kBnVF5nzkcdkA_4o0sm5USTD0,1025997,1035185,9188
TheTinaElaine_UCC0gStuw8kBnVF5nzkcdkA_4o0sm5USTD0_1035865_1041269.wav,TheTinaElaine_UCC0gStuw8kBnVF5nzkcdkA_4o0sm5USTD0,1035865,1041269,5404
TheTinaElaine_UCC0gStuw8kBnVF5nzkcdkA_4o0sm5USTD0_1041453_1049849.wav,TheTinaElaine_UCC0gStuw8kBnVF5nzkcdkA_4o0sm5USTD0,1041453,1049849,8396
TheTinaElaine_UCC0gStuw8kBnVF5nzkcdkA_4o0sm5USTD0_1050057_1064361.wav,TheTinaElaine_UCC0gStuw8kBnVF5nzkcdkA_4o0sm5USTD0,1050057,1064361,14304
TheTinaElaine_UCC0gStuw8kBnVF5nzkcdkA_4o0sm5USTD0_1064513_1065625.wav,TheTinaElaine_UCC0gStuw8kBnVF5nzkcdkA_4o0sm5USTD0,1064513,1065625,1112
TheTinaElaine_UCC0gStuw8kBnVF5nzkcdkA_4o0sm5USTD0_1065801_1069401.wav,TheTinaElaine_UCC0gStuw8kBnVF5nzkcdkA_4o0sm5USTD0,1065801,1069401,3600
TheTinaElaine_UCC0gStuw8kBnVF5nzkcdkA_4o0sm5USTD0_1069601_1072625.wav,TheTinaElaine_UCC0gStuw8kBnVF5nzkcdkA_4o0sm5USTD0,1069601,1072625,3024
TheTinaElaine_UCC0gStuw8kBnVF5nzkcdkA_4o0sm5USTD0_1073505_1078849.wav,TheTinaElaine_UCC0gStuw8kBnVF5nzkcdkA_4o0sm5USTD0,1073505,1078849,5344
TheTinaElaine_UCC0gStuw8kBnVF5nzkcdkA_4o0sm5USTD0_1079073_1085377.wav,TheTinaElaine_UCC0gStuw8kBnVF5nzkcdkA_4o0sm5USTD0,1079073,1085377,6304
TheTinaElaine_UCC0gStuw8kBnVF5nzkcdkA_4o0sm5USTD0_1085617_1089401.wav,TheTinaElaine_UCC0gStuw8kBnVF5nzkcdkA_4o0sm5USTD0,1085617,1089401,3784
TheTinaElaine_UCC0gStuw8kBnVF5nzkcdkA_4o0sm5USTD0_1089857_1095625.wav,TheTinaElaine_UCC0gStuw8kBnVF5nzkcdkA_4o0sm5USTD0,1089857,1095625,5768
TheTinaElaine_UCC0gStuw8kBnVF5nzkcdkA_4o0sm5USTD0_1095977_1099665.wav,TheTinaElaine_UCC0gStuw8kBnVF5nzkcdkA_4o0sm5USTD0,1095977,1099665,3688
TheTinaElaine_UCC0gStuw8kBnVF5nzkcdkA_4o0sm5USTD0_1099945_1103105.wav,TheTinaElaine_UCC0gStuw8kBnVF5nzkcdkA_4o0sm5USTD0,1099945,1103105,3160
TheTinaElaine_UCC0gStuw8kBnVF5nzkcdkA_4o0sm5USTD0_1103561_1106657.wav,TheTinaElaine_UCC0gStuw8kBnVF5nzkcdkA_4o0sm5USTD0,1103561,1106657,3096
TheTinaElaine_UCC0gStuw8kBnVF5nzkcdkA_4o0sm5USTD0_1106953_1115481.wav,TheTinaElaine_UCC0gStuw8kBnVF5nzkcdkA_4o0sm5USTD0,1106953,1115481,8528
TheTinaElaine_UCC0gStuw8kBnVF5nzkcdkA_4o0sm5USTD0_1115993_1120177.wav,TheTinaElaine_UCC0gStuw8kBnVF5nzkcdkA_4o0sm5USTD0,1115993,1120177,4184
TheTinaElaine_UCC0gStuw8kBnVF5nzkcdkA_4o0sm5USTD0_1120345_1126057.wav,TheTinaElaine_UCC0gStuw8kBnVF5nzkcdkA_4o0sm5USTD0,1120345,1126057,5712
TheTinaElaine_UCC0gStuw8kBnVF5nzkcdkA_4o0sm5USTD0_1126233_1131617.wav,TheTinaElaine_UCC0gStuw8kBnVF5nzkcdkA_4o0sm5USTD0,1126233,1131617,5384
TheTinaElaine_UCC0gStuw8kBnVF5nzkcdkA_4o0sm5USTD0_1131961_1138201.wav,TheTinaElaine_UCC0gStuw8kBnVF5nzkcdkA_4o0sm5USTD0,1131961,1138201,6240
TheTinaElaine_UCC0gStuw8kBnVF5nzkcdkA_4o0sm5USTD0_1138561_1139685.wav,TheTinaElaine_UCC0gStuw8kBnVF5nzkcdkA_4o0sm5USTD0,1138561,1139685,1124
TheTinaElaine_UCC0gStuw8kBnVF5nzkcdkA_4o0sm5USTD0_1139845_1148545.wav,TheTinaElaine_UCC0gStuw8kBnVF5nzkcdkA_4o0sm5USTD0,1139845,1148545,8700
TheTinaElaine_UCC0gStuw8kBnVF5nzkcdkA_4o0sm5USTD0_1149001_1156425.wav,TheTinaElaine_UCC0gStuw8kBnVF5nzkcdkA_4o0sm5USTD0,1149001,1156425,7424
TheTinaElaine_UCC0gStuw8kBnVF5nzkcdkA_4o0sm5USTD0_1156681_1165715.wav,TheTinaElaine_UCC0gStuw8kBnVF5nzkcdkA_4o0sm5USTD0,1156681,1165715,9034
TheTinaElaine_UCC0gStuw8kBnVF5nzkcdkA_4o0sm5USTD0_1165843_1176411.wav,TheTinaElaine_UCC0gStuw8kBnVF5nzkcdkA_4o0sm5USTD0,1165843,1176411,10568
TheTinaElaine_UCC0gStuw8kBnVF5nzkcdkA_4o0sm5USTD0_1176539_1187893.wav,TheTinaElaine_UCC0gStuw8kBnVF5nzkcdkA_4o0sm5USTD0,1176539,1187893,11354
TheTinaElaine_UCC0gStuw8kBnVF5nzkcdkA_4o0sm5USTD0_1188117_1192985.wav,TheTinaElaine_UCC0gStuw8kBnVF5nzkcdkA_4o0sm5USTD0,1188117,1192985,4868
TheTinaElaine_UCC0gStuw8kBnVF5nzkcdkA_4o0sm5USTD0_1193249_1197089.wav,TheTinaElaine_UCC0gStuw8kBnVF5nzkcdkA_4o0sm5USTD0,1193249,1197089,3840
TheTinaElaine_UCC0gStuw8kBnVF5nzkcdkA_4o0sm5USTD0_1198817_1203049.wav,TheTinaElaine_UCC0gStuw8kBnVF5nzkcdkA_4o0sm5USTD0,1198817,1203049,4232
TheTinaElaine_UCC0gStuw8kBnVF5nzkcdkA_4o0sm5USTD0_1203777_1204273.wav,TheTinaElaine_UCC0gStuw8kBnVF5nzkcdkA_4o0sm5USTD0,1203777,1204273,496
TheTinaElaine_UCC0gStuw8kBnVF5nzkcdkA_4o0sm5USTD0_1204897_1206673.wav,TheTinaElaine_UCC0gStuw8kBnVF5nzkcdkA_4o0sm5USTD0,1204897,1206673,1776
TheTinaElaine_UCC0gStuw8kBnVF5nzkcdkA_4o0sm5USTD0_1206937_1210821.wav,TheTinaElaine_UCC0gStuw8kBnVF5nzkcdkA_4o0sm5USTD0,1206937,1210821,3884
TheTinaElaine_UCC0gStuw8kBnVF5nzkcdkA_4o0sm5USTD0_1211029_1216805.wav,TheTinaElaine_UCC0gStuw8kBnVF5nzkcdkA_4o0sm5USTD0,1211029,1216805,5776
TheTinaElaine_UCC0gStuw8kBnVF5nzkcdkA_4o0sm5USTD0_1217037_1225201.wav,TheTinaElaine_UCC0gStuw8kBnVF5nzkcdkA_4o0sm5USTD0,1217037,1225201,8164
TheTinaElaine_UCC0gStuw8kBnVF5nzkcdkA_4o0sm5USTD0_1225713_1230681.wav,TheTinaElaine_UCC0gStuw8kBnVF5nzkcdkA_4o0sm5USTD0,1225713,1230681,4968
TheTinaElaine_UCC0gStuw8kBnVF5nzkcdkA_4o0sm5USTD0_1231097_1241306.wav,TheTinaElaine_UCC0gStuw8kBnVF5nzkcdkA_4o0sm5USTD0,1231097,1241306,10209
TheTinaElaine_UCC0gStuw8kBnVF5nzkcdkA_4o0sm5USTD0_1241442_1242394.wav,TheTinaElaine_UCC0gStuw8kBnVF5nzkcdkA_4o0sm5USTD0,1241442,1242394,952
TheTinaElaine_UCC0gStuw8kBnVF5nzkcdkA_4o0sm5USTD0_1242530_1246515.wav,TheTinaElaine_UCC0gStuw8kBnVF5nzkcdkA_4o0sm5USTD0,1242530,1246515,3985
TheTinaElaine_UCC0gStuw8kBnVF5nzkcdkA_4o0sm5USTD0_1246691_1250821.wav,TheTinaElaine_UCC0gStuw8kBnVF5nzkcdkA_4o0sm5USTD0,1246691,1250821,4130
TheTinaElaine_UCC0gStuw8kBnVF5nzkcdkA_4o0sm5USTD0_1251053_1254333.wav,TheTinaElaine_UCC0gStuw8kBnVF5nzkcdkA_4o0sm5USTD0,1251053,1254333,3280
TheTinaElaine_UCC0gStuw8kBnVF5nzkcdkA_4o0sm5USTD0_1254509_1255901.wav,TheTinaElaine_UCC0gStuw8kBnVF5nzkcdkA_4o0sm5USTD0,1254509,1255901,1392
TheTinaElaine_UCC0gStuw8kBnVF5nzkcdkA_4o0sm5USTD0_1256037_1267909.wav,TheTinaElaine_UCC0gStuw8kBnVF5nzkcdkA_4o0sm5USTD0,1256037,1267909,11872
TheTinaElaine_UCC0gStuw8kBnVF5nzkcdkA_4o0sm5USTD0_1268149_1275758.wav,TheTinaElaine_UCC0gStuw8kBnVF5nzkcdkA_4o0sm5USTD0,1268149,1275758,7609
TheTinaElaine_UCC0gStuw8kBnVF5nzkcdkA_4o0sm5USTD0_1275886_1280535.wav,TheTinaElaine_UCC0gStuw8kBnVF5nzkcdkA_4o0sm5USTD0,1275886,1280535,4649
TheTinaElaine_UCC0gStuw8kBnVF5nzkcdkA_4o0sm5USTD0_1280687_1284489.wav,TheTinaElaine_UCC0gStuw8kBnVF5nzkcdkA_4o0sm5USTD0,1280687,1284489,3802
TheTinaElaine_UCC0gStuw8kBnVF5nzkcdkA_4o0sm5USTD0_1284865_1287433.wav,TheTinaElaine_UCC0gStuw8kBnVF5nzkcdkA_4o0sm5USTD0,1284865,1287433,2568
TheTinaElaine_UCC0gStuw8kBnVF5nzkcdkA_4o0sm5USTD0_1287945_1292569.wav,TheTinaElaine_UCC0gStuw8kBnVF5nzkcdkA_4o0sm5USTD0,1287945,1292569,4624
TheTinaElaine_UCC0gStuw8kBnVF5nzkcdkA_4o0sm5USTD0_1292785_1301969.wav,TheTinaElaine_UCC0gStuw8kBnVF5nzkcdkA_4o0sm5USTD0,1292785,1301969,9184
TheTinaElaine_UCC0gStuw8kBnVF5nzkcdkA_4o0sm5USTD0_1302521_1304001.wav,TheTinaElaine_UCC0gStuw8kBnVF5nzkcdkA_4o0sm5USTD0,1302521,1304001,1480
TheTinaElaine_UCC0gStuw8kBnVF5nzkcdkA_4o0sm5USTD0_1304305_1306097.wav,TheTinaElaine_UCC0gStuw8kBnVF5nzkcdkA_4o0sm5USTD0,1304305,1306097,1792
TheTinaElaine_UCC0gStuw8kBnVF5nzkcdkA_4o0sm5USTD0_1306601_1308793.wav,TheTinaElaine_UCC0gStuw8kBnVF5nzkcdkA_4o0sm5USTD0,1306601,1308793,2192
TheTinaElaine_UCC0gStuw8kBnVF5nzkcdkA_4o0sm5USTD0_1309049_1310905.wav,TheTinaElaine_UCC0gStuw8kBnVF5nzkcdkA_4o0sm5USTD0,1309049,1310905,1856
TheTinaElaine_UCC0gStuw8kBnVF5nzkcdkA_4o0sm5USTD0_1311537_1316889.wav,TheTinaElaine_UCC0gStuw8kBnVF5nzkcdkA_4o0sm5USTD0,1311537,1316889,5352
TheTinaElaine_UCC0gStuw8kBnVF5nzkcdkA_4o0sm5USTD0_1317057_1317169.wav,TheTinaElaine_UCC0gStuw8kBnVF5nzkcdkA_4o0sm5USTD0,1317057,1317169,112
TheTinaElaine_UCC0gStuw8kBnVF5nzkcdkA_4o0sm5USTD0_1317297_1327465.wav,TheTinaElaine_UCC0gStuw8kBnVF5nzkcdkA_4o0sm5USTD0,1317297,1327465,10168
TheTinaElaine_UCC0gStuw8kBnVF5nzkcdkA_4o0sm5USTD0_1327617_1330577.wav,TheTinaElaine_UCC0gStuw8kBnVF5nzkcdkA_4o0sm5USTD0,1327617,1330577,2960
TheTinaElaine_UCC0gStuw8kBnVF5nzkcdkA_4o0sm5USTD0_1331153_1335513.wav,TheTinaElaine_UCC0gStuw8kBnVF5nzkcdkA_4o0sm5USTD0,1331153,1335513,4360
TheTinaElaine_UCC0gStuw8kBnVF5nzkcdkA_4o0sm5USTD0_1335665_1339481.wav,TheTinaElaine_UCC0gStuw8kBnVF5nzkcdkA_4o0sm5USTD0,1335665,1339481,3816
TheTinaElaine_UCC0gStuw8kBnVF5nzkcdkA_4o0sm5USTD0_1339753_1346001.wav,TheTinaElaine_UCC0gStuw8kBnVF5nzkcdkA_4o0sm5USTD0,1339753,1346001,6248
TheTinaElaine_UCC0gStuw8kBnVF5nzkcdkA_4o0sm5USTD0_1346177_1347849.wav,TheTinaElaine_UCC0gStuw8kBnVF5nzkcdkA_4o0sm5USTD0,1346177,1347849,1672
TheTinaElaine_UCC0gStuw8kBnVF5nzkcdkA_4o0sm5USTD0_1348033_1349833.wav,TheTinaElaine_UCC0gStuw8kBnVF5nzkcdkA_4o0sm5USTD0,1348033,1349833,1800
TheTinaElaine_UCC0gStuw8kBnVF5nzkcdkA_4o0sm5USTD0_1349993_1356289.wav,TheTinaElaine_UCC0gStuw8kBnVF5nzkcdkA_4o0sm5USTD0,1349993,1356289,6296
TheTinaElaine_UCC0gStuw8kBnVF5nzkcdkA_4o0sm5USTD0_1356449_1366329.wav,TheTinaElaine_UCC0gStuw8kBnVF5nzkcdkA_4o0sm5USTD0,1356449,1366329,9880
TheTinaElaine_UCC0gStuw8kBnVF5nzkcdkA_4o0sm5USTD0_1366537_1370481.wav,TheTinaElaine_UCC0gStuw8kBnVF5nzkcdkA_4o0sm5USTD0,1366537,1370481,3944
TheTinaElaine_UCC0gStuw8kBnVF5nzkcdkA_4o0sm5USTD0_1370737_1372389.wav,TheTinaElaine_UCC0gStuw8kBnVF5nzkcdkA_4o0sm5USTD0,1370737,1372389,1652
TheTinaElaine_UCC0gStuw8kBnVF5nzkcdkA_4o0sm5USTD0_1372589_1380945.wav,TheTinaElaine_UCC0gStuw8kBnVF5nzkcdkA_4o0sm5USTD0,1372589,1380945,8356
TheTinaElaine_UCC0gStuw8kBnVF5nzkcdkA_4o0sm5USTD0_1381329_1389277.wav,TheTinaElaine_UCC0gStuw8kBnVF5nzkcdkA_4o0sm5USTD0,1381329,1389277,7948
TheTinaElaine_UCC0gStuw8kBnVF5nzkcdkA_4o0sm5USTD0_1389557_1398521.wav,TheTinaElaine_UCC0gStuw8kBnVF5nzkcdkA_4o0sm5USTD0,1389557,1398521,8964
TheTinaElaine_UCC0gStuw8kBnVF5nzkcdkA_4o0sm5USTD0_1398793_1404449.wav,TheTinaElaine_UCC0gStuw8kBnVF5nzkcdkA_4o0sm5USTD0,1398793,1404449,5656
TheTinaElaine_UCC0gStuw8kBnVF5nzkcdkA_4o0sm5USTD0_1405105_1407985.wav,TheTinaElaine_UCC0gStuw8kBnVF5nzkcdkA_4o0sm5USTD0,1405105,1407985,2880
TheTinaElaine_UCC0gStuw8kBnVF5nzkcdkA_4o0sm5USTD0_1408529_1409889.wav,TheTinaElaine_UCC0gStuw8kBnVF5nzkcdkA_4o0sm5USTD0,1408529,1409889,1360
TheTinaElaine_UCC0gStuw8kBnVF5nzkcdkA_4o0sm5USTD0_1410801_1412889.wav,TheTinaElaine_UCC0gStuw8kBnVF5nzkcdkA_4o0sm5USTD0,1410801,1412889,2088
TheTinaElaine_UCC0gStuw8kBnVF5nzkcdkA_4o0sm5USTD0_1413385_1415673.wav,TheTinaElaine_UCC0gStuw8kBnVF5nzkcdkA_4o0sm5USTD0,1413385,1415673,2288
TheTinaElaine_UCC0gStuw8kBnVF5nzkcdkA_4o0sm5USTD0_1415937_1421513.wav,TheTinaElaine_UCC0gStuw8kBnVF5nzkcdkA_4o0sm5USTD0,1415937,1421513,5576
TheTinaElaine_UCC0gStuw8kBnVF5nzkcdkA_4o0sm5USTD0_1421849_1426057.wav,TheTinaElaine_UCC0gStuw8kBnVF5nzkcdkA_4o0sm5USTD0,1421849,1426057,4208
TheTinaElaine_UCC0gStuw8kBnVF5nzkcdkA_4o0sm5USTD0_1426417_1427633.wav,TheTinaElaine_UCC0gStuw8kBnVF5nzkcdkA_4o0sm5USTD0,1426417,1427633,1216
TheTinaElaine_UCC0gStuw8kBnVF5nzkcdkA_4o0sm5USTD0_1427937_1428057.wav,TheTinaElaine_UCC0gStuw8kBnVF5nzkcdkA_4o0sm5USTD0,1427937,1428057,120
TheTinaElaine_UCC0gStuw8kBnVF5nzkcdkA_4o0sm5USTD0_1428681_1429649.wav,TheTinaElaine_UCC0gStuw8kBnVF5nzkcdkA_4o0sm5USTD0,1428681,1429649,968
TheTinaElaine_UCC0gStuw8kBnVF5nzkcdkA_4o0sm5USTD0_1430081_1431121.wav,TheTinaElaine_UCC0gStuw8kBnVF5nzkcdkA_4o0sm5USTD0,1430081,1431121,1040
TheTinaElaine_UCC0gStuw8kBnVF5nzkcdkA_4o0sm5USTD0_1431377_1432281.wav,TheTinaElaine_UCC0gStuw8kBnVF5nzkcdkA_4o0sm5USTD0,1431377,1432281,904
TheTinaElaine_UCC0gStuw8kBnVF5nzkcdkA_4o0sm5USTD0_1432545_1433593.wav,TheTinaElaine_UCC0gStuw8kBnVF5nzkcdkA_4o0sm5USTD0,1432545,1433593,1048
TheTinaElaine_UCC0gStuw8kBnVF5nzkcdkA_4o0sm5USTD0_1434137_1436401.wav,TheTinaElaine_UCC0gStuw8kBnVF5nzkcdkA_4o0sm5USTD0,1434137,1436401,2264
TheTinaElaine_UCC0gStuw8kBnVF5nzkcdkA_4o0sm5USTD0_1436897_1439497.wav,TheTinaElaine_UCC0gStuw8kBnVF5nzkcdkA_4o0sm5USTD0,1436897,1439497,2600
TheTinaElaine_UCC0gStuw8kBnVF5nzkcdkA_4o0sm5USTD0_1439761_1452881.wav,TheTinaElaine_UCC0gStuw8kBnVF5nzkcdkA_4o0sm5USTD0,1439761,1452881,13120
TheTinaElaine_UCC0gStuw8kBnVF5nzkcdkA_4o0sm5USTD0_1453089_1460241.wav,TheTinaElaine_UCC0gStuw8kBnVF5nzkcdkA_4o0sm5USTD0,1453089,1460241,7152
TheTinaElaine_UCC0gStuw8kBnVF5nzkcdkA_4o0sm5USTD0_1460353_1469057.wav,TheTinaElaine_UCC0gStuw8kBnVF5nzkcdkA_4o0sm5USTD0,1460353,1469057,8704
TheTinaElaine_UCC0gStuw8kBnVF5nzkcdkA_4o0sm5USTD0_1469193_1470849.wav,TheTinaElaine_UCC0gStuw8kBnVF5nzkcdkA_4o0sm5USTD0,1469193,1470849,1656
TheTinaElaine_UCC0gStuw8kBnVF5nzkcdkA_4o0sm5USTD0_1470961_1471265.wav,TheTinaElaine_UCC0gStuw8kBnVF5nzkcdkA_4o0sm5USTD0,1470961,1471265,304
TheTinaElaine_UCC0gStuw8kBnVF5nzkcdkA_4o0sm5USTD0_1471385_1472025.wav,TheTinaElaine_UCC0gStuw8kBnVF5nzkcdkA_4o0sm5USTD0,1471385,1472025,640
TheTinaElaine_UCC0gStuw8kBnVF5nzkcdkA_4o0sm5USTD0_1472145_1473541.wav,TheTinaElaine_UCC0gStuw8kBnVF5nzkcdkA_4o0sm5USTD0,1472145,1473541,1396
TheTinaElaine_UCC0gStuw8kBnVF5nzkcdkA_4o0sm5USTD0_1473645_1477101.wav,TheTinaElaine_UCC0gStuw8kBnVF5nzkcdkA_4o0sm5USTD0,1473645,1477101,3456
TheTinaElaine_UCC0gStuw8kBnVF5nzkcdkA_4o0sm5USTD0_1477205_1487333.wav,TheTinaElaine_UCC0gStuw8kBnVF5nzkcdkA_4o0sm5USTD0,1477205,1487333,10128
TheTinaElaine_UCC0gStuw8kBnVF5nzkcdkA_4o0sm5USTD0_1487445_1498097.wav,TheTinaElaine_UCC0gStuw8kBnVF5nzkcdkA_4o0sm5USTD0,1487445,1498097,10652
TheTinaElaine_UCC0gStuw8kBnVF5nzkcdkA_4o0sm5USTD0_1498265_1500413.wav,TheTinaElaine_UCC0gStuw8kBnVF5nzkcdkA_4o0sm5USTD0,1498265,1500413,2148
TheTinaElaine_UCC0gStuw8kBnVF5nzkcdkA_4o0sm5USTD0_1500501_1501101.wav,TheTinaElaine_UCC0gStuw8kBnVF5nzkcdkA_4o0sm5USTD0,1500501,1501101,600
TheTinaElaine_UCC0gStuw8kBnVF5nzkcdkA_4o0sm5USTD0_1501181_1501925.wav,TheTinaElaine_UCC0gStuw8kBnVF5nzkcdkA_4o0sm5USTD0,1501181,1501925,744
TheTinaElaine_UCC0gStuw8kBnVF5nzkcdkA_4o0sm5USTD0_1502005_1505869.wav,TheTinaElaine_UCC0gStuw8kBnVF5nzkcdkA_4o0sm5USTD0,1502005,1505869,3864
TheTinaElaine_UCC0gStuw8kBnVF5nzkcdkA_4o0sm5USTD0_1505949_1515017.wav,TheTinaElaine_UCC0gStuw8kBnVF5nzkcdkA_4o0sm5USTD0,1505949,1515017,9068
TheTinaElaine_UCC0gStuw8kBnVF5nzkcdkA_4o0sm5USTD0_1515257_1517273.wav,TheTinaElaine_UCC0gStuw8kBnVF5nzkcdkA_4o0sm5USTD0,1515257,1517273,2016
TheTinaElaine_UCC0gStuw8kBnVF5nzkcdkA_4o0sm5USTD0_1517473_1518489.wav,TheTinaElaine_UCC0gStuw8kBnVF5nzkcdkA_4o0sm5USTD0,1517473,1518489,1016
TheTinaElaine_UCC0gStuw8kBnVF5nzkcdkA_4o0sm5USTD0_1518865_1524241.wav,TheTinaElaine_UCC0gStuw8kBnVF5nzkcdkA_4o0sm5USTD0,1518865,1524241,5376
TheTinaElaine_UCC0gStuw8kBnVF5nzkcdkA_4o0sm5USTD0_1524761_1525221.wav,TheTinaElaine_UCC0gStuw8kBnVF5nzkcdkA_4o0sm5USTD0,1524761,1525221,460
TheTinaElaine_UCC0gStuw8kBnVF5nzkcdkA_4o0sm5USTD0_1525373_1529167.wav,TheTinaElaine_UCC0gStuw8kBnVF5nzkcdkA_4o0sm5USTD0,1525373,1529167,3794
TheTinaElaine_UCC0gStuw8kBnVF5nzkcdkA_4o0sm5USTD0_1529335_1535385.wav,TheTinaElaine_UCC0gStuw8kBnVF5nzkcdkA_4o0sm5USTD0,1529335,1535385,6050
TheTinaElaine_UCC0gStuw8kBnVF5nzkcdkA_4o0sm5USTD0_1535817_1537881.wav,TheTinaElaine_UCC0gStuw8kBnVF5nzkcdkA_4o0sm5USTD0,1535817,1537881,2064
TheTinaElaine_UCC0gStuw8kBnVF5nzkcdkA_4o0sm5USTD0_1539002_1539106.wav,TheTinaElaine_UCC0gStuw8kBnVF5nzkcdkA_4o0sm5USTD0,1539002,1539106,104
TheTinaElaine_UCC0gStuw8kBnVF5nzkcdkA_4o0sm5USTD0_1539794_1549594.wav,TheTinaElaine_UCC0gStuw8kBnVF5nzkcdkA_4o0sm5USTD0,1539794,1549594,9800
