filename,video_id,start_time,end_time,duration
MeggieKay_UCoU5kgGNeIPsxnrDCTWaYQQ_BHtDEK8bo4E_0_169.wav,MeggieKay_UCoU5kgGNeIPsxnrDCTWaYQQ_BHtDEK8bo4E,0,169,169
MeggieKay_UCoU5kgGNeIPsxnrDCTWaYQQ_BHtDEK8bo4E_169_2001.wav,MeggieKay_UCoU5kgGNeIPsxnrDCTWaYQQ_BHtDEK8bo4E,169,2001,1832
MeggieKay_UCoU5kgGNeIPsxnrDCTWaYQQ_BHtDEK8bo4E_2129_11009.wav,MeggieKay_UCoU5kgGNeIPsxnrDCTWaYQQ_BHtDEK8bo4E,2129,11009,8880
MeggieKay_UCoU5kgGNeIPsxnrDCTWaYQQ_BHtDEK8bo4E_11193_15138.wav,MeggieKay_UCoU5kgGNeIPsxnrDCTWaYQQ_BHtDEK8bo4E,11193,15138,3945
MeggieKay_UCoU5kgGNeIPsxnrDCTWaYQQ_BHtDEK8bo4E_15434_15596.wav,MeggieKay_UCoU5kgGNeIPsxnrDCTWaYQQ_BHtDEK8bo4E,15434,15596,162
MeggieKay_UCoU5kgGNeIPsxnrDCTWaYQQ_BHtDEK8bo4E_15596_17476.wav,MeggieKay_UCoU5kgGNeIPsxnrDCTWaYQQ_BHtDEK8bo4E,15596,17476,1880
MeggieKay_UCoU5kgGNeIPsxnrDCTWaYQQ_BHtDEK8bo4E_17668_24910.wav,MeggieKay_UCoU5kgGNeIPsxnrDCTWaYQQ_BHtDEK8bo4E,17668,24910,7242
MeggieKay_UCoU5kgGNeIPsxnrDCTWaYQQ_BHtDEK8bo4E_25142_34344.wav,MeggieKay_UCoU5kgGNeIPsxnrDCTWaYQQ_BHtDEK8bo4E,25142,34344,9202
MeggieKay_UCoU5kgGNeIPsxnrDCTWaYQQ_BHtDEK8bo4E_34464_44418.wav,MeggieKay_UCoU5kgGNeIPsxnrDCTWaYQQ_BHtDEK8bo4E,34464,44418,9954
MeggieKay_UCoU5kgGNeIPsxnrDCTWaYQQ_BHtDEK8bo4E_44866_49954.wav,MeggieKay_UCoU5kgGNeIPsxnrDCTWaYQQ_BHtDEK8bo4E,44866,49954,5088
MeggieKay_UCoU5kgGNeIPsxnrDCTWaYQQ_BHtDEK8bo4E_50394_51034.wav,MeggieKay_UCoU5kgGNeIPsxnrDCTWaYQQ_BHtDEK8bo4E,50394,51034,640
MeggieKay_UCoU5kgGNeIPsxnrDCTWaYQQ_BHtDEK8bo4E_51282_58474.wav,MeggieKay_UCoU5kgGNeIPsxnrDCTWaYQQ_BHtDEK8bo4E,51282,58474,7192
MeggieKay_UCoU5kgGNeIPsxnrDCTWaYQQ_BHtDEK8bo4E_58738_65266.wav,MeggieKay_UCoU5kgGNeIPsxnrDCTWaYQQ_BHtDEK8bo4E,58738,65266,6528
MeggieKay_UCoU5kgGNeIPsxnrDCTWaYQQ_BHtDEK8bo4E_65682_69580.wav,MeggieKay_UCoU5kgGNeIPsxnrDCTWaYQQ_BHtDEK8bo4E,65682,69580,3898
MeggieKay_UCoU5kgGNeIPsxnrDCTWaYQQ_BHtDEK8bo4E_69708_71276.wav,MeggieKay_UCoU5kgGNeIPsxnrDCTWaYQQ_BHtDEK8bo4E,69708,71276,1568
MeggieKay_UCoU5kgGNeIPsxnrDCTWaYQQ_BHtDEK8bo4E_71412_73109.wav,MeggieKay_UCoU5kgGNeIPsxnrDCTWaYQQ_BHtDEK8bo4E,71412,73109,1697
MeggieKay_UCoU5kgGNeIPsxnrDCTWaYQQ_BHtDEK8bo4E_73229_85989.wav,MeggieKay_UCoU5kgGNeIPsxnrDCTWaYQQ_BHtDEK8bo4E,73229,85989,12760
MeggieKay_UCoU5kgGNeIPsxnrDCTWaYQQ_BHtDEK8bo4E_86109_86654.wav,MeggieKay_UCoU5kgGNeIPsxnrDCTWaYQQ_BHtDEK8bo4E,86109,86654,545
MeggieKay_UCoU5kgGNeIPsxnrDCTWaYQQ_BHtDEK8bo4E_86814_97400.wav,MeggieKay_UCoU5kgGNeIPsxnrDCTWaYQQ_BHtDEK8bo4E,86814,97400,10586
MeggieKay_UCoU5kgGNeIPsxnrDCTWaYQQ_BHtDEK8bo4E_97528_100666.wav,MeggieKay_UCoU5kgGNeIPsxnrDCTWaYQQ_BHtDEK8bo4E,97528,100666,3138
MeggieKay_UCoU5kgGNeIPsxnrDCTWaYQQ_BHtDEK8bo4E_100858_101722.wav,MeggieKay_UCoU5kgGNeIPsxnrDCTWaYQQ_BHtDEK8bo4E,100858,101722,864
MeggieKay_UCoU5kgGNeIPsxnrDCTWaYQQ_BHtDEK8bo4E_102138_107546.wav,MeggieKay_UCoU5kgGNeIPsxnrDCTWaYQQ_BHtDEK8bo4E,102138,107546,5408
MeggieKay_UCoU5kgGNeIPsxnrDCTWaYQQ_BHtDEK8bo4E_108186_114884.wav,MeggieKay_UCoU5kgGNeIPsxnrDCTWaYQQ_BHtDEK8bo4E,108186,114884,6698
MeggieKay_UCoU5kgGNeIPsxnrDCTWaYQQ_BHtDEK8bo4E_115052_125700.wav,MeggieKay_UCoU5kgGNeIPsxnrDCTWaYQQ_BHtDEK8bo4E,115052,125700,10648
MeggieKay_UCoU5kgGNeIPsxnrDCTWaYQQ_BHtDEK8bo4E_125852_127982.wav,MeggieKay_UCoU5kgGNeIPsxnrDCTWaYQQ_BHtDEK8bo4E,125852,127982,2130
MeggieKay_UCoU5kgGNeIPsxnrDCTWaYQQ_BHtDEK8bo4E_128222_133170.wav,MeggieKay_UCoU5kgGNeIPsxnrDCTWaYQQ_BHtDEK8bo4E,128222,133170,4948
MeggieKay_UCoU5kgGNeIPsxnrDCTWaYQQ_BHtDEK8bo4E_133578_134618.wav,MeggieKay_UCoU5kgGNeIPsxnrDCTWaYQQ_BHtDEK8bo4E,133578,134618,1040
MeggieKay_UCoU5kgGNeIPsxnrDCTWaYQQ_BHtDEK8bo4E_134858_142594.wav,MeggieKay_UCoU5kgGNeIPsxnrDCTWaYQQ_BHtDEK8bo4E,134858,142594,7736
MeggieKay_UCoU5kgGNeIPsxnrDCTWaYQQ_BHtDEK8bo4E_142938_148502.wav,MeggieKay_UCoU5kgGNeIPsxnrDCTWaYQQ_BHtDEK8bo4E,142938,148502,5564
MeggieKay_UCoU5kgGNeIPsxnrDCTWaYQQ_BHtDEK8bo4E_148758_156170.wav,MeggieKay_UCoU5kgGNeIPsxnrDCTWaYQQ_BHtDEK8bo4E,148758,156170,7412
MeggieKay_UCoU5kgGNeIPsxnrDCTWaYQQ_BHtDEK8bo4E_157042_158842.wav,MeggieKay_UCoU5kgGNeIPsxnrDCTWaYQQ_BHtDEK8bo4E,157042,158842,1800
MeggieKay_UCoU5kgGNeIPsxnrDCTWaYQQ_BHtDEK8bo4E_159018_160946.wav,MeggieKay_UCoU5kgGNeIPsxnrDCTWaYQQ_BHtDEK8bo4E,159018,160946,1928
MeggieKay_UCoU5kgGNeIPsxnrDCTWaYQQ_BHtDEK8bo4E_161130_162490.wav,MeggieKay_UCoU5kgGNeIPsxnrDCTWaYQQ_BHtDEK8bo4E,161130,162490,1360
MeggieKay_UCoU5kgGNeIPsxnrDCTWaYQQ_BHtDEK8bo4E_162658_167522.wav,MeggieKay_UCoU5kgGNeIPsxnrDCTWaYQQ_BHtDEK8bo4E,162658,167522,4864
MeggieKay_UCoU5kgGNeIPsxnrDCTWaYQQ_BHtDEK8bo4E_167842_173226.wav,MeggieKay_UCoU5kgGNeIPsxnrDCTWaYQQ_BHtDEK8bo4E,167842,173226,5384
MeggieKay_UCoU5kgGNeIPsxnrDCTWaYQQ_BHtDEK8bo4E_173506_174548.wav,MeggieKay_UCoU5kgGNeIPsxnrDCTWaYQQ_BHtDEK8bo4E,173506,174548,1042
MeggieKay_UCoU5kgGNeIPsxnrDCTWaYQQ_BHtDEK8bo4E_174708_182326.wav,MeggieKay_UCoU5kgGNeIPsxnrDCTWaYQQ_BHtDEK8bo4E,174708,182326,7618
MeggieKay_UCoU5kgGNeIPsxnrDCTWaYQQ_BHtDEK8bo4E_182550_186822.wav,MeggieKay_UCoU5kgGNeIPsxnrDCTWaYQQ_BHtDEK8bo4E,182550,186822,4272
MeggieKay_UCoU5kgGNeIPsxnrDCTWaYQQ_BHtDEK8bo4E_186966_198406.wav,MeggieKay_UCoU5kgGNeIPsxnrDCTWaYQQ_BHtDEK8bo4E,186966,198406,11440
MeggieKay_UCoU5kgGNeIPsxnrDCTWaYQQ_BHtDEK8bo4E_198550_198950.wav,MeggieKay_UCoU5kgGNeIPsxnrDCTWaYQQ_BHtDEK8bo4E,198550,198950,400
MeggieKay_UCoU5kgGNeIPsxnrDCTWaYQQ_BHtDEK8bo4E_199078_210054.wav,MeggieKay_UCoU5kgGNeIPsxnrDCTWaYQQ_BHtDEK8bo4E,199078,210054,10976
MeggieKay_UCoU5kgGNeIPsxnrDCTWaYQQ_BHtDEK8bo4E_210278_216850.wav,MeggieKay_UCoU5kgGNeIPsxnrDCTWaYQQ_BHtDEK8bo4E,210278,216850,6572
MeggieKay_UCoU5kgGNeIPsxnrDCTWaYQQ_BHtDEK8bo4E_217354_222842.wav,MeggieKay_UCoU5kgGNeIPsxnrDCTWaYQQ_BHtDEK8bo4E,217354,222842,5488
MeggieKay_UCoU5kgGNeIPsxnrDCTWaYQQ_BHtDEK8bo4E_223178_223994.wav,MeggieKay_UCoU5kgGNeIPsxnrDCTWaYQQ_BHtDEK8bo4E,223178,223994,816
MeggieKay_UCoU5kgGNeIPsxnrDCTWaYQQ_BHtDEK8bo4E_224250_226770.wav,MeggieKay_UCoU5kgGNeIPsxnrDCTWaYQQ_BHtDEK8bo4E,224250,226770,2520
MeggieKay_UCoU5kgGNeIPsxnrDCTWaYQQ_BHtDEK8bo4E_226938_233098.wav,MeggieKay_UCoU5kgGNeIPsxnrDCTWaYQQ_BHtDEK8bo4E,226938,233098,6160
MeggieKay_UCoU5kgGNeIPsxnrDCTWaYQQ_BHtDEK8bo4E_233626_240674.wav,MeggieKay_UCoU5kgGNeIPsxnrDCTWaYQQ_BHtDEK8bo4E,233626,240674,7048
MeggieKay_UCoU5kgGNeIPsxnrDCTWaYQQ_BHtDEK8bo4E_241074_245086.wav,MeggieKay_UCoU5kgGNeIPsxnrDCTWaYQQ_BHtDEK8bo4E,241074,245086,4012
MeggieKay_UCoU5kgGNeIPsxnrDCTWaYQQ_BHtDEK8bo4E_245262_249586.wav,MeggieKay_UCoU5kgGNeIPsxnrDCTWaYQQ_BHtDEK8bo4E,245262,249586,4324
MeggieKay_UCoU5kgGNeIPsxnrDCTWaYQQ_BHtDEK8bo4E_249834_251292.wav,MeggieKay_UCoU5kgGNeIPsxnrDCTWaYQQ_BHtDEK8bo4E,249834,251292,1458
MeggieKay_UCoU5kgGNeIPsxnrDCTWaYQQ_BHtDEK8bo4E_251492_259206.wav,MeggieKay_UCoU5kgGNeIPsxnrDCTWaYQQ_BHtDEK8bo4E,251492,259206,7714
MeggieKay_UCoU5kgGNeIPsxnrDCTWaYQQ_BHtDEK8bo4E_259358_270302.wav,MeggieKay_UCoU5kgGNeIPsxnrDCTWaYQQ_BHtDEK8bo4E,259358,270302,10944
MeggieKay_UCoU5kgGNeIPsxnrDCTWaYQQ_BHtDEK8bo4E_270486_273146.wav,MeggieKay_UCoU5kgGNeIPsxnrDCTWaYQQ_BHtDEK8bo4E,270486,273146,2660
MeggieKay_UCoU5kgGNeIPsxnrDCTWaYQQ_BHtDEK8bo4E_273570_278762.wav,MeggieKay_UCoU5kgGNeIPsxnrDCTWaYQQ_BHtDEK8bo4E,273570,278762,5192
MeggieKay_UCoU5kgGNeIPsxnrDCTWaYQQ_BHtDEK8bo4E_278890_293210.wav,MeggieKay_UCoU5kgGNeIPsxnrDCTWaYQQ_BHtDEK8bo4E,278890,293210,14320
MeggieKay_UCoU5kgGNeIPsxnrDCTWaYQQ_BHtDEK8bo4E_293314_293898.wav,MeggieKay_UCoU5kgGNeIPsxnrDCTWaYQQ_BHtDEK8bo4E,293314,293898,584
MeggieKay_UCoU5kgGNeIPsxnrDCTWaYQQ_BHtDEK8bo4E_294666_296410.wav,MeggieKay_UCoU5kgGNeIPsxnrDCTWaYQQ_BHtDEK8bo4E,294666,296410,1744
MeggieKay_UCoU5kgGNeIPsxnrDCTWaYQQ_BHtDEK8bo4E_296762_297410.wav,MeggieKay_UCoU5kgGNeIPsxnrDCTWaYQQ_BHtDEK8bo4E,296762,297410,648
MeggieKay_UCoU5kgGNeIPsxnrDCTWaYQQ_BHtDEK8bo4E_298786_299950.wav,MeggieKay_UCoU5kgGNeIPsxnrDCTWaYQQ_BHtDEK8bo4E,298786,299950,1164
MeggieKay_UCoU5kgGNeIPsxnrDCTWaYQQ_BHtDEK8bo4E_300294_307450.wav,MeggieKay_UCoU5kgGNeIPsxnrDCTWaYQQ_BHtDEK8bo4E,300294,307450,7156
MeggieKay_UCoU5kgGNeIPsxnrDCTWaYQQ_BHtDEK8bo4E_307650_307762.wav,MeggieKay_UCoU5kgGNeIPsxnrDCTWaYQQ_BHtDEK8bo4E,307650,307762,112
MeggieKay_UCoU5kgGNeIPsxnrDCTWaYQQ_BHtDEK8bo4E_307962_308090.wav,MeggieKay_UCoU5kgGNeIPsxnrDCTWaYQQ_BHtDEK8bo4E,307962,308090,128
MeggieKay_UCoU5kgGNeIPsxnrDCTWaYQQ_BHtDEK8bo4E_308274_308726.wav,MeggieKay_UCoU5kgGNeIPsxnrDCTWaYQQ_BHtDEK8bo4E,308274,308726,452
MeggieKay_UCoU5kgGNeIPsxnrDCTWaYQQ_BHtDEK8bo4E_309030_312206.wav,MeggieKay_UCoU5kgGNeIPsxnrDCTWaYQQ_BHtDEK8bo4E,309030,312206,3176
MeggieKay_UCoU5kgGNeIPsxnrDCTWaYQQ_BHtDEK8bo4E_312630_312958.wav,MeggieKay_UCoU5kgGNeIPsxnrDCTWaYQQ_BHtDEK8bo4E,312630,312958,328
MeggieKay_UCoU5kgGNeIPsxnrDCTWaYQQ_BHtDEK8bo4E_312958_313334.wav,MeggieKay_UCoU5kgGNeIPsxnrDCTWaYQQ_BHtDEK8bo4E,312958,313334,376
MeggieKay_UCoU5kgGNeIPsxnrDCTWaYQQ_BHtDEK8bo4E_313486_323494.wav,MeggieKay_UCoU5kgGNeIPsxnrDCTWaYQQ_BHtDEK8bo4E,313486,323494,10008
MeggieKay_UCoU5kgGNeIPsxnrDCTWaYQQ_BHtDEK8bo4E_323910_324656.wav,MeggieKay_UCoU5kgGNeIPsxnrDCTWaYQQ_BHtDEK8bo4E,323910,324656,746
MeggieKay_UCoU5kgGNeIPsxnrDCTWaYQQ_BHtDEK8bo4E_324864_325689.wav,MeggieKay_UCoU5kgGNeIPsxnrDCTWaYQQ_BHtDEK8bo4E,324864,325689,825
MeggieKay_UCoU5kgGNeIPsxnrDCTWaYQQ_BHtDEK8bo4E_325857_327409.wav,MeggieKay_UCoU5kgGNeIPsxnrDCTWaYQQ_BHtDEK8bo4E,325857,327409,1552
MeggieKay_UCoU5kgGNeIPsxnrDCTWaYQQ_BHtDEK8bo4E_327577_330633.wav,MeggieKay_UCoU5kgGNeIPsxnrDCTWaYQQ_BHtDEK8bo4E,327577,330633,3056
MeggieKay_UCoU5kgGNeIPsxnrDCTWaYQQ_BHtDEK8bo4E_330785_332370.wav,MeggieKay_UCoU5kgGNeIPsxnrDCTWaYQQ_BHtDEK8bo4E,330785,332370,1585
MeggieKay_UCoU5kgGNeIPsxnrDCTWaYQQ_BHtDEK8bo4E_332810_333074.wav,MeggieKay_UCoU5kgGNeIPsxnrDCTWaYQQ_BHtDEK8bo4E,332810,333074,264
MeggieKay_UCoU5kgGNeIPsxnrDCTWaYQQ_BHtDEK8bo4E_333074_342754.wav,MeggieKay_UCoU5kgGNeIPsxnrDCTWaYQQ_BHtDEK8bo4E,333074,342754,9680
MeggieKay_UCoU5kgGNeIPsxnrDCTWaYQQ_BHtDEK8bo4E_343002_346082.wav,MeggieKay_UCoU5kgGNeIPsxnrDCTWaYQQ_BHtDEK8bo4E,343002,346082,3080
MeggieKay_UCoU5kgGNeIPsxnrDCTWaYQQ_BHtDEK8bo4E_346346_352770.wav,MeggieKay_UCoU5kgGNeIPsxnrDCTWaYQQ_BHtDEK8bo4E,346346,352770,6424
MeggieKay_UCoU5kgGNeIPsxnrDCTWaYQQ_BHtDEK8bo4E_352946_354218.wav,MeggieKay_UCoU5kgGNeIPsxnrDCTWaYQQ_BHtDEK8bo4E,352946,354218,1272
MeggieKay_UCoU5kgGNeIPsxnrDCTWaYQQ_BHtDEK8bo4E_354474_356482.wav,MeggieKay_UCoU5kgGNeIPsxnrDCTWaYQQ_BHtDEK8bo4E,354474,356482,2008
MeggieKay_UCoU5kgGNeIPsxnrDCTWaYQQ_BHtDEK8bo4E_357874_358826.wav,MeggieKay_UCoU5kgGNeIPsxnrDCTWaYQQ_BHtDEK8bo4E,357874,358826,952
MeggieKay_UCoU5kgGNeIPsxnrDCTWaYQQ_BHtDEK8bo4E_359554_359786.wav,MeggieKay_UCoU5kgGNeIPsxnrDCTWaYQQ_BHtDEK8bo4E,359554,359786,232
MeggieKay_UCoU5kgGNeIPsxnrDCTWaYQQ_BHtDEK8bo4E_361578_362378.wav,MeggieKay_UCoU5kgGNeIPsxnrDCTWaYQQ_BHtDEK8bo4E,361578,362378,800
MeggieKay_UCoU5kgGNeIPsxnrDCTWaYQQ_BHtDEK8bo4E_362738_369506.wav,MeggieKay_UCoU5kgGNeIPsxnrDCTWaYQQ_BHtDEK8bo4E,362738,369506,6768
MeggieKay_UCoU5kgGNeIPsxnrDCTWaYQQ_BHtDEK8bo4E_369690_370378.wav,MeggieKay_UCoU5kgGNeIPsxnrDCTWaYQQ_BHtDEK8bo4E,369690,370378,688
MeggieKay_UCoU5kgGNeIPsxnrDCTWaYQQ_BHtDEK8bo4E_370794_376698.wav,MeggieKay_UCoU5kgGNeIPsxnrDCTWaYQQ_BHtDEK8bo4E,370794,376698,5904
MeggieKay_UCoU5kgGNeIPsxnrDCTWaYQQ_BHtDEK8bo4E_376954_377798.wav,MeggieKay_UCoU5kgGNeIPsxnrDCTWaYQQ_BHtDEK8bo4E,376954,377798,844
MeggieKay_UCoU5kgGNeIPsxnrDCTWaYQQ_BHtDEK8bo4E_378054_384942.wav,MeggieKay_UCoU5kgGNeIPsxnrDCTWaYQQ_BHtDEK8bo4E,378054,384942,6888
MeggieKay_UCoU5kgGNeIPsxnrDCTWaYQQ_BHtDEK8bo4E_385222_389618.wav,MeggieKay_UCoU5kgGNeIPsxnrDCTWaYQQ_BHtDEK8bo4E,385222,389618,4396
MeggieKay_UCoU5kgGNeIPsxnrDCTWaYQQ_BHtDEK8bo4E_390146_394474.wav,MeggieKay_UCoU5kgGNeIPsxnrDCTWaYQQ_BHtDEK8bo4E,390146,394474,4328
MeggieKay_UCoU5kgGNeIPsxnrDCTWaYQQ_BHtDEK8bo4E_395434_397018.wav,MeggieKay_UCoU5kgGNeIPsxnrDCTWaYQQ_BHtDEK8bo4E,395434,397018,1584
MeggieKay_UCoU5kgGNeIPsxnrDCTWaYQQ_BHtDEK8bo4E_397450_403314.wav,MeggieKay_UCoU5kgGNeIPsxnrDCTWaYQQ_BHtDEK8bo4E,397450,403314,5864
MeggieKay_UCoU5kgGNeIPsxnrDCTWaYQQ_BHtDEK8bo4E_403938_404498.wav,MeggieKay_UCoU5kgGNeIPsxnrDCTWaYQQ_BHtDEK8bo4E,403938,404498,560
MeggieKay_UCoU5kgGNeIPsxnrDCTWaYQQ_BHtDEK8bo4E_404810_410246.wav,MeggieKay_UCoU5kgGNeIPsxnrDCTWaYQQ_BHtDEK8bo4E,404810,410246,5436
MeggieKay_UCoU5kgGNeIPsxnrDCTWaYQQ_BHtDEK8bo4E_410470_415550.wav,MeggieKay_UCoU5kgGNeIPsxnrDCTWaYQQ_BHtDEK8bo4E,410470,415550,5080
MeggieKay_UCoU5kgGNeIPsxnrDCTWaYQQ_BHtDEK8bo4E_415766_419282.wav,MeggieKay_UCoU5kgGNeIPsxnrDCTWaYQQ_BHtDEK8bo4E,415766,419282,3516
MeggieKay_UCoU5kgGNeIPsxnrDCTWaYQQ_BHtDEK8bo4E_419610_422522.wav,MeggieKay_UCoU5kgGNeIPsxnrDCTWaYQQ_BHtDEK8bo4E,419610,422522,2912
MeggieKay_UCoU5kgGNeIPsxnrDCTWaYQQ_BHtDEK8bo4E_422810_425522.wav,MeggieKay_UCoU5kgGNeIPsxnrDCTWaYQQ_BHtDEK8bo4E,422810,425522,2712
MeggieKay_UCoU5kgGNeIPsxnrDCTWaYQQ_BHtDEK8bo4E_426066_428770.wav,MeggieKay_UCoU5kgGNeIPsxnrDCTWaYQQ_BHtDEK8bo4E,426066,428770,2704
MeggieKay_UCoU5kgGNeIPsxnrDCTWaYQQ_BHtDEK8bo4E_429362_429746.wav,MeggieKay_UCoU5kgGNeIPsxnrDCTWaYQQ_BHtDEK8bo4E,429362,429746,384
MeggieKay_UCoU5kgGNeIPsxnrDCTWaYQQ_BHtDEK8bo4E_429746_432634.wav,MeggieKay_UCoU5kgGNeIPsxnrDCTWaYQQ_BHtDEK8bo4E,429746,432634,2888
MeggieKay_UCoU5kgGNeIPsxnrDCTWaYQQ_BHtDEK8bo4E_432874_437450.wav,MeggieKay_UCoU5kgGNeIPsxnrDCTWaYQQ_BHtDEK8bo4E,432874,437450,4576
MeggieKay_UCoU5kgGNeIPsxnrDCTWaYQQ_BHtDEK8bo4E_437690_441046.wav,MeggieKay_UCoU5kgGNeIPsxnrDCTWaYQQ_BHtDEK8bo4E,437690,441046,3356
MeggieKay_UCoU5kgGNeIPsxnrDCTWaYQQ_BHtDEK8bo4E_441206_449306.wav,MeggieKay_UCoU5kgGNeIPsxnrDCTWaYQQ_BHtDEK8bo4E,441206,449306,8100
MeggieKay_UCoU5kgGNeIPsxnrDCTWaYQQ_BHtDEK8bo4E_449882_456970.wav,MeggieKay_UCoU5kgGNeIPsxnrDCTWaYQQ_BHtDEK8bo4E,449882,456970,7088
MeggieKay_UCoU5kgGNeIPsxnrDCTWaYQQ_BHtDEK8bo4E_457234_462538.wav,MeggieKay_UCoU5kgGNeIPsxnrDCTWaYQQ_BHtDEK8bo4E,457234,462538,5304
MeggieKay_UCoU5kgGNeIPsxnrDCTWaYQQ_BHtDEK8bo4E_462666_472954.wav,MeggieKay_UCoU5kgGNeIPsxnrDCTWaYQQ_BHtDEK8bo4E,462666,472954,10288
MeggieKay_UCoU5kgGNeIPsxnrDCTWaYQQ_BHtDEK8bo4E_473938_476050.wav,MeggieKay_UCoU5kgGNeIPsxnrDCTWaYQQ_BHtDEK8bo4E,473938,476050,2112
MeggieKay_UCoU5kgGNeIPsxnrDCTWaYQQ_BHtDEK8bo4E_476458_476826.wav,MeggieKay_UCoU5kgGNeIPsxnrDCTWaYQQ_BHtDEK8bo4E,476458,476826,368
MeggieKay_UCoU5kgGNeIPsxnrDCTWaYQQ_BHtDEK8bo4E_477098_477378.wav,MeggieKay_UCoU5kgGNeIPsxnrDCTWaYQQ_BHtDEK8bo4E,477098,477378,280
MeggieKay_UCoU5kgGNeIPsxnrDCTWaYQQ_BHtDEK8bo4E_477666_478994.wav,MeggieKay_UCoU5kgGNeIPsxnrDCTWaYQQ_BHtDEK8bo4E,477666,478994,1328
MeggieKay_UCoU5kgGNeIPsxnrDCTWaYQQ_BHtDEK8bo4E_480242_480882.wav,MeggieKay_UCoU5kgGNeIPsxnrDCTWaYQQ_BHtDEK8bo4E,480242,480882,640
MeggieKay_UCoU5kgGNeIPsxnrDCTWaYQQ_BHtDEK8bo4E_481138_481610.wav,MeggieKay_UCoU5kgGNeIPsxnrDCTWaYQQ_BHtDEK8bo4E,481138,481610,472
MeggieKay_UCoU5kgGNeIPsxnrDCTWaYQQ_BHtDEK8bo4E_482226_487074.wav,MeggieKay_UCoU5kgGNeIPsxnrDCTWaYQQ_BHtDEK8bo4E,482226,487074,4848
MeggieKay_UCoU5kgGNeIPsxnrDCTWaYQQ_BHtDEK8bo4E_487410_488186.wav,MeggieKay_UCoU5kgGNeIPsxnrDCTWaYQQ_BHtDEK8bo4E,487410,488186,776
MeggieKay_UCoU5kgGNeIPsxnrDCTWaYQQ_BHtDEK8bo4E_488554_493298.wav,MeggieKay_UCoU5kgGNeIPsxnrDCTWaYQQ_BHtDEK8bo4E,488554,493298,4744
MeggieKay_UCoU5kgGNeIPsxnrDCTWaYQQ_BHtDEK8bo4E_493906_497226.wav,MeggieKay_UCoU5kgGNeIPsxnrDCTWaYQQ_BHtDEK8bo4E,493906,497226,3320
MeggieKay_UCoU5kgGNeIPsxnrDCTWaYQQ_BHtDEK8bo4E_498050_502770.wav,MeggieKay_UCoU5kgGNeIPsxnrDCTWaYQQ_BHtDEK8bo4E,498050,502770,4720
MeggieKay_UCoU5kgGNeIPsxnrDCTWaYQQ_BHtDEK8bo4E_503106_505650.wav,MeggieKay_UCoU5kgGNeIPsxnrDCTWaYQQ_BHtDEK8bo4E,503106,505650,2544
MeggieKay_UCoU5kgGNeIPsxnrDCTWaYQQ_BHtDEK8bo4E_506066_507842.wav,MeggieKay_UCoU5kgGNeIPsxnrDCTWaYQQ_BHtDEK8bo4E,506066,507842,1776
MeggieKay_UCoU5kgGNeIPsxnrDCTWaYQQ_BHtDEK8bo4E_508106_514554.wav,MeggieKay_UCoU5kgGNeIPsxnrDCTWaYQQ_BHtDEK8bo4E,508106,514554,6448
MeggieKay_UCoU5kgGNeIPsxnrDCTWaYQQ_BHtDEK8bo4E_515618_520850.wav,MeggieKay_UCoU5kgGNeIPsxnrDCTWaYQQ_BHtDEK8bo4E,515618,520850,5232
MeggieKay_UCoU5kgGNeIPsxnrDCTWaYQQ_BHtDEK8bo4E_521490_522378.wav,MeggieKay_UCoU5kgGNeIPsxnrDCTWaYQQ_BHtDEK8bo4E,521490,522378,888
MeggieKay_UCoU5kgGNeIPsxnrDCTWaYQQ_BHtDEK8bo4E_522666_528010.wav,MeggieKay_UCoU5kgGNeIPsxnrDCTWaYQQ_BHtDEK8bo4E,522666,528010,5344
MeggieKay_UCoU5kgGNeIPsxnrDCTWaYQQ_BHtDEK8bo4E_528234_529578.wav,MeggieKay_UCoU5kgGNeIPsxnrDCTWaYQQ_BHtDEK8bo4E,528234,529578,1344
MeggieKay_UCoU5kgGNeIPsxnrDCTWaYQQ_BHtDEK8bo4E_529786_530330.wav,MeggieKay_UCoU5kgGNeIPsxnrDCTWaYQQ_BHtDEK8bo4E,529786,530330,544
MeggieKay_UCoU5kgGNeIPsxnrDCTWaYQQ_BHtDEK8bo4E_530546_532874.wav,MeggieKay_UCoU5kgGNeIPsxnrDCTWaYQQ_BHtDEK8bo4E,530546,532874,2328
MeggieKay_UCoU5kgGNeIPsxnrDCTWaYQQ_BHtDEK8bo4E_533578_540690.wav,MeggieKay_UCoU5kgGNeIPsxnrDCTWaYQQ_BHtDEK8bo4E,533578,540690,7112
MeggieKay_UCoU5kgGNeIPsxnrDCTWaYQQ_BHtDEK8bo4E_540946_547578.wav,MeggieKay_UCoU5kgGNeIPsxnrDCTWaYQQ_BHtDEK8bo4E,540946,547578,6632
MeggieKay_UCoU5kgGNeIPsxnrDCTWaYQQ_BHtDEK8bo4E_547746_550026.wav,MeggieKay_UCoU5kgGNeIPsxnrDCTWaYQQ_BHtDEK8bo4E,547746,550026,2280
MeggieKay_UCoU5kgGNeIPsxnrDCTWaYQQ_BHtDEK8bo4E_550210_552426.wav,MeggieKay_UCoU5kgGNeIPsxnrDCTWaYQQ_BHtDEK8bo4E,550210,552426,2216
MeggieKay_UCoU5kgGNeIPsxnrDCTWaYQQ_BHtDEK8bo4E_552658_555954.wav,MeggieKay_UCoU5kgGNeIPsxnrDCTWaYQQ_BHtDEK8bo4E,552658,555954,3296
MeggieKay_UCoU5kgGNeIPsxnrDCTWaYQQ_BHtDEK8bo4E_556210_556562.wav,MeggieKay_UCoU5kgGNeIPsxnrDCTWaYQQ_BHtDEK8bo4E,556210,556562,352
MeggieKay_UCoU5kgGNeIPsxnrDCTWaYQQ_BHtDEK8bo4E_556802_561770.wav,MeggieKay_UCoU5kgGNeIPsxnrDCTWaYQQ_BHtDEK8bo4E,556802,561770,4968
MeggieKay_UCoU5kgGNeIPsxnrDCTWaYQQ_BHtDEK8bo4E_562010_564378.wav,MeggieKay_UCoU5kgGNeIPsxnrDCTWaYQQ_BHtDEK8bo4E,562010,564378,2368
MeggieKay_UCoU5kgGNeIPsxnrDCTWaYQQ_BHtDEK8bo4E_564794_569966.wav,MeggieKay_UCoU5kgGNeIPsxnrDCTWaYQQ_BHtDEK8bo4E,564794,569966,5172
MeggieKay_UCoU5kgGNeIPsxnrDCTWaYQQ_BHtDEK8bo4E_570254_571218.wav,MeggieKay_UCoU5kgGNeIPsxnrDCTWaYQQ_BHtDEK8bo4E,570254,571218,964
MeggieKay_UCoU5kgGNeIPsxnrDCTWaYQQ_BHtDEK8bo4E_571642_576162.wav,MeggieKay_UCoU5kgGNeIPsxnrDCTWaYQQ_BHtDEK8bo4E,571642,576162,4520
MeggieKay_UCoU5kgGNeIPsxnrDCTWaYQQ_BHtDEK8bo4E_576466_579836.wav,MeggieKay_UCoU5kgGNeIPsxnrDCTWaYQQ_BHtDEK8bo4E,576466,579836,3370
MeggieKay_UCoU5kgGNeIPsxnrDCTWaYQQ_BHtDEK8bo4E_580036_585316.wav,MeggieKay_UCoU5kgGNeIPsxnrDCTWaYQQ_BHtDEK8bo4E,580036,585316,5280
MeggieKay_UCoU5kgGNeIPsxnrDCTWaYQQ_BHtDEK8bo4E_585468_586124.wav,MeggieKay_UCoU5kgGNeIPsxnrDCTWaYQQ_BHtDEK8bo4E,585468,586124,656
MeggieKay_UCoU5kgGNeIPsxnrDCTWaYQQ_BHtDEK8bo4E_586316_589022.wav,MeggieKay_UCoU5kgGNeIPsxnrDCTWaYQQ_BHtDEK8bo4E,586316,589022,2706
MeggieKay_UCoU5kgGNeIPsxnrDCTWaYQQ_BHtDEK8bo4E_589222_590562.wav,MeggieKay_UCoU5kgGNeIPsxnrDCTWaYQQ_BHtDEK8bo4E,589222,590562,1340
MeggieKay_UCoU5kgGNeIPsxnrDCTWaYQQ_BHtDEK8bo4E_591162_592618.wav,MeggieKay_UCoU5kgGNeIPsxnrDCTWaYQQ_BHtDEK8bo4E,591162,592618,1456
MeggieKay_UCoU5kgGNeIPsxnrDCTWaYQQ_BHtDEK8bo4E_593562_595482.wav,MeggieKay_UCoU5kgGNeIPsxnrDCTWaYQQ_BHtDEK8bo4E,593562,595482,1920
MeggieKay_UCoU5kgGNeIPsxnrDCTWaYQQ_BHtDEK8bo4E_595850_606226.wav,MeggieKay_UCoU5kgGNeIPsxnrDCTWaYQQ_BHtDEK8bo4E,595850,606226,10376
MeggieKay_UCoU5kgGNeIPsxnrDCTWaYQQ_BHtDEK8bo4E_606450_610458.wav,MeggieKay_UCoU5kgGNeIPsxnrDCTWaYQQ_BHtDEK8bo4E,606450,610458,4008
MeggieKay_UCoU5kgGNeIPsxnrDCTWaYQQ_BHtDEK8bo4E_610698_612354.wav,MeggieKay_UCoU5kgGNeIPsxnrDCTWaYQQ_BHtDEK8bo4E,610698,612354,1656
MeggieKay_UCoU5kgGNeIPsxnrDCTWaYQQ_BHtDEK8bo4E_612594_615394.wav,MeggieKay_UCoU5kgGNeIPsxnrDCTWaYQQ_BHtDEK8bo4E,612594,615394,2800
MeggieKay_UCoU5kgGNeIPsxnrDCTWaYQQ_BHtDEK8bo4E_615986_619738.wav,MeggieKay_UCoU5kgGNeIPsxnrDCTWaYQQ_BHtDEK8bo4E,615986,619738,3752
MeggieKay_UCoU5kgGNeIPsxnrDCTWaYQQ_BHtDEK8bo4E_620050_623706.wav,MeggieKay_UCoU5kgGNeIPsxnrDCTWaYQQ_BHtDEK8bo4E,620050,623706,3656
MeggieKay_UCoU5kgGNeIPsxnrDCTWaYQQ_BHtDEK8bo4E_624218_628250.wav,MeggieKay_UCoU5kgGNeIPsxnrDCTWaYQQ_BHtDEK8bo4E,624218,628250,4032
MeggieKay_UCoU5kgGNeIPsxnrDCTWaYQQ_BHtDEK8bo4E_628594_636322.wav,MeggieKay_UCoU5kgGNeIPsxnrDCTWaYQQ_BHtDEK8bo4E,628594,636322,7728
MeggieKay_UCoU5kgGNeIPsxnrDCTWaYQQ_BHtDEK8bo4E_636818_636970.wav,MeggieKay_UCoU5kgGNeIPsxnrDCTWaYQQ_BHtDEK8bo4E,636818,636970,152
MeggieKay_UCoU5kgGNeIPsxnrDCTWaYQQ_BHtDEK8bo4E_637242_641186.wav,MeggieKay_UCoU5kgGNeIPsxnrDCTWaYQQ_BHtDEK8bo4E,637242,641186,3944
MeggieKay_UCoU5kgGNeIPsxnrDCTWaYQQ_BHtDEK8bo4E_641474_650882.wav,MeggieKay_UCoU5kgGNeIPsxnrDCTWaYQQ_BHtDEK8bo4E,641474,650882,9408
MeggieKay_UCoU5kgGNeIPsxnrDCTWaYQQ_BHtDEK8bo4E_651930_657842.wav,MeggieKay_UCoU5kgGNeIPsxnrDCTWaYQQ_BHtDEK8bo4E,651930,657842,5912
MeggieKay_UCoU5kgGNeIPsxnrDCTWaYQQ_BHtDEK8bo4E_658050_661998.wav,MeggieKay_UCoU5kgGNeIPsxnrDCTWaYQQ_BHtDEK8bo4E,658050,661998,3948
MeggieKay_UCoU5kgGNeIPsxnrDCTWaYQQ_BHtDEK8bo4E_662134_669674.wav,MeggieKay_UCoU5kgGNeIPsxnrDCTWaYQQ_BHtDEK8bo4E,662134,669674,7540
MeggieKay_UCoU5kgGNeIPsxnrDCTWaYQQ_BHtDEK8bo4E_669874_671178.wav,MeggieKay_UCoU5kgGNeIPsxnrDCTWaYQQ_BHtDEK8bo4E,669874,671178,1304
MeggieKay_UCoU5kgGNeIPsxnrDCTWaYQQ_BHtDEK8bo4E_671666_672722.wav,MeggieKay_UCoU5kgGNeIPsxnrDCTWaYQQ_BHtDEK8bo4E,671666,672722,1056
MeggieKay_UCoU5kgGNeIPsxnrDCTWaYQQ_BHtDEK8bo4E_672858_683026.wav,MeggieKay_UCoU5kgGNeIPsxnrDCTWaYQQ_BHtDEK8bo4E,672858,683026,10168
MeggieKay_UCoU5kgGNeIPsxnrDCTWaYQQ_BHtDEK8bo4E_683410_688242.wav,MeggieKay_UCoU5kgGNeIPsxnrDCTWaYQQ_BHtDEK8bo4E,683410,688242,4832
MeggieKay_UCoU5kgGNeIPsxnrDCTWaYQQ_BHtDEK8bo4E_688538_690306.wav,MeggieKay_UCoU5kgGNeIPsxnrDCTWaYQQ_BHtDEK8bo4E,688538,690306,1768
MeggieKay_UCoU5kgGNeIPsxnrDCTWaYQQ_BHtDEK8bo4E_690474_696618.wav,MeggieKay_UCoU5kgGNeIPsxnrDCTWaYQQ_BHtDEK8bo4E,690474,696618,6144
MeggieKay_UCoU5kgGNeIPsxnrDCTWaYQQ_BHtDEK8bo4E_697050_699098.wav,MeggieKay_UCoU5kgGNeIPsxnrDCTWaYQQ_BHtDEK8bo4E,697050,699098,2048
MeggieKay_UCoU5kgGNeIPsxnrDCTWaYQQ_BHtDEK8bo4E_699522_705074.wav,MeggieKay_UCoU5kgGNeIPsxnrDCTWaYQQ_BHtDEK8bo4E,699522,705074,5552
MeggieKay_UCoU5kgGNeIPsxnrDCTWaYQQ_BHtDEK8bo4E_706074_709330.wav,MeggieKay_UCoU5kgGNeIPsxnrDCTWaYQQ_BHtDEK8bo4E,706074,709330,3256
MeggieKay_UCoU5kgGNeIPsxnrDCTWaYQQ_BHtDEK8bo4E_710466_717958.wav,MeggieKay_UCoU5kgGNeIPsxnrDCTWaYQQ_BHtDEK8bo4E,710466,717958,7492
MeggieKay_UCoU5kgGNeIPsxnrDCTWaYQQ_BHtDEK8bo4E_718110_719890.wav,MeggieKay_UCoU5kgGNeIPsxnrDCTWaYQQ_BHtDEK8bo4E,718110,719890,1780
MeggieKay_UCoU5kgGNeIPsxnrDCTWaYQQ_BHtDEK8bo4E_720274_720642.wav,MeggieKay_UCoU5kgGNeIPsxnrDCTWaYQQ_BHtDEK8bo4E,720274,720642,368
MeggieKay_UCoU5kgGNeIPsxnrDCTWaYQQ_BHtDEK8bo4E_721066_723026.wav,MeggieKay_UCoU5kgGNeIPsxnrDCTWaYQQ_BHtDEK8bo4E,721066,723026,1960
MeggieKay_UCoU5kgGNeIPsxnrDCTWaYQQ_BHtDEK8bo4E_723322_723754.wav,MeggieKay_UCoU5kgGNeIPsxnrDCTWaYQQ_BHtDEK8bo4E,723322,723754,432
MeggieKay_UCoU5kgGNeIPsxnrDCTWaYQQ_BHtDEK8bo4E_724138_736458.wav,MeggieKay_UCoU5kgGNeIPsxnrDCTWaYQQ_BHtDEK8bo4E,724138,736458,12320
MeggieKay_UCoU5kgGNeIPsxnrDCTWaYQQ_BHtDEK8bo4E_736658_737562.wav,MeggieKay_UCoU5kgGNeIPsxnrDCTWaYQQ_BHtDEK8bo4E,736658,737562,904
MeggieKay_UCoU5kgGNeIPsxnrDCTWaYQQ_BHtDEK8bo4E_737714_741354.wav,MeggieKay_UCoU5kgGNeIPsxnrDCTWaYQQ_BHtDEK8bo4E,737714,741354,3640
MeggieKay_UCoU5kgGNeIPsxnrDCTWaYQQ_BHtDEK8bo4E_741722_744170.wav,MeggieKay_UCoU5kgGNeIPsxnrDCTWaYQQ_BHtDEK8bo4E,741722,744170,2448
MeggieKay_UCoU5kgGNeIPsxnrDCTWaYQQ_BHtDEK8bo4E_744298_754450.wav,MeggieKay_UCoU5kgGNeIPsxnrDCTWaYQQ_BHtDEK8bo4E,744298,754450,10152
MeggieKay_UCoU5kgGNeIPsxnrDCTWaYQQ_BHtDEK8bo4E_755194_758098.wav,MeggieKay_UCoU5kgGNeIPsxnrDCTWaYQQ_BHtDEK8bo4E,755194,758098,2904
MeggieKay_UCoU5kgGNeIPsxnrDCTWaYQQ_BHtDEK8bo4E_758634_760954.wav,MeggieKay_UCoU5kgGNeIPsxnrDCTWaYQQ_BHtDEK8bo4E,758634,760954,2320
MeggieKay_UCoU5kgGNeIPsxnrDCTWaYQQ_BHtDEK8bo4E_761770_761978.wav,MeggieKay_UCoU5kgGNeIPsxnrDCTWaYQQ_BHtDEK8bo4E,761770,761978,208
MeggieKay_UCoU5kgGNeIPsxnrDCTWaYQQ_BHtDEK8bo4E_763154_766006.wav,MeggieKay_UCoU5kgGNeIPsxnrDCTWaYQQ_BHtDEK8bo4E,763154,766006,2852
MeggieKay_UCoU5kgGNeIPsxnrDCTWaYQQ_BHtDEK8bo4E_766198_769534.wav,MeggieKay_UCoU5kgGNeIPsxnrDCTWaYQQ_BHtDEK8bo4E,766198,769534,3336
MeggieKay_UCoU5kgGNeIPsxnrDCTWaYQQ_BHtDEK8bo4E_769702_773106.wav,MeggieKay_UCoU5kgGNeIPsxnrDCTWaYQQ_BHtDEK8bo4E,769702,773106,3404
MeggieKay_UCoU5kgGNeIPsxnrDCTWaYQQ_BHtDEK8bo4E_773746_779259.wav,MeggieKay_UCoU5kgGNeIPsxnrDCTWaYQQ_BHtDEK8bo4E,773746,779259,5513
MeggieKay_UCoU5kgGNeIPsxnrDCTWaYQQ_BHtDEK8bo4E_779547_782476.wav,MeggieKay_UCoU5kgGNeIPsxnrDCTWaYQQ_BHtDEK8bo4E,779547,782476,2929
MeggieKay_UCoU5kgGNeIPsxnrDCTWaYQQ_BHtDEK8bo4E_782636_783484.wav,MeggieKay_UCoU5kgGNeIPsxnrDCTWaYQQ_BHtDEK8bo4E,782636,783484,848
MeggieKay_UCoU5kgGNeIPsxnrDCTWaYQQ_BHtDEK8bo4E_783652_787292.wav,MeggieKay_UCoU5kgGNeIPsxnrDCTWaYQQ_BHtDEK8bo4E,783652,787292,3640
MeggieKay_UCoU5kgGNeIPsxnrDCTWaYQQ_BHtDEK8bo4E_787460_787926.wav,MeggieKay_UCoU5kgGNeIPsxnrDCTWaYQQ_BHtDEK8bo4E,787460,787926,466
MeggieKay_UCoU5kgGNeIPsxnrDCTWaYQQ_BHtDEK8bo4E_788126_788858.wav,MeggieKay_UCoU5kgGNeIPsxnrDCTWaYQQ_BHtDEK8bo4E,788126,788858,732
MeggieKay_UCoU5kgGNeIPsxnrDCTWaYQQ_BHtDEK8bo4E_789514_792706.wav,MeggieKay_UCoU5kgGNeIPsxnrDCTWaYQQ_BHtDEK8bo4E,789514,792706,3192
MeggieKay_UCoU5kgGNeIPsxnrDCTWaYQQ_BHtDEK8bo4E_793154_793266.wav,MeggieKay_UCoU5kgGNeIPsxnrDCTWaYQQ_BHtDEK8bo4E,793154,793266,112
MeggieKay_UCoU5kgGNeIPsxnrDCTWaYQQ_BHtDEK8bo4E_793826_797010.wav,MeggieKay_UCoU5kgGNeIPsxnrDCTWaYQQ_BHtDEK8bo4E,793826,797010,3184
MeggieKay_UCoU5kgGNeIPsxnrDCTWaYQQ_BHtDEK8bo4E_798066_800954.wav,MeggieKay_UCoU5kgGNeIPsxnrDCTWaYQQ_BHtDEK8bo4E,798066,800954,2888
MeggieKay_UCoU5kgGNeIPsxnrDCTWaYQQ_BHtDEK8bo4E_801330_802258.wav,MeggieKay_UCoU5kgGNeIPsxnrDCTWaYQQ_BHtDEK8bo4E,801330,802258,928
MeggieKay_UCoU5kgGNeIPsxnrDCTWaYQQ_BHtDEK8bo4E_802930_807978.wav,MeggieKay_UCoU5kgGNeIPsxnrDCTWaYQQ_BHtDEK8bo4E,802930,807978,5048
MeggieKay_UCoU5kgGNeIPsxnrDCTWaYQQ_BHtDEK8bo4E_808234_809418.wav,MeggieKay_UCoU5kgGNeIPsxnrDCTWaYQQ_BHtDEK8bo4E,808234,809418,1184
MeggieKay_UCoU5kgGNeIPsxnrDCTWaYQQ_BHtDEK8bo4E_811090_812554.wav,MeggieKay_UCoU5kgGNeIPsxnrDCTWaYQQ_BHtDEK8bo4E,811090,812554,1464
MeggieKay_UCoU5kgGNeIPsxnrDCTWaYQQ_BHtDEK8bo4E_815858_822642.wav,MeggieKay_UCoU5kgGNeIPsxnrDCTWaYQQ_BHtDEK8bo4E,815858,822642,6784
MeggieKay_UCoU5kgGNeIPsxnrDCTWaYQQ_BHtDEK8bo4E_823162_825266.wav,MeggieKay_UCoU5kgGNeIPsxnrDCTWaYQQ_BHtDEK8bo4E,823162,825266,2104
MeggieKay_UCoU5kgGNeIPsxnrDCTWaYQQ_BHtDEK8bo4E_825522_830586.wav,MeggieKay_UCoU5kgGNeIPsxnrDCTWaYQQ_BHtDEK8bo4E,825522,830586,5064
MeggieKay_UCoU5kgGNeIPsxnrDCTWaYQQ_BHtDEK8bo4E_830770_833042.wav,MeggieKay_UCoU5kgGNeIPsxnrDCTWaYQQ_BHtDEK8bo4E,830770,833042,2272
MeggieKay_UCoU5kgGNeIPsxnrDCTWaYQQ_BHtDEK8bo4E_834114_834450.wav,MeggieKay_UCoU5kgGNeIPsxnrDCTWaYQQ_BHtDEK8bo4E,834114,834450,336
MeggieKay_UCoU5kgGNeIPsxnrDCTWaYQQ_BHtDEK8bo4E_834802_835570.wav,MeggieKay_UCoU5kgGNeIPsxnrDCTWaYQQ_BHtDEK8bo4E,834802,835570,768
MeggieKay_UCoU5kgGNeIPsxnrDCTWaYQQ_BHtDEK8bo4E_836130_840850.wav,MeggieKay_UCoU5kgGNeIPsxnrDCTWaYQQ_BHtDEK8bo4E,836130,840850,4720
MeggieKay_UCoU5kgGNeIPsxnrDCTWaYQQ_BHtDEK8bo4E_841306_844726.wav,MeggieKay_UCoU5kgGNeIPsxnrDCTWaYQQ_BHtDEK8bo4E,841306,844726,3420
MeggieKay_UCoU5kgGNeIPsxnrDCTWaYQQ_BHtDEK8bo4E_844902_846710.wav,MeggieKay_UCoU5kgGNeIPsxnrDCTWaYQQ_BHtDEK8bo4E,844902,846710,1808
MeggieKay_UCoU5kgGNeIPsxnrDCTWaYQQ_BHtDEK8bo4E_846878_850282.wav,MeggieKay_UCoU5kgGNeIPsxnrDCTWaYQQ_BHtDEK8bo4E,846878,850282,3404
MeggieKay_UCoU5kgGNeIPsxnrDCTWaYQQ_BHtDEK8bo4E_850778_852026.wav,MeggieKay_UCoU5kgGNeIPsxnrDCTWaYQQ_BHtDEK8bo4E,850778,852026,1248
MeggieKay_UCoU5kgGNeIPsxnrDCTWaYQQ_BHtDEK8bo4E_852562_859498.wav,MeggieKay_UCoU5kgGNeIPsxnrDCTWaYQQ_BHtDEK8bo4E,852562,859498,6936
MeggieKay_UCoU5kgGNeIPsxnrDCTWaYQQ_BHtDEK8bo4E_860338_860834.wav,MeggieKay_UCoU5kgGNeIPsxnrDCTWaYQQ_BHtDEK8bo4E,860338,860834,496
MeggieKay_UCoU5kgGNeIPsxnrDCTWaYQQ_BHtDEK8bo4E_861634_863746.wav,MeggieKay_UCoU5kgGNeIPsxnrDCTWaYQQ_BHtDEK8bo4E,861634,863746,2112
MeggieKay_UCoU5kgGNeIPsxnrDCTWaYQQ_BHtDEK8bo4E_864250_864434.wav,MeggieKay_UCoU5kgGNeIPsxnrDCTWaYQQ_BHtDEK8bo4E,864250,864434,184
MeggieKay_UCoU5kgGNeIPsxnrDCTWaYQQ_BHtDEK8bo4E_866362_867850.wav,MeggieKay_UCoU5kgGNeIPsxnrDCTWaYQQ_BHtDEK8bo4E,866362,867850,1488
MeggieKay_UCoU5kgGNeIPsxnrDCTWaYQQ_BHtDEK8bo4E_868226_870050.wav,MeggieKay_UCoU5kgGNeIPsxnrDCTWaYQQ_BHtDEK8bo4E,868226,870050,1824
MeggieKay_UCoU5kgGNeIPsxnrDCTWaYQQ_BHtDEK8bo4E_871346_871474.wav,MeggieKay_UCoU5kgGNeIPsxnrDCTWaYQQ_BHtDEK8bo4E,871346,871474,128
MeggieKay_UCoU5kgGNeIPsxnrDCTWaYQQ_BHtDEK8bo4E_871474_880482.wav,MeggieKay_UCoU5kgGNeIPsxnrDCTWaYQQ_BHtDEK8bo4E,871474,880482,9008
MeggieKay_UCoU5kgGNeIPsxnrDCTWaYQQ_BHtDEK8bo4E_880626_884562.wav,MeggieKay_UCoU5kgGNeIPsxnrDCTWaYQQ_BHtDEK8bo4E,880626,884562,3936
MeggieKay_UCoU5kgGNeIPsxnrDCTWaYQQ_BHtDEK8bo4E_884690_884914.wav,MeggieKay_UCoU5kgGNeIPsxnrDCTWaYQQ_BHtDEK8bo4E,884690,884914,224
MeggieKay_UCoU5kgGNeIPsxnrDCTWaYQQ_BHtDEK8bo4E_885090_886066.wav,MeggieKay_UCoU5kgGNeIPsxnrDCTWaYQQ_BHtDEK8bo4E,885090,886066,976
MeggieKay_UCoU5kgGNeIPsxnrDCTWaYQQ_BHtDEK8bo4E_886338_893146.wav,MeggieKay_UCoU5kgGNeIPsxnrDCTWaYQQ_BHtDEK8bo4E,886338,893146,6808
MeggieKay_UCoU5kgGNeIPsxnrDCTWaYQQ_BHtDEK8bo4E_893770_897210.wav,MeggieKay_UCoU5kgGNeIPsxnrDCTWaYQQ_BHtDEK8bo4E,893770,897210,3440
MeggieKay_UCoU5kgGNeIPsxnrDCTWaYQQ_BHtDEK8bo4E_897514_900866.wav,MeggieKay_UCoU5kgGNeIPsxnrDCTWaYQQ_BHtDEK8bo4E,897514,900866,3352
MeggieKay_UCoU5kgGNeIPsxnrDCTWaYQQ_BHtDEK8bo4E_901362_904714.wav,MeggieKay_UCoU5kgGNeIPsxnrDCTWaYQQ_BHtDEK8bo4E,901362,904714,3352
MeggieKay_UCoU5kgGNeIPsxnrDCTWaYQQ_BHtDEK8bo4E_904986_905626.wav,MeggieKay_UCoU5kgGNeIPsxnrDCTWaYQQ_BHtDEK8bo4E,904986,905626,640
MeggieKay_UCoU5kgGNeIPsxnrDCTWaYQQ_BHtDEK8bo4E_906186_906538.wav,MeggieKay_UCoU5kgGNeIPsxnrDCTWaYQQ_BHtDEK8bo4E,906186,906538,352
MeggieKay_UCoU5kgGNeIPsxnrDCTWaYQQ_BHtDEK8bo4E_907090_910462.wav,MeggieKay_UCoU5kgGNeIPsxnrDCTWaYQQ_BHtDEK8bo4E,907090,910462,3372
MeggieKay_UCoU5kgGNeIPsxnrDCTWaYQQ_BHtDEK8bo4E_910718_913114.wav,MeggieKay_UCoU5kgGNeIPsxnrDCTWaYQQ_BHtDEK8bo4E,910718,913114,2396
MeggieKay_UCoU5kgGNeIPsxnrDCTWaYQQ_BHtDEK8bo4E_913634_917162.wav,MeggieKay_UCoU5kgGNeIPsxnrDCTWaYQQ_BHtDEK8bo4E,913634,917162,3528
MeggieKay_UCoU5kgGNeIPsxnrDCTWaYQQ_BHtDEK8bo4E_918066_918166.wav,MeggieKay_UCoU5kgGNeIPsxnrDCTWaYQQ_BHtDEK8bo4E,918066,918166,100
MeggieKay_UCoU5kgGNeIPsxnrDCTWaYQQ_BHtDEK8bo4E_918382_920198.wav,MeggieKay_UCoU5kgGNeIPsxnrDCTWaYQQ_BHtDEK8bo4E,918382,920198,1816
MeggieKay_UCoU5kgGNeIPsxnrDCTWaYQQ_BHtDEK8bo4E_920430_921190.wav,MeggieKay_UCoU5kgGNeIPsxnrDCTWaYQQ_BHtDEK8bo4E,920430,921190,760
MeggieKay_UCoU5kgGNeIPsxnrDCTWaYQQ_BHtDEK8bo4E_921438_926818.wav,MeggieKay_UCoU5kgGNeIPsxnrDCTWaYQQ_BHtDEK8bo4E,921438,926818,5380
MeggieKay_UCoU5kgGNeIPsxnrDCTWaYQQ_BHtDEK8bo4E_927130_933370.wav,MeggieKay_UCoU5kgGNeIPsxnrDCTWaYQQ_BHtDEK8bo4E,927130,933370,6240
MeggieKay_UCoU5kgGNeIPsxnrDCTWaYQQ_BHtDEK8bo4E_933906_936324.wav,MeggieKay_UCoU5kgGNeIPsxnrDCTWaYQQ_BHtDEK8bo4E,933906,936324,2418
MeggieKay_UCoU5kgGNeIPsxnrDCTWaYQQ_BHtDEK8bo4E_936508_942054.wav,MeggieKay_UCoU5kgGNeIPsxnrDCTWaYQQ_BHtDEK8bo4E,936508,942054,5546
MeggieKay_UCoU5kgGNeIPsxnrDCTWaYQQ_BHtDEK8bo4E_942254_945234.wav,MeggieKay_UCoU5kgGNeIPsxnrDCTWaYQQ_BHtDEK8bo4E,942254,945234,2980
MeggieKay_UCoU5kgGNeIPsxnrDCTWaYQQ_BHtDEK8bo4E_945490_946602.wav,MeggieKay_UCoU5kgGNeIPsxnrDCTWaYQQ_BHtDEK8bo4E,945490,946602,1112
MeggieKay_UCoU5kgGNeIPsxnrDCTWaYQQ_BHtDEK8bo4E_946818_951722.wav,MeggieKay_UCoU5kgGNeIPsxnrDCTWaYQQ_BHtDEK8bo4E,946818,951722,4904
MeggieKay_UCoU5kgGNeIPsxnrDCTWaYQQ_BHtDEK8bo4E_952034_957546.wav,MeggieKay_UCoU5kgGNeIPsxnrDCTWaYQQ_BHtDEK8bo4E,952034,957546,5512
MeggieKay_UCoU5kgGNeIPsxnrDCTWaYQQ_BHtDEK8bo4E_957770_963090.wav,MeggieKay_UCoU5kgGNeIPsxnrDCTWaYQQ_BHtDEK8bo4E,957770,963090,5320
MeggieKay_UCoU5kgGNeIPsxnrDCTWaYQQ_BHtDEK8bo4E_963354_968690.wav,MeggieKay_UCoU5kgGNeIPsxnrDCTWaYQQ_BHtDEK8bo4E,963354,968690,5336
MeggieKay_UCoU5kgGNeIPsxnrDCTWaYQQ_BHtDEK8bo4E_969186_973082.wav,MeggieKay_UCoU5kgGNeIPsxnrDCTWaYQQ_BHtDEK8bo4E,969186,973082,3896
MeggieKay_UCoU5kgGNeIPsxnrDCTWaYQQ_BHtDEK8bo4E_973506_974130.wav,MeggieKay_UCoU5kgGNeIPsxnrDCTWaYQQ_BHtDEK8bo4E,973506,974130,624
MeggieKay_UCoU5kgGNeIPsxnrDCTWaYQQ_BHtDEK8bo4E_974746_975394.wav,MeggieKay_UCoU5kgGNeIPsxnrDCTWaYQQ_BHtDEK8bo4E,974746,975394,648
MeggieKay_UCoU5kgGNeIPsxnrDCTWaYQQ_BHtDEK8bo4E_975394_978690.wav,MeggieKay_UCoU5kgGNeIPsxnrDCTWaYQQ_BHtDEK8bo4E,975394,978690,3296
MeggieKay_UCoU5kgGNeIPsxnrDCTWaYQQ_BHtDEK8bo4E_979002_981570.wav,MeggieKay_UCoU5kgGNeIPsxnrDCTWaYQQ_BHtDEK8bo4E,979002,981570,2568
MeggieKay_UCoU5kgGNeIPsxnrDCTWaYQQ_BHtDEK8bo4E_982322_984042.wav,MeggieKay_UCoU5kgGNeIPsxnrDCTWaYQQ_BHtDEK8bo4E,982322,984042,1720
MeggieKay_UCoU5kgGNeIPsxnrDCTWaYQQ_BHtDEK8bo4E_984922_986354.wav,MeggieKay_UCoU5kgGNeIPsxnrDCTWaYQQ_BHtDEK8bo4E,984922,986354,1432
MeggieKay_UCoU5kgGNeIPsxnrDCTWaYQQ_BHtDEK8bo4E_986906_989514.wav,MeggieKay_UCoU5kgGNeIPsxnrDCTWaYQQ_BHtDEK8bo4E,986906,989514,2608
MeggieKay_UCoU5kgGNeIPsxnrDCTWaYQQ_BHtDEK8bo4E_989770_990334.wav,MeggieKay_UCoU5kgGNeIPsxnrDCTWaYQQ_BHtDEK8bo4E,989770,990334,564
MeggieKay_UCoU5kgGNeIPsxnrDCTWaYQQ_BHtDEK8bo4E_990334_990822.wav,MeggieKay_UCoU5kgGNeIPsxnrDCTWaYQQ_BHtDEK8bo4E,990334,990822,488
MeggieKay_UCoU5kgGNeIPsxnrDCTWaYQQ_BHtDEK8bo4E_991102_997718.wav,MeggieKay_UCoU5kgGNeIPsxnrDCTWaYQQ_BHtDEK8bo4E,991102,997718,6616
MeggieKay_UCoU5kgGNeIPsxnrDCTWaYQQ_BHtDEK8bo4E_997934_1004958.wav,MeggieKay_UCoU5kgGNeIPsxnrDCTWaYQQ_BHtDEK8bo4E,997934,1004958,7024
MeggieKay_UCoU5kgGNeIPsxnrDCTWaYQQ_BHtDEK8bo4E_1005134_1007310.wav,MeggieKay_UCoU5kgGNeIPsxnrDCTWaYQQ_BHtDEK8bo4E,1005134,1007310,2176
MeggieKay_UCoU5kgGNeIPsxnrDCTWaYQQ_BHtDEK8bo4E_1007614_1008974.wav,MeggieKay_UCoU5kgGNeIPsxnrDCTWaYQQ_BHtDEK8bo4E,1007614,1008974,1360
MeggieKay_UCoU5kgGNeIPsxnrDCTWaYQQ_BHtDEK8bo4E_1009254_1011878.wav,MeggieKay_UCoU5kgGNeIPsxnrDCTWaYQQ_BHtDEK8bo4E,1009254,1011878,2624
MeggieKay_UCoU5kgGNeIPsxnrDCTWaYQQ_BHtDEK8bo4E_1012494_1015366.wav,MeggieKay_UCoU5kgGNeIPsxnrDCTWaYQQ_BHtDEK8bo4E,1012494,1015366,2872
MeggieKay_UCoU5kgGNeIPsxnrDCTWaYQQ_BHtDEK8bo4E_1015638_1019186.wav,MeggieKay_UCoU5kgGNeIPsxnrDCTWaYQQ_BHtDEK8bo4E,1015638,1019186,3548
MeggieKay_UCoU5kgGNeIPsxnrDCTWaYQQ_BHtDEK8bo4E_1019514_1021462.wav,MeggieKay_UCoU5kgGNeIPsxnrDCTWaYQQ_BHtDEK8bo4E,1019514,1021462,1948
MeggieKay_UCoU5kgGNeIPsxnrDCTWaYQQ_BHtDEK8bo4E_1021998_1026722.wav,MeggieKay_UCoU5kgGNeIPsxnrDCTWaYQQ_BHtDEK8bo4E,1021998,1026722,4724
MeggieKay_UCoU5kgGNeIPsxnrDCTWaYQQ_BHtDEK8bo4E_1027090_1028414.wav,MeggieKay_UCoU5kgGNeIPsxnrDCTWaYQQ_BHtDEK8bo4E,1027090,1028414,1324
MeggieKay_UCoU5kgGNeIPsxnrDCTWaYQQ_BHtDEK8bo4E_1028814_1036270.wav,MeggieKay_UCoU5kgGNeIPsxnrDCTWaYQQ_BHtDEK8bo4E,1028814,1036270,7456
MeggieKay_UCoU5kgGNeIPsxnrDCTWaYQQ_BHtDEK8bo4E_1036558_1039910.wav,MeggieKay_UCoU5kgGNeIPsxnrDCTWaYQQ_BHtDEK8bo4E,1036558,1039910,3352
MeggieKay_UCoU5kgGNeIPsxnrDCTWaYQQ_BHtDEK8bo4E_1040318_1040734.wav,MeggieKay_UCoU5kgGNeIPsxnrDCTWaYQQ_BHtDEK8bo4E,1040318,1040734,416
MeggieKay_UCoU5kgGNeIPsxnrDCTWaYQQ_BHtDEK8bo4E_1041542_1042094.wav,MeggieKay_UCoU5kgGNeIPsxnrDCTWaYQQ_BHtDEK8bo4E,1041542,1042094,552
MeggieKay_UCoU5kgGNeIPsxnrDCTWaYQQ_BHtDEK8bo4E_1042398_1045006.wav,MeggieKay_UCoU5kgGNeIPsxnrDCTWaYQQ_BHtDEK8bo4E,1042398,1045006,2608
MeggieKay_UCoU5kgGNeIPsxnrDCTWaYQQ_BHtDEK8bo4E_1045582_1050246.wav,MeggieKay_UCoU5kgGNeIPsxnrDCTWaYQQ_BHtDEK8bo4E,1045582,1050246,4664
MeggieKay_UCoU5kgGNeIPsxnrDCTWaYQQ_BHtDEK8bo4E_1050526_1051702.wav,MeggieKay_UCoU5kgGNeIPsxnrDCTWaYQQ_BHtDEK8bo4E,1050526,1051702,1176
MeggieKay_UCoU5kgGNeIPsxnrDCTWaYQQ_BHtDEK8bo4E_1052926_1056366.wav,MeggieKay_UCoU5kgGNeIPsxnrDCTWaYQQ_BHtDEK8bo4E,1052926,1056366,3440
MeggieKay_UCoU5kgGNeIPsxnrDCTWaYQQ_BHtDEK8bo4E_1058270_1059190.wav,MeggieKay_UCoU5kgGNeIPsxnrDCTWaYQQ_BHtDEK8bo4E,1058270,1059190,920
MeggieKay_UCoU5kgGNeIPsxnrDCTWaYQQ_BHtDEK8bo4E_1061766_1063206.wav,MeggieKay_UCoU5kgGNeIPsxnrDCTWaYQQ_BHtDEK8bo4E,1061766,1063206,1440
MeggieKay_UCoU5kgGNeIPsxnrDCTWaYQQ_BHtDEK8bo4E_1063786_1068730.wav,MeggieKay_UCoU5kgGNeIPsxnrDCTWaYQQ_BHtDEK8bo4E,1063786,1068730,4944
MeggieKay_UCoU5kgGNeIPsxnrDCTWaYQQ_BHtDEK8bo4E_1069162_1074794.wav,MeggieKay_UCoU5kgGNeIPsxnrDCTWaYQQ_BHtDEK8bo4E,1069162,1074794,5632
MeggieKay_UCoU5kgGNeIPsxnrDCTWaYQQ_BHtDEK8bo4E_1075154_1075882.wav,MeggieKay_UCoU5kgGNeIPsxnrDCTWaYQQ_BHtDEK8bo4E,1075154,1075882,728
MeggieKay_UCoU5kgGNeIPsxnrDCTWaYQQ_BHtDEK8bo4E_1076194_1085794.wav,MeggieKay_UCoU5kgGNeIPsxnrDCTWaYQQ_BHtDEK8bo4E,1076194,1085794,9600
MeggieKay_UCoU5kgGNeIPsxnrDCTWaYQQ_BHtDEK8bo4E_1087386_1090522.wav,MeggieKay_UCoU5kgGNeIPsxnrDCTWaYQQ_BHtDEK8bo4E,1087386,1090522,3136
MeggieKay_UCoU5kgGNeIPsxnrDCTWaYQQ_BHtDEK8bo4E_1090786_1092546.wav,MeggieKay_UCoU5kgGNeIPsxnrDCTWaYQQ_BHtDEK8bo4E,1090786,1092546,1760
MeggieKay_UCoU5kgGNeIPsxnrDCTWaYQQ_BHtDEK8bo4E_1092818_1099106.wav,MeggieKay_UCoU5kgGNeIPsxnrDCTWaYQQ_BHtDEK8bo4E,1092818,1099106,6288
MeggieKay_UCoU5kgGNeIPsxnrDCTWaYQQ_BHtDEK8bo4E_1100122_1100570.wav,MeggieKay_UCoU5kgGNeIPsxnrDCTWaYQQ_BHtDEK8bo4E,1100122,1100570,448
MeggieKay_UCoU5kgGNeIPsxnrDCTWaYQQ_BHtDEK8bo4E_1101018_1108318.wav,MeggieKay_UCoU5kgGNeIPsxnrDCTWaYQQ_BHtDEK8bo4E,1101018,1108318,7300
MeggieKay_UCoU5kgGNeIPsxnrDCTWaYQQ_BHtDEK8bo4E_1108518_1108810.wav,MeggieKay_UCoU5kgGNeIPsxnrDCTWaYQQ_BHtDEK8bo4E,1108518,1108810,292
MeggieKay_UCoU5kgGNeIPsxnrDCTWaYQQ_BHtDEK8bo4E_1108962_1113226.wav,MeggieKay_UCoU5kgGNeIPsxnrDCTWaYQQ_BHtDEK8bo4E,1108962,1113226,4264
MeggieKay_UCoU5kgGNeIPsxnrDCTWaYQQ_BHtDEK8bo4E_1113626_1119386.wav,MeggieKay_UCoU5kgGNeIPsxnrDCTWaYQQ_BHtDEK8bo4E,1113626,1119386,5760
MeggieKay_UCoU5kgGNeIPsxnrDCTWaYQQ_BHtDEK8bo4E_1119674_1123714.wav,MeggieKay_UCoU5kgGNeIPsxnrDCTWaYQQ_BHtDEK8bo4E,1119674,1123714,4040
MeggieKay_UCoU5kgGNeIPsxnrDCTWaYQQ_BHtDEK8bo4E_1124178_1126842.wav,MeggieKay_UCoU5kgGNeIPsxnrDCTWaYQQ_BHtDEK8bo4E,1124178,1126842,2664
MeggieKay_UCoU5kgGNeIPsxnrDCTWaYQQ_BHtDEK8bo4E_1127330_1129570.wav,MeggieKay_UCoU5kgGNeIPsxnrDCTWaYQQ_BHtDEK8bo4E,1127330,1129570,2240
MeggieKay_UCoU5kgGNeIPsxnrDCTWaYQQ_BHtDEK8bo4E_1130018_1133650.wav,MeggieKay_UCoU5kgGNeIPsxnrDCTWaYQQ_BHtDEK8bo4E,1130018,1133650,3632
MeggieKay_UCoU5kgGNeIPsxnrDCTWaYQQ_BHtDEK8bo4E_1134618_1136474.wav,MeggieKay_UCoU5kgGNeIPsxnrDCTWaYQQ_BHtDEK8bo4E,1134618,1136474,1856
MeggieKay_UCoU5kgGNeIPsxnrDCTWaYQQ_BHtDEK8bo4E_1138778_1140658.wav,MeggieKay_UCoU5kgGNeIPsxnrDCTWaYQQ_BHtDEK8bo4E,1138778,1140658,1880
MeggieKay_UCoU5kgGNeIPsxnrDCTWaYQQ_BHtDEK8bo4E_1140994_1141642.wav,MeggieKay_UCoU5kgGNeIPsxnrDCTWaYQQ_BHtDEK8bo4E,1140994,1141642,648
MeggieKay_UCoU5kgGNeIPsxnrDCTWaYQQ_BHtDEK8bo4E_1141906_1143402.wav,MeggieKay_UCoU5kgGNeIPsxnrDCTWaYQQ_BHtDEK8bo4E,1141906,1143402,1496
MeggieKay_UCoU5kgGNeIPsxnrDCTWaYQQ_BHtDEK8bo4E_1143738_1148242.wav,MeggieKay_UCoU5kgGNeIPsxnrDCTWaYQQ_BHtDEK8bo4E,1143738,1148242,4504
MeggieKay_UCoU5kgGNeIPsxnrDCTWaYQQ_BHtDEK8bo4E_1148778_1153482.wav,MeggieKay_UCoU5kgGNeIPsxnrDCTWaYQQ_BHtDEK8bo4E,1148778,1153482,4704
MeggieKay_UCoU5kgGNeIPsxnrDCTWaYQQ_BHtDEK8bo4E_1153786_1157850.wav,MeggieKay_UCoU5kgGNeIPsxnrDCTWaYQQ_BHtDEK8bo4E,1153786,1157850,4064
MeggieKay_UCoU5kgGNeIPsxnrDCTWaYQQ_BHtDEK8bo4E_1158178_1161010.wav,MeggieKay_UCoU5kgGNeIPsxnrDCTWaYQQ_BHtDEK8bo4E,1158178,1161010,2832
MeggieKay_UCoU5kgGNeIPsxnrDCTWaYQQ_BHtDEK8bo4E_1161466_1163682.wav,MeggieKay_UCoU5kgGNeIPsxnrDCTWaYQQ_BHtDEK8bo4E,1161466,1163682,2216
MeggieKay_UCoU5kgGNeIPsxnrDCTWaYQQ_BHtDEK8bo4E_1164362_1166674.wav,MeggieKay_UCoU5kgGNeIPsxnrDCTWaYQQ_BHtDEK8bo4E,1164362,1166674,2312
MeggieKay_UCoU5kgGNeIPsxnrDCTWaYQQ_BHtDEK8bo4E_1166978_1170162.wav,MeggieKay_UCoU5kgGNeIPsxnrDCTWaYQQ_BHtDEK8bo4E,1166978,1170162,3184
MeggieKay_UCoU5kgGNeIPsxnrDCTWaYQQ_BHtDEK8bo4E_1170674_1182114.wav,MeggieKay_UCoU5kgGNeIPsxnrDCTWaYQQ_BHtDEK8bo4E,1170674,1182114,11440
MeggieKay_UCoU5kgGNeIPsxnrDCTWaYQQ_BHtDEK8bo4E_1182402_1188474.wav,MeggieKay_UCoU5kgGNeIPsxnrDCTWaYQQ_BHtDEK8bo4E,1182402,1188474,6072
MeggieKay_UCoU5kgGNeIPsxnrDCTWaYQQ_BHtDEK8bo4E_1188738_1193930.wav,MeggieKay_UCoU5kgGNeIPsxnrDCTWaYQQ_BHtDEK8bo4E,1188738,1193930,5192
MeggieKay_UCoU5kgGNeIPsxnrDCTWaYQQ_BHtDEK8bo4E_1194330_1195594.wav,MeggieKay_UCoU5kgGNeIPsxnrDCTWaYQQ_BHtDEK8bo4E,1194330,1195594,1264
MeggieKay_UCoU5kgGNeIPsxnrDCTWaYQQ_BHtDEK8bo4E_1195810_1196578.wav,MeggieKay_UCoU5kgGNeIPsxnrDCTWaYQQ_BHtDEK8bo4E,1195810,1196578,768
MeggieKay_UCoU5kgGNeIPsxnrDCTWaYQQ_BHtDEK8bo4E_1196738_1202002.wav,MeggieKay_UCoU5kgGNeIPsxnrDCTWaYQQ_BHtDEK8bo4E,1196738,1202002,5264
MeggieKay_UCoU5kgGNeIPsxnrDCTWaYQQ_BHtDEK8bo4E_1202154_1208506.wav,MeggieKay_UCoU5kgGNeIPsxnrDCTWaYQQ_BHtDEK8bo4E,1202154,1208506,6352
MeggieKay_UCoU5kgGNeIPsxnrDCTWaYQQ_BHtDEK8bo4E_1208706_1209154.wav,MeggieKay_UCoU5kgGNeIPsxnrDCTWaYQQ_BHtDEK8bo4E,1208706,1209154,448
MeggieKay_UCoU5kgGNeIPsxnrDCTWaYQQ_BHtDEK8bo4E_1209402_1210986.wav,MeggieKay_UCoU5kgGNeIPsxnrDCTWaYQQ_BHtDEK8bo4E,1209402,1210986,1584
MeggieKay_UCoU5kgGNeIPsxnrDCTWaYQQ_BHtDEK8bo4E_1211530_1213099.wav,MeggieKay_UCoU5kgGNeIPsxnrDCTWaYQQ_BHtDEK8bo4E,1211530,1213099,1569
MeggieKay_UCoU5kgGNeIPsxnrDCTWaYQQ_BHtDEK8bo4E_1213355_1213628.wav,MeggieKay_UCoU5kgGNeIPsxnrDCTWaYQQ_BHtDEK8bo4E,1213355,1213628,273
MeggieKay_UCoU5kgGNeIPsxnrDCTWaYQQ_BHtDEK8bo4E_1213628_1214684.wav,MeggieKay_UCoU5kgGNeIPsxnrDCTWaYQQ_BHtDEK8bo4E,1213628,1214684,1056
MeggieKay_UCoU5kgGNeIPsxnrDCTWaYQQ_BHtDEK8bo4E_1214932_1216740.wav,MeggieKay_UCoU5kgGNeIPsxnrDCTWaYQQ_BHtDEK8bo4E,1214932,1216740,1808
MeggieKay_UCoU5kgGNeIPsxnrDCTWaYQQ_BHtDEK8bo4E_1217020_1217140.wav,MeggieKay_UCoU5kgGNeIPsxnrDCTWaYQQ_BHtDEK8bo4E,1217020,1217140,120
MeggieKay_UCoU5kgGNeIPsxnrDCTWaYQQ_BHtDEK8bo4E_1217804_1218844.wav,MeggieKay_UCoU5kgGNeIPsxnrDCTWaYQQ_BHtDEK8bo4E,1217804,1218844,1040
MeggieKay_UCoU5kgGNeIPsxnrDCTWaYQQ_BHtDEK8bo4E_1219108_1219236.wav,MeggieKay_UCoU5kgGNeIPsxnrDCTWaYQQ_BHtDEK8bo4E,1219108,1219236,128
MeggieKay_UCoU5kgGNeIPsxnrDCTWaYQQ_BHtDEK8bo4E_1219468_1220964.wav,MeggieKay_UCoU5kgGNeIPsxnrDCTWaYQQ_BHtDEK8bo4E,1219468,1220964,1496
MeggieKay_UCoU5kgGNeIPsxnrDCTWaYQQ_BHtDEK8bo4E_1221188_1221476.wav,MeggieKay_UCoU5kgGNeIPsxnrDCTWaYQQ_BHtDEK8bo4E,1221188,1221476,288
MeggieKay_UCoU5kgGNeIPsxnrDCTWaYQQ_BHtDEK8bo4E_1221716_1225660.wav,MeggieKay_UCoU5kgGNeIPsxnrDCTWaYQQ_BHtDEK8bo4E,1221716,1225660,3944
MeggieKay_UCoU5kgGNeIPsxnrDCTWaYQQ_BHtDEK8bo4E_1225860_1229357.wav,MeggieKay_UCoU5kgGNeIPsxnrDCTWaYQQ_BHtDEK8bo4E,1225860,1229357,3497
