filename,video_id,start_time,end_time,duration
Emirichu_UCFeqAfEuKm7lIg2ddQzh61A_d2eVEjzM4FI_520_7152.wav,Emirichu_UCFeqAfEuKm7lIg2ddQzh61A_d2eVEjzM4FI,520,7152,6632
Emirichu_UCFeqAfEuKm7lIg2ddQzh61A_d2eVEjzM4FI_7376_11776.wav,Emirichu_UCFeqAfEuKm7lIg2ddQzh61A_d2eVEjzM4FI,7376,11776,4400
Emirichu_UCFeqAfEuKm7lIg2ddQzh61A_d2eVEjzM4FI_11992_17240.wav,Emirichu_UCFeqAfEuKm7lIg2ddQzh61A_d2eVEjzM4FI,11992,17240,5248
Emirichu_UCFeqAfEuKm7lIg2ddQzh61A_d2eVEjzM4FI_17408_19128.wav,Emirichu_UCFeqAfEuKm7lIg2ddQzh61A_d2eVEjzM4FI,17408,19128,1720
Emirichu_UCFeqAfEuKm7lIg2ddQzh61A_d2eVEjzM4FI_19288_27048.wav,Emirichu_UCFeqAfEuKm7lIg2ddQzh61A_d2eVEjzM4FI,19288,27048,7760
Emirichu_UCFeqAfEuKm7lIg2ddQzh61A_d2eVEjzM4FI_27184_31552.wav,Emirichu_UCFeqAfEuKm7lIg2ddQzh61A_d2eVEjzM4FI,27184,31552,4368
Emirichu_UCFeqAfEuKm7lIg2ddQzh61A_d2eVEjzM4FI_31920_41016.wav,Emirichu_UCFeqAfEuKm7lIg2ddQzh61A_d2eVEjzM4FI,31920,41016,9096
Emirichu_UCFeqAfEuKm7lIg2ddQzh61A_d2eVEjzM4FI_41336_50368.wav,Emirichu_UCFeqAfEuKm7lIg2ddQzh61A_d2eVEjzM4FI,41336,50368,9032
Emirichu_UCFeqAfEuKm7lIg2ddQzh61A_d2eVEjzM4FI_50976_55152.wav,Emirichu_UCFeqAfEuKm7lIg2ddQzh61A_d2eVEjzM4FI,50976,55152,4176
Emirichu_UCFeqAfEuKm7lIg2ddQzh61A_d2eVEjzM4FI_55736_62568.wav,Emirichu_UCFeqAfEuKm7lIg2ddQzh61A_d2eVEjzM4FI,55736,62568,6832
Emirichu_UCFeqAfEuKm7lIg2ddQzh61A_d2eVEjzM4FI_62816_70968.wav,Emirichu_UCFeqAfEuKm7lIg2ddQzh61A_d2eVEjzM4FI,62816,70968,8152
Emirichu_UCFeqAfEuKm7lIg2ddQzh61A_d2eVEjzM4FI_71208_71328.wav,Emirichu_UCFeqAfEuKm7lIg2ddQzh61A_d2eVEjzM4FI,71208,71328,120
Emirichu_UCFeqAfEuKm7lIg2ddQzh61A_d2eVEjzM4FI_71448_76896.wav,Emirichu_UCFeqAfEuKm7lIg2ddQzh61A_d2eVEjzM4FI,71448,76896,5448
Emirichu_UCFeqAfEuKm7lIg2ddQzh61A_d2eVEjzM4FI_77032_78256.wav,Emirichu_UCFeqAfEuKm7lIg2ddQzh61A_d2eVEjzM4FI,77032,78256,1224
Emirichu_UCFeqAfEuKm7lIg2ddQzh61A_d2eVEjzM4FI_78664_79802.wav,Emirichu_UCFeqAfEuKm7lIg2ddQzh61A_d2eVEjzM4FI,78664,79802,1138
Emirichu_UCFeqAfEuKm7lIg2ddQzh61A_d2eVEjzM4FI_79954_83579.wav,Emirichu_UCFeqAfEuKm7lIg2ddQzh61A_d2eVEjzM4FI,79954,83579,3625
Emirichu_UCFeqAfEuKm7lIg2ddQzh61A_d2eVEjzM4FI_83795_86091.wav,Emirichu_UCFeqAfEuKm7lIg2ddQzh61A_d2eVEjzM4FI,83795,86091,2296
Emirichu_UCFeqAfEuKm7lIg2ddQzh61A_d2eVEjzM4FI_86563_91564.wav,Emirichu_UCFeqAfEuKm7lIg2ddQzh61A_d2eVEjzM4FI,86563,91564,5001
Emirichu_UCFeqAfEuKm7lIg2ddQzh61A_d2eVEjzM4FI_91684_94916.wav,Emirichu_UCFeqAfEuKm7lIg2ddQzh61A_d2eVEjzM4FI,91684,94916,3232
Emirichu_UCFeqAfEuKm7lIg2ddQzh61A_d2eVEjzM4FI_95140_104004.wav,Emirichu_UCFeqAfEuKm7lIg2ddQzh61A_d2eVEjzM4FI,95140,104004,8864
Emirichu_UCFeqAfEuKm7lIg2ddQzh61A_d2eVEjzM4FI_104108_107108.wav,Emirichu_UCFeqAfEuKm7lIg2ddQzh61A_d2eVEjzM4FI,104108,107108,3000
Emirichu_UCFeqAfEuKm7lIg2ddQzh61A_d2eVEjzM4FI_107228_115852.wav,Emirichu_UCFeqAfEuKm7lIg2ddQzh61A_d2eVEjzM4FI,107228,115852,8624
Emirichu_UCFeqAfEuKm7lIg2ddQzh61A_d2eVEjzM4FI_116284_118524.wav,Emirichu_UCFeqAfEuKm7lIg2ddQzh61A_d2eVEjzM4FI,116284,118524,2240
Emirichu_UCFeqAfEuKm7lIg2ddQzh61A_d2eVEjzM4FI_118700_127572.wav,Emirichu_UCFeqAfEuKm7lIg2ddQzh61A_d2eVEjzM4FI,118700,127572,8872
Emirichu_UCFeqAfEuKm7lIg2ddQzh61A_d2eVEjzM4FI_128316_130164.wav,Emirichu_UCFeqAfEuKm7lIg2ddQzh61A_d2eVEjzM4FI,128316,130164,1848
Emirichu_UCFeqAfEuKm7lIg2ddQzh61A_d2eVEjzM4FI_130268_138782.wav,Emirichu_UCFeqAfEuKm7lIg2ddQzh61A_d2eVEjzM4FI,130268,138782,8514
Emirichu_UCFeqAfEuKm7lIg2ddQzh61A_d2eVEjzM4FI_138990_141440.wav,Emirichu_UCFeqAfEuKm7lIg2ddQzh61A_d2eVEjzM4FI,138990,141440,2450
Emirichu_UCFeqAfEuKm7lIg2ddQzh61A_d2eVEjzM4FI_141800_145120.wav,Emirichu_UCFeqAfEuKm7lIg2ddQzh61A_d2eVEjzM4FI,141800,145120,3320
Emirichu_UCFeqAfEuKm7lIg2ddQzh61A_d2eVEjzM4FI_145392_151320.wav,Emirichu_UCFeqAfEuKm7lIg2ddQzh61A_d2eVEjzM4FI,145392,151320,5928
Emirichu_UCFeqAfEuKm7lIg2ddQzh61A_d2eVEjzM4FI_151576_158932.wav,Emirichu_UCFeqAfEuKm7lIg2ddQzh61A_d2eVEjzM4FI,151576,158932,7356
Emirichu_UCFeqAfEuKm7lIg2ddQzh61A_d2eVEjzM4FI_159100_165812.wav,Emirichu_UCFeqAfEuKm7lIg2ddQzh61A_d2eVEjzM4FI,159100,165812,6712
Emirichu_UCFeqAfEuKm7lIg2ddQzh61A_d2eVEjzM4FI_165924_169932.wav,Emirichu_UCFeqAfEuKm7lIg2ddQzh61A_d2eVEjzM4FI,165924,169932,4008
Emirichu_UCFeqAfEuKm7lIg2ddQzh61A_d2eVEjzM4FI_170044_170968.wav,Emirichu_UCFeqAfEuKm7lIg2ddQzh61A_d2eVEjzM4FI,170044,170968,924
Emirichu_UCFeqAfEuKm7lIg2ddQzh61A_d2eVEjzM4FI_171536_177016.wav,Emirichu_UCFeqAfEuKm7lIg2ddQzh61A_d2eVEjzM4FI,171536,177016,5480
Emirichu_UCFeqAfEuKm7lIg2ddQzh61A_d2eVEjzM4FI_177208_182984.wav,Emirichu_UCFeqAfEuKm7lIg2ddQzh61A_d2eVEjzM4FI,177208,182984,5776
Emirichu_UCFeqAfEuKm7lIg2ddQzh61A_d2eVEjzM4FI_183088_189584.wav,Emirichu_UCFeqAfEuKm7lIg2ddQzh61A_d2eVEjzM4FI,183088,189584,6496
Emirichu_UCFeqAfEuKm7lIg2ddQzh61A_d2eVEjzM4FI_190056_193032.wav,Emirichu_UCFeqAfEuKm7lIg2ddQzh61A_d2eVEjzM4FI,190056,193032,2976
Emirichu_UCFeqAfEuKm7lIg2ddQzh61A_d2eVEjzM4FI_193688_201042.wav,Emirichu_UCFeqAfEuKm7lIg2ddQzh61A_d2eVEjzM4FI,193688,201042,7354
Emirichu_UCFeqAfEuKm7lIg2ddQzh61A_d2eVEjzM4FI_201202_204812.wav,Emirichu_UCFeqAfEuKm7lIg2ddQzh61A_d2eVEjzM4FI,201202,204812,3610
Emirichu_UCFeqAfEuKm7lIg2ddQzh61A_d2eVEjzM4FI_204948_209902.wav,Emirichu_UCFeqAfEuKm7lIg2ddQzh61A_d2eVEjzM4FI,204948,209902,4954
Emirichu_UCFeqAfEuKm7lIg2ddQzh61A_d2eVEjzM4FI_210062_210238.wav,Emirichu_UCFeqAfEuKm7lIg2ddQzh61A_d2eVEjzM4FI,210062,210238,176
Emirichu_UCFeqAfEuKm7lIg2ddQzh61A_d2eVEjzM4FI_210422_217600.wav,Emirichu_UCFeqAfEuKm7lIg2ddQzh61A_d2eVEjzM4FI,210422,217600,7178
Emirichu_UCFeqAfEuKm7lIg2ddQzh61A_d2eVEjzM4FI_217896_224088.wav,Emirichu_UCFeqAfEuKm7lIg2ddQzh61A_d2eVEjzM4FI,217896,224088,6192
Emirichu_UCFeqAfEuKm7lIg2ddQzh61A_d2eVEjzM4FI_224480_230744.wav,Emirichu_UCFeqAfEuKm7lIg2ddQzh61A_d2eVEjzM4FI,224480,230744,6264
Emirichu_UCFeqAfEuKm7lIg2ddQzh61A_d2eVEjzM4FI_231112_237720.wav,Emirichu_UCFeqAfEuKm7lIg2ddQzh61A_d2eVEjzM4FI,231112,237720,6608
Emirichu_UCFeqAfEuKm7lIg2ddQzh61A_d2eVEjzM4FI_238312_243736.wav,Emirichu_UCFeqAfEuKm7lIg2ddQzh61A_d2eVEjzM4FI,238312,243736,5424
Emirichu_UCFeqAfEuKm7lIg2ddQzh61A_d2eVEjzM4FI_244032_252584.wav,Emirichu_UCFeqAfEuKm7lIg2ddQzh61A_d2eVEjzM4FI,244032,252584,8552
Emirichu_UCFeqAfEuKm7lIg2ddQzh61A_d2eVEjzM4FI_253072_259032.wav,Emirichu_UCFeqAfEuKm7lIg2ddQzh61A_d2eVEjzM4FI,253072,259032,5960
Emirichu_UCFeqAfEuKm7lIg2ddQzh61A_d2eVEjzM4FI_259704_264784.wav,Emirichu_UCFeqAfEuKm7lIg2ddQzh61A_d2eVEjzM4FI,259704,264784,5080
Emirichu_UCFeqAfEuKm7lIg2ddQzh61A_d2eVEjzM4FI_265440_266968.wav,Emirichu_UCFeqAfEuKm7lIg2ddQzh61A_d2eVEjzM4FI,265440,266968,1528
Emirichu_UCFeqAfEuKm7lIg2ddQzh61A_d2eVEjzM4FI_267288_269832.wav,Emirichu_UCFeqAfEuKm7lIg2ddQzh61A_d2eVEjzM4FI,267288,269832,2544
Emirichu_UCFeqAfEuKm7lIg2ddQzh61A_d2eVEjzM4FI_270440_274224.wav,Emirichu_UCFeqAfEuKm7lIg2ddQzh61A_d2eVEjzM4FI,270440,274224,3784
Emirichu_UCFeqAfEuKm7lIg2ddQzh61A_d2eVEjzM4FI_274656_277880.wav,Emirichu_UCFeqAfEuKm7lIg2ddQzh61A_d2eVEjzM4FI,274656,277880,3224
Emirichu_UCFeqAfEuKm7lIg2ddQzh61A_d2eVEjzM4FI_278176_282088.wav,Emirichu_UCFeqAfEuKm7lIg2ddQzh61A_d2eVEjzM4FI,278176,282088,3912
Emirichu_UCFeqAfEuKm7lIg2ddQzh61A_d2eVEjzM4FI_282472_287536.wav,Emirichu_UCFeqAfEuKm7lIg2ddQzh61A_d2eVEjzM4FI,282472,287536,5064
Emirichu_UCFeqAfEuKm7lIg2ddQzh61A_d2eVEjzM4FI_287672_292872.wav,Emirichu_UCFeqAfEuKm7lIg2ddQzh61A_d2eVEjzM4FI,287672,292872,5200
Emirichu_UCFeqAfEuKm7lIg2ddQzh61A_d2eVEjzM4FI_293328_301000.wav,Emirichu_UCFeqAfEuKm7lIg2ddQzh61A_d2eVEjzM4FI,293328,301000,7672
Emirichu_UCFeqAfEuKm7lIg2ddQzh61A_d2eVEjzM4FI_301504_306380.wav,Emirichu_UCFeqAfEuKm7lIg2ddQzh61A_d2eVEjzM4FI,301504,306380,4876
Emirichu_UCFeqAfEuKm7lIg2ddQzh61A_d2eVEjzM4FI_306516_311896.wav,Emirichu_UCFeqAfEuKm7lIg2ddQzh61A_d2eVEjzM4FI,306516,311896,5380
Emirichu_UCFeqAfEuKm7lIg2ddQzh61A_d2eVEjzM4FI_312384_321696.wav,Emirichu_UCFeqAfEuKm7lIg2ddQzh61A_d2eVEjzM4FI,312384,321696,9312
Emirichu_UCFeqAfEuKm7lIg2ddQzh61A_d2eVEjzM4FI_322096_326312.wav,Emirichu_UCFeqAfEuKm7lIg2ddQzh61A_d2eVEjzM4FI,322096,326312,4216
Emirichu_UCFeqAfEuKm7lIg2ddQzh61A_d2eVEjzM4FI_326704_332928.wav,Emirichu_UCFeqAfEuKm7lIg2ddQzh61A_d2eVEjzM4FI,326704,332928,6224
Emirichu_UCFeqAfEuKm7lIg2ddQzh61A_d2eVEjzM4FI_333296_337312.wav,Emirichu_UCFeqAfEuKm7lIg2ddQzh61A_d2eVEjzM4FI,333296,337312,4016
Emirichu_UCFeqAfEuKm7lIg2ddQzh61A_d2eVEjzM4FI_337680_344176.wav,Emirichu_UCFeqAfEuKm7lIg2ddQzh61A_d2eVEjzM4FI,337680,344176,6496
Emirichu_UCFeqAfEuKm7lIg2ddQzh61A_d2eVEjzM4FI_344440_347296.wav,Emirichu_UCFeqAfEuKm7lIg2ddQzh61A_d2eVEjzM4FI,344440,347296,2856
Emirichu_UCFeqAfEuKm7lIg2ddQzh61A_d2eVEjzM4FI_347448_353032.wav,Emirichu_UCFeqAfEuKm7lIg2ddQzh61A_d2eVEjzM4FI,347448,353032,5584
Emirichu_UCFeqAfEuKm7lIg2ddQzh61A_d2eVEjzM4FI_353200_358184.wav,Emirichu_UCFeqAfEuKm7lIg2ddQzh61A_d2eVEjzM4FI,353200,358184,4984
Emirichu_UCFeqAfEuKm7lIg2ddQzh61A_d2eVEjzM4FI_358960_367248.wav,Emirichu_UCFeqAfEuKm7lIg2ddQzh61A_d2eVEjzM4FI,358960,367248,8288
Emirichu_UCFeqAfEuKm7lIg2ddQzh61A_d2eVEjzM4FI_367528_371984.wav,Emirichu_UCFeqAfEuKm7lIg2ddQzh61A_d2eVEjzM4FI,367528,371984,4456
Emirichu_UCFeqAfEuKm7lIg2ddQzh61A_d2eVEjzM4FI_372528_375194.wav,Emirichu_UCFeqAfEuKm7lIg2ddQzh61A_d2eVEjzM4FI,372528,375194,2666
Emirichu_UCFeqAfEuKm7lIg2ddQzh61A_d2eVEjzM4FI_375362_377586.wav,Emirichu_UCFeqAfEuKm7lIg2ddQzh61A_d2eVEjzM4FI,375362,377586,2224
Emirichu_UCFeqAfEuKm7lIg2ddQzh61A_d2eVEjzM4FI_377762_380274.wav,Emirichu_UCFeqAfEuKm7lIg2ddQzh61A_d2eVEjzM4FI,377762,380274,2512
Emirichu_UCFeqAfEuKm7lIg2ddQzh61A_d2eVEjzM4FI_380570_384764.wav,Emirichu_UCFeqAfEuKm7lIg2ddQzh61A_d2eVEjzM4FI,380570,384764,4194
Emirichu_UCFeqAfEuKm7lIg2ddQzh61A_d2eVEjzM4FI_384908_386980.wav,Emirichu_UCFeqAfEuKm7lIg2ddQzh61A_d2eVEjzM4FI,384908,386980,2072
Emirichu_UCFeqAfEuKm7lIg2ddQzh61A_d2eVEjzM4FI_387188_390580.wav,Emirichu_UCFeqAfEuKm7lIg2ddQzh61A_d2eVEjzM4FI,387188,390580,3392
Emirichu_UCFeqAfEuKm7lIg2ddQzh61A_d2eVEjzM4FI_390716_392320.wav,Emirichu_UCFeqAfEuKm7lIg2ddQzh61A_d2eVEjzM4FI,390716,392320,1604
Emirichu_UCFeqAfEuKm7lIg2ddQzh61A_d2eVEjzM4FI_392896_396432.wav,Emirichu_UCFeqAfEuKm7lIg2ddQzh61A_d2eVEjzM4FI,392896,396432,3536
Emirichu_UCFeqAfEuKm7lIg2ddQzh61A_d2eVEjzM4FI_396584_403792.wav,Emirichu_UCFeqAfEuKm7lIg2ddQzh61A_d2eVEjzM4FI,396584,403792,7208
Emirichu_UCFeqAfEuKm7lIg2ddQzh61A_d2eVEjzM4FI_404136_410944.wav,Emirichu_UCFeqAfEuKm7lIg2ddQzh61A_d2eVEjzM4FI,404136,410944,6808
Emirichu_UCFeqAfEuKm7lIg2ddQzh61A_d2eVEjzM4FI_411352_412692.wav,Emirichu_UCFeqAfEuKm7lIg2ddQzh61A_d2eVEjzM4FI,411352,412692,1340
Emirichu_UCFeqAfEuKm7lIg2ddQzh61A_d2eVEjzM4FI_412796_415844.wav,Emirichu_UCFeqAfEuKm7lIg2ddQzh61A_d2eVEjzM4FI,412796,415844,3048
Emirichu_UCFeqAfEuKm7lIg2ddQzh61A_d2eVEjzM4FI_415964_423680.wav,Emirichu_UCFeqAfEuKm7lIg2ddQzh61A_d2eVEjzM4FI,415964,423680,7716
Emirichu_UCFeqAfEuKm7lIg2ddQzh61A_d2eVEjzM4FI_424008_430824.wav,Emirichu_UCFeqAfEuKm7lIg2ddQzh61A_d2eVEjzM4FI,424008,430824,6816
Emirichu_UCFeqAfEuKm7lIg2ddQzh61A_d2eVEjzM4FI_431088_437568.wav,Emirichu_UCFeqAfEuKm7lIg2ddQzh61A_d2eVEjzM4FI,431088,437568,6480
Emirichu_UCFeqAfEuKm7lIg2ddQzh61A_d2eVEjzM4FI_438088_441920.wav,Emirichu_UCFeqAfEuKm7lIg2ddQzh61A_d2eVEjzM4FI,438088,441920,3832
Emirichu_UCFeqAfEuKm7lIg2ddQzh61A_d2eVEjzM4FI_442192_442736.wav,Emirichu_UCFeqAfEuKm7lIg2ddQzh61A_d2eVEjzM4FI,442192,442736,544
Emirichu_UCFeqAfEuKm7lIg2ddQzh61A_d2eVEjzM4FI_443016_444472.wav,Emirichu_UCFeqAfEuKm7lIg2ddQzh61A_d2eVEjzM4FI,443016,444472,1456
Emirichu_UCFeqAfEuKm7lIg2ddQzh61A_d2eVEjzM4FI_445000_450160.wav,Emirichu_UCFeqAfEuKm7lIg2ddQzh61A_d2eVEjzM4FI,445000,450160,5160
Emirichu_UCFeqAfEuKm7lIg2ddQzh61A_d2eVEjzM4FI_450656_454888.wav,Emirichu_UCFeqAfEuKm7lIg2ddQzh61A_d2eVEjzM4FI,450656,454888,4232
Emirichu_UCFeqAfEuKm7lIg2ddQzh61A_d2eVEjzM4FI_455024_462416.wav,Emirichu_UCFeqAfEuKm7lIg2ddQzh61A_d2eVEjzM4FI,455024,462416,7392
Emirichu_UCFeqAfEuKm7lIg2ddQzh61A_d2eVEjzM4FI_462784_465896.wav,Emirichu_UCFeqAfEuKm7lIg2ddQzh61A_d2eVEjzM4FI,462784,465896,3112
Emirichu_UCFeqAfEuKm7lIg2ddQzh61A_d2eVEjzM4FI_466224_466736.wav,Emirichu_UCFeqAfEuKm7lIg2ddQzh61A_d2eVEjzM4FI,466224,466736,512
Emirichu_UCFeqAfEuKm7lIg2ddQzh61A_d2eVEjzM4FI_467432_469466.wav,Emirichu_UCFeqAfEuKm7lIg2ddQzh61A_d2eVEjzM4FI,467432,469466,2034
Emirichu_UCFeqAfEuKm7lIg2ddQzh61A_d2eVEjzM4FI_469658_472378.wav,Emirichu_UCFeqAfEuKm7lIg2ddQzh61A_d2eVEjzM4FI,469658,472378,2720
Emirichu_UCFeqAfEuKm7lIg2ddQzh61A_d2eVEjzM4FI_472610_478138.wav,Emirichu_UCFeqAfEuKm7lIg2ddQzh61A_d2eVEjzM4FI,472610,478138,5528
Emirichu_UCFeqAfEuKm7lIg2ddQzh61A_d2eVEjzM4FI_478508_478764.wav,Emirichu_UCFeqAfEuKm7lIg2ddQzh61A_d2eVEjzM4FI,478508,478764,256
Emirichu_UCFeqAfEuKm7lIg2ddQzh61A_d2eVEjzM4FI_478868_481622.wav,Emirichu_UCFeqAfEuKm7lIg2ddQzh61A_d2eVEjzM4FI,478868,481622,2754
Emirichu_UCFeqAfEuKm7lIg2ddQzh61A_d2eVEjzM4FI_481774_489688.wav,Emirichu_UCFeqAfEuKm7lIg2ddQzh61A_d2eVEjzM4FI,481774,489688,7914
Emirichu_UCFeqAfEuKm7lIg2ddQzh61A_d2eVEjzM4FI_490008_498576.wav,Emirichu_UCFeqAfEuKm7lIg2ddQzh61A_d2eVEjzM4FI,490008,498576,8568
Emirichu_UCFeqAfEuKm7lIg2ddQzh61A_d2eVEjzM4FI_498776_504536.wav,Emirichu_UCFeqAfEuKm7lIg2ddQzh61A_d2eVEjzM4FI,498776,504536,5760
Emirichu_UCFeqAfEuKm7lIg2ddQzh61A_d2eVEjzM4FI_504736_514456.wav,Emirichu_UCFeqAfEuKm7lIg2ddQzh61A_d2eVEjzM4FI,504736,514456,9720
Emirichu_UCFeqAfEuKm7lIg2ddQzh61A_d2eVEjzM4FI_514648_522296.wav,Emirichu_UCFeqAfEuKm7lIg2ddQzh61A_d2eVEjzM4FI,514648,522296,7648
Emirichu_UCFeqAfEuKm7lIg2ddQzh61A_d2eVEjzM4FI_522472_529656.wav,Emirichu_UCFeqAfEuKm7lIg2ddQzh61A_d2eVEjzM4FI,522472,529656,7184
Emirichu_UCFeqAfEuKm7lIg2ddQzh61A_d2eVEjzM4FI_529904_532768.wav,Emirichu_UCFeqAfEuKm7lIg2ddQzh61A_d2eVEjzM4FI,529904,532768,2864
Emirichu_UCFeqAfEuKm7lIg2ddQzh61A_d2eVEjzM4FI_532920_537744.wav,Emirichu_UCFeqAfEuKm7lIg2ddQzh61A_d2eVEjzM4FI,532920,537744,4824
Emirichu_UCFeqAfEuKm7lIg2ddQzh61A_d2eVEjzM4FI_537880_540488.wav,Emirichu_UCFeqAfEuKm7lIg2ddQzh61A_d2eVEjzM4FI,537880,540488,2608
Emirichu_UCFeqAfEuKm7lIg2ddQzh61A_d2eVEjzM4FI_540920_543024.wav,Emirichu_UCFeqAfEuKm7lIg2ddQzh61A_d2eVEjzM4FI,540920,543024,2104
Emirichu_UCFeqAfEuKm7lIg2ddQzh61A_d2eVEjzM4FI_543248_551824.wav,Emirichu_UCFeqAfEuKm7lIg2ddQzh61A_d2eVEjzM4FI,543248,551824,8576
Emirichu_UCFeqAfEuKm7lIg2ddQzh61A_d2eVEjzM4FI_552240_553440.wav,Emirichu_UCFeqAfEuKm7lIg2ddQzh61A_d2eVEjzM4FI,552240,553440,1200
Emirichu_UCFeqAfEuKm7lIg2ddQzh61A_d2eVEjzM4FI_553600_556000.wav,Emirichu_UCFeqAfEuKm7lIg2ddQzh61A_d2eVEjzM4FI,553600,556000,2400
Emirichu_UCFeqAfEuKm7lIg2ddQzh61A_d2eVEjzM4FI_556184_560616.wav,Emirichu_UCFeqAfEuKm7lIg2ddQzh61A_d2eVEjzM4FI,556184,560616,4432
Emirichu_UCFeqAfEuKm7lIg2ddQzh61A_d2eVEjzM4FI_560952_567112.wav,Emirichu_UCFeqAfEuKm7lIg2ddQzh61A_d2eVEjzM4FI,560952,567112,6160
Emirichu_UCFeqAfEuKm7lIg2ddQzh61A_d2eVEjzM4FI_567456_577288.wav,Emirichu_UCFeqAfEuKm7lIg2ddQzh61A_d2eVEjzM4FI,567456,577288,9832
Emirichu_UCFeqAfEuKm7lIg2ddQzh61A_d2eVEjzM4FI_577624_581664.wav,Emirichu_UCFeqAfEuKm7lIg2ddQzh61A_d2eVEjzM4FI,577624,581664,4040
Emirichu_UCFeqAfEuKm7lIg2ddQzh61A_d2eVEjzM4FI_581944_588264.wav,Emirichu_UCFeqAfEuKm7lIg2ddQzh61A_d2eVEjzM4FI,581944,588264,6320
Emirichu_UCFeqAfEuKm7lIg2ddQzh61A_d2eVEjzM4FI_588576_591960.wav,Emirichu_UCFeqAfEuKm7lIg2ddQzh61A_d2eVEjzM4FI,588576,591960,3384
Emirichu_UCFeqAfEuKm7lIg2ddQzh61A_d2eVEjzM4FI_592104_593144.wav,Emirichu_UCFeqAfEuKm7lIg2ddQzh61A_d2eVEjzM4FI,592104,593144,1040
Emirichu_UCFeqAfEuKm7lIg2ddQzh61A_d2eVEjzM4FI_593328_593488.wav,Emirichu_UCFeqAfEuKm7lIg2ddQzh61A_d2eVEjzM4FI,593328,593488,160
Emirichu_UCFeqAfEuKm7lIg2ddQzh61A_d2eVEjzM4FI_593696_595224.wav,Emirichu_UCFeqAfEuKm7lIg2ddQzh61A_d2eVEjzM4FI,593696,595224,1528
Emirichu_UCFeqAfEuKm7lIg2ddQzh61A_d2eVEjzM4FI_595344_601424.wav,Emirichu_UCFeqAfEuKm7lIg2ddQzh61A_d2eVEjzM4FI,595344,601424,6080
Emirichu_UCFeqAfEuKm7lIg2ddQzh61A_d2eVEjzM4FI_601712_610976.wav,Emirichu_UCFeqAfEuKm7lIg2ddQzh61A_d2eVEjzM4FI,601712,610976,9264
Emirichu_UCFeqAfEuKm7lIg2ddQzh61A_d2eVEjzM4FI_611512_620688.wav,Emirichu_UCFeqAfEuKm7lIg2ddQzh61A_d2eVEjzM4FI,611512,620688,9176
Emirichu_UCFeqAfEuKm7lIg2ddQzh61A_d2eVEjzM4FI_621128_625640.wav,Emirichu_UCFeqAfEuKm7lIg2ddQzh61A_d2eVEjzM4FI,621128,625640,4512
Emirichu_UCFeqAfEuKm7lIg2ddQzh61A_d2eVEjzM4FI_625912_631104.wav,Emirichu_UCFeqAfEuKm7lIg2ddQzh61A_d2eVEjzM4FI,625912,631104,5192
Emirichu_UCFeqAfEuKm7lIg2ddQzh61A_d2eVEjzM4FI_631408_638664.wav,Emirichu_UCFeqAfEuKm7lIg2ddQzh61A_d2eVEjzM4FI,631408,638664,7256
Emirichu_UCFeqAfEuKm7lIg2ddQzh61A_d2eVEjzM4FI_638768_641368.wav,Emirichu_UCFeqAfEuKm7lIg2ddQzh61A_d2eVEjzM4FI,638768,641368,2600
Emirichu_UCFeqAfEuKm7lIg2ddQzh61A_d2eVEjzM4FI_641624_643408.wav,Emirichu_UCFeqAfEuKm7lIg2ddQzh61A_d2eVEjzM4FI,641624,643408,1784
Emirichu_UCFeqAfEuKm7lIg2ddQzh61A_d2eVEjzM4FI_643592_646768.wav,Emirichu_UCFeqAfEuKm7lIg2ddQzh61A_d2eVEjzM4FI,643592,646768,3176
Emirichu_UCFeqAfEuKm7lIg2ddQzh61A_d2eVEjzM4FI_646872_651128.wav,Emirichu_UCFeqAfEuKm7lIg2ddQzh61A_d2eVEjzM4FI,646872,651128,4256
Emirichu_UCFeqAfEuKm7lIg2ddQzh61A_d2eVEjzM4FI_651576_659448.wav,Emirichu_UCFeqAfEuKm7lIg2ddQzh61A_d2eVEjzM4FI,651576,659448,7872
Emirichu_UCFeqAfEuKm7lIg2ddQzh61A_d2eVEjzM4FI_659744_662016.wav,Emirichu_UCFeqAfEuKm7lIg2ddQzh61A_d2eVEjzM4FI,659744,662016,2272
Emirichu_UCFeqAfEuKm7lIg2ddQzh61A_d2eVEjzM4FI_662416_663288.wav,Emirichu_UCFeqAfEuKm7lIg2ddQzh61A_d2eVEjzM4FI,662416,663288,872
Emirichu_UCFeqAfEuKm7lIg2ddQzh61A_d2eVEjzM4FI_663672_665304.wav,Emirichu_UCFeqAfEuKm7lIg2ddQzh61A_d2eVEjzM4FI,663672,665304,1632
Emirichu_UCFeqAfEuKm7lIg2ddQzh61A_d2eVEjzM4FI_665656_674896.wav,Emirichu_UCFeqAfEuKm7lIg2ddQzh61A_d2eVEjzM4FI,665656,674896,9240
Emirichu_UCFeqAfEuKm7lIg2ddQzh61A_d2eVEjzM4FI_675016_678424.wav,Emirichu_UCFeqAfEuKm7lIg2ddQzh61A_d2eVEjzM4FI,675016,678424,3408
Emirichu_UCFeqAfEuKm7lIg2ddQzh61A_d2eVEjzM4FI_678848_688296.wav,Emirichu_UCFeqAfEuKm7lIg2ddQzh61A_d2eVEjzM4FI,678848,688296,9448
Emirichu_UCFeqAfEuKm7lIg2ddQzh61A_d2eVEjzM4FI_688488_694928.wav,Emirichu_UCFeqAfEuKm7lIg2ddQzh61A_d2eVEjzM4FI,688488,694928,6440
Emirichu_UCFeqAfEuKm7lIg2ddQzh61A_d2eVEjzM4FI_695080_695312.wav,Emirichu_UCFeqAfEuKm7lIg2ddQzh61A_d2eVEjzM4FI,695080,695312,232
Emirichu_UCFeqAfEuKm7lIg2ddQzh61A_d2eVEjzM4FI_695504_701536.wav,Emirichu_UCFeqAfEuKm7lIg2ddQzh61A_d2eVEjzM4FI,695504,701536,6032
Emirichu_UCFeqAfEuKm7lIg2ddQzh61A_d2eVEjzM4FI_701656_701832.wav,Emirichu_UCFeqAfEuKm7lIg2ddQzh61A_d2eVEjzM4FI,701656,701832,176
Emirichu_UCFeqAfEuKm7lIg2ddQzh61A_d2eVEjzM4FI_702088_707312.wav,Emirichu_UCFeqAfEuKm7lIg2ddQzh61A_d2eVEjzM4FI,702088,707312,5224
Emirichu_UCFeqAfEuKm7lIg2ddQzh61A_d2eVEjzM4FI_707432_717128.wav,Emirichu_UCFeqAfEuKm7lIg2ddQzh61A_d2eVEjzM4FI,707432,717128,9696
Emirichu_UCFeqAfEuKm7lIg2ddQzh61A_d2eVEjzM4FI_717496_727048.wav,Emirichu_UCFeqAfEuKm7lIg2ddQzh61A_d2eVEjzM4FI,717496,727048,9552
Emirichu_UCFeqAfEuKm7lIg2ddQzh61A_d2eVEjzM4FI_727280_730104.wav,Emirichu_UCFeqAfEuKm7lIg2ddQzh61A_d2eVEjzM4FI,727280,730104,2824
Emirichu_UCFeqAfEuKm7lIg2ddQzh61A_d2eVEjzM4FI_730384_735100.wav,Emirichu_UCFeqAfEuKm7lIg2ddQzh61A_d2eVEjzM4FI,730384,735100,4716
Emirichu_UCFeqAfEuKm7lIg2ddQzh61A_d2eVEjzM4FI_735260_744136.wav,Emirichu_UCFeqAfEuKm7lIg2ddQzh61A_d2eVEjzM4FI,735260,744136,8876
Emirichu_UCFeqAfEuKm7lIg2ddQzh61A_d2eVEjzM4FI_744536_752176.wav,Emirichu_UCFeqAfEuKm7lIg2ddQzh61A_d2eVEjzM4FI,744536,752176,7640
Emirichu_UCFeqAfEuKm7lIg2ddQzh61A_d2eVEjzM4FI_752600_759064.wav,Emirichu_UCFeqAfEuKm7lIg2ddQzh61A_d2eVEjzM4FI,752600,759064,6464
Emirichu_UCFeqAfEuKm7lIg2ddQzh61A_d2eVEjzM4FI_759208_767352.wav,Emirichu_UCFeqAfEuKm7lIg2ddQzh61A_d2eVEjzM4FI,759208,767352,8144
Emirichu_UCFeqAfEuKm7lIg2ddQzh61A_d2eVEjzM4FI_767544_772472.wav,Emirichu_UCFeqAfEuKm7lIg2ddQzh61A_d2eVEjzM4FI,767544,772472,4928
Emirichu_UCFeqAfEuKm7lIg2ddQzh61A_d2eVEjzM4FI_772808_780256.wav,Emirichu_UCFeqAfEuKm7lIg2ddQzh61A_d2eVEjzM4FI,772808,780256,7448
Emirichu_UCFeqAfEuKm7lIg2ddQzh61A_d2eVEjzM4FI_780496_784176.wav,Emirichu_UCFeqAfEuKm7lIg2ddQzh61A_d2eVEjzM4FI,780496,784176,3680
Emirichu_UCFeqAfEuKm7lIg2ddQzh61A_d2eVEjzM4FI_785608_794752.wav,Emirichu_UCFeqAfEuKm7lIg2ddQzh61A_d2eVEjzM4FI,785608,794752,9144
Emirichu_UCFeqAfEuKm7lIg2ddQzh61A_d2eVEjzM4FI_795064_801888.wav,Emirichu_UCFeqAfEuKm7lIg2ddQzh61A_d2eVEjzM4FI,795064,801888,6824
Emirichu_UCFeqAfEuKm7lIg2ddQzh61A_d2eVEjzM4FI_802184_805992.wav,Emirichu_UCFeqAfEuKm7lIg2ddQzh61A_d2eVEjzM4FI,802184,805992,3808
Emirichu_UCFeqAfEuKm7lIg2ddQzh61A_d2eVEjzM4FI_806240_812296.wav,Emirichu_UCFeqAfEuKm7lIg2ddQzh61A_d2eVEjzM4FI,806240,812296,6056
Emirichu_UCFeqAfEuKm7lIg2ddQzh61A_d2eVEjzM4FI_812720_818448.wav,Emirichu_UCFeqAfEuKm7lIg2ddQzh61A_d2eVEjzM4FI,812720,818448,5728
Emirichu_UCFeqAfEuKm7lIg2ddQzh61A_d2eVEjzM4FI_819016_826016.wav,Emirichu_UCFeqAfEuKm7lIg2ddQzh61A_d2eVEjzM4FI,819016,826016,7000
Emirichu_UCFeqAfEuKm7lIg2ddQzh61A_d2eVEjzM4FI_826504_827112.wav,Emirichu_UCFeqAfEuKm7lIg2ddQzh61A_d2eVEjzM4FI,826504,827112,608
Emirichu_UCFeqAfEuKm7lIg2ddQzh61A_d2eVEjzM4FI_827256_827496.wav,Emirichu_UCFeqAfEuKm7lIg2ddQzh61A_d2eVEjzM4FI,827256,827496,240
