filename,video_id,start_time,end_time,duration
LeahsFieldnotes_UC59L9n7Xvdcp1fWuYkz0ZA_N0fhcUD4zrc_320_4960.wav,LeahsFieldnotes_UC59L9n7Xvdcp1fWuYkz0ZA_N0fhcUD4zrc,320,4960,4640
LeahsFieldnotes_UC59L9n7Xvdcp1fWuYkz0ZA_N0fhcUD4zrc_7036_13332.wav,LeahsFieldnotes_UC59L9n7Xvdcp1fWuYkz0ZA_N0fhcUD4zrc,7036,13332,6296
LeahsFieldnotes_UC59L9n7Xvdcp1fWuYkz0ZA_N0fhcUD4zrc_14076_14780.wav,LeahsFieldnotes_UC59L9n7Xvdcp1fWuYkz0ZA_N0fhcUD4zrc,14076,14780,704
LeahsFieldnotes_UC59L9n7Xvdcp1fWuYkz0ZA_N0fhcUD4zrc_14956_16916.wav,LeahsFieldnotes_UC59L9n7Xvdcp1fWuYkz0ZA_N0fhcUD4zrc,14956,16916,1960
LeahsFieldnotes_UC59L9n7Xvdcp1fWuYkz0ZA_N0fhcUD4zrc_17076_20052.wav,LeahsFieldnotes_UC59L9n7Xvdcp1fWuYkz0ZA_N0fhcUD4zrc,17076,20052,2976
LeahsFieldnotes_UC59L9n7Xvdcp1fWuYkz0ZA_N0fhcUD4zrc_20236_22676.wav,LeahsFieldnotes_UC59L9n7Xvdcp1fWuYkz0ZA_N0fhcUD4zrc,20236,22676,2440
LeahsFieldnotes_UC59L9n7Xvdcp1fWuYkz0ZA_N0fhcUD4zrc_23604_25524.wav,LeahsFieldnotes_UC59L9n7Xvdcp1fWuYkz0ZA_N0fhcUD4zrc,23604,25524,1920
LeahsFieldnotes_UC59L9n7Xvdcp1fWuYkz0ZA_N0fhcUD4zrc_25796_31540.wav,LeahsFieldnotes_UC59L9n7Xvdcp1fWuYkz0ZA_N0fhcUD4zrc,25796,31540,5744
LeahsFieldnotes_UC59L9n7Xvdcp1fWuYkz0ZA_N0fhcUD4zrc_32420_36244.wav,LeahsFieldnotes_UC59L9n7Xvdcp1fWuYkz0ZA_N0fhcUD4zrc,32420,36244,3824
LeahsFieldnotes_UC59L9n7Xvdcp1fWuYkz0ZA_N0fhcUD4zrc_36732_38268.wav,LeahsFieldnotes_UC59L9n7Xvdcp1fWuYkz0ZA_N0fhcUD4zrc,36732,38268,1536
LeahsFieldnotes_UC59L9n7Xvdcp1fWuYkz0ZA_N0fhcUD4zrc_39028_39324.wav,LeahsFieldnotes_UC59L9n7Xvdcp1fWuYkz0ZA_N0fhcUD4zrc,39028,39324,296
LeahsFieldnotes_UC59L9n7Xvdcp1fWuYkz0ZA_N0fhcUD4zrc_39708_40684.wav,LeahsFieldnotes_UC59L9n7Xvdcp1fWuYkz0ZA_N0fhcUD4zrc,39708,40684,976
LeahsFieldnotes_UC59L9n7Xvdcp1fWuYkz0ZA_N0fhcUD4zrc_41404_47844.wav,LeahsFieldnotes_UC59L9n7Xvdcp1fWuYkz0ZA_N0fhcUD4zrc,41404,47844,6440
LeahsFieldnotes_UC59L9n7Xvdcp1fWuYkz0ZA_N0fhcUD4zrc_48188_50660.wav,LeahsFieldnotes_UC59L9n7Xvdcp1fWuYkz0ZA_N0fhcUD4zrc,48188,50660,2472
LeahsFieldnotes_UC59L9n7Xvdcp1fWuYkz0ZA_N0fhcUD4zrc_51180_53132.wav,LeahsFieldnotes_UC59L9n7Xvdcp1fWuYkz0ZA_N0fhcUD4zrc,51180,53132,1952
LeahsFieldnotes_UC59L9n7Xvdcp1fWuYkz0ZA_N0fhcUD4zrc_54036_54988.wav,LeahsFieldnotes_UC59L9n7Xvdcp1fWuYkz0ZA_N0fhcUD4zrc,54036,54988,952
LeahsFieldnotes_UC59L9n7Xvdcp1fWuYkz0ZA_N0fhcUD4zrc_55964_56492.wav,LeahsFieldnotes_UC59L9n7Xvdcp1fWuYkz0ZA_N0fhcUD4zrc,55964,56492,528
LeahsFieldnotes_UC59L9n7Xvdcp1fWuYkz0ZA_N0fhcUD4zrc_57036_57740.wav,LeahsFieldnotes_UC59L9n7Xvdcp1fWuYkz0ZA_N0fhcUD4zrc,57036,57740,704
LeahsFieldnotes_UC59L9n7Xvdcp1fWuYkz0ZA_N0fhcUD4zrc_58068_59900.wav,LeahsFieldnotes_UC59L9n7Xvdcp1fWuYkz0ZA_N0fhcUD4zrc,58068,59900,1832
LeahsFieldnotes_UC59L9n7Xvdcp1fWuYkz0ZA_N0fhcUD4zrc_60164_61892.wav,LeahsFieldnotes_UC59L9n7Xvdcp1fWuYkz0ZA_N0fhcUD4zrc,60164,61892,1728
LeahsFieldnotes_UC59L9n7Xvdcp1fWuYkz0ZA_N0fhcUD4zrc_62708_63892.wav,LeahsFieldnotes_UC59L9n7Xvdcp1fWuYkz0ZA_N0fhcUD4zrc,62708,63892,1184
LeahsFieldnotes_UC59L9n7Xvdcp1fWuYkz0ZA_N0fhcUD4zrc_64788_67516.wav,LeahsFieldnotes_UC59L9n7Xvdcp1fWuYkz0ZA_N0fhcUD4zrc,64788,67516,2728
LeahsFieldnotes_UC59L9n7Xvdcp1fWuYkz0ZA_N0fhcUD4zrc_67940_70356.wav,LeahsFieldnotes_UC59L9n7Xvdcp1fWuYkz0ZA_N0fhcUD4zrc,67940,70356,2416
LeahsFieldnotes_UC59L9n7Xvdcp1fWuYkz0ZA_N0fhcUD4zrc_70700_78108.wav,LeahsFieldnotes_UC59L9n7Xvdcp1fWuYkz0ZA_N0fhcUD4zrc,70700,78108,7408
LeahsFieldnotes_UC59L9n7Xvdcp1fWuYkz0ZA_N0fhcUD4zrc_78820_80512.wav,LeahsFieldnotes_UC59L9n7Xvdcp1fWuYkz0ZA_N0fhcUD4zrc,78820,80512,1692
LeahsFieldnotes_UC59L9n7Xvdcp1fWuYkz0ZA_N0fhcUD4zrc_80856_83720.wav,LeahsFieldnotes_UC59L9n7Xvdcp1fWuYkz0ZA_N0fhcUD4zrc,80856,83720,2864
LeahsFieldnotes_UC59L9n7Xvdcp1fWuYkz0ZA_N0fhcUD4zrc_84128_86856.wav,LeahsFieldnotes_UC59L9n7Xvdcp1fWuYkz0ZA_N0fhcUD4zrc,84128,86856,2728
LeahsFieldnotes_UC59L9n7Xvdcp1fWuYkz0ZA_N0fhcUD4zrc_87200_89484.wav,LeahsFieldnotes_UC59L9n7Xvdcp1fWuYkz0ZA_N0fhcUD4zrc,87200,89484,2284
LeahsFieldnotes_UC59L9n7Xvdcp1fWuYkz0ZA_N0fhcUD4zrc_89748_92604.wav,LeahsFieldnotes_UC59L9n7Xvdcp1fWuYkz0ZA_N0fhcUD4zrc,89748,92604,2856
LeahsFieldnotes_UC59L9n7Xvdcp1fWuYkz0ZA_N0fhcUD4zrc_93036_102404.wav,LeahsFieldnotes_UC59L9n7Xvdcp1fWuYkz0ZA_N0fhcUD4zrc,93036,102404,9368
LeahsFieldnotes_UC59L9n7Xvdcp1fWuYkz0ZA_N0fhcUD4zrc_102700_109228.wav,LeahsFieldnotes_UC59L9n7Xvdcp1fWuYkz0ZA_N0fhcUD4zrc,102700,109228,6528
LeahsFieldnotes_UC59L9n7Xvdcp1fWuYkz0ZA_N0fhcUD4zrc_109652_112752.wav,LeahsFieldnotes_UC59L9n7Xvdcp1fWuYkz0ZA_N0fhcUD4zrc,109652,112752,3100
LeahsFieldnotes_UC59L9n7Xvdcp1fWuYkz0ZA_N0fhcUD4zrc_113024_114388.wav,LeahsFieldnotes_UC59L9n7Xvdcp1fWuYkz0ZA_N0fhcUD4zrc,113024,114388,1364
LeahsFieldnotes_UC59L9n7Xvdcp1fWuYkz0ZA_N0fhcUD4zrc_115124_118188.wav,LeahsFieldnotes_UC59L9n7Xvdcp1fWuYkz0ZA_N0fhcUD4zrc,115124,118188,3064
LeahsFieldnotes_UC59L9n7Xvdcp1fWuYkz0ZA_N0fhcUD4zrc_118620_125524.wav,LeahsFieldnotes_UC59L9n7Xvdcp1fWuYkz0ZA_N0fhcUD4zrc,118620,125524,6904
LeahsFieldnotes_UC59L9n7Xvdcp1fWuYkz0ZA_N0fhcUD4zrc_126212_126565.wav,LeahsFieldnotes_UC59L9n7Xvdcp1fWuYkz0ZA_N0fhcUD4zrc,126212,126565,353
LeahsFieldnotes_UC59L9n7Xvdcp1fWuYkz0ZA_N0fhcUD4zrc_126725_134358.wav,LeahsFieldnotes_UC59L9n7Xvdcp1fWuYkz0ZA_N0fhcUD4zrc,126725,134358,7633
LeahsFieldnotes_UC59L9n7Xvdcp1fWuYkz0ZA_N0fhcUD4zrc_134550_134832.wav,LeahsFieldnotes_UC59L9n7Xvdcp1fWuYkz0ZA_N0fhcUD4zrc,134550,134832,282
LeahsFieldnotes_UC59L9n7Xvdcp1fWuYkz0ZA_N0fhcUD4zrc_135200_144880.wav,LeahsFieldnotes_UC59L9n7Xvdcp1fWuYkz0ZA_N0fhcUD4zrc,135200,144880,9680
LeahsFieldnotes_UC59L9n7Xvdcp1fWuYkz0ZA_N0fhcUD4zrc_145712_149136.wav,LeahsFieldnotes_UC59L9n7Xvdcp1fWuYkz0ZA_N0fhcUD4zrc,145712,149136,3424
LeahsFieldnotes_UC59L9n7Xvdcp1fWuYkz0ZA_N0fhcUD4zrc_149816_152620.wav,LeahsFieldnotes_UC59L9n7Xvdcp1fWuYkz0ZA_N0fhcUD4zrc,149816,152620,2804
LeahsFieldnotes_UC59L9n7Xvdcp1fWuYkz0ZA_N0fhcUD4zrc_152828_159200.wav,LeahsFieldnotes_UC59L9n7Xvdcp1fWuYkz0ZA_N0fhcUD4zrc,152828,159200,6372
LeahsFieldnotes_UC59L9n7Xvdcp1fWuYkz0ZA_N0fhcUD4zrc_159632_163216.wav,LeahsFieldnotes_UC59L9n7Xvdcp1fWuYkz0ZA_N0fhcUD4zrc,159632,163216,3584
LeahsFieldnotes_UC59L9n7Xvdcp1fWuYkz0ZA_N0fhcUD4zrc_163976_165008.wav,LeahsFieldnotes_UC59L9n7Xvdcp1fWuYkz0ZA_N0fhcUD4zrc,163976,165008,1032
LeahsFieldnotes_UC59L9n7Xvdcp1fWuYkz0ZA_N0fhcUD4zrc_165432_165832.wav,LeahsFieldnotes_UC59L9n7Xvdcp1fWuYkz0ZA_N0fhcUD4zrc,165432,165832,400
LeahsFieldnotes_UC59L9n7Xvdcp1fWuYkz0ZA_N0fhcUD4zrc_166512_168136.wav,LeahsFieldnotes_UC59L9n7Xvdcp1fWuYkz0ZA_N0fhcUD4zrc,166512,168136,1624
LeahsFieldnotes_UC59L9n7Xvdcp1fWuYkz0ZA_N0fhcUD4zrc_168696_171928.wav,LeahsFieldnotes_UC59L9n7Xvdcp1fWuYkz0ZA_N0fhcUD4zrc,168696,171928,3232
LeahsFieldnotes_UC59L9n7Xvdcp1fWuYkz0ZA_N0fhcUD4zrc_172640_173240.wav,LeahsFieldnotes_UC59L9n7Xvdcp1fWuYkz0ZA_N0fhcUD4zrc,172640,173240,600
LeahsFieldnotes_UC59L9n7Xvdcp1fWuYkz0ZA_N0fhcUD4zrc_173824_177632.wav,LeahsFieldnotes_UC59L9n7Xvdcp1fWuYkz0ZA_N0fhcUD4zrc,173824,177632,3808
LeahsFieldnotes_UC59L9n7Xvdcp1fWuYkz0ZA_N0fhcUD4zrc_178136_179008.wav,LeahsFieldnotes_UC59L9n7Xvdcp1fWuYkz0ZA_N0fhcUD4zrc,178136,179008,872
LeahsFieldnotes_UC59L9n7Xvdcp1fWuYkz0ZA_N0fhcUD4zrc_179384_182728.wav,LeahsFieldnotes_UC59L9n7Xvdcp1fWuYkz0ZA_N0fhcUD4zrc,179384,182728,3344
LeahsFieldnotes_UC59L9n7Xvdcp1fWuYkz0ZA_N0fhcUD4zrc_183144_187236.wav,LeahsFieldnotes_UC59L9n7Xvdcp1fWuYkz0ZA_N0fhcUD4zrc,183144,187236,4092
LeahsFieldnotes_UC59L9n7Xvdcp1fWuYkz0ZA_N0fhcUD4zrc_187428_195040.wav,LeahsFieldnotes_UC59L9n7Xvdcp1fWuYkz0ZA_N0fhcUD4zrc,187428,195040,7612
LeahsFieldnotes_UC59L9n7Xvdcp1fWuYkz0ZA_N0fhcUD4zrc_195432_198864.wav,LeahsFieldnotes_UC59L9n7Xvdcp1fWuYkz0ZA_N0fhcUD4zrc,195432,198864,3432
LeahsFieldnotes_UC59L9n7Xvdcp1fWuYkz0ZA_N0fhcUD4zrc_199464_199576.wav,LeahsFieldnotes_UC59L9n7Xvdcp1fWuYkz0ZA_N0fhcUD4zrc,199464,199576,112
LeahsFieldnotes_UC59L9n7Xvdcp1fWuYkz0ZA_N0fhcUD4zrc_199920_205680.wav,LeahsFieldnotes_UC59L9n7Xvdcp1fWuYkz0ZA_N0fhcUD4zrc,199920,205680,5760
LeahsFieldnotes_UC59L9n7Xvdcp1fWuYkz0ZA_N0fhcUD4zrc_205944_211800.wav,LeahsFieldnotes_UC59L9n7Xvdcp1fWuYkz0ZA_N0fhcUD4zrc,205944,211800,5856
LeahsFieldnotes_UC59L9n7Xvdcp1fWuYkz0ZA_N0fhcUD4zrc_212248_216904.wav,LeahsFieldnotes_UC59L9n7Xvdcp1fWuYkz0ZA_N0fhcUD4zrc,212248,216904,4656
LeahsFieldnotes_UC59L9n7Xvdcp1fWuYkz0ZA_N0fhcUD4zrc_217728_221792.wav,LeahsFieldnotes_UC59L9n7Xvdcp1fWuYkz0ZA_N0fhcUD4zrc,217728,221792,4064
LeahsFieldnotes_UC59L9n7Xvdcp1fWuYkz0ZA_N0fhcUD4zrc_222096_225152.wav,LeahsFieldnotes_UC59L9n7Xvdcp1fWuYkz0ZA_N0fhcUD4zrc,222096,225152,3056
LeahsFieldnotes_UC59L9n7Xvdcp1fWuYkz0ZA_N0fhcUD4zrc_225752_229416.wav,LeahsFieldnotes_UC59L9n7Xvdcp1fWuYkz0ZA_N0fhcUD4zrc,225752,229416,3664
LeahsFieldnotes_UC59L9n7Xvdcp1fWuYkz0ZA_N0fhcUD4zrc_230016_234480.wav,LeahsFieldnotes_UC59L9n7Xvdcp1fWuYkz0ZA_N0fhcUD4zrc,230016,234480,4464
LeahsFieldnotes_UC59L9n7Xvdcp1fWuYkz0ZA_N0fhcUD4zrc_234848_235384.wav,LeahsFieldnotes_UC59L9n7Xvdcp1fWuYkz0ZA_N0fhcUD4zrc,234848,235384,536
LeahsFieldnotes_UC59L9n7Xvdcp1fWuYkz0ZA_N0fhcUD4zrc_236312_237648.wav,LeahsFieldnotes_UC59L9n7Xvdcp1fWuYkz0ZA_N0fhcUD4zrc,236312,237648,1336
LeahsFieldnotes_UC59L9n7Xvdcp1fWuYkz0ZA_N0fhcUD4zrc_238136_240416.wav,LeahsFieldnotes_UC59L9n7Xvdcp1fWuYkz0ZA_N0fhcUD4zrc,238136,240416,2280
LeahsFieldnotes_UC59L9n7Xvdcp1fWuYkz0ZA_N0fhcUD4zrc_242368_242672.wav,LeahsFieldnotes_UC59L9n7Xvdcp1fWuYkz0ZA_N0fhcUD4zrc,242368,242672,304
LeahsFieldnotes_UC59L9n7Xvdcp1fWuYkz0ZA_N0fhcUD4zrc_244312_248332.wav,LeahsFieldnotes_UC59L9n7Xvdcp1fWuYkz0ZA_N0fhcUD4zrc,244312,248332,4020
LeahsFieldnotes_UC59L9n7Xvdcp1fWuYkz0ZA_N0fhcUD4zrc_248900_252032.wav,LeahsFieldnotes_UC59L9n7Xvdcp1fWuYkz0ZA_N0fhcUD4zrc,248900,252032,3132
LeahsFieldnotes_UC59L9n7Xvdcp1fWuYkz0ZA_N0fhcUD4zrc_252696_255528.wav,LeahsFieldnotes_UC59L9n7Xvdcp1fWuYkz0ZA_N0fhcUD4zrc,252696,255528,2832
LeahsFieldnotes_UC59L9n7Xvdcp1fWuYkz0ZA_N0fhcUD4zrc_256568_256856.wav,LeahsFieldnotes_UC59L9n7Xvdcp1fWuYkz0ZA_N0fhcUD4zrc,256568,256856,288
LeahsFieldnotes_UC59L9n7Xvdcp1fWuYkz0ZA_N0fhcUD4zrc_257392_259952.wav,LeahsFieldnotes_UC59L9n7Xvdcp1fWuYkz0ZA_N0fhcUD4zrc,257392,259952,2560
LeahsFieldnotes_UC59L9n7Xvdcp1fWuYkz0ZA_N0fhcUD4zrc_260664_262352.wav,LeahsFieldnotes_UC59L9n7Xvdcp1fWuYkz0ZA_N0fhcUD4zrc,260664,262352,1688
LeahsFieldnotes_UC59L9n7Xvdcp1fWuYkz0ZA_N0fhcUD4zrc_262840_264240.wav,LeahsFieldnotes_UC59L9n7Xvdcp1fWuYkz0ZA_N0fhcUD4zrc,262840,264240,1400
LeahsFieldnotes_UC59L9n7Xvdcp1fWuYkz0ZA_N0fhcUD4zrc_265376_267056.wav,LeahsFieldnotes_UC59L9n7Xvdcp1fWuYkz0ZA_N0fhcUD4zrc,265376,267056,1680
LeahsFieldnotes_UC59L9n7Xvdcp1fWuYkz0ZA_N0fhcUD4zrc_268056_274308.wav,LeahsFieldnotes_UC59L9n7Xvdcp1fWuYkz0ZA_N0fhcUD4zrc,268056,274308,6252
LeahsFieldnotes_UC59L9n7Xvdcp1fWuYkz0ZA_N0fhcUD4zrc_274516_275880.wav,LeahsFieldnotes_UC59L9n7Xvdcp1fWuYkz0ZA_N0fhcUD4zrc,274516,275880,1364
LeahsFieldnotes_UC59L9n7Xvdcp1fWuYkz0ZA_N0fhcUD4zrc_276736_277576.wav,LeahsFieldnotes_UC59L9n7Xvdcp1fWuYkz0ZA_N0fhcUD4zrc,276736,277576,840
LeahsFieldnotes_UC59L9n7Xvdcp1fWuYkz0ZA_N0fhcUD4zrc_278216_280216.wav,LeahsFieldnotes_UC59L9n7Xvdcp1fWuYkz0ZA_N0fhcUD4zrc,278216,280216,2000
LeahsFieldnotes_UC59L9n7Xvdcp1fWuYkz0ZA_N0fhcUD4zrc_280512_284200.wav,LeahsFieldnotes_UC59L9n7Xvdcp1fWuYkz0ZA_N0fhcUD4zrc,280512,284200,3688
LeahsFieldnotes_UC59L9n7Xvdcp1fWuYkz0ZA_N0fhcUD4zrc_284520_285104.wav,LeahsFieldnotes_UC59L9n7Xvdcp1fWuYkz0ZA_N0fhcUD4zrc,284520,285104,584
LeahsFieldnotes_UC59L9n7Xvdcp1fWuYkz0ZA_N0fhcUD4zrc_285544_286176.wav,LeahsFieldnotes_UC59L9n7Xvdcp1fWuYkz0ZA_N0fhcUD4zrc,285544,286176,632
LeahsFieldnotes_UC59L9n7Xvdcp1fWuYkz0ZA_N0fhcUD4zrc_286928_288072.wav,LeahsFieldnotes_UC59L9n7Xvdcp1fWuYkz0ZA_N0fhcUD4zrc,286928,288072,1144
LeahsFieldnotes_UC59L9n7Xvdcp1fWuYkz0ZA_N0fhcUD4zrc_288360_288576.wav,LeahsFieldnotes_UC59L9n7Xvdcp1fWuYkz0ZA_N0fhcUD4zrc,288360,288576,216
LeahsFieldnotes_UC59L9n7Xvdcp1fWuYkz0ZA_N0fhcUD4zrc_289032_291024.wav,LeahsFieldnotes_UC59L9n7Xvdcp1fWuYkz0ZA_N0fhcUD4zrc,289032,291024,1992
LeahsFieldnotes_UC59L9n7Xvdcp1fWuYkz0ZA_N0fhcUD4zrc_291488_294288.wav,LeahsFieldnotes_UC59L9n7Xvdcp1fWuYkz0ZA_N0fhcUD4zrc,291488,294288,2800
LeahsFieldnotes_UC59L9n7Xvdcp1fWuYkz0ZA_N0fhcUD4zrc_294672_301304.wav,LeahsFieldnotes_UC59L9n7Xvdcp1fWuYkz0ZA_N0fhcUD4zrc,294672,301304,6632
LeahsFieldnotes_UC59L9n7Xvdcp1fWuYkz0ZA_N0fhcUD4zrc_301576_303400.wav,LeahsFieldnotes_UC59L9n7Xvdcp1fWuYkz0ZA_N0fhcUD4zrc,301576,303400,1824
LeahsFieldnotes_UC59L9n7Xvdcp1fWuYkz0ZA_N0fhcUD4zrc_303696_305048.wav,LeahsFieldnotes_UC59L9n7Xvdcp1fWuYkz0ZA_N0fhcUD4zrc,303696,305048,1352
LeahsFieldnotes_UC59L9n7Xvdcp1fWuYkz0ZA_N0fhcUD4zrc_305752_308376.wav,LeahsFieldnotes_UC59L9n7Xvdcp1fWuYkz0ZA_N0fhcUD4zrc,305752,308376,2624
LeahsFieldnotes_UC59L9n7Xvdcp1fWuYkz0ZA_N0fhcUD4zrc_309488_314064.wav,LeahsFieldnotes_UC59L9n7Xvdcp1fWuYkz0ZA_N0fhcUD4zrc,309488,314064,4576
LeahsFieldnotes_UC59L9n7Xvdcp1fWuYkz0ZA_N0fhcUD4zrc_314328_314648.wav,LeahsFieldnotes_UC59L9n7Xvdcp1fWuYkz0ZA_N0fhcUD4zrc,314328,314648,320
LeahsFieldnotes_UC59L9n7Xvdcp1fWuYkz0ZA_N0fhcUD4zrc_315120_322512.wav,LeahsFieldnotes_UC59L9n7Xvdcp1fWuYkz0ZA_N0fhcUD4zrc,315120,322512,7392
LeahsFieldnotes_UC59L9n7Xvdcp1fWuYkz0ZA_N0fhcUD4zrc_323632_326472.wav,LeahsFieldnotes_UC59L9n7Xvdcp1fWuYkz0ZA_N0fhcUD4zrc,323632,326472,2840
LeahsFieldnotes_UC59L9n7Xvdcp1fWuYkz0ZA_N0fhcUD4zrc_326696_333368.wav,LeahsFieldnotes_UC59L9n7Xvdcp1fWuYkz0ZA_N0fhcUD4zrc,326696,333368,6672
LeahsFieldnotes_UC59L9n7Xvdcp1fWuYkz0ZA_N0fhcUD4zrc_333624_339904.wav,LeahsFieldnotes_UC59L9n7Xvdcp1fWuYkz0ZA_N0fhcUD4zrc,333624,339904,6280
LeahsFieldnotes_UC59L9n7Xvdcp1fWuYkz0ZA_N0fhcUD4zrc_340136_343416.wav,LeahsFieldnotes_UC59L9n7Xvdcp1fWuYkz0ZA_N0fhcUD4zrc,340136,343416,3280
LeahsFieldnotes_UC59L9n7Xvdcp1fWuYkz0ZA_N0fhcUD4zrc_343912_345224.wav,LeahsFieldnotes_UC59L9n7Xvdcp1fWuYkz0ZA_N0fhcUD4zrc,343912,345224,1312
LeahsFieldnotes_UC59L9n7Xvdcp1fWuYkz0ZA_N0fhcUD4zrc_345600_347544.wav,LeahsFieldnotes_UC59L9n7Xvdcp1fWuYkz0ZA_N0fhcUD4zrc,345600,347544,1944
LeahsFieldnotes_UC59L9n7Xvdcp1fWuYkz0ZA_N0fhcUD4zrc_347824_349712.wav,LeahsFieldnotes_UC59L9n7Xvdcp1fWuYkz0ZA_N0fhcUD4zrc,347824,349712,1888
LeahsFieldnotes_UC59L9n7Xvdcp1fWuYkz0ZA_N0fhcUD4zrc_350728_352376.wav,LeahsFieldnotes_UC59L9n7Xvdcp1fWuYkz0ZA_N0fhcUD4zrc,350728,352376,1648
LeahsFieldnotes_UC59L9n7Xvdcp1fWuYkz0ZA_N0fhcUD4zrc_352840_354624.wav,LeahsFieldnotes_UC59L9n7Xvdcp1fWuYkz0ZA_N0fhcUD4zrc,352840,354624,1784
LeahsFieldnotes_UC59L9n7Xvdcp1fWuYkz0ZA_N0fhcUD4zrc_356032_357016.wav,LeahsFieldnotes_UC59L9n7Xvdcp1fWuYkz0ZA_N0fhcUD4zrc,356032,357016,984
LeahsFieldnotes_UC59L9n7Xvdcp1fWuYkz0ZA_N0fhcUD4zrc_357312_361440.wav,LeahsFieldnotes_UC59L9n7Xvdcp1fWuYkz0ZA_N0fhcUD4zrc,357312,361440,4128
LeahsFieldnotes_UC59L9n7Xvdcp1fWuYkz0ZA_N0fhcUD4zrc_361760_366720.wav,LeahsFieldnotes_UC59L9n7Xvdcp1fWuYkz0ZA_N0fhcUD4zrc,361760,366720,4960
LeahsFieldnotes_UC59L9n7Xvdcp1fWuYkz0ZA_N0fhcUD4zrc_368200_372680.wav,LeahsFieldnotes_UC59L9n7Xvdcp1fWuYkz0ZA_N0fhcUD4zrc,368200,372680,4480
LeahsFieldnotes_UC59L9n7Xvdcp1fWuYkz0ZA_N0fhcUD4zrc_373048_374476.wav,LeahsFieldnotes_UC59L9n7Xvdcp1fWuYkz0ZA_N0fhcUD4zrc,373048,374476,1428
LeahsFieldnotes_UC59L9n7Xvdcp1fWuYkz0ZA_N0fhcUD4zrc_374788_377068.wav,LeahsFieldnotes_UC59L9n7Xvdcp1fWuYkz0ZA_N0fhcUD4zrc,374788,377068,2280
LeahsFieldnotes_UC59L9n7Xvdcp1fWuYkz0ZA_N0fhcUD4zrc_377404_378960.wav,LeahsFieldnotes_UC59L9n7Xvdcp1fWuYkz0ZA_N0fhcUD4zrc,377404,378960,1556
LeahsFieldnotes_UC59L9n7Xvdcp1fWuYkz0ZA_N0fhcUD4zrc_379400_383848.wav,LeahsFieldnotes_UC59L9n7Xvdcp1fWuYkz0ZA_N0fhcUD4zrc,379400,383848,4448
LeahsFieldnotes_UC59L9n7Xvdcp1fWuYkz0ZA_N0fhcUD4zrc_384296_386432.wav,LeahsFieldnotes_UC59L9n7Xvdcp1fWuYkz0ZA_N0fhcUD4zrc,384296,386432,2136
LeahsFieldnotes_UC59L9n7Xvdcp1fWuYkz0ZA_N0fhcUD4zrc_386912_390424.wav,LeahsFieldnotes_UC59L9n7Xvdcp1fWuYkz0ZA_N0fhcUD4zrc,386912,390424,3512
LeahsFieldnotes_UC59L9n7Xvdcp1fWuYkz0ZA_N0fhcUD4zrc_390768_392120.wav,LeahsFieldnotes_UC59L9n7Xvdcp1fWuYkz0ZA_N0fhcUD4zrc,390768,392120,1352
LeahsFieldnotes_UC59L9n7Xvdcp1fWuYkz0ZA_N0fhcUD4zrc_392528_394904.wav,LeahsFieldnotes_UC59L9n7Xvdcp1fWuYkz0ZA_N0fhcUD4zrc,392528,394904,2376
LeahsFieldnotes_UC59L9n7Xvdcp1fWuYkz0ZA_N0fhcUD4zrc_395408_398904.wav,LeahsFieldnotes_UC59L9n7Xvdcp1fWuYkz0ZA_N0fhcUD4zrc,395408,398904,3496
LeahsFieldnotes_UC59L9n7Xvdcp1fWuYkz0ZA_N0fhcUD4zrc_399352_407264.wav,LeahsFieldnotes_UC59L9n7Xvdcp1fWuYkz0ZA_N0fhcUD4zrc,399352,407264,7912
LeahsFieldnotes_UC59L9n7Xvdcp1fWuYkz0ZA_N0fhcUD4zrc_407496_412344.wav,LeahsFieldnotes_UC59L9n7Xvdcp1fWuYkz0ZA_N0fhcUD4zrc,407496,412344,4848
LeahsFieldnotes_UC59L9n7Xvdcp1fWuYkz0ZA_N0fhcUD4zrc_413168_413648.wav,LeahsFieldnotes_UC59L9n7Xvdcp1fWuYkz0ZA_N0fhcUD4zrc,413168,413648,480
LeahsFieldnotes_UC59L9n7Xvdcp1fWuYkz0ZA_N0fhcUD4zrc_413904_414644.wav,LeahsFieldnotes_UC59L9n7Xvdcp1fWuYkz0ZA_N0fhcUD4zrc,413904,414644,740
LeahsFieldnotes_UC59L9n7Xvdcp1fWuYkz0ZA_N0fhcUD4zrc_415036_419640.wav,LeahsFieldnotes_UC59L9n7Xvdcp1fWuYkz0ZA_N0fhcUD4zrc,415036,419640,4604
LeahsFieldnotes_UC59L9n7Xvdcp1fWuYkz0ZA_N0fhcUD4zrc_420096_420416.wav,LeahsFieldnotes_UC59L9n7Xvdcp1fWuYkz0ZA_N0fhcUD4zrc,420096,420416,320
LeahsFieldnotes_UC59L9n7Xvdcp1fWuYkz0ZA_N0fhcUD4zrc_420832_422680.wav,LeahsFieldnotes_UC59L9n7Xvdcp1fWuYkz0ZA_N0fhcUD4zrc,420832,422680,1848
LeahsFieldnotes_UC59L9n7Xvdcp1fWuYkz0ZA_N0fhcUD4zrc_423120_429480.wav,LeahsFieldnotes_UC59L9n7Xvdcp1fWuYkz0ZA_N0fhcUD4zrc,423120,429480,6360
LeahsFieldnotes_UC59L9n7Xvdcp1fWuYkz0ZA_N0fhcUD4zrc_429760_430504.wav,LeahsFieldnotes_UC59L9n7Xvdcp1fWuYkz0ZA_N0fhcUD4zrc,429760,430504,744
LeahsFieldnotes_UC59L9n7Xvdcp1fWuYkz0ZA_N0fhcUD4zrc_430784_431480.wav,LeahsFieldnotes_UC59L9n7Xvdcp1fWuYkz0ZA_N0fhcUD4zrc,430784,431480,696
LeahsFieldnotes_UC59L9n7Xvdcp1fWuYkz0ZA_N0fhcUD4zrc_431864_432112.wav,LeahsFieldnotes_UC59L9n7Xvdcp1fWuYkz0ZA_N0fhcUD4zrc,431864,432112,248
LeahsFieldnotes_UC59L9n7Xvdcp1fWuYkz0ZA_N0fhcUD4zrc_432384_433048.wav,LeahsFieldnotes_UC59L9n7Xvdcp1fWuYkz0ZA_N0fhcUD4zrc,432384,433048,664
LeahsFieldnotes_UC59L9n7Xvdcp1fWuYkz0ZA_N0fhcUD4zrc_433496_433736.wav,LeahsFieldnotes_UC59L9n7Xvdcp1fWuYkz0ZA_N0fhcUD4zrc,433496,433736,240
LeahsFieldnotes_UC59L9n7Xvdcp1fWuYkz0ZA_N0fhcUD4zrc_434256_438664.wav,LeahsFieldnotes_UC59L9n7Xvdcp1fWuYkz0ZA_N0fhcUD4zrc,434256,438664,4408
LeahsFieldnotes_UC59L9n7Xvdcp1fWuYkz0ZA_N0fhcUD4zrc_439264_439760.wav,LeahsFieldnotes_UC59L9n7Xvdcp1fWuYkz0ZA_N0fhcUD4zrc,439264,439760,496
LeahsFieldnotes_UC59L9n7Xvdcp1fWuYkz0ZA_N0fhcUD4zrc_440256_441752.wav,LeahsFieldnotes_UC59L9n7Xvdcp1fWuYkz0ZA_N0fhcUD4zrc,440256,441752,1496
LeahsFieldnotes_UC59L9n7Xvdcp1fWuYkz0ZA_N0fhcUD4zrc_442264_443192.wav,LeahsFieldnotes_UC59L9n7Xvdcp1fWuYkz0ZA_N0fhcUD4zrc,442264,443192,928
LeahsFieldnotes_UC59L9n7Xvdcp1fWuYkz0ZA_N0fhcUD4zrc_443504_446320.wav,LeahsFieldnotes_UC59L9n7Xvdcp1fWuYkz0ZA_N0fhcUD4zrc,443504,446320,2816
LeahsFieldnotes_UC59L9n7Xvdcp1fWuYkz0ZA_N0fhcUD4zrc_447000_448980.wav,LeahsFieldnotes_UC59L9n7Xvdcp1fWuYkz0ZA_N0fhcUD4zrc,447000,448980,1980
LeahsFieldnotes_UC59L9n7Xvdcp1fWuYkz0ZA_N0fhcUD4zrc_449340_451564.wav,LeahsFieldnotes_UC59L9n7Xvdcp1fWuYkz0ZA_N0fhcUD4zrc,449340,451564,2224
LeahsFieldnotes_UC59L9n7Xvdcp1fWuYkz0ZA_N0fhcUD4zrc_451868_454484.wav,LeahsFieldnotes_UC59L9n7Xvdcp1fWuYkz0ZA_N0fhcUD4zrc,451868,454484,2616
LeahsFieldnotes_UC59L9n7Xvdcp1fWuYkz0ZA_N0fhcUD4zrc_455264_460048.wav,LeahsFieldnotes_UC59L9n7Xvdcp1fWuYkz0ZA_N0fhcUD4zrc,455264,460048,4784
LeahsFieldnotes_UC59L9n7Xvdcp1fWuYkz0ZA_N0fhcUD4zrc_460704_463320.wav,LeahsFieldnotes_UC59L9n7Xvdcp1fWuYkz0ZA_N0fhcUD4zrc,460704,463320,2616
LeahsFieldnotes_UC59L9n7Xvdcp1fWuYkz0ZA_N0fhcUD4zrc_463912_464552.wav,LeahsFieldnotes_UC59L9n7Xvdcp1fWuYkz0ZA_N0fhcUD4zrc,463912,464552,640
LeahsFieldnotes_UC59L9n7Xvdcp1fWuYkz0ZA_N0fhcUD4zrc_465712_469176.wav,LeahsFieldnotes_UC59L9n7Xvdcp1fWuYkz0ZA_N0fhcUD4zrc,465712,469176,3464
LeahsFieldnotes_UC59L9n7Xvdcp1fWuYkz0ZA_N0fhcUD4zrc_469976_475536.wav,LeahsFieldnotes_UC59L9n7Xvdcp1fWuYkz0ZA_N0fhcUD4zrc,469976,475536,5560
LeahsFieldnotes_UC59L9n7Xvdcp1fWuYkz0ZA_N0fhcUD4zrc_475856_478752.wav,LeahsFieldnotes_UC59L9n7Xvdcp1fWuYkz0ZA_N0fhcUD4zrc,475856,478752,2896
LeahsFieldnotes_UC59L9n7Xvdcp1fWuYkz0ZA_N0fhcUD4zrc_479760_480296.wav,LeahsFieldnotes_UC59L9n7Xvdcp1fWuYkz0ZA_N0fhcUD4zrc,479760,480296,536
LeahsFieldnotes_UC59L9n7Xvdcp1fWuYkz0ZA_N0fhcUD4zrc_480656_493888.wav,LeahsFieldnotes_UC59L9n7Xvdcp1fWuYkz0ZA_N0fhcUD4zrc,480656,493888,13232
LeahsFieldnotes_UC59L9n7Xvdcp1fWuYkz0ZA_N0fhcUD4zrc_494336_497784.wav,LeahsFieldnotes_UC59L9n7Xvdcp1fWuYkz0ZA_N0fhcUD4zrc,494336,497784,3448
LeahsFieldnotes_UC59L9n7Xvdcp1fWuYkz0ZA_N0fhcUD4zrc_498256_499440.wav,LeahsFieldnotes_UC59L9n7Xvdcp1fWuYkz0ZA_N0fhcUD4zrc,498256,499440,1184
LeahsFieldnotes_UC59L9n7Xvdcp1fWuYkz0ZA_N0fhcUD4zrc_500216_501608.wav,LeahsFieldnotes_UC59L9n7Xvdcp1fWuYkz0ZA_N0fhcUD4zrc,500216,501608,1392
LeahsFieldnotes_UC59L9n7Xvdcp1fWuYkz0ZA_N0fhcUD4zrc_503704_505048.wav,LeahsFieldnotes_UC59L9n7Xvdcp1fWuYkz0ZA_N0fhcUD4zrc,503704,505048,1344
LeahsFieldnotes_UC59L9n7Xvdcp1fWuYkz0ZA_N0fhcUD4zrc_505872_509632.wav,LeahsFieldnotes_UC59L9n7Xvdcp1fWuYkz0ZA_N0fhcUD4zrc,505872,509632,3760
LeahsFieldnotes_UC59L9n7Xvdcp1fWuYkz0ZA_N0fhcUD4zrc_509976_510488.wav,LeahsFieldnotes_UC59L9n7Xvdcp1fWuYkz0ZA_N0fhcUD4zrc,509976,510488,512
LeahsFieldnotes_UC59L9n7Xvdcp1fWuYkz0ZA_N0fhcUD4zrc_510960_514024.wav,LeahsFieldnotes_UC59L9n7Xvdcp1fWuYkz0ZA_N0fhcUD4zrc,510960,514024,3064
LeahsFieldnotes_UC59L9n7Xvdcp1fWuYkz0ZA_N0fhcUD4zrc_514744_518176.wav,LeahsFieldnotes_UC59L9n7Xvdcp1fWuYkz0ZA_N0fhcUD4zrc,514744,518176,3432
LeahsFieldnotes_UC59L9n7Xvdcp1fWuYkz0ZA_N0fhcUD4zrc_518688_522944.wav,LeahsFieldnotes_UC59L9n7Xvdcp1fWuYkz0ZA_N0fhcUD4zrc,518688,522944,4256
LeahsFieldnotes_UC59L9n7Xvdcp1fWuYkz0ZA_N0fhcUD4zrc_523176_526784.wav,LeahsFieldnotes_UC59L9n7Xvdcp1fWuYkz0ZA_N0fhcUD4zrc,523176,526784,3608
LeahsFieldnotes_UC59L9n7Xvdcp1fWuYkz0ZA_N0fhcUD4zrc_527416_529296.wav,LeahsFieldnotes_UC59L9n7Xvdcp1fWuYkz0ZA_N0fhcUD4zrc,527416,529296,1880
LeahsFieldnotes_UC59L9n7Xvdcp1fWuYkz0ZA_N0fhcUD4zrc_529728_540136.wav,LeahsFieldnotes_UC59L9n7Xvdcp1fWuYkz0ZA_N0fhcUD4zrc,529728,540136,10408
LeahsFieldnotes_UC59L9n7Xvdcp1fWuYkz0ZA_N0fhcUD4zrc_540640_541384.wav,LeahsFieldnotes_UC59L9n7Xvdcp1fWuYkz0ZA_N0fhcUD4zrc,540640,541384,744
LeahsFieldnotes_UC59L9n7Xvdcp1fWuYkz0ZA_N0fhcUD4zrc_541848_544792.wav,LeahsFieldnotes_UC59L9n7Xvdcp1fWuYkz0ZA_N0fhcUD4zrc,541848,544792,2944
LeahsFieldnotes_UC59L9n7Xvdcp1fWuYkz0ZA_N0fhcUD4zrc_545752_546792.wav,LeahsFieldnotes_UC59L9n7Xvdcp1fWuYkz0ZA_N0fhcUD4zrc,545752,546792,1040
LeahsFieldnotes_UC59L9n7Xvdcp1fWuYkz0ZA_N0fhcUD4zrc_547128_553040.wav,LeahsFieldnotes_UC59L9n7Xvdcp1fWuYkz0ZA_N0fhcUD4zrc,547128,553040,5912
LeahsFieldnotes_UC59L9n7Xvdcp1fWuYkz0ZA_N0fhcUD4zrc_553328_555448.wav,LeahsFieldnotes_UC59L9n7Xvdcp1fWuYkz0ZA_N0fhcUD4zrc,553328,555448,2120
LeahsFieldnotes_UC59L9n7Xvdcp1fWuYkz0ZA_N0fhcUD4zrc_555600_559928.wav,LeahsFieldnotes_UC59L9n7Xvdcp1fWuYkz0ZA_N0fhcUD4zrc,555600,559928,4328
LeahsFieldnotes_UC59L9n7Xvdcp1fWuYkz0ZA_N0fhcUD4zrc_560112_563416.wav,LeahsFieldnotes_UC59L9n7Xvdcp1fWuYkz0ZA_N0fhcUD4zrc,560112,563416,3304
LeahsFieldnotes_UC59L9n7Xvdcp1fWuYkz0ZA_N0fhcUD4zrc_563664_567104.wav,LeahsFieldnotes_UC59L9n7Xvdcp1fWuYkz0ZA_N0fhcUD4zrc,563664,567104,3440
LeahsFieldnotes_UC59L9n7Xvdcp1fWuYkz0ZA_N0fhcUD4zrc_567848_571800.wav,LeahsFieldnotes_UC59L9n7Xvdcp1fWuYkz0ZA_N0fhcUD4zrc,567848,571800,3952
LeahsFieldnotes_UC59L9n7Xvdcp1fWuYkz0ZA_N0fhcUD4zrc_571928_578664.wav,LeahsFieldnotes_UC59L9n7Xvdcp1fWuYkz0ZA_N0fhcUD4zrc,571928,578664,6736
LeahsFieldnotes_UC59L9n7Xvdcp1fWuYkz0ZA_N0fhcUD4zrc_578960_590120.wav,LeahsFieldnotes_UC59L9n7Xvdcp1fWuYkz0ZA_N0fhcUD4zrc,578960,590120,11160
LeahsFieldnotes_UC59L9n7Xvdcp1fWuYkz0ZA_N0fhcUD4zrc_590752_594192.wav,LeahsFieldnotes_UC59L9n7Xvdcp1fWuYkz0ZA_N0fhcUD4zrc,590752,594192,3440
LeahsFieldnotes_UC59L9n7Xvdcp1fWuYkz0ZA_N0fhcUD4zrc_594656_601668.wav,LeahsFieldnotes_UC59L9n7Xvdcp1fWuYkz0ZA_N0fhcUD4zrc,594656,601668,7012
LeahsFieldnotes_UC59L9n7Xvdcp1fWuYkz0ZA_N0fhcUD4zrc_601916_610088.wav,LeahsFieldnotes_UC59L9n7Xvdcp1fWuYkz0ZA_N0fhcUD4zrc,601916,610088,8172
LeahsFieldnotes_UC59L9n7Xvdcp1fWuYkz0ZA_N0fhcUD4zrc_610448_617632.wav,LeahsFieldnotes_UC59L9n7Xvdcp1fWuYkz0ZA_N0fhcUD4zrc,610448,617632,7184
LeahsFieldnotes_UC59L9n7Xvdcp1fWuYkz0ZA_N0fhcUD4zrc_617856_624388.wav,LeahsFieldnotes_UC59L9n7Xvdcp1fWuYkz0ZA_N0fhcUD4zrc,617856,624388,6532
LeahsFieldnotes_UC59L9n7Xvdcp1fWuYkz0ZA_N0fhcUD4zrc_624516_628880.wav,LeahsFieldnotes_UC59L9n7Xvdcp1fWuYkz0ZA_N0fhcUD4zrc,624516,628880,4364
LeahsFieldnotes_UC59L9n7Xvdcp1fWuYkz0ZA_N0fhcUD4zrc_629056_631904.wav,LeahsFieldnotes_UC59L9n7Xvdcp1fWuYkz0ZA_N0fhcUD4zrc,629056,631904,2848
LeahsFieldnotes_UC59L9n7Xvdcp1fWuYkz0ZA_N0fhcUD4zrc_632104_633224.wav,LeahsFieldnotes_UC59L9n7Xvdcp1fWuYkz0ZA_N0fhcUD4zrc,632104,633224,1120
LeahsFieldnotes_UC59L9n7Xvdcp1fWuYkz0ZA_N0fhcUD4zrc_634216_634456.wav,LeahsFieldnotes_UC59L9n7Xvdcp1fWuYkz0ZA_N0fhcUD4zrc,634216,634456,240
LeahsFieldnotes_UC59L9n7Xvdcp1fWuYkz0ZA_N0fhcUD4zrc_634848_636128.wav,LeahsFieldnotes_UC59L9n7Xvdcp1fWuYkz0ZA_N0fhcUD4zrc,634848,636128,1280
LeahsFieldnotes_UC59L9n7Xvdcp1fWuYkz0ZA_N0fhcUD4zrc_636448_638368.wav,LeahsFieldnotes_UC59L9n7Xvdcp1fWuYkz0ZA_N0fhcUD4zrc,636448,638368,1920
LeahsFieldnotes_UC59L9n7Xvdcp1fWuYkz0ZA_N0fhcUD4zrc_638808_642416.wav,LeahsFieldnotes_UC59L9n7Xvdcp1fWuYkz0ZA_N0fhcUD4zrc,638808,642416,3608
LeahsFieldnotes_UC59L9n7Xvdcp1fWuYkz0ZA_N0fhcUD4zrc_642800_643992.wav,LeahsFieldnotes_UC59L9n7Xvdcp1fWuYkz0ZA_N0fhcUD4zrc,642800,643992,1192
LeahsFieldnotes_UC59L9n7Xvdcp1fWuYkz0ZA_N0fhcUD4zrc_644312_644744.wav,LeahsFieldnotes_UC59L9n7Xvdcp1fWuYkz0ZA_N0fhcUD4zrc,644312,644744,432
LeahsFieldnotes_UC59L9n7Xvdcp1fWuYkz0ZA_N0fhcUD4zrc_645040_647464.wav,LeahsFieldnotes_UC59L9n7Xvdcp1fWuYkz0ZA_N0fhcUD4zrc,645040,647464,2424
LeahsFieldnotes_UC59L9n7Xvdcp1fWuYkz0ZA_N0fhcUD4zrc_648288_648644.wav,LeahsFieldnotes_UC59L9n7Xvdcp1fWuYkz0ZA_N0fhcUD4zrc,648288,648644,356
LeahsFieldnotes_UC59L9n7Xvdcp1fWuYkz0ZA_N0fhcUD4zrc_648916_655512.wav,LeahsFieldnotes_UC59L9n7Xvdcp1fWuYkz0ZA_N0fhcUD4zrc,648916,655512,6596
LeahsFieldnotes_UC59L9n7Xvdcp1fWuYkz0ZA_N0fhcUD4zrc_656264_657872.wav,LeahsFieldnotes_UC59L9n7Xvdcp1fWuYkz0ZA_N0fhcUD4zrc,656264,657872,1608
LeahsFieldnotes_UC59L9n7Xvdcp1fWuYkz0ZA_N0fhcUD4zrc_658160_658680.wav,LeahsFieldnotes_UC59L9n7Xvdcp1fWuYkz0ZA_N0fhcUD4zrc,658160,658680,520
LeahsFieldnotes_UC59L9n7Xvdcp1fWuYkz0ZA_N0fhcUD4zrc_659192_661000.wav,LeahsFieldnotes_UC59L9n7Xvdcp1fWuYkz0ZA_N0fhcUD4zrc,659192,661000,1808
LeahsFieldnotes_UC59L9n7Xvdcp1fWuYkz0ZA_N0fhcUD4zrc_662056_662856.wav,LeahsFieldnotes_UC59L9n7Xvdcp1fWuYkz0ZA_N0fhcUD4zrc,662056,662856,800
LeahsFieldnotes_UC59L9n7Xvdcp1fWuYkz0ZA_N0fhcUD4zrc_663544_670864.wav,LeahsFieldnotes_UC59L9n7Xvdcp1fWuYkz0ZA_N0fhcUD4zrc,663544,670864,7320
LeahsFieldnotes_UC59L9n7Xvdcp1fWuYkz0ZA_N0fhcUD4zrc_671232_675520.wav,LeahsFieldnotes_UC59L9n7Xvdcp1fWuYkz0ZA_N0fhcUD4zrc,671232,675520,4288
LeahsFieldnotes_UC59L9n7Xvdcp1fWuYkz0ZA_N0fhcUD4zrc_676296_679872.wav,LeahsFieldnotes_UC59L9n7Xvdcp1fWuYkz0ZA_N0fhcUD4zrc,676296,679872,3576
LeahsFieldnotes_UC59L9n7Xvdcp1fWuYkz0ZA_N0fhcUD4zrc_680240_681080.wav,LeahsFieldnotes_UC59L9n7Xvdcp1fWuYkz0ZA_N0fhcUD4zrc,680240,681080,840
LeahsFieldnotes_UC59L9n7Xvdcp1fWuYkz0ZA_N0fhcUD4zrc_681568_686112.wav,LeahsFieldnotes_UC59L9n7Xvdcp1fWuYkz0ZA_N0fhcUD4zrc,681568,686112,4544
LeahsFieldnotes_UC59L9n7Xvdcp1fWuYkz0ZA_N0fhcUD4zrc_686560_690328.wav,LeahsFieldnotes_UC59L9n7Xvdcp1fWuYkz0ZA_N0fhcUD4zrc,686560,690328,3768
LeahsFieldnotes_UC59L9n7Xvdcp1fWuYkz0ZA_N0fhcUD4zrc_690640_697272.wav,LeahsFieldnotes_UC59L9n7Xvdcp1fWuYkz0ZA_N0fhcUD4zrc,690640,697272,6632
LeahsFieldnotes_UC59L9n7Xvdcp1fWuYkz0ZA_N0fhcUD4zrc_697552_700600.wav,LeahsFieldnotes_UC59L9n7Xvdcp1fWuYkz0ZA_N0fhcUD4zrc,697552,700600,3048
LeahsFieldnotes_UC59L9n7Xvdcp1fWuYkz0ZA_N0fhcUD4zrc_701112_705088.wav,LeahsFieldnotes_UC59L9n7Xvdcp1fWuYkz0ZA_N0fhcUD4zrc,701112,705088,3976
LeahsFieldnotes_UC59L9n7Xvdcp1fWuYkz0ZA_N0fhcUD4zrc_705368_710648.wav,LeahsFieldnotes_UC59L9n7Xvdcp1fWuYkz0ZA_N0fhcUD4zrc,705368,710648,5280
LeahsFieldnotes_UC59L9n7Xvdcp1fWuYkz0ZA_N0fhcUD4zrc_711112_712192.wav,LeahsFieldnotes_UC59L9n7Xvdcp1fWuYkz0ZA_N0fhcUD4zrc,711112,712192,1080
LeahsFieldnotes_UC59L9n7Xvdcp1fWuYkz0ZA_N0fhcUD4zrc_713384_714680.wav,LeahsFieldnotes_UC59L9n7Xvdcp1fWuYkz0ZA_N0fhcUD4zrc,713384,714680,1296
LeahsFieldnotes_UC59L9n7Xvdcp1fWuYkz0ZA_N0fhcUD4zrc_715384_718016.wav,LeahsFieldnotes_UC59L9n7Xvdcp1fWuYkz0ZA_N0fhcUD4zrc,715384,718016,2632
LeahsFieldnotes_UC59L9n7Xvdcp1fWuYkz0ZA_N0fhcUD4zrc_718552_721760.wav,LeahsFieldnotes_UC59L9n7Xvdcp1fWuYkz0ZA_N0fhcUD4zrc,718552,721760,3208
LeahsFieldnotes_UC59L9n7Xvdcp1fWuYkz0ZA_N0fhcUD4zrc_722064_725720.wav,LeahsFieldnotes_UC59L9n7Xvdcp1fWuYkz0ZA_N0fhcUD4zrc,722064,725720,3656
LeahsFieldnotes_UC59L9n7Xvdcp1fWuYkz0ZA_N0fhcUD4zrc_726072_731008.wav,LeahsFieldnotes_UC59L9n7Xvdcp1fWuYkz0ZA_N0fhcUD4zrc,726072,731008,4936
LeahsFieldnotes_UC59L9n7Xvdcp1fWuYkz0ZA_N0fhcUD4zrc_731400_733936.wav,LeahsFieldnotes_UC59L9n7Xvdcp1fWuYkz0ZA_N0fhcUD4zrc,731400,733936,2536
LeahsFieldnotes_UC59L9n7Xvdcp1fWuYkz0ZA_N0fhcUD4zrc_734640_737552.wav,LeahsFieldnotes_UC59L9n7Xvdcp1fWuYkz0ZA_N0fhcUD4zrc,734640,737552,2912
LeahsFieldnotes_UC59L9n7Xvdcp1fWuYkz0ZA_N0fhcUD4zrc_737864_740668.wav,LeahsFieldnotes_UC59L9n7Xvdcp1fWuYkz0ZA_N0fhcUD4zrc,737864,740668,2804
LeahsFieldnotes_UC59L9n7Xvdcp1fWuYkz0ZA_N0fhcUD4zrc_740988_749822.wav,LeahsFieldnotes_UC59L9n7Xvdcp1fWuYkz0ZA_N0fhcUD4zrc,740988,749822,8834
LeahsFieldnotes_UC59L9n7Xvdcp1fWuYkz0ZA_N0fhcUD4zrc_750416_751360.wav,LeahsFieldnotes_UC59L9n7Xvdcp1fWuYkz0ZA_N0fhcUD4zrc,750416,751360,944
LeahsFieldnotes_UC59L9n7Xvdcp1fWuYkz0ZA_N0fhcUD4zrc_752080_753064.wav,LeahsFieldnotes_UC59L9n7Xvdcp1fWuYkz0ZA_N0fhcUD4zrc,752080,753064,984
LeahsFieldnotes_UC59L9n7Xvdcp1fWuYkz0ZA_N0fhcUD4zrc_753352_755440.wav,LeahsFieldnotes_UC59L9n7Xvdcp1fWuYkz0ZA_N0fhcUD4zrc,753352,755440,2088
LeahsFieldnotes_UC59L9n7Xvdcp1fWuYkz0ZA_N0fhcUD4zrc_755800_756256.wav,LeahsFieldnotes_UC59L9n7Xvdcp1fWuYkz0ZA_N0fhcUD4zrc,755800,756256,456
LeahsFieldnotes_UC59L9n7Xvdcp1fWuYkz0ZA_N0fhcUD4zrc_757096_757528.wav,LeahsFieldnotes_UC59L9n7Xvdcp1fWuYkz0ZA_N0fhcUD4zrc,757096,757528,432
LeahsFieldnotes_UC59L9n7Xvdcp1fWuYkz0ZA_N0fhcUD4zrc_757888_763256.wav,LeahsFieldnotes_UC59L9n7Xvdcp1fWuYkz0ZA_N0fhcUD4zrc,757888,763256,5368
LeahsFieldnotes_UC59L9n7Xvdcp1fWuYkz0ZA_N0fhcUD4zrc_763824_768604.wav,LeahsFieldnotes_UC59L9n7Xvdcp1fWuYkz0ZA_N0fhcUD4zrc,763824,768604,4780
LeahsFieldnotes_UC59L9n7Xvdcp1fWuYkz0ZA_N0fhcUD4zrc_768796_772520.wav,LeahsFieldnotes_UC59L9n7Xvdcp1fWuYkz0ZA_N0fhcUD4zrc,768796,772520,3724
LeahsFieldnotes_UC59L9n7Xvdcp1fWuYkz0ZA_N0fhcUD4zrc_773176_776152.wav,LeahsFieldnotes_UC59L9n7Xvdcp1fWuYkz0ZA_N0fhcUD4zrc,773176,776152,2976
LeahsFieldnotes_UC59L9n7Xvdcp1fWuYkz0ZA_N0fhcUD4zrc_777240_783848.wav,LeahsFieldnotes_UC59L9n7Xvdcp1fWuYkz0ZA_N0fhcUD4zrc,777240,783848,6608
LeahsFieldnotes_UC59L9n7Xvdcp1fWuYkz0ZA_N0fhcUD4zrc_784168_785192.wav,LeahsFieldnotes_UC59L9n7Xvdcp1fWuYkz0ZA_N0fhcUD4zrc,784168,785192,1024
LeahsFieldnotes_UC59L9n7Xvdcp1fWuYkz0ZA_N0fhcUD4zrc_786224_789856.wav,LeahsFieldnotes_UC59L9n7Xvdcp1fWuYkz0ZA_N0fhcUD4zrc,786224,789856,3632
LeahsFieldnotes_UC59L9n7Xvdcp1fWuYkz0ZA_N0fhcUD4zrc_790376_796312.wav,LeahsFieldnotes_UC59L9n7Xvdcp1fWuYkz0ZA_N0fhcUD4zrc,790376,796312,5936
LeahsFieldnotes_UC59L9n7Xvdcp1fWuYkz0ZA_N0fhcUD4zrc_796744_797016.wav,LeahsFieldnotes_UC59L9n7Xvdcp1fWuYkz0ZA_N0fhcUD4zrc,796744,797016,272
LeahsFieldnotes_UC59L9n7Xvdcp1fWuYkz0ZA_N0fhcUD4zrc_797456_800072.wav,LeahsFieldnotes_UC59L9n7Xvdcp1fWuYkz0ZA_N0fhcUD4zrc,797456,800072,2616
LeahsFieldnotes_UC59L9n7Xvdcp1fWuYkz0ZA_N0fhcUD4zrc_800656_802168.wav,LeahsFieldnotes_UC59L9n7Xvdcp1fWuYkz0ZA_N0fhcUD4zrc,800656,802168,1512
LeahsFieldnotes_UC59L9n7Xvdcp1fWuYkz0ZA_N0fhcUD4zrc_802944_803352.wav,LeahsFieldnotes_UC59L9n7Xvdcp1fWuYkz0ZA_N0fhcUD4zrc,802944,803352,408
LeahsFieldnotes_UC59L9n7Xvdcp1fWuYkz0ZA_N0fhcUD4zrc_804536_805736.wav,LeahsFieldnotes_UC59L9n7Xvdcp1fWuYkz0ZA_N0fhcUD4zrc,804536,805736,1200
LeahsFieldnotes_UC59L9n7Xvdcp1fWuYkz0ZA_N0fhcUD4zrc_807296_808760.wav,LeahsFieldnotes_UC59L9n7Xvdcp1fWuYkz0ZA_N0fhcUD4zrc,807296,808760,1464
LeahsFieldnotes_UC59L9n7Xvdcp1fWuYkz0ZA_N0fhcUD4zrc_809216_811560.wav,LeahsFieldnotes_UC59L9n7Xvdcp1fWuYkz0ZA_N0fhcUD4zrc,809216,811560,2344
LeahsFieldnotes_UC59L9n7Xvdcp1fWuYkz0ZA_N0fhcUD4zrc_813800_815464.wav,LeahsFieldnotes_UC59L9n7Xvdcp1fWuYkz0ZA_N0fhcUD4zrc,813800,815464,1664
LeahsFieldnotes_UC59L9n7Xvdcp1fWuYkz0ZA_N0fhcUD4zrc_816864_821648.wav,LeahsFieldnotes_UC59L9n7Xvdcp1fWuYkz0ZA_N0fhcUD4zrc,816864,821648,4784
LeahsFieldnotes_UC59L9n7Xvdcp1fWuYkz0ZA_N0fhcUD4zrc_822040_822840.wav,LeahsFieldnotes_UC59L9n7Xvdcp1fWuYkz0ZA_N0fhcUD4zrc,822040,822840,800
LeahsFieldnotes_UC59L9n7Xvdcp1fWuYkz0ZA_N0fhcUD4zrc_823456_824832.wav,LeahsFieldnotes_UC59L9n7Xvdcp1fWuYkz0ZA_N0fhcUD4zrc,823456,824832,1376
LeahsFieldnotes_UC59L9n7Xvdcp1fWuYkz0ZA_N0fhcUD4zrc_825824_828176.wav,LeahsFieldnotes_UC59L9n7Xvdcp1fWuYkz0ZA_N0fhcUD4zrc,825824,828176,2352
LeahsFieldnotes_UC59L9n7Xvdcp1fWuYkz0ZA_N0fhcUD4zrc_828592_830312.wav,LeahsFieldnotes_UC59L9n7Xvdcp1fWuYkz0ZA_N0fhcUD4zrc,828592,830312,1720
LeahsFieldnotes_UC59L9n7Xvdcp1fWuYkz0ZA_N0fhcUD4zrc_830912_837808.wav,LeahsFieldnotes_UC59L9n7Xvdcp1fWuYkz0ZA_N0fhcUD4zrc,830912,837808,6896
LeahsFieldnotes_UC59L9n7Xvdcp1fWuYkz0ZA_N0fhcUD4zrc_838672_845800.wav,LeahsFieldnotes_UC59L9n7Xvdcp1fWuYkz0ZA_N0fhcUD4zrc,838672,845800,7128
LeahsFieldnotes_UC59L9n7Xvdcp1fWuYkz0ZA_N0fhcUD4zrc_845928_850416.wav,LeahsFieldnotes_UC59L9n7Xvdcp1fWuYkz0ZA_N0fhcUD4zrc,845928,850416,4488
LeahsFieldnotes_UC59L9n7Xvdcp1fWuYkz0ZA_N0fhcUD4zrc_850632_855856.wav,LeahsFieldnotes_UC59L9n7Xvdcp1fWuYkz0ZA_N0fhcUD4zrc,850632,855856,5224
LeahsFieldnotes_UC59L9n7Xvdcp1fWuYkz0ZA_N0fhcUD4zrc_857056_859888.wav,LeahsFieldnotes_UC59L9n7Xvdcp1fWuYkz0ZA_N0fhcUD4zrc,857056,859888,2832
LeahsFieldnotes_UC59L9n7Xvdcp1fWuYkz0ZA_N0fhcUD4zrc_860280_864344.wav,LeahsFieldnotes_UC59L9n7Xvdcp1fWuYkz0ZA_N0fhcUD4zrc,860280,864344,4064
LeahsFieldnotes_UC59L9n7Xvdcp1fWuYkz0ZA_N0fhcUD4zrc_864568_869160.wav,LeahsFieldnotes_UC59L9n7Xvdcp1fWuYkz0ZA_N0fhcUD4zrc,864568,869160,4592
LeahsFieldnotes_UC59L9n7Xvdcp1fWuYkz0ZA_N0fhcUD4zrc_869984_870272.wav,LeahsFieldnotes_UC59L9n7Xvdcp1fWuYkz0ZA_N0fhcUD4zrc,869984,870272,288
LeahsFieldnotes_UC59L9n7Xvdcp1fWuYkz0ZA_N0fhcUD4zrc_870704_871160.wav,LeahsFieldnotes_UC59L9n7Xvdcp1fWuYkz0ZA_N0fhcUD4zrc,870704,871160,456
LeahsFieldnotes_UC59L9n7Xvdcp1fWuYkz0ZA_N0fhcUD4zrc_871440_872088.wav,LeahsFieldnotes_UC59L9n7Xvdcp1fWuYkz0ZA_N0fhcUD4zrc,871440,872088,648
LeahsFieldnotes_UC59L9n7Xvdcp1fWuYkz0ZA_N0fhcUD4zrc_872512_876328.wav,LeahsFieldnotes_UC59L9n7Xvdcp1fWuYkz0ZA_N0fhcUD4zrc,872512,876328,3816
LeahsFieldnotes_UC59L9n7Xvdcp1fWuYkz0ZA_N0fhcUD4zrc_876800_882388.wav,LeahsFieldnotes_UC59L9n7Xvdcp1fWuYkz0ZA_N0fhcUD4zrc,876800,882388,5588
LeahsFieldnotes_UC59L9n7Xvdcp1fWuYkz0ZA_N0fhcUD4zrc_882548_886432.wav,LeahsFieldnotes_UC59L9n7Xvdcp1fWuYkz0ZA_N0fhcUD4zrc,882548,886432,3884
LeahsFieldnotes_UC59L9n7Xvdcp1fWuYkz0ZA_N0fhcUD4zrc_886664_891216.wav,LeahsFieldnotes_UC59L9n7Xvdcp1fWuYkz0ZA_N0fhcUD4zrc,886664,891216,4552
LeahsFieldnotes_UC59L9n7Xvdcp1fWuYkz0ZA_N0fhcUD4zrc_892240_899392.wav,LeahsFieldnotes_UC59L9n7Xvdcp1fWuYkz0ZA_N0fhcUD4zrc,892240,899392,7152
LeahsFieldnotes_UC59L9n7Xvdcp1fWuYkz0ZA_N0fhcUD4zrc_899704_906848.wav,LeahsFieldnotes_UC59L9n7Xvdcp1fWuYkz0ZA_N0fhcUD4zrc,899704,906848,7144
LeahsFieldnotes_UC59L9n7Xvdcp1fWuYkz0ZA_N0fhcUD4zrc_907960_909544.wav,LeahsFieldnotes_UC59L9n7Xvdcp1fWuYkz0ZA_N0fhcUD4zrc,907960,909544,1584
LeahsFieldnotes_UC59L9n7Xvdcp1fWuYkz0ZA_N0fhcUD4zrc_910664_911632.wav,LeahsFieldnotes_UC59L9n7Xvdcp1fWuYkz0ZA_N0fhcUD4zrc,910664,911632,968
LeahsFieldnotes_UC59L9n7Xvdcp1fWuYkz0ZA_N0fhcUD4zrc_912704_913048.wav,LeahsFieldnotes_UC59L9n7Xvdcp1fWuYkz0ZA_N0fhcUD4zrc,912704,913048,344
LeahsFieldnotes_UC59L9n7Xvdcp1fWuYkz0ZA_N0fhcUD4zrc_913736_916536.wav,LeahsFieldnotes_UC59L9n7Xvdcp1fWuYkz0ZA_N0fhcUD4zrc,913736,916536,2800
LeahsFieldnotes_UC59L9n7Xvdcp1fWuYkz0ZA_N0fhcUD4zrc_917408_920192.wav,LeahsFieldnotes_UC59L9n7Xvdcp1fWuYkz0ZA_N0fhcUD4zrc,917408,920192,2784
LeahsFieldnotes_UC59L9n7Xvdcp1fWuYkz0ZA_N0fhcUD4zrc_920544_921584.wav,LeahsFieldnotes_UC59L9n7Xvdcp1fWuYkz0ZA_N0fhcUD4zrc,920544,921584,1040
LeahsFieldnotes_UC59L9n7Xvdcp1fWuYkz0ZA_N0fhcUD4zrc_922176_923832.wav,LeahsFieldnotes_UC59L9n7Xvdcp1fWuYkz0ZA_N0fhcUD4zrc,922176,923832,1656
LeahsFieldnotes_UC59L9n7Xvdcp1fWuYkz0ZA_N0fhcUD4zrc_923976_932736.wav,LeahsFieldnotes_UC59L9n7Xvdcp1fWuYkz0ZA_N0fhcUD4zrc,923976,932736,8760
LeahsFieldnotes_UC59L9n7Xvdcp1fWuYkz0ZA_N0fhcUD4zrc_932880_935096.wav,LeahsFieldnotes_UC59L9n7Xvdcp1fWuYkz0ZA_N0fhcUD4zrc,932880,935096,2216
LeahsFieldnotes_UC59L9n7Xvdcp1fWuYkz0ZA_N0fhcUD4zrc_935312_940744.wav,LeahsFieldnotes_UC59L9n7Xvdcp1fWuYkz0ZA_N0fhcUD4zrc,935312,940744,5432
LeahsFieldnotes_UC59L9n7Xvdcp1fWuYkz0ZA_N0fhcUD4zrc_942400_942528.wav,LeahsFieldnotes_UC59L9n7Xvdcp1fWuYkz0ZA_N0fhcUD4zrc,942400,942528,128
