filename,video_id,start_time,end_time,duration
SophiaChang_UCLhLyKIZYf4lCcilMujzXAA_cvm0KWFzi78_512_1304.wav,SophiaChang_UCLhLyKIZYf4lCcilMujzXAA_cvm0KWFzi78,512,1304,792
SophiaChang_UCLhLyKIZYf4lCcilMujzXAA_cvm0KWFzi78_1728_11064.wav,SophiaChang_UCLhLyKIZYf4lCcilMujzXAA_cvm0KWFzi78,1728,11064,9336
SophiaChang_UCLhLyKIZYf4lCcilMujzXAA_cvm0KWFzi78_11288_14056.wav,SophiaChang_UCLhLyKIZYf4lCcilMujzXAA_cvm0KWFzi78,11288,14056,2768
SophiaChang_UCLhLyKIZYf4lCcilMujzXAA_cvm0KWFzi78_14400_18008.wav,SophiaChang_UCLhLyKIZYf4lCcilMujzXAA_cvm0KWFzi78,14400,18008,3608
SophiaChang_UCLhLyKIZYf4lCcilMujzXAA_cvm0KWFzi78_18280_20880.wav,SophiaChang_UCLhLyKIZYf4lCcilMujzXAA_cvm0KWFzi78,18280,20880,2600
SophiaChang_UCLhLyKIZYf4lCcilMujzXAA_cvm0KWFzi78_21064_32648.wav,SophiaChang_UCLhLyKIZYf4lCcilMujzXAA_cvm0KWFzi78,21064,32648,11584
SophiaChang_UCLhLyKIZYf4lCcilMujzXAA_cvm0KWFzi78_32832_38840.wav,SophiaChang_UCLhLyKIZYf4lCcilMujzXAA_cvm0KWFzi78,32832,38840,6008
SophiaChang_UCLhLyKIZYf4lCcilMujzXAA_cvm0KWFzi78_39024_49753.wav,SophiaChang_UCLhLyKIZYf4lCcilMujzXAA_cvm0KWFzi78,39024,49753,10729
SophiaChang_UCLhLyKIZYf4lCcilMujzXAA_cvm0KWFzi78_50017_54081.wav,SophiaChang_UCLhLyKIZYf4lCcilMujzXAA_cvm0KWFzi78,50017,54081,4064
SophiaChang_UCLhLyKIZYf4lCcilMujzXAA_cvm0KWFzi78_54321_61721.wav,SophiaChang_UCLhLyKIZYf4lCcilMujzXAA_cvm0KWFzi78,54321,61721,7400
SophiaChang_UCLhLyKIZYf4lCcilMujzXAA_cvm0KWFzi78_61881_64641.wav,SophiaChang_UCLhLyKIZYf4lCcilMujzXAA_cvm0KWFzi78,61881,64641,2760
SophiaChang_UCLhLyKIZYf4lCcilMujzXAA_cvm0KWFzi78_64897_69857.wav,SophiaChang_UCLhLyKIZYf4lCcilMujzXAA_cvm0KWFzi78,64897,69857,4960
SophiaChang_UCLhLyKIZYf4lCcilMujzXAA_cvm0KWFzi78_70121_80049.wav,SophiaChang_UCLhLyKIZYf4lCcilMujzXAA_cvm0KWFzi78,70121,80049,9928
SophiaChang_UCLhLyKIZYf4lCcilMujzXAA_cvm0KWFzi78_80409_82882.wav,SophiaChang_UCLhLyKIZYf4lCcilMujzXAA_cvm0KWFzi78,80409,82882,2473
SophiaChang_UCLhLyKIZYf4lCcilMujzXAA_cvm0KWFzi78_83154_83571.wav,SophiaChang_UCLhLyKIZYf4lCcilMujzXAA_cvm0KWFzi78,83154,83571,417
SophiaChang_UCLhLyKIZYf4lCcilMujzXAA_cvm0KWFzi78_83747_86667.wav,SophiaChang_UCLhLyKIZYf4lCcilMujzXAA_cvm0KWFzi78,83747,86667,2920
SophiaChang_UCLhLyKIZYf4lCcilMujzXAA_cvm0KWFzi78_86811_93763.wav,SophiaChang_UCLhLyKIZYf4lCcilMujzXAA_cvm0KWFzi78,86811,93763,6952
SophiaChang_UCLhLyKIZYf4lCcilMujzXAA_cvm0KWFzi78_93947_97796.wav,SophiaChang_UCLhLyKIZYf4lCcilMujzXAA_cvm0KWFzi78,93947,97796,3849
SophiaChang_UCLhLyKIZYf4lCcilMujzXAA_cvm0KWFzi78_98028_103380.wav,SophiaChang_UCLhLyKIZYf4lCcilMujzXAA_cvm0KWFzi78,98028,103380,5352
SophiaChang_UCLhLyKIZYf4lCcilMujzXAA_cvm0KWFzi78_103548_110052.wav,SophiaChang_UCLhLyKIZYf4lCcilMujzXAA_cvm0KWFzi78,103548,110052,6504
SophiaChang_UCLhLyKIZYf4lCcilMujzXAA_cvm0KWFzi78_110252_118237.wav,SophiaChang_UCLhLyKIZYf4lCcilMujzXAA_cvm0KWFzi78,110252,118237,7985
SophiaChang_UCLhLyKIZYf4lCcilMujzXAA_cvm0KWFzi78_118485_121414.wav,SophiaChang_UCLhLyKIZYf4lCcilMujzXAA_cvm0KWFzi78,118485,121414,2929
SophiaChang_UCLhLyKIZYf4lCcilMujzXAA_cvm0KWFzi78_121614_135586.wav,SophiaChang_UCLhLyKIZYf4lCcilMujzXAA_cvm0KWFzi78,121614,135586,13972
SophiaChang_UCLhLyKIZYf4lCcilMujzXAA_cvm0KWFzi78_135962_137058.wav,SophiaChang_UCLhLyKIZYf4lCcilMujzXAA_cvm0KWFzi78,135962,137058,1096
SophiaChang_UCLhLyKIZYf4lCcilMujzXAA_cvm0KWFzi78_137474_141890.wav,SophiaChang_UCLhLyKIZYf4lCcilMujzXAA_cvm0KWFzi78,137474,141890,4416
SophiaChang_UCLhLyKIZYf4lCcilMujzXAA_cvm0KWFzi78_142346_148186.wav,SophiaChang_UCLhLyKIZYf4lCcilMujzXAA_cvm0KWFzi78,142346,148186,5840
SophiaChang_UCLhLyKIZYf4lCcilMujzXAA_cvm0KWFzi78_148546_152290.wav,SophiaChang_UCLhLyKIZYf4lCcilMujzXAA_cvm0KWFzi78,148546,152290,3744
SophiaChang_UCLhLyKIZYf4lCcilMujzXAA_cvm0KWFzi78_152786_158026.wav,SophiaChang_UCLhLyKIZYf4lCcilMujzXAA_cvm0KWFzi78,152786,158026,5240
SophiaChang_UCLhLyKIZYf4lCcilMujzXAA_cvm0KWFzi78_158514_159802.wav,SophiaChang_UCLhLyKIZYf4lCcilMujzXAA_cvm0KWFzi78,158514,159802,1288
SophiaChang_UCLhLyKIZYf4lCcilMujzXAA_cvm0KWFzi78_159930_173082.wav,SophiaChang_UCLhLyKIZYf4lCcilMujzXAA_cvm0KWFzi78,159930,173082,13152
SophiaChang_UCLhLyKIZYf4lCcilMujzXAA_cvm0KWFzi78_173666_181626.wav,SophiaChang_UCLhLyKIZYf4lCcilMujzXAA_cvm0KWFzi78,173666,181626,7960
SophiaChang_UCLhLyKIZYf4lCcilMujzXAA_cvm0KWFzi78_181754_184706.wav,SophiaChang_UCLhLyKIZYf4lCcilMujzXAA_cvm0KWFzi78,181754,184706,2952
SophiaChang_UCLhLyKIZYf4lCcilMujzXAA_cvm0KWFzi78_184842_185666.wav,SophiaChang_UCLhLyKIZYf4lCcilMujzXAA_cvm0KWFzi78,184842,185666,824
SophiaChang_UCLhLyKIZYf4lCcilMujzXAA_cvm0KWFzi78_185962_192502.wav,SophiaChang_UCLhLyKIZYf4lCcilMujzXAA_cvm0KWFzi78,185962,192502,6540
SophiaChang_UCLhLyKIZYf4lCcilMujzXAA_cvm0KWFzi78_192686_195599.wav,SophiaChang_UCLhLyKIZYf4lCcilMujzXAA_cvm0KWFzi78,192686,195599,2913
SophiaChang_UCLhLyKIZYf4lCcilMujzXAA_cvm0KWFzi78_195711_204447.wav,SophiaChang_UCLhLyKIZYf4lCcilMujzXAA_cvm0KWFzi78,195711,204447,8736
SophiaChang_UCLhLyKIZYf4lCcilMujzXAA_cvm0KWFzi78_204551_208647.wav,SophiaChang_UCLhLyKIZYf4lCcilMujzXAA_cvm0KWFzi78,204551,208647,4096
SophiaChang_UCLhLyKIZYf4lCcilMujzXAA_cvm0KWFzi78_208767_209255.wav,SophiaChang_UCLhLyKIZYf4lCcilMujzXAA_cvm0KWFzi78,208767,209255,488
SophiaChang_UCLhLyKIZYf4lCcilMujzXAA_cvm0KWFzi78_209375_209904.wav,SophiaChang_UCLhLyKIZYf4lCcilMujzXAA_cvm0KWFzi78,209375,209904,529
SophiaChang_UCLhLyKIZYf4lCcilMujzXAA_cvm0KWFzi78_210161_214313.wav,SophiaChang_UCLhLyKIZYf4lCcilMujzXAA_cvm0KWFzi78,210161,214313,4152
SophiaChang_UCLhLyKIZYf4lCcilMujzXAA_cvm0KWFzi78_214393_223833.wav,SophiaChang_UCLhLyKIZYf4lCcilMujzXAA_cvm0KWFzi78,214393,223833,9440
SophiaChang_UCLhLyKIZYf4lCcilMujzXAA_cvm0KWFzi78_223913_226249.wav,SophiaChang_UCLhLyKIZYf4lCcilMujzXAA_cvm0KWFzi78,223913,226249,2336
SophiaChang_UCLhLyKIZYf4lCcilMujzXAA_cvm0KWFzi78_226345_229393.wav,SophiaChang_UCLhLyKIZYf4lCcilMujzXAA_cvm0KWFzi78,226345,229393,3048
SophiaChang_UCLhLyKIZYf4lCcilMujzXAA_cvm0KWFzi78_229802_232402.wav,SophiaChang_UCLhLyKIZYf4lCcilMujzXAA_cvm0KWFzi78,229802,232402,2600
SophiaChang_UCLhLyKIZYf4lCcilMujzXAA_cvm0KWFzi78_232930_233906.wav,SophiaChang_UCLhLyKIZYf4lCcilMujzXAA_cvm0KWFzi78,232930,233906,976
SophiaChang_UCLhLyKIZYf4lCcilMujzXAA_cvm0KWFzi78_234178_244930.wav,SophiaChang_UCLhLyKIZYf4lCcilMujzXAA_cvm0KWFzi78,234178,244930,10752
SophiaChang_UCLhLyKIZYf4lCcilMujzXAA_cvm0KWFzi78_245098_245746.wav,SophiaChang_UCLhLyKIZYf4lCcilMujzXAA_cvm0KWFzi78,245098,245746,648
SophiaChang_UCLhLyKIZYf4lCcilMujzXAA_cvm0KWFzi78_246130_249118.wav,SophiaChang_UCLhLyKIZYf4lCcilMujzXAA_cvm0KWFzi78,246130,249118,2988
SophiaChang_UCLhLyKIZYf4lCcilMujzXAA_cvm0KWFzi78_249270_264122.wav,SophiaChang_UCLhLyKIZYf4lCcilMujzXAA_cvm0KWFzi78,249270,264122,14852
SophiaChang_UCLhLyKIZYf4lCcilMujzXAA_cvm0KWFzi78_264386_271346.wav,SophiaChang_UCLhLyKIZYf4lCcilMujzXAA_cvm0KWFzi78,264386,271346,6960
SophiaChang_UCLhLyKIZYf4lCcilMujzXAA_cvm0KWFzi78_271682_272506.wav,SophiaChang_UCLhLyKIZYf4lCcilMujzXAA_cvm0KWFzi78,271682,272506,824
SophiaChang_UCLhLyKIZYf4lCcilMujzXAA_cvm0KWFzi78_273314_275714.wav,SophiaChang_UCLhLyKIZYf4lCcilMujzXAA_cvm0KWFzi78,273314,275714,2400
SophiaChang_UCLhLyKIZYf4lCcilMujzXAA_cvm0KWFzi78_275850_285730.wav,SophiaChang_UCLhLyKIZYf4lCcilMujzXAA_cvm0KWFzi78,275850,285730,9880
SophiaChang_UCLhLyKIZYf4lCcilMujzXAA_cvm0KWFzi78_285922_287986.wav,SophiaChang_UCLhLyKIZYf4lCcilMujzXAA_cvm0KWFzi78,285922,287986,2064
SophiaChang_UCLhLyKIZYf4lCcilMujzXAA_cvm0KWFzi78_288170_300262.wav,SophiaChang_UCLhLyKIZYf4lCcilMujzXAA_cvm0KWFzi78,288170,300262,12092
SophiaChang_UCLhLyKIZYf4lCcilMujzXAA_cvm0KWFzi78_300374_305990.wav,SophiaChang_UCLhLyKIZYf4lCcilMujzXAA_cvm0KWFzi78,300374,305990,5616
SophiaChang_UCLhLyKIZYf4lCcilMujzXAA_cvm0KWFzi78_306102_316562.wav,SophiaChang_UCLhLyKIZYf4lCcilMujzXAA_cvm0KWFzi78,306102,316562,10460
SophiaChang_UCLhLyKIZYf4lCcilMujzXAA_cvm0KWFzi78_316706_330222.wav,SophiaChang_UCLhLyKIZYf4lCcilMujzXAA_cvm0KWFzi78,316706,330222,13516
SophiaChang_UCLhLyKIZYf4lCcilMujzXAA_cvm0KWFzi78_330310_335030.wav,SophiaChang_UCLhLyKIZYf4lCcilMujzXAA_cvm0KWFzi78,330310,335030,4720
SophiaChang_UCLhLyKIZYf4lCcilMujzXAA_cvm0KWFzi78_335258_345078.wav,SophiaChang_UCLhLyKIZYf4lCcilMujzXAA_cvm0KWFzi78,335258,345078,9820
SophiaChang_UCLhLyKIZYf4lCcilMujzXAA_cvm0KWFzi78_345190_358090.wav,SophiaChang_UCLhLyKIZYf4lCcilMujzXAA_cvm0KWFzi78,345190,358090,12900
SophiaChang_UCLhLyKIZYf4lCcilMujzXAA_cvm0KWFzi78_358450_363962.wav,SophiaChang_UCLhLyKIZYf4lCcilMujzXAA_cvm0KWFzi78,358450,363962,5512
SophiaChang_UCLhLyKIZYf4lCcilMujzXAA_cvm0KWFzi78_364218_367626.wav,SophiaChang_UCLhLyKIZYf4lCcilMujzXAA_cvm0KWFzi78,364218,367626,3408
SophiaChang_UCLhLyKIZYf4lCcilMujzXAA_cvm0KWFzi78_367874_370922.wav,SophiaChang_UCLhLyKIZYf4lCcilMujzXAA_cvm0KWFzi78,367874,370922,3048
SophiaChang_UCLhLyKIZYf4lCcilMujzXAA_cvm0KWFzi78_371082_377810.wav,SophiaChang_UCLhLyKIZYf4lCcilMujzXAA_cvm0KWFzi78,371082,377810,6728
SophiaChang_UCLhLyKIZYf4lCcilMujzXAA_cvm0KWFzi78_377962_389682.wav,SophiaChang_UCLhLyKIZYf4lCcilMujzXAA_cvm0KWFzi78,377962,389682,11720
SophiaChang_UCLhLyKIZYf4lCcilMujzXAA_cvm0KWFzi78_389810_396130.wav,SophiaChang_UCLhLyKIZYf4lCcilMujzXAA_cvm0KWFzi78,389810,396130,6320
SophiaChang_UCLhLyKIZYf4lCcilMujzXAA_cvm0KWFzi78_396322_403442.wav,SophiaChang_UCLhLyKIZYf4lCcilMujzXAA_cvm0KWFzi78,396322,403442,7120
SophiaChang_UCLhLyKIZYf4lCcilMujzXAA_cvm0KWFzi78_403906_409314.wav,SophiaChang_UCLhLyKIZYf4lCcilMujzXAA_cvm0KWFzi78,403906,409314,5408
SophiaChang_UCLhLyKIZYf4lCcilMujzXAA_cvm0KWFzi78_409562_413922.wav,SophiaChang_UCLhLyKIZYf4lCcilMujzXAA_cvm0KWFzi78,409562,413922,4360
SophiaChang_UCLhLyKIZYf4lCcilMujzXAA_cvm0KWFzi78_414050_414882.wav,SophiaChang_UCLhLyKIZYf4lCcilMujzXAA_cvm0KWFzi78,414050,414882,832
SophiaChang_UCLhLyKIZYf4lCcilMujzXAA_cvm0KWFzi78_415434_428778.wav,SophiaChang_UCLhLyKIZYf4lCcilMujzXAA_cvm0KWFzi78,415434,428778,13344
SophiaChang_UCLhLyKIZYf4lCcilMujzXAA_cvm0KWFzi78_428922_436626.wav,SophiaChang_UCLhLyKIZYf4lCcilMujzXAA_cvm0KWFzi78,428922,436626,7704
SophiaChang_UCLhLyKIZYf4lCcilMujzXAA_cvm0KWFzi78_436754_446162.wav,SophiaChang_UCLhLyKIZYf4lCcilMujzXAA_cvm0KWFzi78,436754,446162,9408
SophiaChang_UCLhLyKIZYf4lCcilMujzXAA_cvm0KWFzi78_446690_452500.wav,SophiaChang_UCLhLyKIZYf4lCcilMujzXAA_cvm0KWFzi78,446690,452500,5810
SophiaChang_UCLhLyKIZYf4lCcilMujzXAA_cvm0KWFzi78_452668_463709.wav,SophiaChang_UCLhLyKIZYf4lCcilMujzXAA_cvm0KWFzi78,452668,463709,11041
SophiaChang_UCLhLyKIZYf4lCcilMujzXAA_cvm0KWFzi78_463837_466046.wav,SophiaChang_UCLhLyKIZYf4lCcilMujzXAA_cvm0KWFzi78,463837,466046,2209
SophiaChang_UCLhLyKIZYf4lCcilMujzXAA_cvm0KWFzi78_466278_479528.wav,SophiaChang_UCLhLyKIZYf4lCcilMujzXAA_cvm0KWFzi78,466278,479528,13250
SophiaChang_UCLhLyKIZYf4lCcilMujzXAA_cvm0KWFzi78_479696_482186.wav,SophiaChang_UCLhLyKIZYf4lCcilMujzXAA_cvm0KWFzi78,479696,482186,2490
SophiaChang_UCLhLyKIZYf4lCcilMujzXAA_cvm0KWFzi78_482730_484508.wav,SophiaChang_UCLhLyKIZYf4lCcilMujzXAA_cvm0KWFzi78,482730,484508,1778
SophiaChang_UCLhLyKIZYf4lCcilMujzXAA_cvm0KWFzi78_484644_491156.wav,SophiaChang_UCLhLyKIZYf4lCcilMujzXAA_cvm0KWFzi78,484644,491156,6512
SophiaChang_UCLhLyKIZYf4lCcilMujzXAA_cvm0KWFzi78_491300_492972.wav,SophiaChang_UCLhLyKIZYf4lCcilMujzXAA_cvm0KWFzi78,491300,492972,1672
SophiaChang_UCLhLyKIZYf4lCcilMujzXAA_cvm0KWFzi78_493140_502133.wav,SophiaChang_UCLhLyKIZYf4lCcilMujzXAA_cvm0KWFzi78,493140,502133,8993
SophiaChang_UCLhLyKIZYf4lCcilMujzXAA_cvm0KWFzi78_502309_506957.wav,SophiaChang_UCLhLyKIZYf4lCcilMujzXAA_cvm0KWFzi78,502309,506957,4648
SophiaChang_UCLhLyKIZYf4lCcilMujzXAA_cvm0KWFzi78_507214_509654.wav,SophiaChang_UCLhLyKIZYf4lCcilMujzXAA_cvm0KWFzi78,507214,509654,2440
SophiaChang_UCLhLyKIZYf4lCcilMujzXAA_cvm0KWFzi78_509790_521586.wav,SophiaChang_UCLhLyKIZYf4lCcilMujzXAA_cvm0KWFzi78,509790,521586,11796
SophiaChang_UCLhLyKIZYf4lCcilMujzXAA_cvm0KWFzi78_522130_525170.wav,SophiaChang_UCLhLyKIZYf4lCcilMujzXAA_cvm0KWFzi78,522130,525170,3040
SophiaChang_UCLhLyKIZYf4lCcilMujzXAA_cvm0KWFzi78_525578_529802.wav,SophiaChang_UCLhLyKIZYf4lCcilMujzXAA_cvm0KWFzi78,525578,529802,4224
SophiaChang_UCLhLyKIZYf4lCcilMujzXAA_cvm0KWFzi78_530498_530994.wav,SophiaChang_UCLhLyKIZYf4lCcilMujzXAA_cvm0KWFzi78,530498,530994,496
SophiaChang_UCLhLyKIZYf4lCcilMujzXAA_cvm0KWFzi78_531218_537218.wav,SophiaChang_UCLhLyKIZYf4lCcilMujzXAA_cvm0KWFzi78,531218,537218,6000
SophiaChang_UCLhLyKIZYf4lCcilMujzXAA_cvm0KWFzi78_537410_539666.wav,SophiaChang_UCLhLyKIZYf4lCcilMujzXAA_cvm0KWFzi78,537410,539666,2256
SophiaChang_UCLhLyKIZYf4lCcilMujzXAA_cvm0KWFzi78_539850_548946.wav,SophiaChang_UCLhLyKIZYf4lCcilMujzXAA_cvm0KWFzi78,539850,548946,9096
SophiaChang_UCLhLyKIZYf4lCcilMujzXAA_cvm0KWFzi78_549138_552498.wav,SophiaChang_UCLhLyKIZYf4lCcilMujzXAA_cvm0KWFzi78,549138,552498,3360
SophiaChang_UCLhLyKIZYf4lCcilMujzXAA_cvm0KWFzi78_552626_564418.wav,SophiaChang_UCLhLyKIZYf4lCcilMujzXAA_cvm0KWFzi78,552626,564418,11792
SophiaChang_UCLhLyKIZYf4lCcilMujzXAA_cvm0KWFzi78_564634_569854.wav,SophiaChang_UCLhLyKIZYf4lCcilMujzXAA_cvm0KWFzi78,564634,569854,5220
SophiaChang_UCLhLyKIZYf4lCcilMujzXAA_cvm0KWFzi78_569966_574662.wav,SophiaChang_UCLhLyKIZYf4lCcilMujzXAA_cvm0KWFzi78,569966,574662,4696
SophiaChang_UCLhLyKIZYf4lCcilMujzXAA_cvm0KWFzi78_574782_584026.wav,SophiaChang_UCLhLyKIZYf4lCcilMujzXAA_cvm0KWFzi78,574782,584026,9244
SophiaChang_UCLhLyKIZYf4lCcilMujzXAA_cvm0KWFzi78_584202_586388.wav,SophiaChang_UCLhLyKIZYf4lCcilMujzXAA_cvm0KWFzi78,584202,586388,2186
SophiaChang_UCLhLyKIZYf4lCcilMujzXAA_cvm0KWFzi78_586476_595020.wav,SophiaChang_UCLhLyKIZYf4lCcilMujzXAA_cvm0KWFzi78,586476,595020,8544
SophiaChang_UCLhLyKIZYf4lCcilMujzXAA_cvm0KWFzi78_595108_598876.wav,SophiaChang_UCLhLyKIZYf4lCcilMujzXAA_cvm0KWFzi78,595108,598876,3768
SophiaChang_UCLhLyKIZYf4lCcilMujzXAA_cvm0KWFzi78_598956_601134.wav,SophiaChang_UCLhLyKIZYf4lCcilMujzXAA_cvm0KWFzi78,598956,601134,2178
SophiaChang_UCLhLyKIZYf4lCcilMujzXAA_cvm0KWFzi78_601262_605394.wav,SophiaChang_UCLhLyKIZYf4lCcilMujzXAA_cvm0KWFzi78,601262,605394,4132
SophiaChang_UCLhLyKIZYf4lCcilMujzXAA_cvm0KWFzi78_605610_609674.wav,SophiaChang_UCLhLyKIZYf4lCcilMujzXAA_cvm0KWFzi78,605610,609674,4064
SophiaChang_UCLhLyKIZYf4lCcilMujzXAA_cvm0KWFzi78_609994_616902.wav,SophiaChang_UCLhLyKIZYf4lCcilMujzXAA_cvm0KWFzi78,609994,616902,6908
SophiaChang_UCLhLyKIZYf4lCcilMujzXAA_cvm0KWFzi78_617102_628146.wav,SophiaChang_UCLhLyKIZYf4lCcilMujzXAA_cvm0KWFzi78,617102,628146,11044
SophiaChang_UCLhLyKIZYf4lCcilMujzXAA_cvm0KWFzi78_628538_632734.wav,SophiaChang_UCLhLyKIZYf4lCcilMujzXAA_cvm0KWFzi78,628538,632734,4196
SophiaChang_UCLhLyKIZYf4lCcilMujzXAA_cvm0KWFzi78_632934_636802.wav,SophiaChang_UCLhLyKIZYf4lCcilMujzXAA_cvm0KWFzi78,632934,636802,3868
SophiaChang_UCLhLyKIZYf4lCcilMujzXAA_cvm0KWFzi78_636986_647266.wav,SophiaChang_UCLhLyKIZYf4lCcilMujzXAA_cvm0KWFzi78,636986,647266,10280
SophiaChang_UCLhLyKIZYf4lCcilMujzXAA_cvm0KWFzi78_647762_652198.wav,SophiaChang_UCLhLyKIZYf4lCcilMujzXAA_cvm0KWFzi78,647762,652198,4436
SophiaChang_UCLhLyKIZYf4lCcilMujzXAA_cvm0KWFzi78_652414_655778.wav,SophiaChang_UCLhLyKIZYf4lCcilMujzXAA_cvm0KWFzi78,652414,655778,3364
SophiaChang_UCLhLyKIZYf4lCcilMujzXAA_cvm0KWFzi78_656034_664138.wav,SophiaChang_UCLhLyKIZYf4lCcilMujzXAA_cvm0KWFzi78,656034,664138,8104
SophiaChang_UCLhLyKIZYf4lCcilMujzXAA_cvm0KWFzi78_664346_674810.wav,SophiaChang_UCLhLyKIZYf4lCcilMujzXAA_cvm0KWFzi78,664346,674810,10464
SophiaChang_UCLhLyKIZYf4lCcilMujzXAA_cvm0KWFzi78_675018_676322.wav,SophiaChang_UCLhLyKIZYf4lCcilMujzXAA_cvm0KWFzi78,675018,676322,1304
SophiaChang_UCLhLyKIZYf4lCcilMujzXAA_cvm0KWFzi78_676586_682722.wav,SophiaChang_UCLhLyKIZYf4lCcilMujzXAA_cvm0KWFzi78,676586,682722,6136
SophiaChang_UCLhLyKIZYf4lCcilMujzXAA_cvm0KWFzi78_682938_694590.wav,SophiaChang_UCLhLyKIZYf4lCcilMujzXAA_cvm0KWFzi78,682938,694590,11652
SophiaChang_UCLhLyKIZYf4lCcilMujzXAA_cvm0KWFzi78_694686_697366.wav,SophiaChang_UCLhLyKIZYf4lCcilMujzXAA_cvm0KWFzi78,694686,697366,2680
SophiaChang_UCLhLyKIZYf4lCcilMujzXAA_cvm0KWFzi78_697462_699842.wav,SophiaChang_UCLhLyKIZYf4lCcilMujzXAA_cvm0KWFzi78,697462,699842,2380
SophiaChang_UCLhLyKIZYf4lCcilMujzXAA_cvm0KWFzi78_700106_707458.wav,SophiaChang_UCLhLyKIZYf4lCcilMujzXAA_cvm0KWFzi78,700106,707458,7352
SophiaChang_UCLhLyKIZYf4lCcilMujzXAA_cvm0KWFzi78_707690_713674.wav,SophiaChang_UCLhLyKIZYf4lCcilMujzXAA_cvm0KWFzi78,707690,713674,5984
SophiaChang_UCLhLyKIZYf4lCcilMujzXAA_cvm0KWFzi78_714090_721196.wav,SophiaChang_UCLhLyKIZYf4lCcilMujzXAA_cvm0KWFzi78,714090,721196,7106
SophiaChang_UCLhLyKIZYf4lCcilMujzXAA_cvm0KWFzi78_721324_724542.wav,SophiaChang_UCLhLyKIZYf4lCcilMujzXAA_cvm0KWFzi78,721324,724542,3218
SophiaChang_UCLhLyKIZYf4lCcilMujzXAA_cvm0KWFzi78_724702_725806.wav,SophiaChang_UCLhLyKIZYf4lCcilMujzXAA_cvm0KWFzi78,724702,725806,1104
SophiaChang_UCLhLyKIZYf4lCcilMujzXAA_cvm0KWFzi78_725966_730022.wav,SophiaChang_UCLhLyKIZYf4lCcilMujzXAA_cvm0KWFzi78,725966,730022,4056
SophiaChang_UCLhLyKIZYf4lCcilMujzXAA_cvm0KWFzi78_730190_734906.wav,SophiaChang_UCLhLyKIZYf4lCcilMujzXAA_cvm0KWFzi78,730190,734906,4716
SophiaChang_UCLhLyKIZYf4lCcilMujzXAA_cvm0KWFzi78_735178_738442.wav,SophiaChang_UCLhLyKIZYf4lCcilMujzXAA_cvm0KWFzi78,735178,738442,3264
SophiaChang_UCLhLyKIZYf4lCcilMujzXAA_cvm0KWFzi78_739626_743660.wav,SophiaChang_UCLhLyKIZYf4lCcilMujzXAA_cvm0KWFzi78,739626,743660,4034
SophiaChang_UCLhLyKIZYf4lCcilMujzXAA_cvm0KWFzi78_743804_756340.wav,SophiaChang_UCLhLyKIZYf4lCcilMujzXAA_cvm0KWFzi78,743804,756340,12536
SophiaChang_UCLhLyKIZYf4lCcilMujzXAA_cvm0KWFzi78_756444_768172.wav,SophiaChang_UCLhLyKIZYf4lCcilMujzXAA_cvm0KWFzi78,756444,768172,11728
SophiaChang_UCLhLyKIZYf4lCcilMujzXAA_cvm0KWFzi78_768292_772020.wav,SophiaChang_UCLhLyKIZYf4lCcilMujzXAA_cvm0KWFzi78,768292,772020,3728
SophiaChang_UCLhLyKIZYf4lCcilMujzXAA_cvm0KWFzi78_772140_774036.wav,SophiaChang_UCLhLyKIZYf4lCcilMujzXAA_cvm0KWFzi78,772140,774036,1896
SophiaChang_UCLhLyKIZYf4lCcilMujzXAA_cvm0KWFzi78_774148_775828.wav,SophiaChang_UCLhLyKIZYf4lCcilMujzXAA_cvm0KWFzi78,774148,775828,1680
SophiaChang_UCLhLyKIZYf4lCcilMujzXAA_cvm0KWFzi78_775948_778132.wav,SophiaChang_UCLhLyKIZYf4lCcilMujzXAA_cvm0KWFzi78,775948,778132,2184
SophiaChang_UCLhLyKIZYf4lCcilMujzXAA_cvm0KWFzi78_778348_785444.wav,SophiaChang_UCLhLyKIZYf4lCcilMujzXAA_cvm0KWFzi78,778348,785444,7096
SophiaChang_UCLhLyKIZYf4lCcilMujzXAA_cvm0KWFzi78_785588_789429.wav,SophiaChang_UCLhLyKIZYf4lCcilMujzXAA_cvm0KWFzi78,785588,789429,3841
SophiaChang_UCLhLyKIZYf4lCcilMujzXAA_cvm0KWFzi78_789573_799910.wav,SophiaChang_UCLhLyKIZYf4lCcilMujzXAA_cvm0KWFzi78,789573,799910,10337
SophiaChang_UCLhLyKIZYf4lCcilMujzXAA_cvm0KWFzi78_800142_809326.wav,SophiaChang_UCLhLyKIZYf4lCcilMujzXAA_cvm0KWFzi78,800142,809326,9184
SophiaChang_UCLhLyKIZYf4lCcilMujzXAA_cvm0KWFzi78_809550_818338.wav,SophiaChang_UCLhLyKIZYf4lCcilMujzXAA_cvm0KWFzi78,809550,818338,8788
SophiaChang_UCLhLyKIZYf4lCcilMujzXAA_cvm0KWFzi78_818634_831986.wav,SophiaChang_UCLhLyKIZYf4lCcilMujzXAA_cvm0KWFzi78,818634,831986,13352
SophiaChang_UCLhLyKIZYf4lCcilMujzXAA_cvm0KWFzi78_832370_838164.wav,SophiaChang_UCLhLyKIZYf4lCcilMujzXAA_cvm0KWFzi78,832370,838164,5794
SophiaChang_UCLhLyKIZYf4lCcilMujzXAA_cvm0KWFzi78_838252_841996.wav,SophiaChang_UCLhLyKIZYf4lCcilMujzXAA_cvm0KWFzi78,838252,841996,3744
SophiaChang_UCLhLyKIZYf4lCcilMujzXAA_cvm0KWFzi78_842084_844228.wav,SophiaChang_UCLhLyKIZYf4lCcilMujzXAA_cvm0KWFzi78,842084,844228,2144
SophiaChang_UCLhLyKIZYf4lCcilMujzXAA_cvm0KWFzi78_844324_847796.wav,SophiaChang_UCLhLyKIZYf4lCcilMujzXAA_cvm0KWFzi78,844324,847796,3472
SophiaChang_UCLhLyKIZYf4lCcilMujzXAA_cvm0KWFzi78_847884_854590.wav,SophiaChang_UCLhLyKIZYf4lCcilMujzXAA_cvm0KWFzi78,847884,854590,6706
SophiaChang_UCLhLyKIZYf4lCcilMujzXAA_cvm0KWFzi78_854814_868586.wav,SophiaChang_UCLhLyKIZYf4lCcilMujzXAA_cvm0KWFzi78,854814,868586,13772
SophiaChang_UCLhLyKIZYf4lCcilMujzXAA_cvm0KWFzi78_868922_871738.wav,SophiaChang_UCLhLyKIZYf4lCcilMujzXAA_cvm0KWFzi78,868922,871738,2816
SophiaChang_UCLhLyKIZYf4lCcilMujzXAA_cvm0KWFzi78_871954_883122.wav,SophiaChang_UCLhLyKIZYf4lCcilMujzXAA_cvm0KWFzi78,871954,883122,11168
SophiaChang_UCLhLyKIZYf4lCcilMujzXAA_cvm0KWFzi78_883282_885210.wav,SophiaChang_UCLhLyKIZYf4lCcilMujzXAA_cvm0KWFzi78,883282,885210,1928
SophiaChang_UCLhLyKIZYf4lCcilMujzXAA_cvm0KWFzi78_885418_894366.wav,SophiaChang_UCLhLyKIZYf4lCcilMujzXAA_cvm0KWFzi78,885418,894366,8948
SophiaChang_UCLhLyKIZYf4lCcilMujzXAA_cvm0KWFzi78_894566_899450.wav,SophiaChang_UCLhLyKIZYf4lCcilMujzXAA_cvm0KWFzi78,894566,899450,4884
SophiaChang_UCLhLyKIZYf4lCcilMujzXAA_cvm0KWFzi78_899746_900314.wav,SophiaChang_UCLhLyKIZYf4lCcilMujzXAA_cvm0KWFzi78,899746,900314,568
SophiaChang_UCLhLyKIZYf4lCcilMujzXAA_cvm0KWFzi78_900650_905362.wav,SophiaChang_UCLhLyKIZYf4lCcilMujzXAA_cvm0KWFzi78,900650,905362,4712
SophiaChang_UCLhLyKIZYf4lCcilMujzXAA_cvm0KWFzi78_905506_910731.wav,SophiaChang_UCLhLyKIZYf4lCcilMujzXAA_cvm0KWFzi78,905506,910731,5225
SophiaChang_UCLhLyKIZYf4lCcilMujzXAA_cvm0KWFzi78_910907_913972.wav,SophiaChang_UCLhLyKIZYf4lCcilMujzXAA_cvm0KWFzi78,910907,913972,3065
SophiaChang_UCLhLyKIZYf4lCcilMujzXAA_cvm0KWFzi78_914156_915998.wav,SophiaChang_UCLhLyKIZYf4lCcilMujzXAA_cvm0KWFzi78,914156,915998,1842
SophiaChang_UCLhLyKIZYf4lCcilMujzXAA_cvm0KWFzi78_916262_918520.wav,SophiaChang_UCLhLyKIZYf4lCcilMujzXAA_cvm0KWFzi78,916262,918520,2258
SophiaChang_UCLhLyKIZYf4lCcilMujzXAA_cvm0KWFzi78_918688_928488.wav,SophiaChang_UCLhLyKIZYf4lCcilMujzXAA_cvm0KWFzi78,918688,928488,9800
SophiaChang_UCLhLyKIZYf4lCcilMujzXAA_cvm0KWFzi78_928648_935712.wav,SophiaChang_UCLhLyKIZYf4lCcilMujzXAA_cvm0KWFzi78,928648,935712,7064
SophiaChang_UCLhLyKIZYf4lCcilMujzXAA_cvm0KWFzi78_935864_945556.wav,SophiaChang_UCLhLyKIZYf4lCcilMujzXAA_cvm0KWFzi78,935864,945556,9692
SophiaChang_UCLhLyKIZYf4lCcilMujzXAA_cvm0KWFzi78_945668_954848.wav,SophiaChang_UCLhLyKIZYf4lCcilMujzXAA_cvm0KWFzi78,945668,954848,9180
SophiaChang_UCLhLyKIZYf4lCcilMujzXAA_cvm0KWFzi78_955024_957722.wav,SophiaChang_UCLhLyKIZYf4lCcilMujzXAA_cvm0KWFzi78,955024,957722,2698
SophiaChang_UCLhLyKIZYf4lCcilMujzXAA_cvm0KWFzi78_958066_959898.wav,SophiaChang_UCLhLyKIZYf4lCcilMujzXAA_cvm0KWFzi78,958066,959898,1832
SophiaChang_UCLhLyKIZYf4lCcilMujzXAA_cvm0KWFzi78_960346_961666.wav,SophiaChang_UCLhLyKIZYf4lCcilMujzXAA_cvm0KWFzi78,960346,961666,1320
SophiaChang_UCLhLyKIZYf4lCcilMujzXAA_cvm0KWFzi78_962018_963178.wav,SophiaChang_UCLhLyKIZYf4lCcilMujzXAA_cvm0KWFzi78,962018,963178,1160
SophiaChang_UCLhLyKIZYf4lCcilMujzXAA_cvm0KWFzi78_964266_969186.wav,SophiaChang_UCLhLyKIZYf4lCcilMujzXAA_cvm0KWFzi78,964266,969186,4920
SophiaChang_UCLhLyKIZYf4lCcilMujzXAA_cvm0KWFzi78_969522_971862.wav,SophiaChang_UCLhLyKIZYf4lCcilMujzXAA_cvm0KWFzi78,969522,971862,2340
SophiaChang_UCLhLyKIZYf4lCcilMujzXAA_cvm0KWFzi78_972014_978186.wav,SophiaChang_UCLhLyKIZYf4lCcilMujzXAA_cvm0KWFzi78,972014,978186,6172
SophiaChang_UCLhLyKIZYf4lCcilMujzXAA_cvm0KWFzi78_978682_990490.wav,SophiaChang_UCLhLyKIZYf4lCcilMujzXAA_cvm0KWFzi78,978682,990490,11808
SophiaChang_UCLhLyKIZYf4lCcilMujzXAA_cvm0KWFzi78_990634_993970.wav,SophiaChang_UCLhLyKIZYf4lCcilMujzXAA_cvm0KWFzi78,990634,993970,3336
SophiaChang_UCLhLyKIZYf4lCcilMujzXAA_cvm0KWFzi78_994530_1001348.wav,SophiaChang_UCLhLyKIZYf4lCcilMujzXAA_cvm0KWFzi78,994530,1001348,6818
SophiaChang_UCLhLyKIZYf4lCcilMujzXAA_cvm0KWFzi78_1001532_1002222.wav,SophiaChang_UCLhLyKIZYf4lCcilMujzXAA_cvm0KWFzi78,1001532,1002222,690
SophiaChang_UCLhLyKIZYf4lCcilMujzXAA_cvm0KWFzi78_1002438_1009312.wav,SophiaChang_UCLhLyKIZYf4lCcilMujzXAA_cvm0KWFzi78,1002438,1009312,6874
SophiaChang_UCLhLyKIZYf4lCcilMujzXAA_cvm0KWFzi78_1009496_1014178.wav,SophiaChang_UCLhLyKIZYf4lCcilMujzXAA_cvm0KWFzi78,1009496,1014178,4682
SophiaChang_UCLhLyKIZYf4lCcilMujzXAA_cvm0KWFzi78_1014826_1023714.wav,SophiaChang_UCLhLyKIZYf4lCcilMujzXAA_cvm0KWFzi78,1014826,1023714,8888
SophiaChang_UCLhLyKIZYf4lCcilMujzXAA_cvm0KWFzi78_1023866_1027146.wav,SophiaChang_UCLhLyKIZYf4lCcilMujzXAA_cvm0KWFzi78,1023866,1027146,3280
SophiaChang_UCLhLyKIZYf4lCcilMujzXAA_cvm0KWFzi78_1027386_1032994.wav,SophiaChang_UCLhLyKIZYf4lCcilMujzXAA_cvm0KWFzi78,1027386,1032994,5608
SophiaChang_UCLhLyKIZYf4lCcilMujzXAA_cvm0KWFzi78_1033954_1038116.wav,SophiaChang_UCLhLyKIZYf4lCcilMujzXAA_cvm0KWFzi78,1033954,1038116,4162
SophiaChang_UCLhLyKIZYf4lCcilMujzXAA_cvm0KWFzi78_1038268_1044854.wav,SophiaChang_UCLhLyKIZYf4lCcilMujzXAA_cvm0KWFzi78,1038268,1044854,6586
SophiaChang_UCLhLyKIZYf4lCcilMujzXAA_cvm0KWFzi78_1045054_1051306.wav,SophiaChang_UCLhLyKIZYf4lCcilMujzXAA_cvm0KWFzi78,1045054,1051306,6252
SophiaChang_UCLhLyKIZYf4lCcilMujzXAA_cvm0KWFzi78_1051986_1053742.wav,SophiaChang_UCLhLyKIZYf4lCcilMujzXAA_cvm0KWFzi78,1051986,1053742,1756
SophiaChang_UCLhLyKIZYf4lCcilMujzXAA_cvm0KWFzi78_1053910_1061848.wav,SophiaChang_UCLhLyKIZYf4lCcilMujzXAA_cvm0KWFzi78,1053910,1061848,7938
SophiaChang_UCLhLyKIZYf4lCcilMujzXAA_cvm0KWFzi78_1061976_1073818.wav,SophiaChang_UCLhLyKIZYf4lCcilMujzXAA_cvm0KWFzi78,1061976,1073818,11842
SophiaChang_UCLhLyKIZYf4lCcilMujzXAA_cvm0KWFzi78_1074234_1080458.wav,SophiaChang_UCLhLyKIZYf4lCcilMujzXAA_cvm0KWFzi78,1074234,1080458,6224
SophiaChang_UCLhLyKIZYf4lCcilMujzXAA_cvm0KWFzi78_1080562_1089650.wav,SophiaChang_UCLhLyKIZYf4lCcilMujzXAA_cvm0KWFzi78,1080562,1089650,9088
SophiaChang_UCLhLyKIZYf4lCcilMujzXAA_cvm0KWFzi78_1090218_1091458.wav,SophiaChang_UCLhLyKIZYf4lCcilMujzXAA_cvm0KWFzi78,1090218,1091458,1240
SophiaChang_UCLhLyKIZYf4lCcilMujzXAA_cvm0KWFzi78_1091938_1098090.wav,SophiaChang_UCLhLyKIZYf4lCcilMujzXAA_cvm0KWFzi78,1091938,1098090,6152
SophiaChang_UCLhLyKIZYf4lCcilMujzXAA_cvm0KWFzi78_1099090_1099842.wav,SophiaChang_UCLhLyKIZYf4lCcilMujzXAA_cvm0KWFzi78,1099090,1099842,752
SophiaChang_UCLhLyKIZYf4lCcilMujzXAA_cvm0KWFzi78_1100322_1102986.wav,SophiaChang_UCLhLyKIZYf4lCcilMujzXAA_cvm0KWFzi78,1100322,1102986,2664
SophiaChang_UCLhLyKIZYf4lCcilMujzXAA_cvm0KWFzi78_1103482_1104802.wav,SophiaChang_UCLhLyKIZYf4lCcilMujzXAA_cvm0KWFzi78,1103482,1104802,1320
SophiaChang_UCLhLyKIZYf4lCcilMujzXAA_cvm0KWFzi78_1105090_1106290.wav,SophiaChang_UCLhLyKIZYf4lCcilMujzXAA_cvm0KWFzi78,1105090,1106290,1200
SophiaChang_UCLhLyKIZYf4lCcilMujzXAA_cvm0KWFzi78_1106786_1109746.wav,SophiaChang_UCLhLyKIZYf4lCcilMujzXAA_cvm0KWFzi78,1106786,1109746,2960
SophiaChang_UCLhLyKIZYf4lCcilMujzXAA_cvm0KWFzi78_1110018_1111978.wav,SophiaChang_UCLhLyKIZYf4lCcilMujzXAA_cvm0KWFzi78,1110018,1111978,1960
SophiaChang_UCLhLyKIZYf4lCcilMujzXAA_cvm0KWFzi78_1112410_1119906.wav,SophiaChang_UCLhLyKIZYf4lCcilMujzXAA_cvm0KWFzi78,1112410,1119906,7496
SophiaChang_UCLhLyKIZYf4lCcilMujzXAA_cvm0KWFzi78_1120170_1126042.wav,SophiaChang_UCLhLyKIZYf4lCcilMujzXAA_cvm0KWFzi78,1120170,1126042,5872
SophiaChang_UCLhLyKIZYf4lCcilMujzXAA_cvm0KWFzi78_1126354_1130130.wav,SophiaChang_UCLhLyKIZYf4lCcilMujzXAA_cvm0KWFzi78,1126354,1130130,3776
SophiaChang_UCLhLyKIZYf4lCcilMujzXAA_cvm0KWFzi78_1131122_1135714.wav,SophiaChang_UCLhLyKIZYf4lCcilMujzXAA_cvm0KWFzi78,1131122,1135714,4592
SophiaChang_UCLhLyKIZYf4lCcilMujzXAA_cvm0KWFzi78_1136362_1140366.wav,SophiaChang_UCLhLyKIZYf4lCcilMujzXAA_cvm0KWFzi78,1136362,1140366,4004
SophiaChang_UCLhLyKIZYf4lCcilMujzXAA_cvm0KWFzi78_1140582_1145144.wav,SophiaChang_UCLhLyKIZYf4lCcilMujzXAA_cvm0KWFzi78,1140582,1145144,4562
SophiaChang_UCLhLyKIZYf4lCcilMujzXAA_cvm0KWFzi78_1145304_1151218.wav,SophiaChang_UCLhLyKIZYf4lCcilMujzXAA_cvm0KWFzi78,1145304,1151218,5914
SophiaChang_UCLhLyKIZYf4lCcilMujzXAA_cvm0KWFzi78_1151818_1158098.wav,SophiaChang_UCLhLyKIZYf4lCcilMujzXAA_cvm0KWFzi78,1151818,1158098,6280
SophiaChang_UCLhLyKIZYf4lCcilMujzXAA_cvm0KWFzi78_1158226_1165690.wav,SophiaChang_UCLhLyKIZYf4lCcilMujzXAA_cvm0KWFzi78,1158226,1165690,7464
SophiaChang_UCLhLyKIZYf4lCcilMujzXAA_cvm0KWFzi78_1166530_1168986.wav,SophiaChang_UCLhLyKIZYf4lCcilMujzXAA_cvm0KWFzi78,1166530,1168986,2456
SophiaChang_UCLhLyKIZYf4lCcilMujzXAA_cvm0KWFzi78_1170186_1177154.wav,SophiaChang_UCLhLyKIZYf4lCcilMujzXAA_cvm0KWFzi78,1170186,1177154,6968
SophiaChang_UCLhLyKIZYf4lCcilMujzXAA_cvm0KWFzi78_1177850_1182146.wav,SophiaChang_UCLhLyKIZYf4lCcilMujzXAA_cvm0KWFzi78,1177850,1182146,4296
SophiaChang_UCLhLyKIZYf4lCcilMujzXAA_cvm0KWFzi78_1182466_1186706.wav,SophiaChang_UCLhLyKIZYf4lCcilMujzXAA_cvm0KWFzi78,1182466,1186706,4240
SophiaChang_UCLhLyKIZYf4lCcilMujzXAA_cvm0KWFzi78_1187314_1191106.wav,SophiaChang_UCLhLyKIZYf4lCcilMujzXAA_cvm0KWFzi78,1187314,1191106,3792
SophiaChang_UCLhLyKIZYf4lCcilMujzXAA_cvm0KWFzi78_1191458_1194402.wav,SophiaChang_UCLhLyKIZYf4lCcilMujzXAA_cvm0KWFzi78,1191458,1194402,2944
SophiaChang_UCLhLyKIZYf4lCcilMujzXAA_cvm0KWFzi78_1195314_1199106.wav,SophiaChang_UCLhLyKIZYf4lCcilMujzXAA_cvm0KWFzi78,1195314,1199106,3792
SophiaChang_UCLhLyKIZYf4lCcilMujzXAA_cvm0KWFzi78_1199850_1203362.wav,SophiaChang_UCLhLyKIZYf4lCcilMujzXAA_cvm0KWFzi78,1199850,1203362,3512
SophiaChang_UCLhLyKIZYf4lCcilMujzXAA_cvm0KWFzi78_1203794_1212002.wav,SophiaChang_UCLhLyKIZYf4lCcilMujzXAA_cvm0KWFzi78,1203794,1212002,8208
SophiaChang_UCLhLyKIZYf4lCcilMujzXAA_cvm0KWFzi78_1212402_1217710.wav,SophiaChang_UCLhLyKIZYf4lCcilMujzXAA_cvm0KWFzi78,1212402,1217710,5308
SophiaChang_UCLhLyKIZYf4lCcilMujzXAA_cvm0KWFzi78_1217950_1223790.wav,SophiaChang_UCLhLyKIZYf4lCcilMujzXAA_cvm0KWFzi78,1217950,1223790,5840
SophiaChang_UCLhLyKIZYf4lCcilMujzXAA_cvm0KWFzi78_1224134_1233182.wav,SophiaChang_UCLhLyKIZYf4lCcilMujzXAA_cvm0KWFzi78,1224134,1233182,9048
SophiaChang_UCLhLyKIZYf4lCcilMujzXAA_cvm0KWFzi78_1233406_1240218.wav,SophiaChang_UCLhLyKIZYf4lCcilMujzXAA_cvm0KWFzi78,1233406,1240218,6812
SophiaChang_UCLhLyKIZYf4lCcilMujzXAA_cvm0KWFzi78_1240490_1244731.wav,SophiaChang_UCLhLyKIZYf4lCcilMujzXAA_cvm0KWFzi78,1240490,1244731,4241
SophiaChang_UCLhLyKIZYf4lCcilMujzXAA_cvm0KWFzi78_1244835_1256395.wav,SophiaChang_UCLhLyKIZYf4lCcilMujzXAA_cvm0KWFzi78,1244835,1256395,11560
SophiaChang_UCLhLyKIZYf4lCcilMujzXAA_cvm0KWFzi78_1256531_1257100.wav,SophiaChang_UCLhLyKIZYf4lCcilMujzXAA_cvm0KWFzi78,1256531,1257100,569
SophiaChang_UCLhLyKIZYf4lCcilMujzXAA_cvm0KWFzi78_1257220_1258388.wav,SophiaChang_UCLhLyKIZYf4lCcilMujzXAA_cvm0KWFzi78,1257220,1258388,1168
SophiaChang_UCLhLyKIZYf4lCcilMujzXAA_cvm0KWFzi78_1258500_1261172.wav,SophiaChang_UCLhLyKIZYf4lCcilMujzXAA_cvm0KWFzi78,1258500,1261172,2672
SophiaChang_UCLhLyKIZYf4lCcilMujzXAA_cvm0KWFzi78_1261276_1272958.wav,SophiaChang_UCLhLyKIZYf4lCcilMujzXAA_cvm0KWFzi78,1261276,1272958,11682
SophiaChang_UCLhLyKIZYf4lCcilMujzXAA_cvm0KWFzi78_1273222_1273536.wav,SophiaChang_UCLhLyKIZYf4lCcilMujzXAA_cvm0KWFzi78,1273222,1273536,314
SophiaChang_UCLhLyKIZYf4lCcilMujzXAA_cvm0KWFzi78_1273712_1282025.wav,SophiaChang_UCLhLyKIZYf4lCcilMujzXAA_cvm0KWFzi78,1273712,1282025,8313
SophiaChang_UCLhLyKIZYf4lCcilMujzXAA_cvm0KWFzi78_1282105_1293021.wav,SophiaChang_UCLhLyKIZYf4lCcilMujzXAA_cvm0KWFzi78,1282105,1293021,10916
SophiaChang_UCLhLyKIZYf4lCcilMujzXAA_cvm0KWFzi78_1293149_1298925.wav,SophiaChang_UCLhLyKIZYf4lCcilMujzXAA_cvm0KWFzi78,1293149,1298925,5776
SophiaChang_UCLhLyKIZYf4lCcilMujzXAA_cvm0KWFzi78_1299005_1301137.wav,SophiaChang_UCLhLyKIZYf4lCcilMujzXAA_cvm0KWFzi78,1299005,1301137,2132
SophiaChang_UCLhLyKIZYf4lCcilMujzXAA_cvm0KWFzi78_1301225_1314978.wav,SophiaChang_UCLhLyKIZYf4lCcilMujzXAA_cvm0KWFzi78,1301225,1314978,13753
SophiaChang_UCLhLyKIZYf4lCcilMujzXAA_cvm0KWFzi78_1315522_1316650.wav,SophiaChang_UCLhLyKIZYf4lCcilMujzXAA_cvm0KWFzi78,1315522,1316650,1128
SophiaChang_UCLhLyKIZYf4lCcilMujzXAA_cvm0KWFzi78_1317018_1318770.wav,SophiaChang_UCLhLyKIZYf4lCcilMujzXAA_cvm0KWFzi78,1317018,1318770,1752
SophiaChang_UCLhLyKIZYf4lCcilMujzXAA_cvm0KWFzi78_1319082_1326244.wav,SophiaChang_UCLhLyKIZYf4lCcilMujzXAA_cvm0KWFzi78,1319082,1326244,7162
SophiaChang_UCLhLyKIZYf4lCcilMujzXAA_cvm0KWFzi78_1326396_1333238.wav,SophiaChang_UCLhLyKIZYf4lCcilMujzXAA_cvm0KWFzi78,1326396,1333238,6842
SophiaChang_UCLhLyKIZYf4lCcilMujzXAA_cvm0KWFzi78_1333494_1335848.wav,SophiaChang_UCLhLyKIZYf4lCcilMujzXAA_cvm0KWFzi78,1333494,1335848,2354
SophiaChang_UCLhLyKIZYf4lCcilMujzXAA_cvm0KWFzi78_1336000_1344794.wav,SophiaChang_UCLhLyKIZYf4lCcilMujzXAA_cvm0KWFzi78,1336000,1344794,8794
SophiaChang_UCLhLyKIZYf4lCcilMujzXAA_cvm0KWFzi78_1345202_1345922.wav,SophiaChang_UCLhLyKIZYf4lCcilMujzXAA_cvm0KWFzi78,1345202,1345922,720
SophiaChang_UCLhLyKIZYf4lCcilMujzXAA_cvm0KWFzi78_1346282_1352402.wav,SophiaChang_UCLhLyKIZYf4lCcilMujzXAA_cvm0KWFzi78,1346282,1352402,6120
SophiaChang_UCLhLyKIZYf4lCcilMujzXAA_cvm0KWFzi78_1353250_1357630.wav,SophiaChang_UCLhLyKIZYf4lCcilMujzXAA_cvm0KWFzi78,1353250,1357630,4380
SophiaChang_UCLhLyKIZYf4lCcilMujzXAA_cvm0KWFzi78_1357838_1364954.wav,SophiaChang_UCLhLyKIZYf4lCcilMujzXAA_cvm0KWFzi78,1357838,1364954,7116
SophiaChang_UCLhLyKIZYf4lCcilMujzXAA_cvm0KWFzi78_1365282_1369682.wav,SophiaChang_UCLhLyKIZYf4lCcilMujzXAA_cvm0KWFzi78,1365282,1369682,4400
SophiaChang_UCLhLyKIZYf4lCcilMujzXAA_cvm0KWFzi78_1369986_1370914.wav,SophiaChang_UCLhLyKIZYf4lCcilMujzXAA_cvm0KWFzi78,1369986,1370914,928
SophiaChang_UCLhLyKIZYf4lCcilMujzXAA_cvm0KWFzi78_1371202_1377642.wav,SophiaChang_UCLhLyKIZYf4lCcilMujzXAA_cvm0KWFzi78,1371202,1377642,6440
SophiaChang_UCLhLyKIZYf4lCcilMujzXAA_cvm0KWFzi78_1377970_1385506.wav,SophiaChang_UCLhLyKIZYf4lCcilMujzXAA_cvm0KWFzi78,1377970,1385506,7536
SophiaChang_UCLhLyKIZYf4lCcilMujzXAA_cvm0KWFzi78_1385922_1390490.wav,SophiaChang_UCLhLyKIZYf4lCcilMujzXAA_cvm0KWFzi78,1385922,1390490,4568
SophiaChang_UCLhLyKIZYf4lCcilMujzXAA_cvm0KWFzi78_1390866_1397714.wav,SophiaChang_UCLhLyKIZYf4lCcilMujzXAA_cvm0KWFzi78,1390866,1397714,6848
SophiaChang_UCLhLyKIZYf4lCcilMujzXAA_cvm0KWFzi78_1398018_1399764.wav,SophiaChang_UCLhLyKIZYf4lCcilMujzXAA_cvm0KWFzi78,1398018,1399764,1746
SophiaChang_UCLhLyKIZYf4lCcilMujzXAA_cvm0KWFzi78_1399900_1408758.wav,SophiaChang_UCLhLyKIZYf4lCcilMujzXAA_cvm0KWFzi78,1399900,1408758,8858
SophiaChang_UCLhLyKIZYf4lCcilMujzXAA_cvm0KWFzi78_1409066_1411354.wav,SophiaChang_UCLhLyKIZYf4lCcilMujzXAA_cvm0KWFzi78,1409066,1411354,2288
SophiaChang_UCLhLyKIZYf4lCcilMujzXAA_cvm0KWFzi78_1411954_1413242.wav,SophiaChang_UCLhLyKIZYf4lCcilMujzXAA_cvm0KWFzi78,1411954,1413242,1288
SophiaChang_UCLhLyKIZYf4lCcilMujzXAA_cvm0KWFzi78_1413690_1418154.wav,SophiaChang_UCLhLyKIZYf4lCcilMujzXAA_cvm0KWFzi78,1413690,1418154,4464
SophiaChang_UCLhLyKIZYf4lCcilMujzXAA_cvm0KWFzi78_1418674_1420402.wav,SophiaChang_UCLhLyKIZYf4lCcilMujzXAA_cvm0KWFzi78,1418674,1420402,1728
SophiaChang_UCLhLyKIZYf4lCcilMujzXAA_cvm0KWFzi78_1420874_1422986.wav,SophiaChang_UCLhLyKIZYf4lCcilMujzXAA_cvm0KWFzi78,1420874,1422986,2112
SophiaChang_UCLhLyKIZYf4lCcilMujzXAA_cvm0KWFzi78_1423250_1429506.wav,SophiaChang_UCLhLyKIZYf4lCcilMujzXAA_cvm0KWFzi78,1423250,1429506,6256
SophiaChang_UCLhLyKIZYf4lCcilMujzXAA_cvm0KWFzi78_1430426_1432786.wav,SophiaChang_UCLhLyKIZYf4lCcilMujzXAA_cvm0KWFzi78,1430426,1432786,2360
SophiaChang_UCLhLyKIZYf4lCcilMujzXAA_cvm0KWFzi78_1433594_1433810.wav,SophiaChang_UCLhLyKIZYf4lCcilMujzXAA_cvm0KWFzi78,1433594,1433810,216
SophiaChang_UCLhLyKIZYf4lCcilMujzXAA_cvm0KWFzi78_1435498_1442370.wav,SophiaChang_UCLhLyKIZYf4lCcilMujzXAA_cvm0KWFzi78,1435498,1442370,6872
SophiaChang_UCLhLyKIZYf4lCcilMujzXAA_cvm0KWFzi78_1442634_1444322.wav,SophiaChang_UCLhLyKIZYf4lCcilMujzXAA_cvm0KWFzi78,1442634,1444322,1688
SophiaChang_UCLhLyKIZYf4lCcilMujzXAA_cvm0KWFzi78_1444610_1459434.wav,SophiaChang_UCLhLyKIZYf4lCcilMujzXAA_cvm0KWFzi78,1444610,1459434,14824
SophiaChang_UCLhLyKIZYf4lCcilMujzXAA_cvm0KWFzi78_1459706_1460586.wav,SophiaChang_UCLhLyKIZYf4lCcilMujzXAA_cvm0KWFzi78,1459706,1460586,880
SophiaChang_UCLhLyKIZYf4lCcilMujzXAA_cvm0KWFzi78_1460866_1461558.wav,SophiaChang_UCLhLyKIZYf4lCcilMujzXAA_cvm0KWFzi78,1460866,1461558,692
SophiaChang_UCLhLyKIZYf4lCcilMujzXAA_cvm0KWFzi78_1461702_1476416.wav,SophiaChang_UCLhLyKIZYf4lCcilMujzXAA_cvm0KWFzi78,1461702,1476416,14714
SophiaChang_UCLhLyKIZYf4lCcilMujzXAA_cvm0KWFzi78_1476544_1477538.wav,SophiaChang_UCLhLyKIZYf4lCcilMujzXAA_cvm0KWFzi78,1476544,1477538,994
SophiaChang_UCLhLyKIZYf4lCcilMujzXAA_cvm0KWFzi78_1477690_1479402.wav,SophiaChang_UCLhLyKIZYf4lCcilMujzXAA_cvm0KWFzi78,1477690,1479402,1712
SophiaChang_UCLhLyKIZYf4lCcilMujzXAA_cvm0KWFzi78_1480562_1486026.wav,SophiaChang_UCLhLyKIZYf4lCcilMujzXAA_cvm0KWFzi78,1480562,1486026,5464
SophiaChang_UCLhLyKIZYf4lCcilMujzXAA_cvm0KWFzi78_1486418_1489298.wav,SophiaChang_UCLhLyKIZYf4lCcilMujzXAA_cvm0KWFzi78,1486418,1489298,2880
SophiaChang_UCLhLyKIZYf4lCcilMujzXAA_cvm0KWFzi78_1489450_1498922.wav,SophiaChang_UCLhLyKIZYf4lCcilMujzXAA_cvm0KWFzi78,1489450,1498922,9472
SophiaChang_UCLhLyKIZYf4lCcilMujzXAA_cvm0KWFzi78_1499250_1513734.wav,SophiaChang_UCLhLyKIZYf4lCcilMujzXAA_cvm0KWFzi78,1499250,1513734,14484
SophiaChang_UCLhLyKIZYf4lCcilMujzXAA_cvm0KWFzi78_1513862_1514242.wav,SophiaChang_UCLhLyKIZYf4lCcilMujzXAA_cvm0KWFzi78,1513862,1514242,380
SophiaChang_UCLhLyKIZYf4lCcilMujzXAA_cvm0KWFzi78_1514410_1516970.wav,SophiaChang_UCLhLyKIZYf4lCcilMujzXAA_cvm0KWFzi78,1514410,1516970,2560
SophiaChang_UCLhLyKIZYf4lCcilMujzXAA_cvm0KWFzi78_1517586_1523666.wav,SophiaChang_UCLhLyKIZYf4lCcilMujzXAA_cvm0KWFzi78,1517586,1523666,6080
SophiaChang_UCLhLyKIZYf4lCcilMujzXAA_cvm0KWFzi78_1524130_1527658.wav,SophiaChang_UCLhLyKIZYf4lCcilMujzXAA_cvm0KWFzi78,1524130,1527658,3528
SophiaChang_UCLhLyKIZYf4lCcilMujzXAA_cvm0KWFzi78_1527970_1529938.wav,SophiaChang_UCLhLyKIZYf4lCcilMujzXAA_cvm0KWFzi78,1527970,1529938,1968
SophiaChang_UCLhLyKIZYf4lCcilMujzXAA_cvm0KWFzi78_1530410_1531970.wav,SophiaChang_UCLhLyKIZYf4lCcilMujzXAA_cvm0KWFzi78,1530410,1531970,1560
SophiaChang_UCLhLyKIZYf4lCcilMujzXAA_cvm0KWFzi78_1532330_1539878.wav,SophiaChang_UCLhLyKIZYf4lCcilMujzXAA_cvm0KWFzi78,1532330,1539878,7548
SophiaChang_UCLhLyKIZYf4lCcilMujzXAA_cvm0KWFzi78_1540006_1547914.wav,SophiaChang_UCLhLyKIZYf4lCcilMujzXAA_cvm0KWFzi78,1540006,1547914,7908
SophiaChang_UCLhLyKIZYf4lCcilMujzXAA_cvm0KWFzi78_1548506_1558098.wav,SophiaChang_UCLhLyKIZYf4lCcilMujzXAA_cvm0KWFzi78,1548506,1558098,9592
SophiaChang_UCLhLyKIZYf4lCcilMujzXAA_cvm0KWFzi78_1558242_1559906.wav,SophiaChang_UCLhLyKIZYf4lCcilMujzXAA_cvm0KWFzi78,1558242,1559906,1664
SophiaChang_UCLhLyKIZYf4lCcilMujzXAA_cvm0KWFzi78_1560034_1563314.wav,SophiaChang_UCLhLyKIZYf4lCcilMujzXAA_cvm0KWFzi78,1560034,1563314,3280
SophiaChang_UCLhLyKIZYf4lCcilMujzXAA_cvm0KWFzi78_1563450_1578282.wav,SophiaChang_UCLhLyKIZYf4lCcilMujzXAA_cvm0KWFzi78,1563450,1578282,14832
SophiaChang_UCLhLyKIZYf4lCcilMujzXAA_cvm0KWFzi78_1578410_1582330.wav,SophiaChang_UCLhLyKIZYf4lCcilMujzXAA_cvm0KWFzi78,1578410,1582330,3920
SophiaChang_UCLhLyKIZYf4lCcilMujzXAA_cvm0KWFzi78_1582538_1583530.wav,SophiaChang_UCLhLyKIZYf4lCcilMujzXAA_cvm0KWFzi78,1582538,1583530,992
SophiaChang_UCLhLyKIZYf4lCcilMujzXAA_cvm0KWFzi78_1583802_1587966.wav,SophiaChang_UCLhLyKIZYf4lCcilMujzXAA_cvm0KWFzi78,1583802,1587966,4164
SophiaChang_UCLhLyKIZYf4lCcilMujzXAA_cvm0KWFzi78_1588118_1594194.wav,SophiaChang_UCLhLyKIZYf4lCcilMujzXAA_cvm0KWFzi78,1588118,1594194,6076
SophiaChang_UCLhLyKIZYf4lCcilMujzXAA_cvm0KWFzi78_1594954_1597802.wav,SophiaChang_UCLhLyKIZYf4lCcilMujzXAA_cvm0KWFzi78,1594954,1597802,2848
SophiaChang_UCLhLyKIZYf4lCcilMujzXAA_cvm0KWFzi78_1598546_1599682.wav,SophiaChang_UCLhLyKIZYf4lCcilMujzXAA_cvm0KWFzi78,1598546,1599682,1136
SophiaChang_UCLhLyKIZYf4lCcilMujzXAA_cvm0KWFzi78_1600082_1603004.wav,SophiaChang_UCLhLyKIZYf4lCcilMujzXAA_cvm0KWFzi78,1600082,1603004,2922
SophiaChang_UCLhLyKIZYf4lCcilMujzXAA_cvm0KWFzi78_1603204_1612284.wav,SophiaChang_UCLhLyKIZYf4lCcilMujzXAA_cvm0KWFzi78,1603204,1612284,9080
SophiaChang_UCLhLyKIZYf4lCcilMujzXAA_cvm0KWFzi78_1612420_1615412.wav,SophiaChang_UCLhLyKIZYf4lCcilMujzXAA_cvm0KWFzi78,1612420,1615412,2992
SophiaChang_UCLhLyKIZYf4lCcilMujzXAA_cvm0KWFzi78_1615684_1628572.wav,SophiaChang_UCLhLyKIZYf4lCcilMujzXAA_cvm0KWFzi78,1615684,1628572,12888
SophiaChang_UCLhLyKIZYf4lCcilMujzXAA_cvm0KWFzi78_1628676_1639668.wav,SophiaChang_UCLhLyKIZYf4lCcilMujzXAA_cvm0KWFzi78,1628676,1639668,10992
SophiaChang_UCLhLyKIZYf4lCcilMujzXAA_cvm0KWFzi78_1639772_1641860.wav,SophiaChang_UCLhLyKIZYf4lCcilMujzXAA_cvm0KWFzi78,1639772,1641860,2088
SophiaChang_UCLhLyKIZYf4lCcilMujzXAA_cvm0KWFzi78_1642165_1646046.wav,SophiaChang_UCLhLyKIZYf4lCcilMujzXAA_cvm0KWFzi78,1642165,1646046,3881
SophiaChang_UCLhLyKIZYf4lCcilMujzXAA_cvm0KWFzi78_1646262_1648874.wav,SophiaChang_UCLhLyKIZYf4lCcilMujzXAA_cvm0KWFzi78,1646262,1648874,2612
SophiaChang_UCLhLyKIZYf4lCcilMujzXAA_cvm0KWFzi78_1649490_1650866.wav,SophiaChang_UCLhLyKIZYf4lCcilMujzXAA_cvm0KWFzi78,1649490,1650866,1376
SophiaChang_UCLhLyKIZYf4lCcilMujzXAA_cvm0KWFzi78_1651290_1658234.wav,SophiaChang_UCLhLyKIZYf4lCcilMujzXAA_cvm0KWFzi78,1651290,1658234,6944
SophiaChang_UCLhLyKIZYf4lCcilMujzXAA_cvm0KWFzi78_1658706_1665466.wav,SophiaChang_UCLhLyKIZYf4lCcilMujzXAA_cvm0KWFzi78,1658706,1665466,6760
SophiaChang_UCLhLyKIZYf4lCcilMujzXAA_cvm0KWFzi78_1665746_1675650.wav,SophiaChang_UCLhLyKIZYf4lCcilMujzXAA_cvm0KWFzi78,1665746,1675650,9904
SophiaChang_UCLhLyKIZYf4lCcilMujzXAA_cvm0KWFzi78_1676098_1676698.wav,SophiaChang_UCLhLyKIZYf4lCcilMujzXAA_cvm0KWFzi78,1676098,1676698,600
SophiaChang_UCLhLyKIZYf4lCcilMujzXAA_cvm0KWFzi78_1677066_1678882.wav,SophiaChang_UCLhLyKIZYf4lCcilMujzXAA_cvm0KWFzi78,1677066,1678882,1816
SophiaChang_UCLhLyKIZYf4lCcilMujzXAA_cvm0KWFzi78_1679218_1679930.wav,SophiaChang_UCLhLyKIZYf4lCcilMujzXAA_cvm0KWFzi78,1679218,1679930,712
SophiaChang_UCLhLyKIZYf4lCcilMujzXAA_cvm0KWFzi78_1680090_1683362.wav,SophiaChang_UCLhLyKIZYf4lCcilMujzXAA_cvm0KWFzi78,1680090,1683362,3272
SophiaChang_UCLhLyKIZYf4lCcilMujzXAA_cvm0KWFzi78_1683546_1691346.wav,SophiaChang_UCLhLyKIZYf4lCcilMujzXAA_cvm0KWFzi78,1683546,1691346,7800
SophiaChang_UCLhLyKIZYf4lCcilMujzXAA_cvm0KWFzi78_1691530_1704866.wav,SophiaChang_UCLhLyKIZYf4lCcilMujzXAA_cvm0KWFzi78,1691530,1704866,13336
SophiaChang_UCLhLyKIZYf4lCcilMujzXAA_cvm0KWFzi78_1705586_1711130.wav,SophiaChang_UCLhLyKIZYf4lCcilMujzXAA_cvm0KWFzi78,1705586,1711130,5544
SophiaChang_UCLhLyKIZYf4lCcilMujzXAA_cvm0KWFzi78_1711338_1717690.wav,SophiaChang_UCLhLyKIZYf4lCcilMujzXAA_cvm0KWFzi78,1711338,1717690,6352
SophiaChang_UCLhLyKIZYf4lCcilMujzXAA_cvm0KWFzi78_1717834_1722290.wav,SophiaChang_UCLhLyKIZYf4lCcilMujzXAA_cvm0KWFzi78,1717834,1722290,4456
SophiaChang_UCLhLyKIZYf4lCcilMujzXAA_cvm0KWFzi78_1722602_1730674.wav,SophiaChang_UCLhLyKIZYf4lCcilMujzXAA_cvm0KWFzi78,1722602,1730674,8072
SophiaChang_UCLhLyKIZYf4lCcilMujzXAA_cvm0KWFzi78_1730810_1736658.wav,SophiaChang_UCLhLyKIZYf4lCcilMujzXAA_cvm0KWFzi78,1730810,1736658,5848
SophiaChang_UCLhLyKIZYf4lCcilMujzXAA_cvm0KWFzi78_1736786_1737210.wav,SophiaChang_UCLhLyKIZYf4lCcilMujzXAA_cvm0KWFzi78,1736786,1737210,424
SophiaChang_UCLhLyKIZYf4lCcilMujzXAA_cvm0KWFzi78_1737482_1740206.wav,SophiaChang_UCLhLyKIZYf4lCcilMujzXAA_cvm0KWFzi78,1737482,1740206,2724
SophiaChang_UCLhLyKIZYf4lCcilMujzXAA_cvm0KWFzi78_1740510_1741230.wav,SophiaChang_UCLhLyKIZYf4lCcilMujzXAA_cvm0KWFzi78,1740510,1741230,720
SophiaChang_UCLhLyKIZYf4lCcilMujzXAA_cvm0KWFzi78_1741550_1743000.wav,SophiaChang_UCLhLyKIZYf4lCcilMujzXAA_cvm0KWFzi78,1741550,1743000,1450
SophiaChang_UCLhLyKIZYf4lCcilMujzXAA_cvm0KWFzi78_1743208_1749528.wav,SophiaChang_UCLhLyKIZYf4lCcilMujzXAA_cvm0KWFzi78,1743208,1749528,6320
SophiaChang_UCLhLyKIZYf4lCcilMujzXAA_cvm0KWFzi78_1749624_1755112.wav,SophiaChang_UCLhLyKIZYf4lCcilMujzXAA_cvm0KWFzi78,1749624,1755112,5488
SophiaChang_UCLhLyKIZYf4lCcilMujzXAA_cvm0KWFzi78_1755208_1761656.wav,SophiaChang_UCLhLyKIZYf4lCcilMujzXAA_cvm0KWFzi78,1755208,1761656,6448
SophiaChang_UCLhLyKIZYf4lCcilMujzXAA_cvm0KWFzi78_1761824_1767394.wav,SophiaChang_UCLhLyKIZYf4lCcilMujzXAA_cvm0KWFzi78,1761824,1767394,5570
SophiaChang_UCLhLyKIZYf4lCcilMujzXAA_cvm0KWFzi78_1767546_1774076.wav,SophiaChang_UCLhLyKIZYf4lCcilMujzXAA_cvm0KWFzi78,1767546,1774076,6530
SophiaChang_UCLhLyKIZYf4lCcilMujzXAA_cvm0KWFzi78_1774308_1775568.wav,SophiaChang_UCLhLyKIZYf4lCcilMujzXAA_cvm0KWFzi78,1774308,1775568,1260
SophiaChang_UCLhLyKIZYf4lCcilMujzXAA_cvm0KWFzi78_1775960_1781520.wav,SophiaChang_UCLhLyKIZYf4lCcilMujzXAA_cvm0KWFzi78,1775960,1781520,5560
SophiaChang_UCLhLyKIZYf4lCcilMujzXAA_cvm0KWFzi78_1781672_1790321.wav,SophiaChang_UCLhLyKIZYf4lCcilMujzXAA_cvm0KWFzi78,1781672,1790321,8649
SophiaChang_UCLhLyKIZYf4lCcilMujzXAA_cvm0KWFzi78_1790521_1798241.wav,SophiaChang_UCLhLyKIZYf4lCcilMujzXAA_cvm0KWFzi78,1790521,1798241,7720
SophiaChang_UCLhLyKIZYf4lCcilMujzXAA_cvm0KWFzi78_1798377_1801121.wav,SophiaChang_UCLhLyKIZYf4lCcilMujzXAA_cvm0KWFzi78,1798377,1801121,2744
SophiaChang_UCLhLyKIZYf4lCcilMujzXAA_cvm0KWFzi78_1801425_1805801.wav,SophiaChang_UCLhLyKIZYf4lCcilMujzXAA_cvm0KWFzi78,1801425,1805801,4376
SophiaChang_UCLhLyKIZYf4lCcilMujzXAA_cvm0KWFzi78_1806033_1812034.wav,SophiaChang_UCLhLyKIZYf4lCcilMujzXAA_cvm0KWFzi78,1806033,1812034,6001
SophiaChang_UCLhLyKIZYf4lCcilMujzXAA_cvm0KWFzi78_1812314_1816899.wav,SophiaChang_UCLhLyKIZYf4lCcilMujzXAA_cvm0KWFzi78,1812314,1816899,4585
SophiaChang_UCLhLyKIZYf4lCcilMujzXAA_cvm0KWFzi78_1817091_1824947.wav,SophiaChang_UCLhLyKIZYf4lCcilMujzXAA_cvm0KWFzi78,1817091,1824947,7856
SophiaChang_UCLhLyKIZYf4lCcilMujzXAA_cvm0KWFzi78_1825051_1826995.wav,SophiaChang_UCLhLyKIZYf4lCcilMujzXAA_cvm0KWFzi78,1825051,1826995,1944
SophiaChang_UCLhLyKIZYf4lCcilMujzXAA_cvm0KWFzi78_1827091_1833683.wav,SophiaChang_UCLhLyKIZYf4lCcilMujzXAA_cvm0KWFzi78,1827091,1833683,6592
SophiaChang_UCLhLyKIZYf4lCcilMujzXAA_cvm0KWFzi78_1833763_1839699.wav,SophiaChang_UCLhLyKIZYf4lCcilMujzXAA_cvm0KWFzi78,1833763,1839699,5936
SophiaChang_UCLhLyKIZYf4lCcilMujzXAA_cvm0KWFzi78_1839787_1841451.wav,SophiaChang_UCLhLyKIZYf4lCcilMujzXAA_cvm0KWFzi78,1839787,1841451,1664
SophiaChang_UCLhLyKIZYf4lCcilMujzXAA_cvm0KWFzi78_1841531_1845859.wav,SophiaChang_UCLhLyKIZYf4lCcilMujzXAA_cvm0KWFzi78,1841531,1845859,4328
SophiaChang_UCLhLyKIZYf4lCcilMujzXAA_cvm0KWFzi78_1846043_1851332.wav,SophiaChang_UCLhLyKIZYf4lCcilMujzXAA_cvm0KWFzi78,1846043,1851332,5289
SophiaChang_UCLhLyKIZYf4lCcilMujzXAA_cvm0KWFzi78_1851604_1858046.wav,SophiaChang_UCLhLyKIZYf4lCcilMujzXAA_cvm0KWFzi78,1851604,1858046,6442
SophiaChang_UCLhLyKIZYf4lCcilMujzXAA_cvm0KWFzi78_1858334_1864906.wav,SophiaChang_UCLhLyKIZYf4lCcilMujzXAA_cvm0KWFzi78,1858334,1864906,6572
SophiaChang_UCLhLyKIZYf4lCcilMujzXAA_cvm0KWFzi78_1865162_1869610.wav,SophiaChang_UCLhLyKIZYf4lCcilMujzXAA_cvm0KWFzi78,1865162,1869610,4448
SophiaChang_UCLhLyKIZYf4lCcilMujzXAA_cvm0KWFzi78_1869890_1871250.wav,SophiaChang_UCLhLyKIZYf4lCcilMujzXAA_cvm0KWFzi78,1869890,1871250,1360
SophiaChang_UCLhLyKIZYf4lCcilMujzXAA_cvm0KWFzi78_1871658_1872810.wav,SophiaChang_UCLhLyKIZYf4lCcilMujzXAA_cvm0KWFzi78,1871658,1872810,1152
SophiaChang_UCLhLyKIZYf4lCcilMujzXAA_cvm0KWFzi78_1873042_1877302.wav,SophiaChang_UCLhLyKIZYf4lCcilMujzXAA_cvm0KWFzi78,1873042,1877302,4260
SophiaChang_UCLhLyKIZYf4lCcilMujzXAA_cvm0KWFzi78_1877430_1885254.wav,SophiaChang_UCLhLyKIZYf4lCcilMujzXAA_cvm0KWFzi78,1877430,1885254,7824
SophiaChang_UCLhLyKIZYf4lCcilMujzXAA_cvm0KWFzi78_1885398_1893986.wav,SophiaChang_UCLhLyKIZYf4lCcilMujzXAA_cvm0KWFzi78,1885398,1893986,8588
SophiaChang_UCLhLyKIZYf4lCcilMujzXAA_cvm0KWFzi78_1894202_1900804.wav,SophiaChang_UCLhLyKIZYf4lCcilMujzXAA_cvm0KWFzi78,1894202,1900804,6602
SophiaChang_UCLhLyKIZYf4lCcilMujzXAA_cvm0KWFzi78_1900964_1906637.wav,SophiaChang_UCLhLyKIZYf4lCcilMujzXAA_cvm0KWFzi78,1900964,1906637,5673
SophiaChang_UCLhLyKIZYf4lCcilMujzXAA_cvm0KWFzi78_1906805_1908758.wav,SophiaChang_UCLhLyKIZYf4lCcilMujzXAA_cvm0KWFzi78,1906805,1908758,1953
SophiaChang_UCLhLyKIZYf4lCcilMujzXAA_cvm0KWFzi78_1908910_1910866.wav,SophiaChang_UCLhLyKIZYf4lCcilMujzXAA_cvm0KWFzi78,1908910,1910866,1956
SophiaChang_UCLhLyKIZYf4lCcilMujzXAA_cvm0KWFzi78_1911090_1914850.wav,SophiaChang_UCLhLyKIZYf4lCcilMujzXAA_cvm0KWFzi78,1911090,1914850,3760
SophiaChang_UCLhLyKIZYf4lCcilMujzXAA_cvm0KWFzi78_1914978_1920122.wav,SophiaChang_UCLhLyKIZYf4lCcilMujzXAA_cvm0KWFzi78,1914978,1920122,5144
SophiaChang_UCLhLyKIZYf4lCcilMujzXAA_cvm0KWFzi78_1920258_1926234.wav,SophiaChang_UCLhLyKIZYf4lCcilMujzXAA_cvm0KWFzi78,1920258,1926234,5976
SophiaChang_UCLhLyKIZYf4lCcilMujzXAA_cvm0KWFzi78_1926514_1932586.wav,SophiaChang_UCLhLyKIZYf4lCcilMujzXAA_cvm0KWFzi78,1926514,1932586,6072
SophiaChang_UCLhLyKIZYf4lCcilMujzXAA_cvm0KWFzi78_1932730_1937834.wav,SophiaChang_UCLhLyKIZYf4lCcilMujzXAA_cvm0KWFzi78,1932730,1937834,5104
SophiaChang_UCLhLyKIZYf4lCcilMujzXAA_cvm0KWFzi78_1938338_1944450.wav,SophiaChang_UCLhLyKIZYf4lCcilMujzXAA_cvm0KWFzi78,1938338,1944450,6112
SophiaChang_UCLhLyKIZYf4lCcilMujzXAA_cvm0KWFzi78_1945178_1948146.wav,SophiaChang_UCLhLyKIZYf4lCcilMujzXAA_cvm0KWFzi78,1945178,1948146,2968
SophiaChang_UCLhLyKIZYf4lCcilMujzXAA_cvm0KWFzi78_1948330_1955634.wav,SophiaChang_UCLhLyKIZYf4lCcilMujzXAA_cvm0KWFzi78,1948330,1955634,7304
SophiaChang_UCLhLyKIZYf4lCcilMujzXAA_cvm0KWFzi78_1955826_1964644.wav,SophiaChang_UCLhLyKIZYf4lCcilMujzXAA_cvm0KWFzi78,1955826,1964644,8818
SophiaChang_UCLhLyKIZYf4lCcilMujzXAA_cvm0KWFzi78_1964780_1968261.wav,SophiaChang_UCLhLyKIZYf4lCcilMujzXAA_cvm0KWFzi78,1964780,1968261,3481
SophiaChang_UCLhLyKIZYf4lCcilMujzXAA_cvm0KWFzi78_1968509_1975261.wav,SophiaChang_UCLhLyKIZYf4lCcilMujzXAA_cvm0KWFzi78,1968509,1975261,6752
SophiaChang_UCLhLyKIZYf4lCcilMujzXAA_cvm0KWFzi78_1975389_1978646.wav,SophiaChang_UCLhLyKIZYf4lCcilMujzXAA_cvm0KWFzi78,1975389,1978646,3257
SophiaChang_UCLhLyKIZYf4lCcilMujzXAA_cvm0KWFzi78_1978846_1988098.wav,SophiaChang_UCLhLyKIZYf4lCcilMujzXAA_cvm0KWFzi78,1978846,1988098,9252
SophiaChang_UCLhLyKIZYf4lCcilMujzXAA_cvm0KWFzi78_1988474_1989190.wav,SophiaChang_UCLhLyKIZYf4lCcilMujzXAA_cvm0KWFzi78,1988474,1989190,716
SophiaChang_UCLhLyKIZYf4lCcilMujzXAA_cvm0KWFzi78_1989390_1992151.wav,SophiaChang_UCLhLyKIZYf4lCcilMujzXAA_cvm0KWFzi78,1989390,1992151,2761
SophiaChang_UCLhLyKIZYf4lCcilMujzXAA_cvm0KWFzi78_1992279_2000031.wav,SophiaChang_UCLhLyKIZYf4lCcilMujzXAA_cvm0KWFzi78,1992279,2000031,7752
SophiaChang_UCLhLyKIZYf4lCcilMujzXAA_cvm0KWFzi78_2000159_2005080.wav,SophiaChang_UCLhLyKIZYf4lCcilMujzXAA_cvm0KWFzi78,2000159,2005080,4921
SophiaChang_UCLhLyKIZYf4lCcilMujzXAA_cvm0KWFzi78_2005256_2006065.wav,SophiaChang_UCLhLyKIZYf4lCcilMujzXAA_cvm0KWFzi78,2005256,2006065,809
SophiaChang_UCLhLyKIZYf4lCcilMujzXAA_cvm0KWFzi78_2006217_2011513.wav,SophiaChang_UCLhLyKIZYf4lCcilMujzXAA_cvm0KWFzi78,2006217,2011513,5296
SophiaChang_UCLhLyKIZYf4lCcilMujzXAA_cvm0KWFzi78_2011665_2015209.wav,SophiaChang_UCLhLyKIZYf4lCcilMujzXAA_cvm0KWFzi78,2011665,2015209,3544
SophiaChang_UCLhLyKIZYf4lCcilMujzXAA_cvm0KWFzi78_2016098_2026682.wav,SophiaChang_UCLhLyKIZYf4lCcilMujzXAA_cvm0KWFzi78,2016098,2026682,10584
SophiaChang_UCLhLyKIZYf4lCcilMujzXAA_cvm0KWFzi78_2026810_2027602.wav,SophiaChang_UCLhLyKIZYf4lCcilMujzXAA_cvm0KWFzi78,2026810,2027602,792
SophiaChang_UCLhLyKIZYf4lCcilMujzXAA_cvm0KWFzi78_2027946_2033058.wav,SophiaChang_UCLhLyKIZYf4lCcilMujzXAA_cvm0KWFzi78,2027946,2033058,5112
SophiaChang_UCLhLyKIZYf4lCcilMujzXAA_cvm0KWFzi78_2033570_2037722.wav,SophiaChang_UCLhLyKIZYf4lCcilMujzXAA_cvm0KWFzi78,2033570,2037722,4152
SophiaChang_UCLhLyKIZYf4lCcilMujzXAA_cvm0KWFzi78_2037858_2045906.wav,SophiaChang_UCLhLyKIZYf4lCcilMujzXAA_cvm0KWFzi78,2037858,2045906,8048
SophiaChang_UCLhLyKIZYf4lCcilMujzXAA_cvm0KWFzi78_2046306_2049114.wav,SophiaChang_UCLhLyKIZYf4lCcilMujzXAA_cvm0KWFzi78,2046306,2049114,2808
SophiaChang_UCLhLyKIZYf4lCcilMujzXAA_cvm0KWFzi78_2049794_2050778.wav,SophiaChang_UCLhLyKIZYf4lCcilMujzXAA_cvm0KWFzi78,2049794,2050778,984
SophiaChang_UCLhLyKIZYf4lCcilMujzXAA_cvm0KWFzi78_2051114_2054074.wav,SophiaChang_UCLhLyKIZYf4lCcilMujzXAA_cvm0KWFzi78,2051114,2054074,2960
SophiaChang_UCLhLyKIZYf4lCcilMujzXAA_cvm0KWFzi78_2055474_2061610.wav,SophiaChang_UCLhLyKIZYf4lCcilMujzXAA_cvm0KWFzi78,2055474,2061610,6136
SophiaChang_UCLhLyKIZYf4lCcilMujzXAA_cvm0KWFzi78_2062098_2064658.wav,SophiaChang_UCLhLyKIZYf4lCcilMujzXAA_cvm0KWFzi78,2062098,2064658,2560
SophiaChang_UCLhLyKIZYf4lCcilMujzXAA_cvm0KWFzi78_2065122_2069422.wav,SophiaChang_UCLhLyKIZYf4lCcilMujzXAA_cvm0KWFzi78,2065122,2069422,4300
SophiaChang_UCLhLyKIZYf4lCcilMujzXAA_cvm0KWFzi78_2069614_2074554.wav,SophiaChang_UCLhLyKIZYf4lCcilMujzXAA_cvm0KWFzi78,2069614,2074554,4940
SophiaChang_UCLhLyKIZYf4lCcilMujzXAA_cvm0KWFzi78_2074810_2077163.wav,SophiaChang_UCLhLyKIZYf4lCcilMujzXAA_cvm0KWFzi78,2074810,2077163,2353
SophiaChang_UCLhLyKIZYf4lCcilMujzXAA_cvm0KWFzi78_2077467_2082692.wav,SophiaChang_UCLhLyKIZYf4lCcilMujzXAA_cvm0KWFzi78,2077467,2082692,5225
SophiaChang_UCLhLyKIZYf4lCcilMujzXAA_cvm0KWFzi78_2082916_2088661.wav,SophiaChang_UCLhLyKIZYf4lCcilMujzXAA_cvm0KWFzi78,2082916,2088661,5745
SophiaChang_UCLhLyKIZYf4lCcilMujzXAA_cvm0KWFzi78_2088877_2090894.wav,SophiaChang_UCLhLyKIZYf4lCcilMujzXAA_cvm0KWFzi78,2088877,2090894,2017
SophiaChang_UCLhLyKIZYf4lCcilMujzXAA_cvm0KWFzi78_2091118_2092626.wav,SophiaChang_UCLhLyKIZYf4lCcilMujzXAA_cvm0KWFzi78,2091118,2092626,1508
SophiaChang_UCLhLyKIZYf4lCcilMujzXAA_cvm0KWFzi78_2092898_2098746.wav,SophiaChang_UCLhLyKIZYf4lCcilMujzXAA_cvm0KWFzi78,2092898,2098746,5848
SophiaChang_UCLhLyKIZYf4lCcilMujzXAA_cvm0KWFzi78_2099026_2105380.wav,SophiaChang_UCLhLyKIZYf4lCcilMujzXAA_cvm0KWFzi78,2099026,2105380,6354
SophiaChang_UCLhLyKIZYf4lCcilMujzXAA_cvm0KWFzi78_2105484_2114604.wav,SophiaChang_UCLhLyKIZYf4lCcilMujzXAA_cvm0KWFzi78,2105484,2114604,9120
SophiaChang_UCLhLyKIZYf4lCcilMujzXAA_cvm0KWFzi78_2114708_2116916.wav,SophiaChang_UCLhLyKIZYf4lCcilMujzXAA_cvm0KWFzi78,2114708,2116916,2208
SophiaChang_UCLhLyKIZYf4lCcilMujzXAA_cvm0KWFzi78_2117028_2119102.wav,SophiaChang_UCLhLyKIZYf4lCcilMujzXAA_cvm0KWFzi78,2117028,2119102,2074
SophiaChang_UCLhLyKIZYf4lCcilMujzXAA_cvm0KWFzi78_2119398_2121742.wav,SophiaChang_UCLhLyKIZYf4lCcilMujzXAA_cvm0KWFzi78,2119398,2121742,2344
SophiaChang_UCLhLyKIZYf4lCcilMujzXAA_cvm0KWFzi78_2121910_2123974.wav,SophiaChang_UCLhLyKIZYf4lCcilMujzXAA_cvm0KWFzi78,2121910,2123974,2064
SophiaChang_UCLhLyKIZYf4lCcilMujzXAA_cvm0KWFzi78_2124142_2126814.wav,SophiaChang_UCLhLyKIZYf4lCcilMujzXAA_cvm0KWFzi78,2124142,2126814,2672
SophiaChang_UCLhLyKIZYf4lCcilMujzXAA_cvm0KWFzi78_2127046_2134862.wav,SophiaChang_UCLhLyKIZYf4lCcilMujzXAA_cvm0KWFzi78,2127046,2134862,7816
SophiaChang_UCLhLyKIZYf4lCcilMujzXAA_cvm0KWFzi78_2135006_2139575.wav,SophiaChang_UCLhLyKIZYf4lCcilMujzXAA_cvm0KWFzi78,2135006,2139575,4569
SophiaChang_UCLhLyKIZYf4lCcilMujzXAA_cvm0KWFzi78_2139839_2148375.wav,SophiaChang_UCLhLyKIZYf4lCcilMujzXAA_cvm0KWFzi78,2139839,2148375,8536
SophiaChang_UCLhLyKIZYf4lCcilMujzXAA_cvm0KWFzi78_2148647_2148919.wav,SophiaChang_UCLhLyKIZYf4lCcilMujzXAA_cvm0KWFzi78,2148647,2148919,272
SophiaChang_UCLhLyKIZYf4lCcilMujzXAA_cvm0KWFzi78_2149119_2149376.wav,SophiaChang_UCLhLyKIZYf4lCcilMujzXAA_cvm0KWFzi78,2149119,2149376,257
SophiaChang_UCLhLyKIZYf4lCcilMujzXAA_cvm0KWFzi78_2149608_2150536.wav,SophiaChang_UCLhLyKIZYf4lCcilMujzXAA_cvm0KWFzi78,2149608,2150536,928
