filename,video_id,start_time,end_time,duration
SophiaChang_UCLhLyKIZYf4lCcilMujzXAA_cvm0KWFzi78_523_1299.wav,SophiaChang_UCLhLyKIZYf4lCcilMujzXAA_cvm0KWFzi78,523,1299,776
SophiaChang_UCLhLyKIZYf4lCcilMujzXAA_cvm0KWFzi78_1731_11061.wav,SophiaChang_UCLhLyKIZYf4lCcilMujzXAA_cvm0KWFzi78,1731,11061,9330
SophiaChang_UCLhLyKIZYf4lCcilMujzXAA_cvm0KWFzi78_11293_14057.wav,SophiaChang_UCLhLyKIZYf4lCcilMujzXAA_cvm0KWFzi78,11293,14057,2764
SophiaChang_UCLhLyKIZYf4lCcilMujzXAA_cvm0KWFzi78_14401_17953.wav,SophiaChang_UCLhLyKIZYf4lCcilMujzXAA_cvm0KWFzi78,14401,17953,3552
SophiaChang_UCLhLyKIZYf4lCcilMujzXAA_cvm0KWFzi78_18281_20867.wav,SophiaChang_UCLhLyKIZYf4lCcilMujzXAA_cvm0KWFzi78,18281,20867,2586
SophiaChang_UCLhLyKIZYf4lCcilMujzXAA_cvm0KWFzi78_21187_25612.wav,SophiaChang_UCLhLyKIZYf4lCcilMujzXAA_cvm0KWFzi78,21187,25612,4425
SophiaChang_UCLhLyKIZYf4lCcilMujzXAA_cvm0KWFzi78_25716_32636.wav,SophiaChang_UCLhLyKIZYf4lCcilMujzXAA_cvm0KWFzi78,25716,32636,6920
SophiaChang_UCLhLyKIZYf4lCcilMujzXAA_cvm0KWFzi78_32836_35404.wav,SophiaChang_UCLhLyKIZYf4lCcilMujzXAA_cvm0KWFzi78,32836,35404,2568
SophiaChang_UCLhLyKIZYf4lCcilMujzXAA_cvm0KWFzi78_35540_38725.wav,SophiaChang_UCLhLyKIZYf4lCcilMujzXAA_cvm0KWFzi78,35540,38725,3185
SophiaChang_UCLhLyKIZYf4lCcilMujzXAA_cvm0KWFzi78_39029_40933.wav,SophiaChang_UCLhLyKIZYf4lCcilMujzXAA_cvm0KWFzi78,39029,40933,1904
SophiaChang_UCLhLyKIZYf4lCcilMujzXAA_cvm0KWFzi78_41277_48741.wav,SophiaChang_UCLhLyKIZYf4lCcilMujzXAA_cvm0KWFzi78,41277,48741,7464
SophiaChang_UCLhLyKIZYf4lCcilMujzXAA_cvm0KWFzi78_49109_49753.wav,SophiaChang_UCLhLyKIZYf4lCcilMujzXAA_cvm0KWFzi78,49109,49753,644
SophiaChang_UCLhLyKIZYf4lCcilMujzXAA_cvm0KWFzi78_50017_54097.wav,SophiaChang_UCLhLyKIZYf4lCcilMujzXAA_cvm0KWFzi78,50017,54097,4080
SophiaChang_UCLhLyKIZYf4lCcilMujzXAA_cvm0KWFzi78_54313_61721.wav,SophiaChang_UCLhLyKIZYf4lCcilMujzXAA_cvm0KWFzi78,54313,61721,7408
SophiaChang_UCLhLyKIZYf4lCcilMujzXAA_cvm0KWFzi78_61881_64641.wav,SophiaChang_UCLhLyKIZYf4lCcilMujzXAA_cvm0KWFzi78,61881,64641,2760
SophiaChang_UCLhLyKIZYf4lCcilMujzXAA_cvm0KWFzi78_64897_69857.wav,SophiaChang_UCLhLyKIZYf4lCcilMujzXAA_cvm0KWFzi78,64897,69857,4960
SophiaChang_UCLhLyKIZYf4lCcilMujzXAA_cvm0KWFzi78_70121_73297.wav,SophiaChang_UCLhLyKIZYf4lCcilMujzXAA_cvm0KWFzi78,70121,73297,3176
SophiaChang_UCLhLyKIZYf4lCcilMujzXAA_cvm0KWFzi78_73417_80049.wav,SophiaChang_UCLhLyKIZYf4lCcilMujzXAA_cvm0KWFzi78,73417,80049,6632
SophiaChang_UCLhLyKIZYf4lCcilMujzXAA_cvm0KWFzi78_80409_82882.wav,SophiaChang_UCLhLyKIZYf4lCcilMujzXAA_cvm0KWFzi78,80409,82882,2473
SophiaChang_UCLhLyKIZYf4lCcilMujzXAA_cvm0KWFzi78_83154_83574.wav,SophiaChang_UCLhLyKIZYf4lCcilMujzXAA_cvm0KWFzi78,83154,83574,420
SophiaChang_UCLhLyKIZYf4lCcilMujzXAA_cvm0KWFzi78_83742_93730.wav,SophiaChang_UCLhLyKIZYf4lCcilMujzXAA_cvm0KWFzi78,83742,93730,9988
SophiaChang_UCLhLyKIZYf4lCcilMujzXAA_cvm0KWFzi78_93946_97878.wav,SophiaChang_UCLhLyKIZYf4lCcilMujzXAA_cvm0KWFzi78,93946,97878,3932
SophiaChang_UCLhLyKIZYf4lCcilMujzXAA_cvm0KWFzi78_98030_103208.wav,SophiaChang_UCLhLyKIZYf4lCcilMujzXAA_cvm0KWFzi78,98030,103208,5178
SophiaChang_UCLhLyKIZYf4lCcilMujzXAA_cvm0KWFzi78_103552_109872.wav,SophiaChang_UCLhLyKIZYf4lCcilMujzXAA_cvm0KWFzi78,103552,109872,6320
SophiaChang_UCLhLyKIZYf4lCcilMujzXAA_cvm0KWFzi78_110256_118234.wav,SophiaChang_UCLhLyKIZYf4lCcilMujzXAA_cvm0KWFzi78,110256,118234,7978
SophiaChang_UCLhLyKIZYf4lCcilMujzXAA_cvm0KWFzi78_118490_121414.wav,SophiaChang_UCLhLyKIZYf4lCcilMujzXAA_cvm0KWFzi78,118490,121414,2924
SophiaChang_UCLhLyKIZYf4lCcilMujzXAA_cvm0KWFzi78_121614_131454.wav,SophiaChang_UCLhLyKIZYf4lCcilMujzXAA_cvm0KWFzi78,121614,131454,9840
SophiaChang_UCLhLyKIZYf4lCcilMujzXAA_cvm0KWFzi78_131606_135586.wav,SophiaChang_UCLhLyKIZYf4lCcilMujzXAA_cvm0KWFzi78,131606,135586,3980
SophiaChang_UCLhLyKIZYf4lCcilMujzXAA_cvm0KWFzi78_135962_137058.wav,SophiaChang_UCLhLyKIZYf4lCcilMujzXAA_cvm0KWFzi78,135962,137058,1096
SophiaChang_UCLhLyKIZYf4lCcilMujzXAA_cvm0KWFzi78_137474_141890.wav,SophiaChang_UCLhLyKIZYf4lCcilMujzXAA_cvm0KWFzi78,137474,141890,4416
SophiaChang_UCLhLyKIZYf4lCcilMujzXAA_cvm0KWFzi78_142346_148186.wav,SophiaChang_UCLhLyKIZYf4lCcilMujzXAA_cvm0KWFzi78,142346,148186,5840
SophiaChang_UCLhLyKIZYf4lCcilMujzXAA_cvm0KWFzi78_148546_152290.wav,SophiaChang_UCLhLyKIZYf4lCcilMujzXAA_cvm0KWFzi78,148546,152290,3744
SophiaChang_UCLhLyKIZYf4lCcilMujzXAA_cvm0KWFzi78_152786_158026.wav,SophiaChang_UCLhLyKIZYf4lCcilMujzXAA_cvm0KWFzi78,152786,158026,5240
SophiaChang_UCLhLyKIZYf4lCcilMujzXAA_cvm0KWFzi78_158514_159802.wav,SophiaChang_UCLhLyKIZYf4lCcilMujzXAA_cvm0KWFzi78,158514,159802,1288
SophiaChang_UCLhLyKIZYf4lCcilMujzXAA_cvm0KWFzi78_159930_161358.wav,SophiaChang_UCLhLyKIZYf4lCcilMujzXAA_cvm0KWFzi78,159930,161358,1428
SophiaChang_UCLhLyKIZYf4lCcilMujzXAA_cvm0KWFzi78_161510_170770.wav,SophiaChang_UCLhLyKIZYf4lCcilMujzXAA_cvm0KWFzi78,161510,170770,9260
SophiaChang_UCLhLyKIZYf4lCcilMujzXAA_cvm0KWFzi78_171002_172582.wav,SophiaChang_UCLhLyKIZYf4lCcilMujzXAA_cvm0KWFzi78,171002,172582,1580
SophiaChang_UCLhLyKIZYf4lCcilMujzXAA_cvm0KWFzi78_172742_173082.wav,SophiaChang_UCLhLyKIZYf4lCcilMujzXAA_cvm0KWFzi78,172742,173082,340
SophiaChang_UCLhLyKIZYf4lCcilMujzXAA_cvm0KWFzi78_173666_181626.wav,SophiaChang_UCLhLyKIZYf4lCcilMujzXAA_cvm0KWFzi78,173666,181626,7960
SophiaChang_UCLhLyKIZYf4lCcilMujzXAA_cvm0KWFzi78_181746_184706.wav,SophiaChang_UCLhLyKIZYf4lCcilMujzXAA_cvm0KWFzi78,181746,184706,2960
SophiaChang_UCLhLyKIZYf4lCcilMujzXAA_cvm0KWFzi78_184842_185666.wav,SophiaChang_UCLhLyKIZYf4lCcilMujzXAA_cvm0KWFzi78,184842,185666,824
SophiaChang_UCLhLyKIZYf4lCcilMujzXAA_cvm0KWFzi78_185962_187934.wav,SophiaChang_UCLhLyKIZYf4lCcilMujzXAA_cvm0KWFzi78,185962,187934,1972
SophiaChang_UCLhLyKIZYf4lCcilMujzXAA_cvm0KWFzi78_188054_192502.wav,SophiaChang_UCLhLyKIZYf4lCcilMujzXAA_cvm0KWFzi78,188054,192502,4448
SophiaChang_UCLhLyKIZYf4lCcilMujzXAA_cvm0KWFzi78_192686_195598.wav,SophiaChang_UCLhLyKIZYf4lCcilMujzXAA_cvm0KWFzi78,192686,195598,2912
SophiaChang_UCLhLyKIZYf4lCcilMujzXAA_cvm0KWFzi78_195710_204402.wav,SophiaChang_UCLhLyKIZYf4lCcilMujzXAA_cvm0KWFzi78,195710,204402,8692
SophiaChang_UCLhLyKIZYf4lCcilMujzXAA_cvm0KWFzi78_204554_208654.wav,SophiaChang_UCLhLyKIZYf4lCcilMujzXAA_cvm0KWFzi78,204554,208654,4100
SophiaChang_UCLhLyKIZYf4lCcilMujzXAA_cvm0KWFzi78_208766_209262.wav,SophiaChang_UCLhLyKIZYf4lCcilMujzXAA_cvm0KWFzi78,208766,209262,496
SophiaChang_UCLhLyKIZYf4lCcilMujzXAA_cvm0KWFzi78_209374_209902.wav,SophiaChang_UCLhLyKIZYf4lCcilMujzXAA_cvm0KWFzi78,209374,209902,528
SophiaChang_UCLhLyKIZYf4lCcilMujzXAA_cvm0KWFzi78_210240_211025.wav,SophiaChang_UCLhLyKIZYf4lCcilMujzXAA_cvm0KWFzi78,210240,211025,785
SophiaChang_UCLhLyKIZYf4lCcilMujzXAA_cvm0KWFzi78_211345_220978.wav,SophiaChang_UCLhLyKIZYf4lCcilMujzXAA_cvm0KWFzi78,211345,220978,9633
SophiaChang_UCLhLyKIZYf4lCcilMujzXAA_cvm0KWFzi78_221274_222444.wav,SophiaChang_UCLhLyKIZYf4lCcilMujzXAA_cvm0KWFzi78,221274,222444,1170
SophiaChang_UCLhLyKIZYf4lCcilMujzXAA_cvm0KWFzi78_222700_226168.wav,SophiaChang_UCLhLyKIZYf4lCcilMujzXAA_cvm0KWFzi78,222700,226168,3468
SophiaChang_UCLhLyKIZYf4lCcilMujzXAA_cvm0KWFzi78_226352_229474.wav,SophiaChang_UCLhLyKIZYf4lCcilMujzXAA_cvm0KWFzi78,226352,229474,3122
SophiaChang_UCLhLyKIZYf4lCcilMujzXAA_cvm0KWFzi78_229802_232402.wav,SophiaChang_UCLhLyKIZYf4lCcilMujzXAA_cvm0KWFzi78,229802,232402,2600
SophiaChang_UCLhLyKIZYf4lCcilMujzXAA_cvm0KWFzi78_232930_233906.wav,SophiaChang_UCLhLyKIZYf4lCcilMujzXAA_cvm0KWFzi78,232930,233906,976
SophiaChang_UCLhLyKIZYf4lCcilMujzXAA_cvm0KWFzi78_234178_241638.wav,SophiaChang_UCLhLyKIZYf4lCcilMujzXAA_cvm0KWFzi78,234178,241638,7460
SophiaChang_UCLhLyKIZYf4lCcilMujzXAA_cvm0KWFzi78_241934_244930.wav,SophiaChang_UCLhLyKIZYf4lCcilMujzXAA_cvm0KWFzi78,241934,244930,2996
SophiaChang_UCLhLyKIZYf4lCcilMujzXAA_cvm0KWFzi78_245098_245746.wav,SophiaChang_UCLhLyKIZYf4lCcilMujzXAA_cvm0KWFzi78,245098,245746,648
SophiaChang_UCLhLyKIZYf4lCcilMujzXAA_cvm0KWFzi78_246130_249118.wav,SophiaChang_UCLhLyKIZYf4lCcilMujzXAA_cvm0KWFzi78,246130,249118,2988
SophiaChang_UCLhLyKIZYf4lCcilMujzXAA_cvm0KWFzi78_249270_253870.wav,SophiaChang_UCLhLyKIZYf4lCcilMujzXAA_cvm0KWFzi78,249270,253870,4600
SophiaChang_UCLhLyKIZYf4lCcilMujzXAA_cvm0KWFzi78_253974_261664.wav,SophiaChang_UCLhLyKIZYf4lCcilMujzXAA_cvm0KWFzi78,253974,261664,7690
SophiaChang_UCLhLyKIZYf4lCcilMujzXAA_cvm0KWFzi78_261896_264122.wav,SophiaChang_UCLhLyKIZYf4lCcilMujzXAA_cvm0KWFzi78,261896,264122,2226
SophiaChang_UCLhLyKIZYf4lCcilMujzXAA_cvm0KWFzi78_264386_271346.wav,SophiaChang_UCLhLyKIZYf4lCcilMujzXAA_cvm0KWFzi78,264386,271346,6960
SophiaChang_UCLhLyKIZYf4lCcilMujzXAA_cvm0KWFzi78_271682_272506.wav,SophiaChang_UCLhLyKIZYf4lCcilMujzXAA_cvm0KWFzi78,271682,272506,824
SophiaChang_UCLhLyKIZYf4lCcilMujzXAA_cvm0KWFzi78_273314_275714.wav,SophiaChang_UCLhLyKIZYf4lCcilMujzXAA_cvm0KWFzi78,273314,275714,2400
SophiaChang_UCLhLyKIZYf4lCcilMujzXAA_cvm0KWFzi78_275850_277866.wav,SophiaChang_UCLhLyKIZYf4lCcilMujzXAA_cvm0KWFzi78,275850,277866,2016
SophiaChang_UCLhLyKIZYf4lCcilMujzXAA_cvm0KWFzi78_277970_285730.wav,SophiaChang_UCLhLyKIZYf4lCcilMujzXAA_cvm0KWFzi78,277970,285730,7760
SophiaChang_UCLhLyKIZYf4lCcilMujzXAA_cvm0KWFzi78_285922_287986.wav,SophiaChang_UCLhLyKIZYf4lCcilMujzXAA_cvm0KWFzi78,285922,287986,2064
SophiaChang_UCLhLyKIZYf4lCcilMujzXAA_cvm0KWFzi78_288170_291058.wav,SophiaChang_UCLhLyKIZYf4lCcilMujzXAA_cvm0KWFzi78,288170,291058,2888
SophiaChang_UCLhLyKIZYf4lCcilMujzXAA_cvm0KWFzi78_291162_300258.wav,SophiaChang_UCLhLyKIZYf4lCcilMujzXAA_cvm0KWFzi78,291162,300258,9096
SophiaChang_UCLhLyKIZYf4lCcilMujzXAA_cvm0KWFzi78_300370_305986.wav,SophiaChang_UCLhLyKIZYf4lCcilMujzXAA_cvm0KWFzi78,300370,305986,5616
SophiaChang_UCLhLyKIZYf4lCcilMujzXAA_cvm0KWFzi78_306106_308386.wav,SophiaChang_UCLhLyKIZYf4lCcilMujzXAA_cvm0KWFzi78,306106,308386,2280
SophiaChang_UCLhLyKIZYf4lCcilMujzXAA_cvm0KWFzi78_308754_315554.wav,SophiaChang_UCLhLyKIZYf4lCcilMujzXAA_cvm0KWFzi78,308754,315554,6800
SophiaChang_UCLhLyKIZYf4lCcilMujzXAA_cvm0KWFzi78_315714_316562.wav,SophiaChang_UCLhLyKIZYf4lCcilMujzXAA_cvm0KWFzi78,315714,316562,848
SophiaChang_UCLhLyKIZYf4lCcilMujzXAA_cvm0KWFzi78_316706_320090.wav,SophiaChang_UCLhLyKIZYf4lCcilMujzXAA_cvm0KWFzi78,316706,320090,3384
SophiaChang_UCLhLyKIZYf4lCcilMujzXAA_cvm0KWFzi78_320458_330058.wav,SophiaChang_UCLhLyKIZYf4lCcilMujzXAA_cvm0KWFzi78,320458,330058,9600
SophiaChang_UCLhLyKIZYf4lCcilMujzXAA_cvm0KWFzi78_330314_334826.wav,SophiaChang_UCLhLyKIZYf4lCcilMujzXAA_cvm0KWFzi78,330314,334826,4512
SophiaChang_UCLhLyKIZYf4lCcilMujzXAA_cvm0KWFzi78_335258_345082.wav,SophiaChang_UCLhLyKIZYf4lCcilMujzXAA_cvm0KWFzi78,335258,345082,9824
SophiaChang_UCLhLyKIZYf4lCcilMujzXAA_cvm0KWFzi78_345194_354794.wav,SophiaChang_UCLhLyKIZYf4lCcilMujzXAA_cvm0KWFzi78,345194,354794,9600
SophiaChang_UCLhLyKIZYf4lCcilMujzXAA_cvm0KWFzi78_355186_357754.wav,SophiaChang_UCLhLyKIZYf4lCcilMujzXAA_cvm0KWFzi78,355186,357754,2568
SophiaChang_UCLhLyKIZYf4lCcilMujzXAA_cvm0KWFzi78_358450_363962.wav,SophiaChang_UCLhLyKIZYf4lCcilMujzXAA_cvm0KWFzi78,358450,363962,5512
SophiaChang_UCLhLyKIZYf4lCcilMujzXAA_cvm0KWFzi78_364218_367626.wav,SophiaChang_UCLhLyKIZYf4lCcilMujzXAA_cvm0KWFzi78,364218,367626,3408
SophiaChang_UCLhLyKIZYf4lCcilMujzXAA_cvm0KWFzi78_367874_377818.wav,SophiaChang_UCLhLyKIZYf4lCcilMujzXAA_cvm0KWFzi78,367874,377818,9944
SophiaChang_UCLhLyKIZYf4lCcilMujzXAA_cvm0KWFzi78_377954_385858.wav,SophiaChang_UCLhLyKIZYf4lCcilMujzXAA_cvm0KWFzi78,377954,385858,7904
SophiaChang_UCLhLyKIZYf4lCcilMujzXAA_cvm0KWFzi78_386234_389410.wav,SophiaChang_UCLhLyKIZYf4lCcilMujzXAA_cvm0KWFzi78,386234,389410,3176
SophiaChang_UCLhLyKIZYf4lCcilMujzXAA_cvm0KWFzi78_389810_396130.wav,SophiaChang_UCLhLyKIZYf4lCcilMujzXAA_cvm0KWFzi78,389810,396130,6320
SophiaChang_UCLhLyKIZYf4lCcilMujzXAA_cvm0KWFzi78_396322_403442.wav,SophiaChang_UCLhLyKIZYf4lCcilMujzXAA_cvm0KWFzi78,396322,403442,7120
SophiaChang_UCLhLyKIZYf4lCcilMujzXAA_cvm0KWFzi78_403906_409314.wav,SophiaChang_UCLhLyKIZYf4lCcilMujzXAA_cvm0KWFzi78,403906,409314,5408
SophiaChang_UCLhLyKIZYf4lCcilMujzXAA_cvm0KWFzi78_409562_413922.wav,SophiaChang_UCLhLyKIZYf4lCcilMujzXAA_cvm0KWFzi78,409562,413922,4360
SophiaChang_UCLhLyKIZYf4lCcilMujzXAA_cvm0KWFzi78_414050_414762.wav,SophiaChang_UCLhLyKIZYf4lCcilMujzXAA_cvm0KWFzi78,414050,414762,712
SophiaChang_UCLhLyKIZYf4lCcilMujzXAA_cvm0KWFzi78_415434_417498.wav,SophiaChang_UCLhLyKIZYf4lCcilMujzXAA_cvm0KWFzi78,415434,417498,2064
SophiaChang_UCLhLyKIZYf4lCcilMujzXAA_cvm0KWFzi78_417602_426058.wav,SophiaChang_UCLhLyKIZYf4lCcilMujzXAA_cvm0KWFzi78,417602,426058,8456
SophiaChang_UCLhLyKIZYf4lCcilMujzXAA_cvm0KWFzi78_426322_428778.wav,SophiaChang_UCLhLyKIZYf4lCcilMujzXAA_cvm0KWFzi78,426322,428778,2456
SophiaChang_UCLhLyKIZYf4lCcilMujzXAA_cvm0KWFzi78_428922_436626.wav,SophiaChang_UCLhLyKIZYf4lCcilMujzXAA_cvm0KWFzi78,428922,436626,7704
SophiaChang_UCLhLyKIZYf4lCcilMujzXAA_cvm0KWFzi78_436754_439146.wav,SophiaChang_UCLhLyKIZYf4lCcilMujzXAA_cvm0KWFzi78,436754,439146,2392
SophiaChang_UCLhLyKIZYf4lCcilMujzXAA_cvm0KWFzi78_439250_442866.wav,SophiaChang_UCLhLyKIZYf4lCcilMujzXAA_cvm0KWFzi78,439250,442866,3616
SophiaChang_UCLhLyKIZYf4lCcilMujzXAA_cvm0KWFzi78_442986_446162.wav,SophiaChang_UCLhLyKIZYf4lCcilMujzXAA_cvm0KWFzi78,442986,446162,3176
SophiaChang_UCLhLyKIZYf4lCcilMujzXAA_cvm0KWFzi78_446690_452502.wav,SophiaChang_UCLhLyKIZYf4lCcilMujzXAA_cvm0KWFzi78,446690,452502,5812
SophiaChang_UCLhLyKIZYf4lCcilMujzXAA_cvm0KWFzi78_452670_455432.wav,SophiaChang_UCLhLyKIZYf4lCcilMujzXAA_cvm0KWFzi78,452670,455432,2762
SophiaChang_UCLhLyKIZYf4lCcilMujzXAA_cvm0KWFzi78_455640_461440.wav,SophiaChang_UCLhLyKIZYf4lCcilMujzXAA_cvm0KWFzi78,455640,461440,5800
SophiaChang_UCLhLyKIZYf4lCcilMujzXAA_cvm0KWFzi78_461824_463658.wav,SophiaChang_UCLhLyKIZYf4lCcilMujzXAA_cvm0KWFzi78,461824,463658,1834
SophiaChang_UCLhLyKIZYf4lCcilMujzXAA_cvm0KWFzi78_463842_465738.wav,SophiaChang_UCLhLyKIZYf4lCcilMujzXAA_cvm0KWFzi78,463842,465738,1896
SophiaChang_UCLhLyKIZYf4lCcilMujzXAA_cvm0KWFzi78_466278_472498.wav,SophiaChang_UCLhLyKIZYf4lCcilMujzXAA_cvm0KWFzi78,466278,472498,6220
SophiaChang_UCLhLyKIZYf4lCcilMujzXAA_cvm0KWFzi78_472658_479542.wav,SophiaChang_UCLhLyKIZYf4lCcilMujzXAA_cvm0KWFzi78,472658,479542,6884
SophiaChang_UCLhLyKIZYf4lCcilMujzXAA_cvm0KWFzi78_479646_482186.wav,SophiaChang_UCLhLyKIZYf4lCcilMujzXAA_cvm0KWFzi78,479646,482186,2540
SophiaChang_UCLhLyKIZYf4lCcilMujzXAA_cvm0KWFzi78_482730_484542.wav,SophiaChang_UCLhLyKIZYf4lCcilMujzXAA_cvm0KWFzi78,482730,484542,1812
SophiaChang_UCLhLyKIZYf4lCcilMujzXAA_cvm0KWFzi78_484646_492974.wav,SophiaChang_UCLhLyKIZYf4lCcilMujzXAA_cvm0KWFzi78,484646,492974,8328
SophiaChang_UCLhLyKIZYf4lCcilMujzXAA_cvm0KWFzi78_493142_502026.wav,SophiaChang_UCLhLyKIZYf4lCcilMujzXAA_cvm0KWFzi78,493142,502026,8884
SophiaChang_UCLhLyKIZYf4lCcilMujzXAA_cvm0KWFzi78_502314_507086.wav,SophiaChang_UCLhLyKIZYf4lCcilMujzXAA_cvm0KWFzi78,502314,507086,4772
SophiaChang_UCLhLyKIZYf4lCcilMujzXAA_cvm0KWFzi78_507214_509654.wav,SophiaChang_UCLhLyKIZYf4lCcilMujzXAA_cvm0KWFzi78,507214,509654,2440
SophiaChang_UCLhLyKIZYf4lCcilMujzXAA_cvm0KWFzi78_509790_514942.wav,SophiaChang_UCLhLyKIZYf4lCcilMujzXAA_cvm0KWFzi78,509790,514942,5152
SophiaChang_UCLhLyKIZYf4lCcilMujzXAA_cvm0KWFzi78_515046_517406.wav,SophiaChang_UCLhLyKIZYf4lCcilMujzXAA_cvm0KWFzi78,515046,517406,2360
SophiaChang_UCLhLyKIZYf4lCcilMujzXAA_cvm0KWFzi78_517510_521586.wav,SophiaChang_UCLhLyKIZYf4lCcilMujzXAA_cvm0KWFzi78,517510,521586,4076
SophiaChang_UCLhLyKIZYf4lCcilMujzXAA_cvm0KWFzi78_522130_525170.wav,SophiaChang_UCLhLyKIZYf4lCcilMujzXAA_cvm0KWFzi78,522130,525170,3040
SophiaChang_UCLhLyKIZYf4lCcilMujzXAA_cvm0KWFzi78_525578_529802.wav,SophiaChang_UCLhLyKIZYf4lCcilMujzXAA_cvm0KWFzi78,525578,529802,4224
SophiaChang_UCLhLyKIZYf4lCcilMujzXAA_cvm0KWFzi78_530498_539722.wav,SophiaChang_UCLhLyKIZYf4lCcilMujzXAA_cvm0KWFzi78,530498,539722,9224
SophiaChang_UCLhLyKIZYf4lCcilMujzXAA_cvm0KWFzi78_539826_548954.wav,SophiaChang_UCLhLyKIZYf4lCcilMujzXAA_cvm0KWFzi78,539826,548954,9128
SophiaChang_UCLhLyKIZYf4lCcilMujzXAA_cvm0KWFzi78_549138_552498.wav,SophiaChang_UCLhLyKIZYf4lCcilMujzXAA_cvm0KWFzi78,549138,552498,3360
SophiaChang_UCLhLyKIZYf4lCcilMujzXAA_cvm0KWFzi78_552626_561302.wav,SophiaChang_UCLhLyKIZYf4lCcilMujzXAA_cvm0KWFzi78,552626,561302,8676
SophiaChang_UCLhLyKIZYf4lCcilMujzXAA_cvm0KWFzi78_561542_564262.wav,SophiaChang_UCLhLyKIZYf4lCcilMujzXAA_cvm0KWFzi78,561542,564262,2720
SophiaChang_UCLhLyKIZYf4lCcilMujzXAA_cvm0KWFzi78_564634_569858.wav,SophiaChang_UCLhLyKIZYf4lCcilMujzXAA_cvm0KWFzi78,564634,569858,5224
SophiaChang_UCLhLyKIZYf4lCcilMujzXAA_cvm0KWFzi78_569962_572606.wav,SophiaChang_UCLhLyKIZYf4lCcilMujzXAA_cvm0KWFzi78,569962,572606,2644
SophiaChang_UCLhLyKIZYf4lCcilMujzXAA_cvm0KWFzi78_572774_574542.wav,SophiaChang_UCLhLyKIZYf4lCcilMujzXAA_cvm0KWFzi78,572774,574542,1768
SophiaChang_UCLhLyKIZYf4lCcilMujzXAA_cvm0KWFzi78_574790_578062.wav,SophiaChang_UCLhLyKIZYf4lCcilMujzXAA_cvm0KWFzi78,574790,578062,3272
SophiaChang_UCLhLyKIZYf4lCcilMujzXAA_cvm0KWFzi78_578214_580646.wav,SophiaChang_UCLhLyKIZYf4lCcilMujzXAA_cvm0KWFzi78,578214,580646,2432
SophiaChang_UCLhLyKIZYf4lCcilMujzXAA_cvm0KWFzi78_580822_584034.wav,SophiaChang_UCLhLyKIZYf4lCcilMujzXAA_cvm0KWFzi78,580822,584034,3212
SophiaChang_UCLhLyKIZYf4lCcilMujzXAA_cvm0KWFzi78_584202_586238.wav,SophiaChang_UCLhLyKIZYf4lCcilMujzXAA_cvm0KWFzi78,584202,586238,2036
SophiaChang_UCLhLyKIZYf4lCcilMujzXAA_cvm0KWFzi78_586478_591519.wav,SophiaChang_UCLhLyKIZYf4lCcilMujzXAA_cvm0KWFzi78,586478,591519,5041
SophiaChang_UCLhLyKIZYf4lCcilMujzXAA_cvm0KWFzi78_591887_596591.wav,SophiaChang_UCLhLyKIZYf4lCcilMujzXAA_cvm0KWFzi78,591887,596591,4704
SophiaChang_UCLhLyKIZYf4lCcilMujzXAA_cvm0KWFzi78_596911_598624.wav,SophiaChang_UCLhLyKIZYf4lCcilMujzXAA_cvm0KWFzi78,596911,598624,1713
SophiaChang_UCLhLyKIZYf4lCcilMujzXAA_cvm0KWFzi78_598992_605394.wav,SophiaChang_UCLhLyKIZYf4lCcilMujzXAA_cvm0KWFzi78,598992,605394,6402
SophiaChang_UCLhLyKIZYf4lCcilMujzXAA_cvm0KWFzi78_605610_607850.wav,SophiaChang_UCLhLyKIZYf4lCcilMujzXAA_cvm0KWFzi78,605610,607850,2240
SophiaChang_UCLhLyKIZYf4lCcilMujzXAA_cvm0KWFzi78_607970_609674.wav,SophiaChang_UCLhLyKIZYf4lCcilMujzXAA_cvm0KWFzi78,607970,609674,1704
SophiaChang_UCLhLyKIZYf4lCcilMujzXAA_cvm0KWFzi78_609994_616902.wav,SophiaChang_UCLhLyKIZYf4lCcilMujzXAA_cvm0KWFzi78,609994,616902,6908
SophiaChang_UCLhLyKIZYf4lCcilMujzXAA_cvm0KWFzi78_617102_623216.wav,SophiaChang_UCLhLyKIZYf4lCcilMujzXAA_cvm0KWFzi78,617102,623216,6114
SophiaChang_UCLhLyKIZYf4lCcilMujzXAA_cvm0KWFzi78_623400_624496.wav,SophiaChang_UCLhLyKIZYf4lCcilMujzXAA_cvm0KWFzi78,623400,624496,1096
SophiaChang_UCLhLyKIZYf4lCcilMujzXAA_cvm0KWFzi78_624704_628146.wav,SophiaChang_UCLhLyKIZYf4lCcilMujzXAA_cvm0KWFzi78,624704,628146,3442
SophiaChang_UCLhLyKIZYf4lCcilMujzXAA_cvm0KWFzi78_628538_632754.wav,SophiaChang_UCLhLyKIZYf4lCcilMujzXAA_cvm0KWFzi78,628538,632754,4216
SophiaChang_UCLhLyKIZYf4lCcilMujzXAA_cvm0KWFzi78_632858_636802.wav,SophiaChang_UCLhLyKIZYf4lCcilMujzXAA_cvm0KWFzi78,632858,636802,3944
SophiaChang_UCLhLyKIZYf4lCcilMujzXAA_cvm0KWFzi78_636986_644746.wav,SophiaChang_UCLhLyKIZYf4lCcilMujzXAA_cvm0KWFzi78,636986,644746,7760
SophiaChang_UCLhLyKIZYf4lCcilMujzXAA_cvm0KWFzi78_644850_647266.wav,SophiaChang_UCLhLyKIZYf4lCcilMujzXAA_cvm0KWFzi78,644850,647266,2416
SophiaChang_UCLhLyKIZYf4lCcilMujzXAA_cvm0KWFzi78_647762_655778.wav,SophiaChang_UCLhLyKIZYf4lCcilMujzXAA_cvm0KWFzi78,647762,655778,8016
SophiaChang_UCLhLyKIZYf4lCcilMujzXAA_cvm0KWFzi78_656034_664154.wav,SophiaChang_UCLhLyKIZYf4lCcilMujzXAA_cvm0KWFzi78,656034,664154,8120
SophiaChang_UCLhLyKIZYf4lCcilMujzXAA_cvm0KWFzi78_664346_666450.wav,SophiaChang_UCLhLyKIZYf4lCcilMujzXAA_cvm0KWFzi78,664346,666450,2104
SophiaChang_UCLhLyKIZYf4lCcilMujzXAA_cvm0KWFzi78_666610_670546.wav,SophiaChang_UCLhLyKIZYf4lCcilMujzXAA_cvm0KWFzi78,666610,670546,3936
SophiaChang_UCLhLyKIZYf4lCcilMujzXAA_cvm0KWFzi78_670802_674834.wav,SophiaChang_UCLhLyKIZYf4lCcilMujzXAA_cvm0KWFzi78,670802,674834,4032
SophiaChang_UCLhLyKIZYf4lCcilMujzXAA_cvm0KWFzi78_675018_676322.wav,SophiaChang_UCLhLyKIZYf4lCcilMujzXAA_cvm0KWFzi78,675018,676322,1304
SophiaChang_UCLhLyKIZYf4lCcilMujzXAA_cvm0KWFzi78_676586_682722.wav,SophiaChang_UCLhLyKIZYf4lCcilMujzXAA_cvm0KWFzi78,676586,682722,6136
SophiaChang_UCLhLyKIZYf4lCcilMujzXAA_cvm0KWFzi78_682938_687010.wav,SophiaChang_UCLhLyKIZYf4lCcilMujzXAA_cvm0KWFzi78,682938,687010,4072
SophiaChang_UCLhLyKIZYf4lCcilMujzXAA_cvm0KWFzi78_687514_692810.wav,SophiaChang_UCLhLyKIZYf4lCcilMujzXAA_cvm0KWFzi78,687514,692810,5296
SophiaChang_UCLhLyKIZYf4lCcilMujzXAA_cvm0KWFzi78_693082_699994.wav,SophiaChang_UCLhLyKIZYf4lCcilMujzXAA_cvm0KWFzi78,693082,699994,6912
SophiaChang_UCLhLyKIZYf4lCcilMujzXAA_cvm0KWFzi78_700098_707466.wav,SophiaChang_UCLhLyKIZYf4lCcilMujzXAA_cvm0KWFzi78,700098,707466,7368
SophiaChang_UCLhLyKIZYf4lCcilMujzXAA_cvm0KWFzi78_707690_713674.wav,SophiaChang_UCLhLyKIZYf4lCcilMujzXAA_cvm0KWFzi78,707690,713674,5984
SophiaChang_UCLhLyKIZYf4lCcilMujzXAA_cvm0KWFzi78_714090_719116.wav,SophiaChang_UCLhLyKIZYf4lCcilMujzXAA_cvm0KWFzi78,714090,719116,5026
SophiaChang_UCLhLyKIZYf4lCcilMujzXAA_cvm0KWFzi78_719284_721148.wav,SophiaChang_UCLhLyKIZYf4lCcilMujzXAA_cvm0KWFzi78,719284,721148,1864
SophiaChang_UCLhLyKIZYf4lCcilMujzXAA_cvm0KWFzi78_721324_724542.wav,SophiaChang_UCLhLyKIZYf4lCcilMujzXAA_cvm0KWFzi78,721324,724542,3218
SophiaChang_UCLhLyKIZYf4lCcilMujzXAA_cvm0KWFzi78_724702_725806.wav,SophiaChang_UCLhLyKIZYf4lCcilMujzXAA_cvm0KWFzi78,724702,725806,1104
SophiaChang_UCLhLyKIZYf4lCcilMujzXAA_cvm0KWFzi78_725966_730022.wav,SophiaChang_UCLhLyKIZYf4lCcilMujzXAA_cvm0KWFzi78,725966,730022,4056
SophiaChang_UCLhLyKIZYf4lCcilMujzXAA_cvm0KWFzi78_730190_734906.wav,SophiaChang_UCLhLyKIZYf4lCcilMujzXAA_cvm0KWFzi78,730190,734906,4716
SophiaChang_UCLhLyKIZYf4lCcilMujzXAA_cvm0KWFzi78_735178_738442.wav,SophiaChang_UCLhLyKIZYf4lCcilMujzXAA_cvm0KWFzi78,735178,738442,3264
SophiaChang_UCLhLyKIZYf4lCcilMujzXAA_cvm0KWFzi78_739626_743678.wav,SophiaChang_UCLhLyKIZYf4lCcilMujzXAA_cvm0KWFzi78,739626,743678,4052
SophiaChang_UCLhLyKIZYf4lCcilMujzXAA_cvm0KWFzi78_743806_748294.wav,SophiaChang_UCLhLyKIZYf4lCcilMujzXAA_cvm0KWFzi78,743806,748294,4488
SophiaChang_UCLhLyKIZYf4lCcilMujzXAA_cvm0KWFzi78_748718_754238.wav,SophiaChang_UCLhLyKIZYf4lCcilMujzXAA_cvm0KWFzi78,748718,754238,5520
SophiaChang_UCLhLyKIZYf4lCcilMujzXAA_cvm0KWFzi78_754414_756230.wav,SophiaChang_UCLhLyKIZYf4lCcilMujzXAA_cvm0KWFzi78,754414,756230,1816
SophiaChang_UCLhLyKIZYf4lCcilMujzXAA_cvm0KWFzi78_756446_763862.wav,SophiaChang_UCLhLyKIZYf4lCcilMujzXAA_cvm0KWFzi78,756446,763862,7416
SophiaChang_UCLhLyKIZYf4lCcilMujzXAA_cvm0KWFzi78_764078_768182.wav,SophiaChang_UCLhLyKIZYf4lCcilMujzXAA_cvm0KWFzi78,764078,768182,4104
SophiaChang_UCLhLyKIZYf4lCcilMujzXAA_cvm0KWFzi78_768294_778130.wav,SophiaChang_UCLhLyKIZYf4lCcilMujzXAA_cvm0KWFzi78,768294,778130,9836
SophiaChang_UCLhLyKIZYf4lCcilMujzXAA_cvm0KWFzi78_778346_785446.wav,SophiaChang_UCLhLyKIZYf4lCcilMujzXAA_cvm0KWFzi78,778346,785446,7100
SophiaChang_UCLhLyKIZYf4lCcilMujzXAA_cvm0KWFzi78_785582_789418.wav,SophiaChang_UCLhLyKIZYf4lCcilMujzXAA_cvm0KWFzi78,785582,789418,3836
SophiaChang_UCLhLyKIZYf4lCcilMujzXAA_cvm0KWFzi78_789578_792100.wav,SophiaChang_UCLhLyKIZYf4lCcilMujzXAA_cvm0KWFzi78,789578,792100,2522
SophiaChang_UCLhLyKIZYf4lCcilMujzXAA_cvm0KWFzi78_792308_799910.wav,SophiaChang_UCLhLyKIZYf4lCcilMujzXAA_cvm0KWFzi78,792308,799910,7602
SophiaChang_UCLhLyKIZYf4lCcilMujzXAA_cvm0KWFzi78_800142_806070.wav,SophiaChang_UCLhLyKIZYf4lCcilMujzXAA_cvm0KWFzi78,800142,806070,5928
SophiaChang_UCLhLyKIZYf4lCcilMujzXAA_cvm0KWFzi78_806190_809326.wav,SophiaChang_UCLhLyKIZYf4lCcilMujzXAA_cvm0KWFzi78,806190,809326,3136
SophiaChang_UCLhLyKIZYf4lCcilMujzXAA_cvm0KWFzi78_809550_816198.wav,SophiaChang_UCLhLyKIZYf4lCcilMujzXAA_cvm0KWFzi78,809550,816198,6648
SophiaChang_UCLhLyKIZYf4lCcilMujzXAA_cvm0KWFzi78_816358_818338.wav,SophiaChang_UCLhLyKIZYf4lCcilMujzXAA_cvm0KWFzi78,816358,818338,1980
SophiaChang_UCLhLyKIZYf4lCcilMujzXAA_cvm0KWFzi78_818634_821878.wav,SophiaChang_UCLhLyKIZYf4lCcilMujzXAA_cvm0KWFzi78,818634,821878,3244
SophiaChang_UCLhLyKIZYf4lCcilMujzXAA_cvm0KWFzi78_821982_829318.wav,SophiaChang_UCLhLyKIZYf4lCcilMujzXAA_cvm0KWFzi78,821982,829318,7336
SophiaChang_UCLhLyKIZYf4lCcilMujzXAA_cvm0KWFzi78_829430_831986.wav,SophiaChang_UCLhLyKIZYf4lCcilMujzXAA_cvm0KWFzi78,829430,831986,2556
SophiaChang_UCLhLyKIZYf4lCcilMujzXAA_cvm0KWFzi78_832370_834755.wav,SophiaChang_UCLhLyKIZYf4lCcilMujzXAA_cvm0KWFzi78,832370,834755,2385
SophiaChang_UCLhLyKIZYf4lCcilMujzXAA_cvm0KWFzi78_835115_843980.wav,SophiaChang_UCLhLyKIZYf4lCcilMujzXAA_cvm0KWFzi78,835115,843980,8865
SophiaChang_UCLhLyKIZYf4lCcilMujzXAA_cvm0KWFzi78_844324_853477.wav,SophiaChang_UCLhLyKIZYf4lCcilMujzXAA_cvm0KWFzi78,844324,853477,9153
SophiaChang_UCLhLyKIZYf4lCcilMujzXAA_cvm0KWFzi78_853893_854590.wav,SophiaChang_UCLhLyKIZYf4lCcilMujzXAA_cvm0KWFzi78,853893,854590,697
SophiaChang_UCLhLyKIZYf4lCcilMujzXAA_cvm0KWFzi78_854814_858000.wav,SophiaChang_UCLhLyKIZYf4lCcilMujzXAA_cvm0KWFzi78,854814,858000,3186
SophiaChang_UCLhLyKIZYf4lCcilMujzXAA_cvm0KWFzi78_858176_860424.wav,SophiaChang_UCLhLyKIZYf4lCcilMujzXAA_cvm0KWFzi78,858176,860424,2248
SophiaChang_UCLhLyKIZYf4lCcilMujzXAA_cvm0KWFzi78_860584_861720.wav,SophiaChang_UCLhLyKIZYf4lCcilMujzXAA_cvm0KWFzi78,860584,861720,1136
SophiaChang_UCLhLyKIZYf4lCcilMujzXAA_cvm0KWFzi78_861888_865144.wav,SophiaChang_UCLhLyKIZYf4lCcilMujzXAA_cvm0KWFzi78,861888,865144,3256
SophiaChang_UCLhLyKIZYf4lCcilMujzXAA_cvm0KWFzi78_865312_868352.wav,SophiaChang_UCLhLyKIZYf4lCcilMujzXAA_cvm0KWFzi78,865312,868352,3040
SophiaChang_UCLhLyKIZYf4lCcilMujzXAA_cvm0KWFzi78_868922_870090.wav,SophiaChang_UCLhLyKIZYf4lCcilMujzXAA_cvm0KWFzi78,868922,870090,1168
SophiaChang_UCLhLyKIZYf4lCcilMujzXAA_cvm0KWFzi78_870218_871738.wav,SophiaChang_UCLhLyKIZYf4lCcilMujzXAA_cvm0KWFzi78,870218,871738,1520
SophiaChang_UCLhLyKIZYf4lCcilMujzXAA_cvm0KWFzi78_871954_874202.wav,SophiaChang_UCLhLyKIZYf4lCcilMujzXAA_cvm0KWFzi78,871954,874202,2248
SophiaChang_UCLhLyKIZYf4lCcilMujzXAA_cvm0KWFzi78_874354_883162.wav,SophiaChang_UCLhLyKIZYf4lCcilMujzXAA_cvm0KWFzi78,874354,883162,8808
SophiaChang_UCLhLyKIZYf4lCcilMujzXAA_cvm0KWFzi78_883282_885210.wav,SophiaChang_UCLhLyKIZYf4lCcilMujzXAA_cvm0KWFzi78,883282,885210,1928
SophiaChang_UCLhLyKIZYf4lCcilMujzXAA_cvm0KWFzi78_885418_894366.wav,SophiaChang_UCLhLyKIZYf4lCcilMujzXAA_cvm0KWFzi78,885418,894366,8948
SophiaChang_UCLhLyKIZYf4lCcilMujzXAA_cvm0KWFzi78_894566_899450.wav,SophiaChang_UCLhLyKIZYf4lCcilMujzXAA_cvm0KWFzi78,894566,899450,4884
SophiaChang_UCLhLyKIZYf4lCcilMujzXAA_cvm0KWFzi78_899746_900314.wav,SophiaChang_UCLhLyKIZYf4lCcilMujzXAA_cvm0KWFzi78,899746,900314,568
SophiaChang_UCLhLyKIZYf4lCcilMujzXAA_cvm0KWFzi78_900650_904275.wav,SophiaChang_UCLhLyKIZYf4lCcilMujzXAA_cvm0KWFzi78,900650,904275,3625
SophiaChang_UCLhLyKIZYf4lCcilMujzXAA_cvm0KWFzi78_904587_910732.wav,SophiaChang_UCLhLyKIZYf4lCcilMujzXAA_cvm0KWFzi78,904587,910732,6145
SophiaChang_UCLhLyKIZYf4lCcilMujzXAA_cvm0KWFzi78_910908_914030.wav,SophiaChang_UCLhLyKIZYf4lCcilMujzXAA_cvm0KWFzi78,910908,914030,3122
SophiaChang_UCLhLyKIZYf4lCcilMujzXAA_cvm0KWFzi78_914150_915998.wav,SophiaChang_UCLhLyKIZYf4lCcilMujzXAA_cvm0KWFzi78,914150,915998,1848
SophiaChang_UCLhLyKIZYf4lCcilMujzXAA_cvm0KWFzi78_916262_918518.wav,SophiaChang_UCLhLyKIZYf4lCcilMujzXAA_cvm0KWFzi78,916262,918518,2256
SophiaChang_UCLhLyKIZYf4lCcilMujzXAA_cvm0KWFzi78_918686_928486.wav,SophiaChang_UCLhLyKIZYf4lCcilMujzXAA_cvm0KWFzi78,918686,928486,9800
SophiaChang_UCLhLyKIZYf4lCcilMujzXAA_cvm0KWFzi78_928646_935750.wav,SophiaChang_UCLhLyKIZYf4lCcilMujzXAA_cvm0KWFzi78,928646,935750,7104
SophiaChang_UCLhLyKIZYf4lCcilMujzXAA_cvm0KWFzi78_935862_943178.wav,SophiaChang_UCLhLyKIZYf4lCcilMujzXAA_cvm0KWFzi78,935862,943178,7316
SophiaChang_UCLhLyKIZYf4lCcilMujzXAA_cvm0KWFzi78_943410_952642.wav,SophiaChang_UCLhLyKIZYf4lCcilMujzXAA_cvm0KWFzi78,943410,952642,9232
SophiaChang_UCLhLyKIZYf4lCcilMujzXAA_cvm0KWFzi78_952826_954854.wav,SophiaChang_UCLhLyKIZYf4lCcilMujzXAA_cvm0KWFzi78,952826,954854,2028
SophiaChang_UCLhLyKIZYf4lCcilMujzXAA_cvm0KWFzi78_955030_957722.wav,SophiaChang_UCLhLyKIZYf4lCcilMujzXAA_cvm0KWFzi78,955030,957722,2692
SophiaChang_UCLhLyKIZYf4lCcilMujzXAA_cvm0KWFzi78_958066_959898.wav,SophiaChang_UCLhLyKIZYf4lCcilMujzXAA_cvm0KWFzi78,958066,959898,1832
SophiaChang_UCLhLyKIZYf4lCcilMujzXAA_cvm0KWFzi78_960346_961666.wav,SophiaChang_UCLhLyKIZYf4lCcilMujzXAA_cvm0KWFzi78,960346,961666,1320
SophiaChang_UCLhLyKIZYf4lCcilMujzXAA_cvm0KWFzi78_962018_963178.wav,SophiaChang_UCLhLyKIZYf4lCcilMujzXAA_cvm0KWFzi78,962018,963178,1160
SophiaChang_UCLhLyKIZYf4lCcilMujzXAA_cvm0KWFzi78_964266_969186.wav,SophiaChang_UCLhLyKIZYf4lCcilMujzXAA_cvm0KWFzi78,964266,969186,4920
SophiaChang_UCLhLyKIZYf4lCcilMujzXAA_cvm0KWFzi78_969522_978186.wav,SophiaChang_UCLhLyKIZYf4lCcilMujzXAA_cvm0KWFzi78,969522,978186,8664
SophiaChang_UCLhLyKIZYf4lCcilMujzXAA_cvm0KWFzi78_978682_981994.wav,SophiaChang_UCLhLyKIZYf4lCcilMujzXAA_cvm0KWFzi78,978682,981994,3312
SophiaChang_UCLhLyKIZYf4lCcilMujzXAA_cvm0KWFzi78_982178_990490.wav,SophiaChang_UCLhLyKIZYf4lCcilMujzXAA_cvm0KWFzi78,982178,990490,8312
SophiaChang_UCLhLyKIZYf4lCcilMujzXAA_cvm0KWFzi78_990634_993970.wav,SophiaChang_UCLhLyKIZYf4lCcilMujzXAA_cvm0KWFzi78,990634,993970,3336
SophiaChang_UCLhLyKIZYf4lCcilMujzXAA_cvm0KWFzi78_994530_1001358.wav,SophiaChang_UCLhLyKIZYf4lCcilMujzXAA_cvm0KWFzi78,994530,1001358,6828
SophiaChang_UCLhLyKIZYf4lCcilMujzXAA_cvm0KWFzi78_1001534_1002222.wav,SophiaChang_UCLhLyKIZYf4lCcilMujzXAA_cvm0KWFzi78,1001534,1002222,688
SophiaChang_UCLhLyKIZYf4lCcilMujzXAA_cvm0KWFzi78_1002438_1004310.wav,SophiaChang_UCLhLyKIZYf4lCcilMujzXAA_cvm0KWFzi78,1002438,1004310,1872
SophiaChang_UCLhLyKIZYf4lCcilMujzXAA_cvm0KWFzi78_1004438_1008318.wav,SophiaChang_UCLhLyKIZYf4lCcilMujzXAA_cvm0KWFzi78,1004438,1008318,3880
SophiaChang_UCLhLyKIZYf4lCcilMujzXAA_cvm0KWFzi78_1008422_1009310.wav,SophiaChang_UCLhLyKIZYf4lCcilMujzXAA_cvm0KWFzi78,1008422,1009310,888
SophiaChang_UCLhLyKIZYf4lCcilMujzXAA_cvm0KWFzi78_1009494_1011646.wav,SophiaChang_UCLhLyKIZYf4lCcilMujzXAA_cvm0KWFzi78,1009494,1011646,2152
SophiaChang_UCLhLyKIZYf4lCcilMujzXAA_cvm0KWFzi78_1011750_1014178.wav,SophiaChang_UCLhLyKIZYf4lCcilMujzXAA_cvm0KWFzi78,1011750,1014178,2428
SophiaChang_UCLhLyKIZYf4lCcilMujzXAA_cvm0KWFzi78_1014826_1023714.wav,SophiaChang_UCLhLyKIZYf4lCcilMujzXAA_cvm0KWFzi78,1014826,1023714,8888
SophiaChang_UCLhLyKIZYf4lCcilMujzXAA_cvm0KWFzi78_1023866_1027250.wav,SophiaChang_UCLhLyKIZYf4lCcilMujzXAA_cvm0KWFzi78,1023866,1027250,3384
SophiaChang_UCLhLyKIZYf4lCcilMujzXAA_cvm0KWFzi78_1027386_1032994.wav,SophiaChang_UCLhLyKIZYf4lCcilMujzXAA_cvm0KWFzi78,1027386,1032994,5608
SophiaChang_UCLhLyKIZYf4lCcilMujzXAA_cvm0KWFzi78_1033954_1038126.wav,SophiaChang_UCLhLyKIZYf4lCcilMujzXAA_cvm0KWFzi78,1033954,1038126,4172
SophiaChang_UCLhLyKIZYf4lCcilMujzXAA_cvm0KWFzi78_1038262_1044854.wav,SophiaChang_UCLhLyKIZYf4lCcilMujzXAA_cvm0KWFzi78,1038262,1044854,6592
SophiaChang_UCLhLyKIZYf4lCcilMujzXAA_cvm0KWFzi78_1045054_1051306.wav,SophiaChang_UCLhLyKIZYf4lCcilMujzXAA_cvm0KWFzi78,1045054,1051306,6252
SophiaChang_UCLhLyKIZYf4lCcilMujzXAA_cvm0KWFzi78_1051986_1053742.wav,SophiaChang_UCLhLyKIZYf4lCcilMujzXAA_cvm0KWFzi78,1051986,1053742,1756
SophiaChang_UCLhLyKIZYf4lCcilMujzXAA_cvm0KWFzi78_1053910_1061846.wav,SophiaChang_UCLhLyKIZYf4lCcilMujzXAA_cvm0KWFzi78,1053910,1061846,7936
SophiaChang_UCLhLyKIZYf4lCcilMujzXAA_cvm0KWFzi78_1061974_1065752.wav,SophiaChang_UCLhLyKIZYf4lCcilMujzXAA_cvm0KWFzi78,1061974,1065752,3778
SophiaChang_UCLhLyKIZYf4lCcilMujzXAA_cvm0KWFzi78_1066024_1073818.wav,SophiaChang_UCLhLyKIZYf4lCcilMujzXAA_cvm0KWFzi78,1066024,1073818,7794
SophiaChang_UCLhLyKIZYf4lCcilMujzXAA_cvm0KWFzi78_1074234_1080458.wav,SophiaChang_UCLhLyKIZYf4lCcilMujzXAA_cvm0KWFzi78,1074234,1080458,6224
SophiaChang_UCLhLyKIZYf4lCcilMujzXAA_cvm0KWFzi78_1080562_1089650.wav,SophiaChang_UCLhLyKIZYf4lCcilMujzXAA_cvm0KWFzi78,1080562,1089650,9088
SophiaChang_UCLhLyKIZYf4lCcilMujzXAA_cvm0KWFzi78_1090218_1091458.wav,SophiaChang_UCLhLyKIZYf4lCcilMujzXAA_cvm0KWFzi78,1090218,1091458,1240
SophiaChang_UCLhLyKIZYf4lCcilMujzXAA_cvm0KWFzi78_1091938_1098090.wav,SophiaChang_UCLhLyKIZYf4lCcilMujzXAA_cvm0KWFzi78,1091938,1098090,6152
SophiaChang_UCLhLyKIZYf4lCcilMujzXAA_cvm0KWFzi78_1099090_1099842.wav,SophiaChang_UCLhLyKIZYf4lCcilMujzXAA_cvm0KWFzi78,1099090,1099842,752
SophiaChang_UCLhLyKIZYf4lCcilMujzXAA_cvm0KWFzi78_1100322_1102986.wav,SophiaChang_UCLhLyKIZYf4lCcilMujzXAA_cvm0KWFzi78,1100322,1102986,2664
SophiaChang_UCLhLyKIZYf4lCcilMujzXAA_cvm0KWFzi78_1103482_1104802.wav,SophiaChang_UCLhLyKIZYf4lCcilMujzXAA_cvm0KWFzi78,1103482,1104802,1320
SophiaChang_UCLhLyKIZYf4lCcilMujzXAA_cvm0KWFzi78_1105090_1106290.wav,SophiaChang_UCLhLyKIZYf4lCcilMujzXAA_cvm0KWFzi78,1105090,1106290,1200
SophiaChang_UCLhLyKIZYf4lCcilMujzXAA_cvm0KWFzi78_1106786_1109746.wav,SophiaChang_UCLhLyKIZYf4lCcilMujzXAA_cvm0KWFzi78,1106786,1109746,2960
SophiaChang_UCLhLyKIZYf4lCcilMujzXAA_cvm0KWFzi78_1110018_1111978.wav,SophiaChang_UCLhLyKIZYf4lCcilMujzXAA_cvm0KWFzi78,1110018,1111978,1960
SophiaChang_UCLhLyKIZYf4lCcilMujzXAA_cvm0KWFzi78_1112410_1119906.wav,SophiaChang_UCLhLyKIZYf4lCcilMujzXAA_cvm0KWFzi78,1112410,1119906,7496
SophiaChang_UCLhLyKIZYf4lCcilMujzXAA_cvm0KWFzi78_1120170_1126042.wav,SophiaChang_UCLhLyKIZYf4lCcilMujzXAA_cvm0KWFzi78,1120170,1126042,5872
SophiaChang_UCLhLyKIZYf4lCcilMujzXAA_cvm0KWFzi78_1126354_1130130.wav,SophiaChang_UCLhLyKIZYf4lCcilMujzXAA_cvm0KWFzi78,1126354,1130130,3776
SophiaChang_UCLhLyKIZYf4lCcilMujzXAA_cvm0KWFzi78_1131122_1135714.wav,SophiaChang_UCLhLyKIZYf4lCcilMujzXAA_cvm0KWFzi78,1131122,1135714,4592
SophiaChang_UCLhLyKIZYf4lCcilMujzXAA_cvm0KWFzi78_1136362_1140366.wav,SophiaChang_UCLhLyKIZYf4lCcilMujzXAA_cvm0KWFzi78,1136362,1140366,4004
SophiaChang_UCLhLyKIZYf4lCcilMujzXAA_cvm0KWFzi78_1140582_1145142.wav,SophiaChang_UCLhLyKIZYf4lCcilMujzXAA_cvm0KWFzi78,1140582,1145142,4560
SophiaChang_UCLhLyKIZYf4lCcilMujzXAA_cvm0KWFzi78_1145302_1151218.wav,SophiaChang_UCLhLyKIZYf4lCcilMujzXAA_cvm0KWFzi78,1145302,1151218,5916
SophiaChang_UCLhLyKIZYf4lCcilMujzXAA_cvm0KWFzi78_1151818_1158098.wav,SophiaChang_UCLhLyKIZYf4lCcilMujzXAA_cvm0KWFzi78,1151818,1158098,6280
SophiaChang_UCLhLyKIZYf4lCcilMujzXAA_cvm0KWFzi78_1158226_1165690.wav,SophiaChang_UCLhLyKIZYf4lCcilMujzXAA_cvm0KWFzi78,1158226,1165690,7464
SophiaChang_UCLhLyKIZYf4lCcilMujzXAA_cvm0KWFzi78_1166530_1168986.wav,SophiaChang_UCLhLyKIZYf4lCcilMujzXAA_cvm0KWFzi78,1166530,1168986,2456
SophiaChang_UCLhLyKIZYf4lCcilMujzXAA_cvm0KWFzi78_1170186_1177154.wav,SophiaChang_UCLhLyKIZYf4lCcilMujzXAA_cvm0KWFzi78,1170186,1177154,6968
SophiaChang_UCLhLyKIZYf4lCcilMujzXAA_cvm0KWFzi78_1177850_1182146.wav,SophiaChang_UCLhLyKIZYf4lCcilMujzXAA_cvm0KWFzi78,1177850,1182146,4296
SophiaChang_UCLhLyKIZYf4lCcilMujzXAA_cvm0KWFzi78_1182466_1186706.wav,SophiaChang_UCLhLyKIZYf4lCcilMujzXAA_cvm0KWFzi78,1182466,1186706,4240
SophiaChang_UCLhLyKIZYf4lCcilMujzXAA_cvm0KWFzi78_1187314_1191106.wav,SophiaChang_UCLhLyKIZYf4lCcilMujzXAA_cvm0KWFzi78,1187314,1191106,3792
SophiaChang_UCLhLyKIZYf4lCcilMujzXAA_cvm0KWFzi78_1191458_1194402.wav,SophiaChang_UCLhLyKIZYf4lCcilMujzXAA_cvm0KWFzi78,1191458,1194402,2944
SophiaChang_UCLhLyKIZYf4lCcilMujzXAA_cvm0KWFzi78_1195314_1199106.wav,SophiaChang_UCLhLyKIZYf4lCcilMujzXAA_cvm0KWFzi78,1195314,1199106,3792
SophiaChang_UCLhLyKIZYf4lCcilMujzXAA_cvm0KWFzi78_1199850_1203362.wav,SophiaChang_UCLhLyKIZYf4lCcilMujzXAA_cvm0KWFzi78,1199850,1203362,3512
SophiaChang_UCLhLyKIZYf4lCcilMujzXAA_cvm0KWFzi78_1203794_1212002.wav,SophiaChang_UCLhLyKIZYf4lCcilMujzXAA_cvm0KWFzi78,1203794,1212002,8208
SophiaChang_UCLhLyKIZYf4lCcilMujzXAA_cvm0KWFzi78_1212402_1217710.wav,SophiaChang_UCLhLyKIZYf4lCcilMujzXAA_cvm0KWFzi78,1212402,1217710,5308
SophiaChang_UCLhLyKIZYf4lCcilMujzXAA_cvm0KWFzi78_1217950_1223950.wav,SophiaChang_UCLhLyKIZYf4lCcilMujzXAA_cvm0KWFzi78,1217950,1223950,6000
SophiaChang_UCLhLyKIZYf4lCcilMujzXAA_cvm0KWFzi78_1224134_1233182.wav,SophiaChang_UCLhLyKIZYf4lCcilMujzXAA_cvm0KWFzi78,1224134,1233182,9048
SophiaChang_UCLhLyKIZYf4lCcilMujzXAA_cvm0KWFzi78_1233406_1240218.wav,SophiaChang_UCLhLyKIZYf4lCcilMujzXAA_cvm0KWFzi78,1233406,1240218,6812
SophiaChang_UCLhLyKIZYf4lCcilMujzXAA_cvm0KWFzi78_1240490_1244726.wav,SophiaChang_UCLhLyKIZYf4lCcilMujzXAA_cvm0KWFzi78,1240490,1244726,4236
SophiaChang_UCLhLyKIZYf4lCcilMujzXAA_cvm0KWFzi78_1244838_1249270.wav,SophiaChang_UCLhLyKIZYf4lCcilMujzXAA_cvm0KWFzi78,1244838,1249270,4432
SophiaChang_UCLhLyKIZYf4lCcilMujzXAA_cvm0KWFzi78_1249430_1256398.wav,SophiaChang_UCLhLyKIZYf4lCcilMujzXAA_cvm0KWFzi78,1249430,1256398,6968
SophiaChang_UCLhLyKIZYf4lCcilMujzXAA_cvm0KWFzi78_1256534_1257006.wav,SophiaChang_UCLhLyKIZYf4lCcilMujzXAA_cvm0KWFzi78,1256534,1257006,472
SophiaChang_UCLhLyKIZYf4lCcilMujzXAA_cvm0KWFzi78_1257230_1257694.wav,SophiaChang_UCLhLyKIZYf4lCcilMujzXAA_cvm0KWFzi78,1257230,1257694,464
SophiaChang_UCLhLyKIZYf4lCcilMujzXAA_cvm0KWFzi78_1257806_1258326.wav,SophiaChang_UCLhLyKIZYf4lCcilMujzXAA_cvm0KWFzi78,1257806,1258326,520
SophiaChang_UCLhLyKIZYf4lCcilMujzXAA_cvm0KWFzi78_1258502_1261166.wav,SophiaChang_UCLhLyKIZYf4lCcilMujzXAA_cvm0KWFzi78,1258502,1261166,2664
SophiaChang_UCLhLyKIZYf4lCcilMujzXAA_cvm0KWFzi78_1261278_1267390.wav,SophiaChang_UCLhLyKIZYf4lCcilMujzXAA_cvm0KWFzi78,1261278,1267390,6112
SophiaChang_UCLhLyKIZYf4lCcilMujzXAA_cvm0KWFzi78_1267518_1272958.wav,SophiaChang_UCLhLyKIZYf4lCcilMujzXAA_cvm0KWFzi78,1267518,1272958,5440
SophiaChang_UCLhLyKIZYf4lCcilMujzXAA_cvm0KWFzi78_1273222_1273598.wav,SophiaChang_UCLhLyKIZYf4lCcilMujzXAA_cvm0KWFzi78,1273222,1273598,376
SophiaChang_UCLhLyKIZYf4lCcilMujzXAA_cvm0KWFzi78_1273702_1277078.wav,SophiaChang_UCLhLyKIZYf4lCcilMujzXAA_cvm0KWFzi78,1273702,1277078,3376
SophiaChang_UCLhLyKIZYf4lCcilMujzXAA_cvm0KWFzi78_1277446_1286159.wav,SophiaChang_UCLhLyKIZYf4lCcilMujzXAA_cvm0KWFzi78,1277446,1286159,8713
SophiaChang_UCLhLyKIZYf4lCcilMujzXAA_cvm0KWFzi78_1286375_1287168.wav,SophiaChang_UCLhLyKIZYf4lCcilMujzXAA_cvm0KWFzi78,1286375,1287168,793
SophiaChang_UCLhLyKIZYf4lCcilMujzXAA_cvm0KWFzi78_1287336_1293000.wav,SophiaChang_UCLhLyKIZYf4lCcilMujzXAA_cvm0KWFzi78,1287336,1293000,5664
SophiaChang_UCLhLyKIZYf4lCcilMujzXAA_cvm0KWFzi78_1293320_1301072.wav,SophiaChang_UCLhLyKIZYf4lCcilMujzXAA_cvm0KWFzi78,1293320,1301072,7752
SophiaChang_UCLhLyKIZYf4lCcilMujzXAA_cvm0KWFzi78_1301440_1306552.wav,SophiaChang_UCLhLyKIZYf4lCcilMujzXAA_cvm0KWFzi78,1301440,1306552,5112
SophiaChang_UCLhLyKIZYf4lCcilMujzXAA_cvm0KWFzi78_1306760_1313288.wav,SophiaChang_UCLhLyKIZYf4lCcilMujzXAA_cvm0KWFzi78,1306760,1313288,6528
SophiaChang_UCLhLyKIZYf4lCcilMujzXAA_cvm0KWFzi78_1313448_1314808.wav,SophiaChang_UCLhLyKIZYf4lCcilMujzXAA_cvm0KWFzi78,1313448,1314808,1360
SophiaChang_UCLhLyKIZYf4lCcilMujzXAA_cvm0KWFzi78_1315522_1316650.wav,SophiaChang_UCLhLyKIZYf4lCcilMujzXAA_cvm0KWFzi78,1315522,1316650,1128
SophiaChang_UCLhLyKIZYf4lCcilMujzXAA_cvm0KWFzi78_1317018_1318770.wav,SophiaChang_UCLhLyKIZYf4lCcilMujzXAA_cvm0KWFzi78,1317018,1318770,1752
SophiaChang_UCLhLyKIZYf4lCcilMujzXAA_cvm0KWFzi78_1319082_1326236.wav,SophiaChang_UCLhLyKIZYf4lCcilMujzXAA_cvm0KWFzi78,1319082,1326236,7154
SophiaChang_UCLhLyKIZYf4lCcilMujzXAA_cvm0KWFzi78_1326484_1330492.wav,SophiaChang_UCLhLyKIZYf4lCcilMujzXAA_cvm0KWFzi78,1326484,1330492,4008
SophiaChang_UCLhLyKIZYf4lCcilMujzXAA_cvm0KWFzi78_1330764_1333238.wav,SophiaChang_UCLhLyKIZYf4lCcilMujzXAA_cvm0KWFzi78,1330764,1333238,2474
SophiaChang_UCLhLyKIZYf4lCcilMujzXAA_cvm0KWFzi78_1333494_1335874.wav,SophiaChang_UCLhLyKIZYf4lCcilMujzXAA_cvm0KWFzi78,1333494,1335874,2380
SophiaChang_UCLhLyKIZYf4lCcilMujzXAA_cvm0KWFzi78_1336002_1344794.wav,SophiaChang_UCLhLyKIZYf4lCcilMujzXAA_cvm0KWFzi78,1336002,1344794,8792
SophiaChang_UCLhLyKIZYf4lCcilMujzXAA_cvm0KWFzi78_1345202_1345922.wav,SophiaChang_UCLhLyKIZYf4lCcilMujzXAA_cvm0KWFzi78,1345202,1345922,720
SophiaChang_UCLhLyKIZYf4lCcilMujzXAA_cvm0KWFzi78_1346282_1352402.wav,SophiaChang_UCLhLyKIZYf4lCcilMujzXAA_cvm0KWFzi78,1346282,1352402,6120
SophiaChang_UCLhLyKIZYf4lCcilMujzXAA_cvm0KWFzi78_1353250_1357630.wav,SophiaChang_UCLhLyKIZYf4lCcilMujzXAA_cvm0KWFzi78,1353250,1357630,4380
SophiaChang_UCLhLyKIZYf4lCcilMujzXAA_cvm0KWFzi78_1357838_1363590.wav,SophiaChang_UCLhLyKIZYf4lCcilMujzXAA_cvm0KWFzi78,1357838,1363590,5752
SophiaChang_UCLhLyKIZYf4lCcilMujzXAA_cvm0KWFzi78_1363726_1364954.wav,SophiaChang_UCLhLyKIZYf4lCcilMujzXAA_cvm0KWFzi78,1363726,1364954,1228
SophiaChang_UCLhLyKIZYf4lCcilMujzXAA_cvm0KWFzi78_1365282_1367138.wav,SophiaChang_UCLhLyKIZYf4lCcilMujzXAA_cvm0KWFzi78,1365282,1367138,1856
SophiaChang_UCLhLyKIZYf4lCcilMujzXAA_cvm0KWFzi78_1367322_1368938.wav,SophiaChang_UCLhLyKIZYf4lCcilMujzXAA_cvm0KWFzi78,1367322,1368938,1616
SophiaChang_UCLhLyKIZYf4lCcilMujzXAA_cvm0KWFzi78_1369050_1369682.wav,SophiaChang_UCLhLyKIZYf4lCcilMujzXAA_cvm0KWFzi78,1369050,1369682,632
SophiaChang_UCLhLyKIZYf4lCcilMujzXAA_cvm0KWFzi78_1369986_1371074.wav,SophiaChang_UCLhLyKIZYf4lCcilMujzXAA_cvm0KWFzi78,1369986,1371074,1088
SophiaChang_UCLhLyKIZYf4lCcilMujzXAA_cvm0KWFzi78_1371194_1374154.wav,SophiaChang_UCLhLyKIZYf4lCcilMujzXAA_cvm0KWFzi78,1371194,1374154,2960
SophiaChang_UCLhLyKIZYf4lCcilMujzXAA_cvm0KWFzi78_1374274_1377642.wav,SophiaChang_UCLhLyKIZYf4lCcilMujzXAA_cvm0KWFzi78,1374274,1377642,3368
SophiaChang_UCLhLyKIZYf4lCcilMujzXAA_cvm0KWFzi78_1377970_1385506.wav,SophiaChang_UCLhLyKIZYf4lCcilMujzXAA_cvm0KWFzi78,1377970,1385506,7536
SophiaChang_UCLhLyKIZYf4lCcilMujzXAA_cvm0KWFzi78_1385922_1390490.wav,SophiaChang_UCLhLyKIZYf4lCcilMujzXAA_cvm0KWFzi78,1385922,1390490,4568
SophiaChang_UCLhLyKIZYf4lCcilMujzXAA_cvm0KWFzi78_1390866_1397714.wav,SophiaChang_UCLhLyKIZYf4lCcilMujzXAA_cvm0KWFzi78,1390866,1397714,6848
SophiaChang_UCLhLyKIZYf4lCcilMujzXAA_cvm0KWFzi78_1398018_1399786.wav,SophiaChang_UCLhLyKIZYf4lCcilMujzXAA_cvm0KWFzi78,1398018,1399786,1768
SophiaChang_UCLhLyKIZYf4lCcilMujzXAA_cvm0KWFzi78_1399898_1408890.wav,SophiaChang_UCLhLyKIZYf4lCcilMujzXAA_cvm0KWFzi78,1399898,1408890,8992
SophiaChang_UCLhLyKIZYf4lCcilMujzXAA_cvm0KWFzi78_1409066_1411354.wav,SophiaChang_UCLhLyKIZYf4lCcilMujzXAA_cvm0KWFzi78,1409066,1411354,2288
SophiaChang_UCLhLyKIZYf4lCcilMujzXAA_cvm0KWFzi78_1411954_1413242.wav,SophiaChang_UCLhLyKIZYf4lCcilMujzXAA_cvm0KWFzi78,1411954,1413242,1288
SophiaChang_UCLhLyKIZYf4lCcilMujzXAA_cvm0KWFzi78_1413690_1418154.wav,SophiaChang_UCLhLyKIZYf4lCcilMujzXAA_cvm0KWFzi78,1413690,1418154,4464
SophiaChang_UCLhLyKIZYf4lCcilMujzXAA_cvm0KWFzi78_1418674_1420402.wav,SophiaChang_UCLhLyKIZYf4lCcilMujzXAA_cvm0KWFzi78,1418674,1420402,1728
SophiaChang_UCLhLyKIZYf4lCcilMujzXAA_cvm0KWFzi78_1420874_1422986.wav,SophiaChang_UCLhLyKIZYf4lCcilMujzXAA_cvm0KWFzi78,1420874,1422986,2112
SophiaChang_UCLhLyKIZYf4lCcilMujzXAA_cvm0KWFzi78_1423250_1429506.wav,SophiaChang_UCLhLyKIZYf4lCcilMujzXAA_cvm0KWFzi78,1423250,1429506,6256
SophiaChang_UCLhLyKIZYf4lCcilMujzXAA_cvm0KWFzi78_1430426_1432786.wav,SophiaChang_UCLhLyKIZYf4lCcilMujzXAA_cvm0KWFzi78,1430426,1432786,2360
SophiaChang_UCLhLyKIZYf4lCcilMujzXAA_cvm0KWFzi78_1433594_1433810.wav,SophiaChang_UCLhLyKIZYf4lCcilMujzXAA_cvm0KWFzi78,1433594,1433810,216
SophiaChang_UCLhLyKIZYf4lCcilMujzXAA_cvm0KWFzi78_1435498_1442370.wav,SophiaChang_UCLhLyKIZYf4lCcilMujzXAA_cvm0KWFzi78,1435498,1442370,6872
SophiaChang_UCLhLyKIZYf4lCcilMujzXAA_cvm0KWFzi78_1442634_1444322.wav,SophiaChang_UCLhLyKIZYf4lCcilMujzXAA_cvm0KWFzi78,1442634,1444322,1688
SophiaChang_UCLhLyKIZYf4lCcilMujzXAA_cvm0KWFzi78_1444610_1446806.wav,SophiaChang_UCLhLyKIZYf4lCcilMujzXAA_cvm0KWFzi78,1444610,1446806,2196
SophiaChang_UCLhLyKIZYf4lCcilMujzXAA_cvm0KWFzi78_1446910_1447751.wav,SophiaChang_UCLhLyKIZYf4lCcilMujzXAA_cvm0KWFzi78,1446910,1447751,841
SophiaChang_UCLhLyKIZYf4lCcilMujzXAA_cvm0KWFzi78_1447983_1457888.wav,SophiaChang_UCLhLyKIZYf4lCcilMujzXAA_cvm0KWFzi78,1447983,1457888,9905
SophiaChang_UCLhLyKIZYf4lCcilMujzXAA_cvm0KWFzi78_1458072_1459434.wav,SophiaChang_UCLhLyKIZYf4lCcilMujzXAA_cvm0KWFzi78,1458072,1459434,1362
SophiaChang_UCLhLyKIZYf4lCcilMujzXAA_cvm0KWFzi78_1459706_1460586.wav,SophiaChang_UCLhLyKIZYf4lCcilMujzXAA_cvm0KWFzi78,1459706,1460586,880
SophiaChang_UCLhLyKIZYf4lCcilMujzXAA_cvm0KWFzi78_1460866_1461562.wav,SophiaChang_UCLhLyKIZYf4lCcilMujzXAA_cvm0KWFzi78,1460866,1461562,696
SophiaChang_UCLhLyKIZYf4lCcilMujzXAA_cvm0KWFzi78_1461706_1466690.wav,SophiaChang_UCLhLyKIZYf4lCcilMujzXAA_cvm0KWFzi78,1461706,1466690,4984
SophiaChang_UCLhLyKIZYf4lCcilMujzXAA_cvm0KWFzi78_1466866_1474706.wav,SophiaChang_UCLhLyKIZYf4lCcilMujzXAA_cvm0KWFzi78,1466866,1474706,7840
SophiaChang_UCLhLyKIZYf4lCcilMujzXAA_cvm0KWFzi78_1474810_1477538.wav,SophiaChang_UCLhLyKIZYf4lCcilMujzXAA_cvm0KWFzi78,1474810,1477538,2728
SophiaChang_UCLhLyKIZYf4lCcilMujzXAA_cvm0KWFzi78_1477690_1479402.wav,SophiaChang_UCLhLyKIZYf4lCcilMujzXAA_cvm0KWFzi78,1477690,1479402,1712
SophiaChang_UCLhLyKIZYf4lCcilMujzXAA_cvm0KWFzi78_1480562_1486026.wav,SophiaChang_UCLhLyKIZYf4lCcilMujzXAA_cvm0KWFzi78,1480562,1486026,5464
SophiaChang_UCLhLyKIZYf4lCcilMujzXAA_cvm0KWFzi78_1486418_1489298.wav,SophiaChang_UCLhLyKIZYf4lCcilMujzXAA_cvm0KWFzi78,1486418,1489298,2880
SophiaChang_UCLhLyKIZYf4lCcilMujzXAA_cvm0KWFzi78_1489450_1494090.wav,SophiaChang_UCLhLyKIZYf4lCcilMujzXAA_cvm0KWFzi78,1489450,1494090,4640
SophiaChang_UCLhLyKIZYf4lCcilMujzXAA_cvm0KWFzi78_1494210_1498922.wav,SophiaChang_UCLhLyKIZYf4lCcilMujzXAA_cvm0KWFzi78,1494210,1498922,4712
SophiaChang_UCLhLyKIZYf4lCcilMujzXAA_cvm0KWFzi78_1499250_1501482.wav,SophiaChang_UCLhLyKIZYf4lCcilMujzXAA_cvm0KWFzi78,1499250,1501482,2232
SophiaChang_UCLhLyKIZYf4lCcilMujzXAA_cvm0KWFzi78_1501586_1510762.wav,SophiaChang_UCLhLyKIZYf4lCcilMujzXAA_cvm0KWFzi78,1501586,1510762,9176
SophiaChang_UCLhLyKIZYf4lCcilMujzXAA_cvm0KWFzi78_1511050_1513330.wav,SophiaChang_UCLhLyKIZYf4lCcilMujzXAA_cvm0KWFzi78,1511050,1513330,2280
SophiaChang_UCLhLyKIZYf4lCcilMujzXAA_cvm0KWFzi78_1513858_1514242.wav,SophiaChang_UCLhLyKIZYf4lCcilMujzXAA_cvm0KWFzi78,1513858,1514242,384
SophiaChang_UCLhLyKIZYf4lCcilMujzXAA_cvm0KWFzi78_1514410_1516970.wav,SophiaChang_UCLhLyKIZYf4lCcilMujzXAA_cvm0KWFzi78,1514410,1516970,2560
SophiaChang_UCLhLyKIZYf4lCcilMujzXAA_cvm0KWFzi78_1517586_1523666.wav,SophiaChang_UCLhLyKIZYf4lCcilMujzXAA_cvm0KWFzi78,1517586,1523666,6080
SophiaChang_UCLhLyKIZYf4lCcilMujzXAA_cvm0KWFzi78_1524130_1527658.wav,SophiaChang_UCLhLyKIZYf4lCcilMujzXAA_cvm0KWFzi78,1524130,1527658,3528
SophiaChang_UCLhLyKIZYf4lCcilMujzXAA_cvm0KWFzi78_1527970_1529938.wav,SophiaChang_UCLhLyKIZYf4lCcilMujzXAA_cvm0KWFzi78,1527970,1529938,1968
SophiaChang_UCLhLyKIZYf4lCcilMujzXAA_cvm0KWFzi78_1530410_1531970.wav,SophiaChang_UCLhLyKIZYf4lCcilMujzXAA_cvm0KWFzi78,1530410,1531970,1560
SophiaChang_UCLhLyKIZYf4lCcilMujzXAA_cvm0KWFzi78_1532330_1539878.wav,SophiaChang_UCLhLyKIZYf4lCcilMujzXAA_cvm0KWFzi78,1532330,1539878,7548
SophiaChang_UCLhLyKIZYf4lCcilMujzXAA_cvm0KWFzi78_1540006_1547914.wav,SophiaChang_UCLhLyKIZYf4lCcilMujzXAA_cvm0KWFzi78,1540006,1547914,7908
SophiaChang_UCLhLyKIZYf4lCcilMujzXAA_cvm0KWFzi78_1548506_1558130.wav,SophiaChang_UCLhLyKIZYf4lCcilMujzXAA_cvm0KWFzi78,1548506,1558130,9624
SophiaChang_UCLhLyKIZYf4lCcilMujzXAA_cvm0KWFzi78_1558242_1563314.wav,SophiaChang_UCLhLyKIZYf4lCcilMujzXAA_cvm0KWFzi78,1558242,1563314,5072
SophiaChang_UCLhLyKIZYf4lCcilMujzXAA_cvm0KWFzi78_1563450_1573006.wav,SophiaChang_UCLhLyKIZYf4lCcilMujzXAA_cvm0KWFzi78,1563450,1573006,9556
SophiaChang_UCLhLyKIZYf4lCcilMujzXAA_cvm0KWFzi78_1573182_1573922.wav,SophiaChang_UCLhLyKIZYf4lCcilMujzXAA_cvm0KWFzi78,1573182,1573922,740
SophiaChang_UCLhLyKIZYf4lCcilMujzXAA_cvm0KWFzi78_1574026_1578298.wav,SophiaChang_UCLhLyKIZYf4lCcilMujzXAA_cvm0KWFzi78,1574026,1578298,4272
SophiaChang_UCLhLyKIZYf4lCcilMujzXAA_cvm0KWFzi78_1578410_1582330.wav,SophiaChang_UCLhLyKIZYf4lCcilMujzXAA_cvm0KWFzi78,1578410,1582330,3920
SophiaChang_UCLhLyKIZYf4lCcilMujzXAA_cvm0KWFzi78_1582538_1583530.wav,SophiaChang_UCLhLyKIZYf4lCcilMujzXAA_cvm0KWFzi78,1582538,1583530,992
SophiaChang_UCLhLyKIZYf4lCcilMujzXAA_cvm0KWFzi78_1583802_1585942.wav,SophiaChang_UCLhLyKIZYf4lCcilMujzXAA_cvm0KWFzi78,1583802,1585942,2140
SophiaChang_UCLhLyKIZYf4lCcilMujzXAA_cvm0KWFzi78_1586046_1587966.wav,SophiaChang_UCLhLyKIZYf4lCcilMujzXAA_cvm0KWFzi78,1586046,1587966,1920
SophiaChang_UCLhLyKIZYf4lCcilMujzXAA_cvm0KWFzi78_1588118_1594194.wav,SophiaChang_UCLhLyKIZYf4lCcilMujzXAA_cvm0KWFzi78,1588118,1594194,6076
SophiaChang_UCLhLyKIZYf4lCcilMujzXAA_cvm0KWFzi78_1594954_1597802.wav,SophiaChang_UCLhLyKIZYf4lCcilMujzXAA_cvm0KWFzi78,1594954,1597802,2848
SophiaChang_UCLhLyKIZYf4lCcilMujzXAA_cvm0KWFzi78_1598546_1599682.wav,SophiaChang_UCLhLyKIZYf4lCcilMujzXAA_cvm0KWFzi78,1598546,1599682,1136
SophiaChang_UCLhLyKIZYf4lCcilMujzXAA_cvm0KWFzi78_1600082_1602094.wav,SophiaChang_UCLhLyKIZYf4lCcilMujzXAA_cvm0KWFzi78,1600082,1602094,2012
SophiaChang_UCLhLyKIZYf4lCcilMujzXAA_cvm0KWFzi78_1602206_1603046.wav,SophiaChang_UCLhLyKIZYf4lCcilMujzXAA_cvm0KWFzi78,1602206,1603046,840
SophiaChang_UCLhLyKIZYf4lCcilMujzXAA_cvm0KWFzi78_1603206_1612302.wav,SophiaChang_UCLhLyKIZYf4lCcilMujzXAA_cvm0KWFzi78,1603206,1612302,9096
SophiaChang_UCLhLyKIZYf4lCcilMujzXAA_cvm0KWFzi78_1612414_1615502.wav,SophiaChang_UCLhLyKIZYf4lCcilMujzXAA_cvm0KWFzi78,1612414,1615502,3088
SophiaChang_UCLhLyKIZYf4lCcilMujzXAA_cvm0KWFzi78_1615686_1623502.wav,SophiaChang_UCLhLyKIZYf4lCcilMujzXAA_cvm0KWFzi78,1615686,1623502,7816
SophiaChang_UCLhLyKIZYf4lCcilMujzXAA_cvm0KWFzi78_1623862_1628574.wav,SophiaChang_UCLhLyKIZYf4lCcilMujzXAA_cvm0KWFzi78,1623862,1628574,4712
SophiaChang_UCLhLyKIZYf4lCcilMujzXAA_cvm0KWFzi78_1628846_1637646.wav,SophiaChang_UCLhLyKIZYf4lCcilMujzXAA_cvm0KWFzi78,1628846,1637646,8800
SophiaChang_UCLhLyKIZYf4lCcilMujzXAA_cvm0KWFzi78_1637838_1641862.wav,SophiaChang_UCLhLyKIZYf4lCcilMujzXAA_cvm0KWFzi78,1637838,1641862,4024
SophiaChang_UCLhLyKIZYf4lCcilMujzXAA_cvm0KWFzi78_1642166_1646046.wav,SophiaChang_UCLhLyKIZYf4lCcilMujzXAA_cvm0KWFzi78,1642166,1646046,3880
SophiaChang_UCLhLyKIZYf4lCcilMujzXAA_cvm0KWFzi78_1646262_1648874.wav,SophiaChang_UCLhLyKIZYf4lCcilMujzXAA_cvm0KWFzi78,1646262,1648874,2612
SophiaChang_UCLhLyKIZYf4lCcilMujzXAA_cvm0KWFzi78_1649490_1650866.wav,SophiaChang_UCLhLyKIZYf4lCcilMujzXAA_cvm0KWFzi78,1649490,1650866,1376
SophiaChang_UCLhLyKIZYf4lCcilMujzXAA_cvm0KWFzi78_1651290_1658234.wav,SophiaChang_UCLhLyKIZYf4lCcilMujzXAA_cvm0KWFzi78,1651290,1658234,6944
SophiaChang_UCLhLyKIZYf4lCcilMujzXAA_cvm0KWFzi78_1658706_1665466.wav,SophiaChang_UCLhLyKIZYf4lCcilMujzXAA_cvm0KWFzi78,1658706,1665466,6760
SophiaChang_UCLhLyKIZYf4lCcilMujzXAA_cvm0KWFzi78_1665746_1675650.wav,SophiaChang_UCLhLyKIZYf4lCcilMujzXAA_cvm0KWFzi78,1665746,1675650,9904
SophiaChang_UCLhLyKIZYf4lCcilMujzXAA_cvm0KWFzi78_1676098_1676698.wav,SophiaChang_UCLhLyKIZYf4lCcilMujzXAA_cvm0KWFzi78,1676098,1676698,600
SophiaChang_UCLhLyKIZYf4lCcilMujzXAA_cvm0KWFzi78_1677066_1678882.wav,SophiaChang_UCLhLyKIZYf4lCcilMujzXAA_cvm0KWFzi78,1677066,1678882,1816
SophiaChang_UCLhLyKIZYf4lCcilMujzXAA_cvm0KWFzi78_1679218_1679930.wav,SophiaChang_UCLhLyKIZYf4lCcilMujzXAA_cvm0KWFzi78,1679218,1679930,712
SophiaChang_UCLhLyKIZYf4lCcilMujzXAA_cvm0KWFzi78_1680090_1683362.wav,SophiaChang_UCLhLyKIZYf4lCcilMujzXAA_cvm0KWFzi78,1680090,1683362,3272
SophiaChang_UCLhLyKIZYf4lCcilMujzXAA_cvm0KWFzi78_1683546_1691346.wav,SophiaChang_UCLhLyKIZYf4lCcilMujzXAA_cvm0KWFzi78,1683546,1691346,7800
SophiaChang_UCLhLyKIZYf4lCcilMujzXAA_cvm0KWFzi78_1691530_1696146.wav,SophiaChang_UCLhLyKIZYf4lCcilMujzXAA_cvm0KWFzi78,1691530,1696146,4616
SophiaChang_UCLhLyKIZYf4lCcilMujzXAA_cvm0KWFzi78_1696554_1704866.wav,SophiaChang_UCLhLyKIZYf4lCcilMujzXAA_cvm0KWFzi78,1696554,1704866,8312
SophiaChang_UCLhLyKIZYf4lCcilMujzXAA_cvm0KWFzi78_1705586_1708778.wav,SophiaChang_UCLhLyKIZYf4lCcilMujzXAA_cvm0KWFzi78,1705586,1708778,3192
SophiaChang_UCLhLyKIZYf4lCcilMujzXAA_cvm0KWFzi78_1708946_1711130.wav,SophiaChang_UCLhLyKIZYf4lCcilMujzXAA_cvm0KWFzi78,1708946,1711130,2184
SophiaChang_UCLhLyKIZYf4lCcilMujzXAA_cvm0KWFzi78_1711338_1717610.wav,SophiaChang_UCLhLyKIZYf4lCcilMujzXAA_cvm0KWFzi78,1711338,1717610,6272
SophiaChang_UCLhLyKIZYf4lCcilMujzXAA_cvm0KWFzi78_1717842_1722290.wav,SophiaChang_UCLhLyKIZYf4lCcilMujzXAA_cvm0KWFzi78,1717842,1722290,4448
SophiaChang_UCLhLyKIZYf4lCcilMujzXAA_cvm0KWFzi78_1722602_1730658.wav,SophiaChang_UCLhLyKIZYf4lCcilMujzXAA_cvm0KWFzi78,1722602,1730658,8056
SophiaChang_UCLhLyKIZYf4lCcilMujzXAA_cvm0KWFzi78_1730810_1736410.wav,SophiaChang_UCLhLyKIZYf4lCcilMujzXAA_cvm0KWFzi78,1730810,1736410,5600
SophiaChang_UCLhLyKIZYf4lCcilMujzXAA_cvm0KWFzi78_1736786_1737210.wav,SophiaChang_UCLhLyKIZYf4lCcilMujzXAA_cvm0KWFzi78,1736786,1737210,424
SophiaChang_UCLhLyKIZYf4lCcilMujzXAA_cvm0KWFzi78_1737482_1740206.wav,SophiaChang_UCLhLyKIZYf4lCcilMujzXAA_cvm0KWFzi78,1737482,1740206,2724
SophiaChang_UCLhLyKIZYf4lCcilMujzXAA_cvm0KWFzi78_1740510_1741230.wav,SophiaChang_UCLhLyKIZYf4lCcilMujzXAA_cvm0KWFzi78,1740510,1741230,720
SophiaChang_UCLhLyKIZYf4lCcilMujzXAA_cvm0KWFzi78_1741550_1743030.wav,SophiaChang_UCLhLyKIZYf4lCcilMujzXAA_cvm0KWFzi78,1741550,1743030,1480
SophiaChang_UCLhLyKIZYf4lCcilMujzXAA_cvm0KWFzi78_1743206_1749426.wav,SophiaChang_UCLhLyKIZYf4lCcilMujzXAA_cvm0KWFzi78,1743206,1749426,6220
SophiaChang_UCLhLyKIZYf4lCcilMujzXAA_cvm0KWFzi78_1749634_1754958.wav,SophiaChang_UCLhLyKIZYf4lCcilMujzXAA_cvm0KWFzi78,1749634,1754958,5324
SophiaChang_UCLhLyKIZYf4lCcilMujzXAA_cvm0KWFzi78_1755206_1759574.wav,SophiaChang_UCLhLyKIZYf4lCcilMujzXAA_cvm0KWFzi78,1755206,1759574,4368
SophiaChang_UCLhLyKIZYf4lCcilMujzXAA_cvm0KWFzi78_1759894_1761702.wav,SophiaChang_UCLhLyKIZYf4lCcilMujzXAA_cvm0KWFzi78,1759894,1761702,1808
SophiaChang_UCLhLyKIZYf4lCcilMujzXAA_cvm0KWFzi78_1761822_1767287.wav,SophiaChang_UCLhLyKIZYf4lCcilMujzXAA_cvm0KWFzi78,1761822,1767287,5465
SophiaChang_UCLhLyKIZYf4lCcilMujzXAA_cvm0KWFzi78_1767551_1774080.wav,SophiaChang_UCLhLyKIZYf4lCcilMujzXAA_cvm0KWFzi78,1767551,1774080,6529
SophiaChang_UCLhLyKIZYf4lCcilMujzXAA_cvm0KWFzi78_1774312_1775578.wav,SophiaChang_UCLhLyKIZYf4lCcilMujzXAA_cvm0KWFzi78,1774312,1775578,1266
SophiaChang_UCLhLyKIZYf4lCcilMujzXAA_cvm0KWFzi78_1775962_1781526.wav,SophiaChang_UCLhLyKIZYf4lCcilMujzXAA_cvm0KWFzi78,1775962,1781526,5564
SophiaChang_UCLhLyKIZYf4lCcilMujzXAA_cvm0KWFzi78_1781670_1783438.wav,SophiaChang_UCLhLyKIZYf4lCcilMujzXAA_cvm0KWFzi78,1781670,1783438,1768
SophiaChang_UCLhLyKIZYf4lCcilMujzXAA_cvm0KWFzi78_1783558_1788694.wav,SophiaChang_UCLhLyKIZYf4lCcilMujzXAA_cvm0KWFzi78,1783558,1788694,5136
SophiaChang_UCLhLyKIZYf4lCcilMujzXAA_cvm0KWFzi78_1788814_1790326.wav,SophiaChang_UCLhLyKIZYf4lCcilMujzXAA_cvm0KWFzi78,1788814,1790326,1512
SophiaChang_UCLhLyKIZYf4lCcilMujzXAA_cvm0KWFzi78_1790526_1798159.wav,SophiaChang_UCLhLyKIZYf4lCcilMujzXAA_cvm0KWFzi78,1790526,1798159,7633
SophiaChang_UCLhLyKIZYf4lCcilMujzXAA_cvm0KWFzi78_1798375_1801120.wav,SophiaChang_UCLhLyKIZYf4lCcilMujzXAA_cvm0KWFzi78,1798375,1801120,2745
SophiaChang_UCLhLyKIZYf4lCcilMujzXAA_cvm0KWFzi78_1801424_1805800.wav,SophiaChang_UCLhLyKIZYf4lCcilMujzXAA_cvm0KWFzi78,1801424,1805800,4376
SophiaChang_UCLhLyKIZYf4lCcilMujzXAA_cvm0KWFzi78_1806032_1812034.wav,SophiaChang_UCLhLyKIZYf4lCcilMujzXAA_cvm0KWFzi78,1806032,1812034,6002
SophiaChang_UCLhLyKIZYf4lCcilMujzXAA_cvm0KWFzi78_1812314_1816966.wav,SophiaChang_UCLhLyKIZYf4lCcilMujzXAA_cvm0KWFzi78,1812314,1816966,4652
SophiaChang_UCLhLyKIZYf4lCcilMujzXAA_cvm0KWFzi78_1817086_1824710.wav,SophiaChang_UCLhLyKIZYf4lCcilMujzXAA_cvm0KWFzi78,1817086,1824710,7624
SophiaChang_UCLhLyKIZYf4lCcilMujzXAA_cvm0KWFzi78_1825046_1834024.wav,SophiaChang_UCLhLyKIZYf4lCcilMujzXAA_cvm0KWFzi78,1825046,1834024,8978
SophiaChang_UCLhLyKIZYf4lCcilMujzXAA_cvm0KWFzi78_1834424_1839562.wav,SophiaChang_UCLhLyKIZYf4lCcilMujzXAA_cvm0KWFzi78,1834424,1839562,5138
SophiaChang_UCLhLyKIZYf4lCcilMujzXAA_cvm0KWFzi78_1839802_1841318.wav,SophiaChang_UCLhLyKIZYf4lCcilMujzXAA_cvm0KWFzi78,1839802,1841318,1516
SophiaChang_UCLhLyKIZYf4lCcilMujzXAA_cvm0KWFzi78_1841542_1845790.wav,SophiaChang_UCLhLyKIZYf4lCcilMujzXAA_cvm0KWFzi78,1841542,1845790,4248
SophiaChang_UCLhLyKIZYf4lCcilMujzXAA_cvm0KWFzi78_1846046_1851422.wav,SophiaChang_UCLhLyKIZYf4lCcilMujzXAA_cvm0KWFzi78,1846046,1851422,5376
SophiaChang_UCLhLyKIZYf4lCcilMujzXAA_cvm0KWFzi78_1851606_1858046.wav,SophiaChang_UCLhLyKIZYf4lCcilMujzXAA_cvm0KWFzi78,1851606,1858046,6440
SophiaChang_UCLhLyKIZYf4lCcilMujzXAA_cvm0KWFzi78_1858334_1862046.wav,SophiaChang_UCLhLyKIZYf4lCcilMujzXAA_cvm0KWFzi78,1858334,1862046,3712
SophiaChang_UCLhLyKIZYf4lCcilMujzXAA_cvm0KWFzi78_1862230_1864906.wav,SophiaChang_UCLhLyKIZYf4lCcilMujzXAA_cvm0KWFzi78,1862230,1864906,2676
SophiaChang_UCLhLyKIZYf4lCcilMujzXAA_cvm0KWFzi78_1865162_1869610.wav,SophiaChang_UCLhLyKIZYf4lCcilMujzXAA_cvm0KWFzi78,1865162,1869610,4448
SophiaChang_UCLhLyKIZYf4lCcilMujzXAA_cvm0KWFzi78_1869890_1871250.wav,SophiaChang_UCLhLyKIZYf4lCcilMujzXAA_cvm0KWFzi78,1869890,1871250,1360
SophiaChang_UCLhLyKIZYf4lCcilMujzXAA_cvm0KWFzi78_1871658_1872898.wav,SophiaChang_UCLhLyKIZYf4lCcilMujzXAA_cvm0KWFzi78,1871658,1872898,1240
SophiaChang_UCLhLyKIZYf4lCcilMujzXAA_cvm0KWFzi78_1873034_1877306.wav,SophiaChang_UCLhLyKIZYf4lCcilMujzXAA_cvm0KWFzi78,1873034,1877306,4272
SophiaChang_UCLhLyKIZYf4lCcilMujzXAA_cvm0KWFzi78_1877426_1885266.wav,SophiaChang_UCLhLyKIZYf4lCcilMujzXAA_cvm0KWFzi78,1877426,1885266,7840
SophiaChang_UCLhLyKIZYf4lCcilMujzXAA_cvm0KWFzi78_1885394_1893986.wav,SophiaChang_UCLhLyKIZYf4lCcilMujzXAA_cvm0KWFzi78,1885394,1893986,8592
SophiaChang_UCLhLyKIZYf4lCcilMujzXAA_cvm0KWFzi78_1894202_1900806.wav,SophiaChang_UCLhLyKIZYf4lCcilMujzXAA_cvm0KWFzi78,1894202,1900806,6604
SophiaChang_UCLhLyKIZYf4lCcilMujzXAA_cvm0KWFzi78_1900966_1908770.wav,SophiaChang_UCLhLyKIZYf4lCcilMujzXAA_cvm0KWFzi78,1900966,1908770,7804
SophiaChang_UCLhLyKIZYf4lCcilMujzXAA_cvm0KWFzi78_1908906_1910866.wav,SophiaChang_UCLhLyKIZYf4lCcilMujzXAA_cvm0KWFzi78,1908906,1910866,1960
SophiaChang_UCLhLyKIZYf4lCcilMujzXAA_cvm0KWFzi78_1911090_1914858.wav,SophiaChang_UCLhLyKIZYf4lCcilMujzXAA_cvm0KWFzi78,1911090,1914858,3768
SophiaChang_UCLhLyKIZYf4lCcilMujzXAA_cvm0KWFzi78_1914978_1919954.wav,SophiaChang_UCLhLyKIZYf4lCcilMujzXAA_cvm0KWFzi78,1914978,1919954,4976
SophiaChang_UCLhLyKIZYf4lCcilMujzXAA_cvm0KWFzi78_1920258_1922834.wav,SophiaChang_UCLhLyKIZYf4lCcilMujzXAA_cvm0KWFzi78,1920258,1922834,2576
SophiaChang_UCLhLyKIZYf4lCcilMujzXAA_cvm0KWFzi78_1922986_1926234.wav,SophiaChang_UCLhLyKIZYf4lCcilMujzXAA_cvm0KWFzi78,1922986,1926234,3248
SophiaChang_UCLhLyKIZYf4lCcilMujzXAA_cvm0KWFzi78_1926514_1929586.wav,SophiaChang_UCLhLyKIZYf4lCcilMujzXAA_cvm0KWFzi78,1926514,1929586,3072
SophiaChang_UCLhLyKIZYf4lCcilMujzXAA_cvm0KWFzi78_1929706_1932586.wav,SophiaChang_UCLhLyKIZYf4lCcilMujzXAA_cvm0KWFzi78,1929706,1932586,2880
SophiaChang_UCLhLyKIZYf4lCcilMujzXAA_cvm0KWFzi78_1932730_1937834.wav,SophiaChang_UCLhLyKIZYf4lCcilMujzXAA_cvm0KWFzi78,1932730,1937834,5104
SophiaChang_UCLhLyKIZYf4lCcilMujzXAA_cvm0KWFzi78_1938338_1944450.wav,SophiaChang_UCLhLyKIZYf4lCcilMujzXAA_cvm0KWFzi78,1938338,1944450,6112
SophiaChang_UCLhLyKIZYf4lCcilMujzXAA_cvm0KWFzi78_1945178_1946586.wav,SophiaChang_UCLhLyKIZYf4lCcilMujzXAA_cvm0KWFzi78,1945178,1946586,1408
SophiaChang_UCLhLyKIZYf4lCcilMujzXAA_cvm0KWFzi78_1946714_1948146.wav,SophiaChang_UCLhLyKIZYf4lCcilMujzXAA_cvm0KWFzi78,1946714,1948146,1432
SophiaChang_UCLhLyKIZYf4lCcilMujzXAA_cvm0KWFzi78_1948330_1953858.wav,SophiaChang_UCLhLyKIZYf4lCcilMujzXAA_cvm0KWFzi78,1948330,1953858,5528
SophiaChang_UCLhLyKIZYf4lCcilMujzXAA_cvm0KWFzi78_1953978_1955634.wav,SophiaChang_UCLhLyKIZYf4lCcilMujzXAA_cvm0KWFzi78,1953978,1955634,1656
SophiaChang_UCLhLyKIZYf4lCcilMujzXAA_cvm0KWFzi78_1955826_1960382.wav,SophiaChang_UCLhLyKIZYf4lCcilMujzXAA_cvm0KWFzi78,1955826,1960382,4556
SophiaChang_UCLhLyKIZYf4lCcilMujzXAA_cvm0KWFzi78_1960534_1963662.wav,SophiaChang_UCLhLyKIZYf4lCcilMujzXAA_cvm0KWFzi78,1960534,1963662,3128
SophiaChang_UCLhLyKIZYf4lCcilMujzXAA_cvm0KWFzi78_1963854_1964606.wav,SophiaChang_UCLhLyKIZYf4lCcilMujzXAA_cvm0KWFzi78,1963854,1964606,752
SophiaChang_UCLhLyKIZYf4lCcilMujzXAA_cvm0KWFzi78_1964782_1968310.wav,SophiaChang_UCLhLyKIZYf4lCcilMujzXAA_cvm0KWFzi78,1964782,1968310,3528
SophiaChang_UCLhLyKIZYf4lCcilMujzXAA_cvm0KWFzi78_1968510_1973984.wav,SophiaChang_UCLhLyKIZYf4lCcilMujzXAA_cvm0KWFzi78,1968510,1973984,5474
SophiaChang_UCLhLyKIZYf4lCcilMujzXAA_cvm0KWFzi78_1974200_1978698.wav,SophiaChang_UCLhLyKIZYf4lCcilMujzXAA_cvm0KWFzi78,1974200,1978698,4498
SophiaChang_UCLhLyKIZYf4lCcilMujzXAA_cvm0KWFzi78_1978842_1988098.wav,SophiaChang_UCLhLyKIZYf4lCcilMujzXAA_cvm0KWFzi78,1978842,1988098,9256
SophiaChang_UCLhLyKIZYf4lCcilMujzXAA_cvm0KWFzi78_1988474_1989190.wav,SophiaChang_UCLhLyKIZYf4lCcilMujzXAA_cvm0KWFzi78,1988474,1989190,716
SophiaChang_UCLhLyKIZYf4lCcilMujzXAA_cvm0KWFzi78_1989390_1992150.wav,SophiaChang_UCLhLyKIZYf4lCcilMujzXAA_cvm0KWFzi78,1989390,1992150,2760
SophiaChang_UCLhLyKIZYf4lCcilMujzXAA_cvm0KWFzi78_1992278_2000030.wav,SophiaChang_UCLhLyKIZYf4lCcilMujzXAA_cvm0KWFzi78,1992278,2000030,7752
SophiaChang_UCLhLyKIZYf4lCcilMujzXAA_cvm0KWFzi78_2000158_2005078.wav,SophiaChang_UCLhLyKIZYf4lCcilMujzXAA_cvm0KWFzi78,2000158,2005078,4920
SophiaChang_UCLhLyKIZYf4lCcilMujzXAA_cvm0KWFzi78_2005254_2006064.wav,SophiaChang_UCLhLyKIZYf4lCcilMujzXAA_cvm0KWFzi78,2005254,2006064,810
SophiaChang_UCLhLyKIZYf4lCcilMujzXAA_cvm0KWFzi78_2006216_2015378.wav,SophiaChang_UCLhLyKIZYf4lCcilMujzXAA_cvm0KWFzi78,2006216,2015378,9162
SophiaChang_UCLhLyKIZYf4lCcilMujzXAA_cvm0KWFzi78_2016098_2019274.wav,SophiaChang_UCLhLyKIZYf4lCcilMujzXAA_cvm0KWFzi78,2016098,2019274,3176
SophiaChang_UCLhLyKIZYf4lCcilMujzXAA_cvm0KWFzi78_2019458_2024242.wav,SophiaChang_UCLhLyKIZYf4lCcilMujzXAA_cvm0KWFzi78,2019458,2024242,4784
SophiaChang_UCLhLyKIZYf4lCcilMujzXAA_cvm0KWFzi78_2024402_2026682.wav,SophiaChang_UCLhLyKIZYf4lCcilMujzXAA_cvm0KWFzi78,2024402,2026682,2280
SophiaChang_UCLhLyKIZYf4lCcilMujzXAA_cvm0KWFzi78_2026810_2027602.wav,SophiaChang_UCLhLyKIZYf4lCcilMujzXAA_cvm0KWFzi78,2026810,2027602,792
SophiaChang_UCLhLyKIZYf4lCcilMujzXAA_cvm0KWFzi78_2027946_2033058.wav,SophiaChang_UCLhLyKIZYf4lCcilMujzXAA_cvm0KWFzi78,2027946,2033058,5112
SophiaChang_UCLhLyKIZYf4lCcilMujzXAA_cvm0KWFzi78_2033570_2037722.wav,SophiaChang_UCLhLyKIZYf4lCcilMujzXAA_cvm0KWFzi78,2033570,2037722,4152
SophiaChang_UCLhLyKIZYf4lCcilMujzXAA_cvm0KWFzi78_2037858_2045906.wav,SophiaChang_UCLhLyKIZYf4lCcilMujzXAA_cvm0KWFzi78,2037858,2045906,8048
SophiaChang_UCLhLyKIZYf4lCcilMujzXAA_cvm0KWFzi78_2046306_2049114.wav,SophiaChang_UCLhLyKIZYf4lCcilMujzXAA_cvm0KWFzi78,2046306,2049114,2808
SophiaChang_UCLhLyKIZYf4lCcilMujzXAA_cvm0KWFzi78_2049794_2050778.wav,SophiaChang_UCLhLyKIZYf4lCcilMujzXAA_cvm0KWFzi78,2049794,2050778,984
SophiaChang_UCLhLyKIZYf4lCcilMujzXAA_cvm0KWFzi78_2051114_2054074.wav,SophiaChang_UCLhLyKIZYf4lCcilMujzXAA_cvm0KWFzi78,2051114,2054074,2960
SophiaChang_UCLhLyKIZYf4lCcilMujzXAA_cvm0KWFzi78_2055474_2061610.wav,SophiaChang_UCLhLyKIZYf4lCcilMujzXAA_cvm0KWFzi78,2055474,2061610,6136
SophiaChang_UCLhLyKIZYf4lCcilMujzXAA_cvm0KWFzi78_2062098_2064658.wav,SophiaChang_UCLhLyKIZYf4lCcilMujzXAA_cvm0KWFzi78,2062098,2064658,2560
SophiaChang_UCLhLyKIZYf4lCcilMujzXAA_cvm0KWFzi78_2065122_2074554.wav,SophiaChang_UCLhLyKIZYf4lCcilMujzXAA_cvm0KWFzi78,2065122,2074554,9432
SophiaChang_UCLhLyKIZYf4lCcilMujzXAA_cvm0KWFzi78_2074810_2082692.wav,SophiaChang_UCLhLyKIZYf4lCcilMujzXAA_cvm0KWFzi78,2074810,2082692,7882
SophiaChang_UCLhLyKIZYf4lCcilMujzXAA_cvm0KWFzi78_2082916_2088718.wav,SophiaChang_UCLhLyKIZYf4lCcilMujzXAA_cvm0KWFzi78,2082916,2088718,5802
SophiaChang_UCLhLyKIZYf4lCcilMujzXAA_cvm0KWFzi78_2088870_2090894.wav,SophiaChang_UCLhLyKIZYf4lCcilMujzXAA_cvm0KWFzi78,2088870,2090894,2024
SophiaChang_UCLhLyKIZYf4lCcilMujzXAA_cvm0KWFzi78_2091118_2092626.wav,SophiaChang_UCLhLyKIZYf4lCcilMujzXAA_cvm0KWFzi78,2091118,2092626,1508
SophiaChang_UCLhLyKIZYf4lCcilMujzXAA_cvm0KWFzi78_2092898_2098746.wav,SophiaChang_UCLhLyKIZYf4lCcilMujzXAA_cvm0KWFzi78,2092898,2098746,5848
SophiaChang_UCLhLyKIZYf4lCcilMujzXAA_cvm0KWFzi78_2099026_2105350.wav,SophiaChang_UCLhLyKIZYf4lCcilMujzXAA_cvm0KWFzi78,2099026,2105350,6324
SophiaChang_UCLhLyKIZYf4lCcilMujzXAA_cvm0KWFzi78_2105486_2107566.wav,SophiaChang_UCLhLyKIZYf4lCcilMujzXAA_cvm0KWFzi78,2105486,2107566,2080
SophiaChang_UCLhLyKIZYf4lCcilMujzXAA_cvm0KWFzi78_2107670_2110558.wav,SophiaChang_UCLhLyKIZYf4lCcilMujzXAA_cvm0KWFzi78,2107670,2110558,2888
SophiaChang_UCLhLyKIZYf4lCcilMujzXAA_cvm0KWFzi78_2110670_2114582.wav,SophiaChang_UCLhLyKIZYf4lCcilMujzXAA_cvm0KWFzi78,2110670,2114582,3912
SophiaChang_UCLhLyKIZYf4lCcilMujzXAA_cvm0KWFzi78_2114710_2116894.wav,SophiaChang_UCLhLyKIZYf4lCcilMujzXAA_cvm0KWFzi78,2114710,2116894,2184
SophiaChang_UCLhLyKIZYf4lCcilMujzXAA_cvm0KWFzi78_2117030_2119102.wav,SophiaChang_UCLhLyKIZYf4lCcilMujzXAA_cvm0KWFzi78,2117030,2119102,2072
SophiaChang_UCLhLyKIZYf4lCcilMujzXAA_cvm0KWFzi78_2119398_2121750.wav,SophiaChang_UCLhLyKIZYf4lCcilMujzXAA_cvm0KWFzi78,2119398,2121750,2352
SophiaChang_UCLhLyKIZYf4lCcilMujzXAA_cvm0KWFzi78_2121910_2126814.wav,SophiaChang_UCLhLyKIZYf4lCcilMujzXAA_cvm0KWFzi78,2121910,2126814,4904
SophiaChang_UCLhLyKIZYf4lCcilMujzXAA_cvm0KWFzi78_2127174_2133606.wav,SophiaChang_UCLhLyKIZYf4lCcilMujzXAA_cvm0KWFzi78,2127174,2133606,6432
SophiaChang_UCLhLyKIZYf4lCcilMujzXAA_cvm0KWFzi78_2133982_2139574.wav,SophiaChang_UCLhLyKIZYf4lCcilMujzXAA_cvm0KWFzi78,2133982,2139574,5592
SophiaChang_UCLhLyKIZYf4lCcilMujzXAA_cvm0KWFzi78_2139838_2148366.wav,SophiaChang_UCLhLyKIZYf4lCcilMujzXAA_cvm0KWFzi78,2139838,2148366,8528
SophiaChang_UCLhLyKIZYf4lCcilMujzXAA_cvm0KWFzi78_2148646_2148934.wav,SophiaChang_UCLhLyKIZYf4lCcilMujzXAA_cvm0KWFzi78,2148646,2148934,288
SophiaChang_UCLhLyKIZYf4lCcilMujzXAA_cvm0KWFzi78_2149102_2149366.wav,SophiaChang_UCLhLyKIZYf4lCcilMujzXAA_cvm0KWFzi78,2149102,2149366,264
SophiaChang_UCLhLyKIZYf4lCcilMujzXAA_cvm0KWFzi78_2149614_2150606.wav,SophiaChang_UCLhLyKIZYf4lCcilMujzXAA_cvm0KWFzi78,2149614,2150606,992
