filename,video_id,start_time,end_time,duration
AbigailLynn_UCTEXSCRzi3FSLURz060GLTg_HG7BemxsG0E_683_3107.wav,AbigailLynn_UCTEXSCRzi3FSLURz060GLTg_HG7BemxsG0E,683,3107,2424
AbigailLynn_UCTEXSCRzi3FSLURz060GLTg_HG7BemxsG0E_3203_3611.wav,AbigailLynn_UCTEXSCRzi3FSLURz060GLTg_HG7BemxsG0E,3203,3611,408
AbigailLynn_UCTEXSCRzi3FSLURz060GLTg_HG7BemxsG0E_3723_9627.wav,AbigailLynn_UCTEXSCRzi3FSLURz060GLTg_HG7BemxsG0E,3723,9627,5904
AbigailLynn_UCTEXSCRzi3FSLURz060GLTg_HG7BemxsG0E_9707_12179.wav,AbigailLynn_UCTEXSCRzi3FSLURz060GLTg_HG7BemxsG0E,9707,12179,2472
AbigailLynn_UCTEXSCRzi3FSLURz060GLTg_HG7BemxsG0E_12299_17779.wav,AbigailLynn_UCTEXSCRzi3FSLURz060GLTg_HG7BemxsG0E,12299,17779,5480
AbigailLynn_UCTEXSCRzi3FSLURz060GLTg_HG7BemxsG0E_17883_28659.wav,AbigailLynn_UCTEXSCRzi3FSLURz060GLTg_HG7BemxsG0E,17883,28659,10776
AbigailLynn_UCTEXSCRzi3FSLURz060GLTg_HG7BemxsG0E_28779_31699.wav,AbigailLynn_UCTEXSCRzi3FSLURz060GLTg_HG7BemxsG0E,28779,31699,2920
AbigailLynn_UCTEXSCRzi3FSLURz060GLTg_HG7BemxsG0E_31835_34171.wav,AbigailLynn_UCTEXSCRzi3FSLURz060GLTg_HG7BemxsG0E,31835,34171,2336
AbigailLynn_UCTEXSCRzi3FSLURz060GLTg_HG7BemxsG0E_34395_36075.wav,AbigailLynn_UCTEXSCRzi3FSLURz060GLTg_HG7BemxsG0E,34395,36075,1680
AbigailLynn_UCTEXSCRzi3FSLURz060GLTg_HG7BemxsG0E_36275_44771.wav,AbigailLynn_UCTEXSCRzi3FSLURz060GLTg_HG7BemxsG0E,36275,44771,8496
AbigailLynn_UCTEXSCRzi3FSLURz060GLTg_HG7BemxsG0E_44939_48731.wav,AbigailLynn_UCTEXSCRzi3FSLURz060GLTg_HG7BemxsG0E,44939,48731,3792
AbigailLynn_UCTEXSCRzi3FSLURz060GLTg_HG7BemxsG0E_48843_60363.wav,AbigailLynn_UCTEXSCRzi3FSLURz060GLTg_HG7BemxsG0E,48843,60363,11520
AbigailLynn_UCTEXSCRzi3FSLURz060GLTg_HG7BemxsG0E_60611_62131.wav,AbigailLynn_UCTEXSCRzi3FSLURz060GLTg_HG7BemxsG0E,60611,62131,1520
AbigailLynn_UCTEXSCRzi3FSLURz060GLTg_HG7BemxsG0E_62467_68203.wav,AbigailLynn_UCTEXSCRzi3FSLURz060GLTg_HG7BemxsG0E,62467,68203,5736
AbigailLynn_UCTEXSCRzi3FSLURz060GLTg_HG7BemxsG0E_68355_75051.wav,AbigailLynn_UCTEXSCRzi3FSLURz060GLTg_HG7BemxsG0E,68355,75051,6696
AbigailLynn_UCTEXSCRzi3FSLURz060GLTg_HG7BemxsG0E_75235_86211.wav,AbigailLynn_UCTEXSCRzi3FSLURz060GLTg_HG7BemxsG0E,75235,86211,10976
AbigailLynn_UCTEXSCRzi3FSLURz060GLTg_HG7BemxsG0E_86331_91115.wav,AbigailLynn_UCTEXSCRzi3FSLURz060GLTg_HG7BemxsG0E,86331,91115,4784
AbigailLynn_UCTEXSCRzi3FSLURz060GLTg_HG7BemxsG0E_91291_92507.wav,AbigailLynn_UCTEXSCRzi3FSLURz060GLTg_HG7BemxsG0E,91291,92507,1216
AbigailLynn_UCTEXSCRzi3FSLURz060GLTg_HG7BemxsG0E_92675_105303.wav,AbigailLynn_UCTEXSCRzi3FSLURz060GLTg_HG7BemxsG0E,92675,105303,12628
AbigailLynn_UCTEXSCRzi3FSLURz060GLTg_HG7BemxsG0E_105439_106499.wav,AbigailLynn_UCTEXSCRzi3FSLURz060GLTg_HG7BemxsG0E,105439,106499,1060
AbigailLynn_UCTEXSCRzi3FSLURz060GLTg_HG7BemxsG0E_106651_111875.wav,AbigailLynn_UCTEXSCRzi3FSLURz060GLTg_HG7BemxsG0E,106651,111875,5224
AbigailLynn_UCTEXSCRzi3FSLURz060GLTg_HG7BemxsG0E_112115_123611.wav,AbigailLynn_UCTEXSCRzi3FSLURz060GLTg_HG7BemxsG0E,112115,123611,11496
AbigailLynn_UCTEXSCRzi3FSLURz060GLTg_HG7BemxsG0E_123787_140139.wav,AbigailLynn_UCTEXSCRzi3FSLURz060GLTg_HG7BemxsG0E,123787,140139,16352
AbigailLynn_UCTEXSCRzi3FSLURz060GLTg_HG7BemxsG0E_140243_143723.wav,AbigailLynn_UCTEXSCRzi3FSLURz060GLTg_HG7BemxsG0E,140243,143723,3480
AbigailLynn_UCTEXSCRzi3FSLURz060GLTg_HG7BemxsG0E_143827_151315.wav,AbigailLynn_UCTEXSCRzi3FSLURz060GLTg_HG7BemxsG0E,143827,151315,7488
AbigailLynn_UCTEXSCRzi3FSLURz060GLTg_HG7BemxsG0E_151587_163135.wav,AbigailLynn_UCTEXSCRzi3FSLURz060GLTg_HG7BemxsG0E,151587,163135,11548
AbigailLynn_UCTEXSCRzi3FSLURz060GLTg_HG7BemxsG0E_163223_170099.wav,AbigailLynn_UCTEXSCRzi3FSLURz060GLTg_HG7BemxsG0E,163223,170099,6876
AbigailLynn_UCTEXSCRzi3FSLURz060GLTg_HG7BemxsG0E_170243_173243.wav,AbigailLynn_UCTEXSCRzi3FSLURz060GLTg_HG7BemxsG0E,170243,173243,3000
AbigailLynn_UCTEXSCRzi3FSLURz060GLTg_HG7BemxsG0E_173371_177419.wav,AbigailLynn_UCTEXSCRzi3FSLURz060GLTg_HG7BemxsG0E,173371,177419,4048
AbigailLynn_UCTEXSCRzi3FSLURz060GLTg_HG7BemxsG0E_177555_179003.wav,AbigailLynn_UCTEXSCRzi3FSLURz060GLTg_HG7BemxsG0E,177555,179003,1448
AbigailLynn_UCTEXSCRzi3FSLURz060GLTg_HG7BemxsG0E_179299_191947.wav,AbigailLynn_UCTEXSCRzi3FSLURz060GLTg_HG7BemxsG0E,179299,191947,12648
AbigailLynn_UCTEXSCRzi3FSLURz060GLTg_HG7BemxsG0E_192059_195475.wav,AbigailLynn_UCTEXSCRzi3FSLURz060GLTg_HG7BemxsG0E,192059,195475,3416
AbigailLynn_UCTEXSCRzi3FSLURz060GLTg_HG7BemxsG0E_195635_205599.wav,AbigailLynn_UCTEXSCRzi3FSLURz060GLTg_HG7BemxsG0E,195635,205599,9964
AbigailLynn_UCTEXSCRzi3FSLURz060GLTg_HG7BemxsG0E_205743_211543.wav,AbigailLynn_UCTEXSCRzi3FSLURz060GLTg_HG7BemxsG0E,205743,211543,5800
AbigailLynn_UCTEXSCRzi3FSLURz060GLTg_HG7BemxsG0E_211671_220947.wav,AbigailLynn_UCTEXSCRzi3FSLURz060GLTg_HG7BemxsG0E,211671,220947,9276
AbigailLynn_UCTEXSCRzi3FSLURz060GLTg_HG7BemxsG0E_221211_230987.wav,AbigailLynn_UCTEXSCRzi3FSLURz060GLTg_HG7BemxsG0E,221211,230987,9776
AbigailLynn_UCTEXSCRzi3FSLURz060GLTg_HG7BemxsG0E_231131_232891.wav,AbigailLynn_UCTEXSCRzi3FSLURz060GLTg_HG7BemxsG0E,231131,232891,1760
AbigailLynn_UCTEXSCRzi3FSLURz060GLTg_HG7BemxsG0E_233067_244259.wav,AbigailLynn_UCTEXSCRzi3FSLURz060GLTg_HG7BemxsG0E,233067,244259,11192
AbigailLynn_UCTEXSCRzi3FSLURz060GLTg_HG7BemxsG0E_244395_245235.wav,AbigailLynn_UCTEXSCRzi3FSLURz060GLTg_HG7BemxsG0E,244395,245235,840
AbigailLynn_UCTEXSCRzi3FSLURz060GLTg_HG7BemxsG0E_245363_255428.wav,AbigailLynn_UCTEXSCRzi3FSLURz060GLTg_HG7BemxsG0E,245363,255428,10065
AbigailLynn_UCTEXSCRzi3FSLURz060GLTg_HG7BemxsG0E_255532_265493.wav,AbigailLynn_UCTEXSCRzi3FSLURz060GLTg_HG7BemxsG0E,255532,265493,9961
AbigailLynn_UCTEXSCRzi3FSLURz060GLTg_HG7BemxsG0E_265605_271023.wav,AbigailLynn_UCTEXSCRzi3FSLURz060GLTg_HG7BemxsG0E,265605,271023,5418
AbigailLynn_UCTEXSCRzi3FSLURz060GLTg_HG7BemxsG0E_271167_278219.wav,AbigailLynn_UCTEXSCRzi3FSLURz060GLTg_HG7BemxsG0E,271167,278219,7052
AbigailLynn_UCTEXSCRzi3FSLURz060GLTg_HG7BemxsG0E_278347_280675.wav,AbigailLynn_UCTEXSCRzi3FSLURz060GLTg_HG7BemxsG0E,278347,280675,2328
AbigailLynn_UCTEXSCRzi3FSLURz060GLTg_HG7BemxsG0E_281219_293011.wav,AbigailLynn_UCTEXSCRzi3FSLURz060GLTg_HG7BemxsG0E,281219,293011,11792
AbigailLynn_UCTEXSCRzi3FSLURz060GLTg_HG7BemxsG0E_293099_301507.wav,AbigailLynn_UCTEXSCRzi3FSLURz060GLTg_HG7BemxsG0E,293099,301507,8408
AbigailLynn_UCTEXSCRzi3FSLURz060GLTg_HG7BemxsG0E_301659_310723.wav,AbigailLynn_UCTEXSCRzi3FSLURz060GLTg_HG7BemxsG0E,301659,310723,9064
AbigailLynn_UCTEXSCRzi3FSLURz060GLTg_HG7BemxsG0E_310899_320135.wav,AbigailLynn_UCTEXSCRzi3FSLURz060GLTg_HG7BemxsG0E,310899,320135,9236
AbigailLynn_UCTEXSCRzi3FSLURz060GLTg_HG7BemxsG0E_320271_326011.wav,AbigailLynn_UCTEXSCRzi3FSLURz060GLTg_HG7BemxsG0E,320271,326011,5740
AbigailLynn_UCTEXSCRzi3FSLURz060GLTg_HG7BemxsG0E_326195_327403.wav,AbigailLynn_UCTEXSCRzi3FSLURz060GLTg_HG7BemxsG0E,326195,327403,1208
AbigailLynn_UCTEXSCRzi3FSLURz060GLTg_HG7BemxsG0E_327707_339963.wav,AbigailLynn_UCTEXSCRzi3FSLURz060GLTg_HG7BemxsG0E,327707,339963,12256
AbigailLynn_UCTEXSCRzi3FSLURz060GLTg_HG7BemxsG0E_340131_340787.wav,AbigailLynn_UCTEXSCRzi3FSLURz060GLTg_HG7BemxsG0E,340131,340787,656
AbigailLynn_UCTEXSCRzi3FSLURz060GLTg_HG7BemxsG0E_340939_343947.wav,AbigailLynn_UCTEXSCRzi3FSLURz060GLTg_HG7BemxsG0E,340939,343947,3008
AbigailLynn_UCTEXSCRzi3FSLURz060GLTg_HG7BemxsG0E_344091_355139.wav,AbigailLynn_UCTEXSCRzi3FSLURz060GLTg_HG7BemxsG0E,344091,355139,11048
AbigailLynn_UCTEXSCRzi3FSLURz060GLTg_HG7BemxsG0E_355291_356923.wav,AbigailLynn_UCTEXSCRzi3FSLURz060GLTg_HG7BemxsG0E,355291,356923,1632
AbigailLynn_UCTEXSCRzi3FSLURz060GLTg_HG7BemxsG0E_357051_366387.wav,AbigailLynn_UCTEXSCRzi3FSLURz060GLTg_HG7BemxsG0E,357051,366387,9336
AbigailLynn_UCTEXSCRzi3FSLURz060GLTg_HG7BemxsG0E_366547_376483.wav,AbigailLynn_UCTEXSCRzi3FSLURz060GLTg_HG7BemxsG0E,366547,376483,9936
AbigailLynn_UCTEXSCRzi3FSLURz060GLTg_HG7BemxsG0E_376643_383253.wav,AbigailLynn_UCTEXSCRzi3FSLURz060GLTg_HG7BemxsG0E,376643,383253,6610
AbigailLynn_UCTEXSCRzi3FSLURz060GLTg_HG7BemxsG0E_383437_386127.wav,AbigailLynn_UCTEXSCRzi3FSLURz060GLTg_HG7BemxsG0E,383437,386127,2690
AbigailLynn_UCTEXSCRzi3FSLURz060GLTg_HG7BemxsG0E_386511_387107.wav,AbigailLynn_UCTEXSCRzi3FSLURz060GLTg_HG7BemxsG0E,386511,387107,596
AbigailLynn_UCTEXSCRzi3FSLURz060GLTg_HG7BemxsG0E_387355_392291.wav,AbigailLynn_UCTEXSCRzi3FSLURz060GLTg_HG7BemxsG0E,387355,392291,4936
AbigailLynn_UCTEXSCRzi3FSLURz060GLTg_HG7BemxsG0E_392779_396571.wav,AbigailLynn_UCTEXSCRzi3FSLURz060GLTg_HG7BemxsG0E,392779,396571,3792
AbigailLynn_UCTEXSCRzi3FSLURz060GLTg_HG7BemxsG0E_396827_402035.wav,AbigailLynn_UCTEXSCRzi3FSLURz060GLTg_HG7BemxsG0E,396827,402035,5208
AbigailLynn_UCTEXSCRzi3FSLURz060GLTg_HG7BemxsG0E_402203_414571.wav,AbigailLynn_UCTEXSCRzi3FSLURz060GLTg_HG7BemxsG0E,402203,414571,12368
AbigailLynn_UCTEXSCRzi3FSLURz060GLTg_HG7BemxsG0E_414971_417235.wav,AbigailLynn_UCTEXSCRzi3FSLURz060GLTg_HG7BemxsG0E,414971,417235,2264
AbigailLynn_UCTEXSCRzi3FSLURz060GLTg_HG7BemxsG0E_417627_423311.wav,AbigailLynn_UCTEXSCRzi3FSLURz060GLTg_HG7BemxsG0E,417627,423311,5684
AbigailLynn_UCTEXSCRzi3FSLURz060GLTg_HG7BemxsG0E_423479_433231.wav,AbigailLynn_UCTEXSCRzi3FSLURz060GLTg_HG7BemxsG0E,423479,433231,9752
AbigailLynn_UCTEXSCRzi3FSLURz060GLTg_HG7BemxsG0E_433383_434971.wav,AbigailLynn_UCTEXSCRzi3FSLURz060GLTg_HG7BemxsG0E,433383,434971,1588
AbigailLynn_UCTEXSCRzi3FSLURz060GLTg_HG7BemxsG0E_435179_436347.wav,AbigailLynn_UCTEXSCRzi3FSLURz060GLTg_HG7BemxsG0E,435179,436347,1168
AbigailLynn_UCTEXSCRzi3FSLURz060GLTg_HG7BemxsG0E_436947_444347.wav,AbigailLynn_UCTEXSCRzi3FSLURz060GLTg_HG7BemxsG0E,436947,444347,7400
AbigailLynn_UCTEXSCRzi3FSLURz060GLTg_HG7BemxsG0E_444635_446109.wav,AbigailLynn_UCTEXSCRzi3FSLURz060GLTg_HG7BemxsG0E,444635,446109,1474
AbigailLynn_UCTEXSCRzi3FSLURz060GLTg_HG7BemxsG0E_446245_455471.wav,AbigailLynn_UCTEXSCRzi3FSLURz060GLTg_HG7BemxsG0E,446245,455471,9226
AbigailLynn_UCTEXSCRzi3FSLURz060GLTg_HG7BemxsG0E_455639_469663.wav,AbigailLynn_UCTEXSCRzi3FSLURz060GLTg_HG7BemxsG0E,455639,469663,14024
AbigailLynn_UCTEXSCRzi3FSLURz060GLTg_HG7BemxsG0E_469823_484687.wav,AbigailLynn_UCTEXSCRzi3FSLURz060GLTg_HG7BemxsG0E,469823,484687,14864
AbigailLynn_UCTEXSCRzi3FSLURz060GLTg_HG7BemxsG0E_484863_492347.wav,AbigailLynn_UCTEXSCRzi3FSLURz060GLTg_HG7BemxsG0E,484863,492347,7484
AbigailLynn_UCTEXSCRzi3FSLURz060GLTg_HG7BemxsG0E_492671_493387.wav,AbigailLynn_UCTEXSCRzi3FSLURz060GLTg_HG7BemxsG0E,492671,493387,716
AbigailLynn_UCTEXSCRzi3FSLURz060GLTg_HG7BemxsG0E_493763_495307.wav,AbigailLynn_UCTEXSCRzi3FSLURz060GLTg_HG7BemxsG0E,493763,495307,1544
AbigailLynn_UCTEXSCRzi3FSLURz060GLTg_HG7BemxsG0E_495947_496347.wav,AbigailLynn_UCTEXSCRzi3FSLURz060GLTg_HG7BemxsG0E,495947,496347,400
AbigailLynn_UCTEXSCRzi3FSLURz060GLTg_HG7BemxsG0E_496723_499059.wav,AbigailLynn_UCTEXSCRzi3FSLURz060GLTg_HG7BemxsG0E,496723,499059,2336
AbigailLynn_UCTEXSCRzi3FSLURz060GLTg_HG7BemxsG0E_499443_505459.wav,AbigailLynn_UCTEXSCRzi3FSLURz060GLTg_HG7BemxsG0E,499443,505459,6016
AbigailLynn_UCTEXSCRzi3FSLURz060GLTg_HG7BemxsG0E_505819_509779.wav,AbigailLynn_UCTEXSCRzi3FSLURz060GLTg_HG7BemxsG0E,505819,509779,3960
AbigailLynn_UCTEXSCRzi3FSLURz060GLTg_HG7BemxsG0E_509995_512557.wav,AbigailLynn_UCTEXSCRzi3FSLURz060GLTg_HG7BemxsG0E,509995,512557,2562
AbigailLynn_UCTEXSCRzi3FSLURz060GLTg_HG7BemxsG0E_512669_527461.wav,AbigailLynn_UCTEXSCRzi3FSLURz060GLTg_HG7BemxsG0E,512669,527461,14792
AbigailLynn_UCTEXSCRzi3FSLURz060GLTg_HG7BemxsG0E_527565_529791.wav,AbigailLynn_UCTEXSCRzi3FSLURz060GLTg_HG7BemxsG0E,527565,529791,2226
AbigailLynn_UCTEXSCRzi3FSLURz060GLTg_HG7BemxsG0E_530079_532659.wav,AbigailLynn_UCTEXSCRzi3FSLURz060GLTg_HG7BemxsG0E,530079,532659,2580
AbigailLynn_UCTEXSCRzi3FSLURz060GLTg_HG7BemxsG0E_533027_533935.wav,AbigailLynn_UCTEXSCRzi3FSLURz060GLTg_HG7BemxsG0E,533027,533935,908
AbigailLynn_UCTEXSCRzi3FSLURz060GLTg_HG7BemxsG0E_534031_537351.wav,AbigailLynn_UCTEXSCRzi3FSLURz060GLTg_HG7BemxsG0E,534031,537351,3320
AbigailLynn_UCTEXSCRzi3FSLURz060GLTg_HG7BemxsG0E_537431_542815.wav,AbigailLynn_UCTEXSCRzi3FSLURz060GLTg_HG7BemxsG0E,537431,542815,5384
AbigailLynn_UCTEXSCRzi3FSLURz060GLTg_HG7BemxsG0E_542911_549459.wav,AbigailLynn_UCTEXSCRzi3FSLURz060GLTg_HG7BemxsG0E,542911,549459,6548
AbigailLynn_UCTEXSCRzi3FSLURz060GLTg_HG7BemxsG0E_549627_556563.wav,AbigailLynn_UCTEXSCRzi3FSLURz060GLTg_HG7BemxsG0E,549627,556563,6936
AbigailLynn_UCTEXSCRzi3FSLURz060GLTg_HG7BemxsG0E_556699_559827.wav,AbigailLynn_UCTEXSCRzi3FSLURz060GLTg_HG7BemxsG0E,556699,559827,3128
AbigailLynn_UCTEXSCRzi3FSLURz060GLTg_HG7BemxsG0E_560035_569107.wav,AbigailLynn_UCTEXSCRzi3FSLURz060GLTg_HG7BemxsG0E,560035,569107,9072
AbigailLynn_UCTEXSCRzi3FSLURz060GLTg_HG7BemxsG0E_569323_570835.wav,AbigailLynn_UCTEXSCRzi3FSLURz060GLTg_HG7BemxsG0E,569323,570835,1512
AbigailLynn_UCTEXSCRzi3FSLURz060GLTg_HG7BemxsG0E_571267_576051.wav,AbigailLynn_UCTEXSCRzi3FSLURz060GLTg_HG7BemxsG0E,571267,576051,4784
AbigailLynn_UCTEXSCRzi3FSLURz060GLTg_HG7BemxsG0E_576395_578179.wav,AbigailLynn_UCTEXSCRzi3FSLURz060GLTg_HG7BemxsG0E,576395,578179,1784
AbigailLynn_UCTEXSCRzi3FSLURz060GLTg_HG7BemxsG0E_578443_581948.wav,AbigailLynn_UCTEXSCRzi3FSLURz060GLTg_HG7BemxsG0E,578443,581948,3505
AbigailLynn_UCTEXSCRzi3FSLURz060GLTg_HG7BemxsG0E_582076_591773.wav,AbigailLynn_UCTEXSCRzi3FSLURz060GLTg_HG7BemxsG0E,582076,591773,9697
AbigailLynn_UCTEXSCRzi3FSLURz060GLTg_HG7BemxsG0E_591957_607527.wav,AbigailLynn_UCTEXSCRzi3FSLURz060GLTg_HG7BemxsG0E,591957,607527,15570
AbigailLynn_UCTEXSCRzi3FSLURz060GLTg_HG7BemxsG0E_607759_608227.wav,AbigailLynn_UCTEXSCRzi3FSLURz060GLTg_HG7BemxsG0E,607759,608227,468
AbigailLynn_UCTEXSCRzi3FSLURz060GLTg_HG7BemxsG0E_608579_615491.wav,AbigailLynn_UCTEXSCRzi3FSLURz060GLTg_HG7BemxsG0E,608579,615491,6912
AbigailLynn_UCTEXSCRzi3FSLURz060GLTg_HG7BemxsG0E_615803_618011.wav,AbigailLynn_UCTEXSCRzi3FSLURz060GLTg_HG7BemxsG0E,615803,618011,2208
AbigailLynn_UCTEXSCRzi3FSLURz060GLTg_HG7BemxsG0E_618323_622123.wav,AbigailLynn_UCTEXSCRzi3FSLURz060GLTg_HG7BemxsG0E,618323,622123,3800
AbigailLynn_UCTEXSCRzi3FSLURz060GLTg_HG7BemxsG0E_622619_624163.wav,AbigailLynn_UCTEXSCRzi3FSLURz060GLTg_HG7BemxsG0E,622619,624163,1544
AbigailLynn_UCTEXSCRzi3FSLURz060GLTg_HG7BemxsG0E_624459_627171.wav,AbigailLynn_UCTEXSCRzi3FSLURz060GLTg_HG7BemxsG0E,624459,627171,2712
AbigailLynn_UCTEXSCRzi3FSLURz060GLTg_HG7BemxsG0E_627739_628267.wav,AbigailLynn_UCTEXSCRzi3FSLURz060GLTg_HG7BemxsG0E,627739,628267,528
AbigailLynn_UCTEXSCRzi3FSLURz060GLTg_HG7BemxsG0E_628539_637547.wav,AbigailLynn_UCTEXSCRzi3FSLURz060GLTg_HG7BemxsG0E,628539,637547,9008
AbigailLynn_UCTEXSCRzi3FSLURz060GLTg_HG7BemxsG0E_637971_652292.wav,AbigailLynn_UCTEXSCRzi3FSLURz060GLTg_HG7BemxsG0E,637971,652292,14321
AbigailLynn_UCTEXSCRzi3FSLURz060GLTg_HG7BemxsG0E_652372_659052.wav,AbigailLynn_UCTEXSCRzi3FSLURz060GLTg_HG7BemxsG0E,652372,659052,6680
AbigailLynn_UCTEXSCRzi3FSLURz060GLTg_HG7BemxsG0E_659237_661157.wav,AbigailLynn_UCTEXSCRzi3FSLURz060GLTg_HG7BemxsG0E,659237,661157,1920
AbigailLynn_UCTEXSCRzi3FSLURz060GLTg_HG7BemxsG0E_661277_667759.wav,AbigailLynn_UCTEXSCRzi3FSLURz060GLTg_HG7BemxsG0E,661277,667759,6482
AbigailLynn_UCTEXSCRzi3FSLURz060GLTg_HG7BemxsG0E_667983_670419.wav,AbigailLynn_UCTEXSCRzi3FSLURz060GLTg_HG7BemxsG0E,667983,670419,2436
AbigailLynn_UCTEXSCRzi3FSLURz060GLTg_HG7BemxsG0E_670715_679747.wav,AbigailLynn_UCTEXSCRzi3FSLURz060GLTg_HG7BemxsG0E,670715,679747,9032
AbigailLynn_UCTEXSCRzi3FSLURz060GLTg_HG7BemxsG0E_679883_686059.wav,AbigailLynn_UCTEXSCRzi3FSLURz060GLTg_HG7BemxsG0E,679883,686059,6176
AbigailLynn_UCTEXSCRzi3FSLURz060GLTg_HG7BemxsG0E_686187_700963.wav,AbigailLynn_UCTEXSCRzi3FSLURz060GLTg_HG7BemxsG0E,686187,700963,14776
AbigailLynn_UCTEXSCRzi3FSLURz060GLTg_HG7BemxsG0E_701331_705671.wav,AbigailLynn_UCTEXSCRzi3FSLURz060GLTg_HG7BemxsG0E,701331,705671,4340
AbigailLynn_UCTEXSCRzi3FSLURz060GLTg_HG7BemxsG0E_705871_714867.wav,AbigailLynn_UCTEXSCRzi3FSLURz060GLTg_HG7BemxsG0E,705871,714867,8996
AbigailLynn_UCTEXSCRzi3FSLURz060GLTg_HG7BemxsG0E_715547_717483.wav,AbigailLynn_UCTEXSCRzi3FSLURz060GLTg_HG7BemxsG0E,715547,717483,1936
AbigailLynn_UCTEXSCRzi3FSLURz060GLTg_HG7BemxsG0E_717915_719171.wav,AbigailLynn_UCTEXSCRzi3FSLURz060GLTg_HG7BemxsG0E,717915,719171,1256
AbigailLynn_UCTEXSCRzi3FSLURz060GLTg_HG7BemxsG0E_719315_733875.wav,AbigailLynn_UCTEXSCRzi3FSLURz060GLTg_HG7BemxsG0E,719315,733875,14560
AbigailLynn_UCTEXSCRzi3FSLURz060GLTg_HG7BemxsG0E_734115_737171.wav,AbigailLynn_UCTEXSCRzi3FSLURz060GLTg_HG7BemxsG0E,734115,737171,3056
AbigailLynn_UCTEXSCRzi3FSLURz060GLTg_HG7BemxsG0E_737299_749471.wav,AbigailLynn_UCTEXSCRzi3FSLURz060GLTg_HG7BemxsG0E,737299,749471,12172
AbigailLynn_UCTEXSCRzi3FSLURz060GLTg_HG7BemxsG0E_749551_753363.wav,AbigailLynn_UCTEXSCRzi3FSLURz060GLTg_HG7BemxsG0E,749551,753363,3812
AbigailLynn_UCTEXSCRzi3FSLURz060GLTg_HG7BemxsG0E_753723_758763.wav,AbigailLynn_UCTEXSCRzi3FSLURz060GLTg_HG7BemxsG0E,753723,758763,5040
AbigailLynn_UCTEXSCRzi3FSLURz060GLTg_HG7BemxsG0E_758955_765083.wav,AbigailLynn_UCTEXSCRzi3FSLURz060GLTg_HG7BemxsG0E,758955,765083,6128
AbigailLynn_UCTEXSCRzi3FSLURz060GLTg_HG7BemxsG0E_765643_767699.wav,AbigailLynn_UCTEXSCRzi3FSLURz060GLTg_HG7BemxsG0E,765643,767699,2056
AbigailLynn_UCTEXSCRzi3FSLURz060GLTg_HG7BemxsG0E_767971_774445.wav,AbigailLynn_UCTEXSCRzi3FSLURz060GLTg_HG7BemxsG0E,767971,774445,6474
AbigailLynn_UCTEXSCRzi3FSLURz060GLTg_HG7BemxsG0E_774645_777287.wav,AbigailLynn_UCTEXSCRzi3FSLURz060GLTg_HG7BemxsG0E,774645,777287,2642
AbigailLynn_UCTEXSCRzi3FSLURz060GLTg_HG7BemxsG0E_777519_782639.wav,AbigailLynn_UCTEXSCRzi3FSLURz060GLTg_HG7BemxsG0E,777519,782639,5120
AbigailLynn_UCTEXSCRzi3FSLURz060GLTg_HG7BemxsG0E_782847_795327.wav,AbigailLynn_UCTEXSCRzi3FSLURz060GLTg_HG7BemxsG0E,782847,795327,12480
AbigailLynn_UCTEXSCRzi3FSLURz060GLTg_HG7BemxsG0E_795527_797659.wav,AbigailLynn_UCTEXSCRzi3FSLURz060GLTg_HG7BemxsG0E,795527,797659,2132
AbigailLynn_UCTEXSCRzi3FSLURz060GLTg_HG7BemxsG0E_797867_811221.wav,AbigailLynn_UCTEXSCRzi3FSLURz060GLTg_HG7BemxsG0E,797867,811221,13354
AbigailLynn_UCTEXSCRzi3FSLURz060GLTg_HG7BemxsG0E_811325_816519.wav,AbigailLynn_UCTEXSCRzi3FSLURz060GLTg_HG7BemxsG0E,811325,816519,5194
AbigailLynn_UCTEXSCRzi3FSLURz060GLTg_HG7BemxsG0E_816759_821987.wav,AbigailLynn_UCTEXSCRzi3FSLURz060GLTg_HG7BemxsG0E,816759,821987,5228
AbigailLynn_UCTEXSCRzi3FSLURz060GLTg_HG7BemxsG0E_822499_831819.wav,AbigailLynn_UCTEXSCRzi3FSLURz060GLTg_HG7BemxsG0E,822499,831819,9320
AbigailLynn_UCTEXSCRzi3FSLURz060GLTg_HG7BemxsG0E_831995_835251.wav,AbigailLynn_UCTEXSCRzi3FSLURz060GLTg_HG7BemxsG0E,831995,835251,3256
AbigailLynn_UCTEXSCRzi3FSLURz060GLTg_HG7BemxsG0E_835379_842611.wav,AbigailLynn_UCTEXSCRzi3FSLURz060GLTg_HG7BemxsG0E,835379,842611,7232
AbigailLynn_UCTEXSCRzi3FSLURz060GLTg_HG7BemxsG0E_843019_848483.wav,AbigailLynn_UCTEXSCRzi3FSLURz060GLTg_HG7BemxsG0E,843019,848483,5464
AbigailLynn_UCTEXSCRzi3FSLURz060GLTg_HG7BemxsG0E_848667_851883.wav,AbigailLynn_UCTEXSCRzi3FSLURz060GLTg_HG7BemxsG0E,848667,851883,3216
AbigailLynn_UCTEXSCRzi3FSLURz060GLTg_HG7BemxsG0E_852155_860099.wav,AbigailLynn_UCTEXSCRzi3FSLURz060GLTg_HG7BemxsG0E,852155,860099,7944
AbigailLynn_UCTEXSCRzi3FSLURz060GLTg_HG7BemxsG0E_860427_871307.wav,AbigailLynn_UCTEXSCRzi3FSLURz060GLTg_HG7BemxsG0E,860427,871307,10880
AbigailLynn_UCTEXSCRzi3FSLURz060GLTg_HG7BemxsG0E_871963_877299.wav,AbigailLynn_UCTEXSCRzi3FSLURz060GLTg_HG7BemxsG0E,871963,877299,5336
AbigailLynn_UCTEXSCRzi3FSLURz060GLTg_HG7BemxsG0E_877627_879667.wav,AbigailLynn_UCTEXSCRzi3FSLURz060GLTg_HG7BemxsG0E,877627,879667,2040
AbigailLynn_UCTEXSCRzi3FSLURz060GLTg_HG7BemxsG0E_880059_890803.wav,AbigailLynn_UCTEXSCRzi3FSLURz060GLTg_HG7BemxsG0E,880059,890803,10744
AbigailLynn_UCTEXSCRzi3FSLURz060GLTg_HG7BemxsG0E_890883_891299.wav,AbigailLynn_UCTEXSCRzi3FSLURz060GLTg_HG7BemxsG0E,890883,891299,416
AbigailLynn_UCTEXSCRzi3FSLURz060GLTg_HG7BemxsG0E_891395_895915.wav,AbigailLynn_UCTEXSCRzi3FSLURz060GLTg_HG7BemxsG0E,891395,895915,4520
AbigailLynn_UCTEXSCRzi3FSLURz060GLTg_HG7BemxsG0E_896227_896643.wav,AbigailLynn_UCTEXSCRzi3FSLURz060GLTg_HG7BemxsG0E,896227,896643,416
AbigailLynn_UCTEXSCRzi3FSLURz060GLTg_HG7BemxsG0E_896811_908891.wav,AbigailLynn_UCTEXSCRzi3FSLURz060GLTg_HG7BemxsG0E,896811,908891,12080
AbigailLynn_UCTEXSCRzi3FSLURz060GLTg_HG7BemxsG0E_909003_916067.wav,AbigailLynn_UCTEXSCRzi3FSLURz060GLTg_HG7BemxsG0E,909003,916067,7064
AbigailLynn_UCTEXSCRzi3FSLURz060GLTg_HG7BemxsG0E_916171_919651.wav,AbigailLynn_UCTEXSCRzi3FSLURz060GLTg_HG7BemxsG0E,916171,919651,3480
AbigailLynn_UCTEXSCRzi3FSLURz060GLTg_HG7BemxsG0E_920427_930251.wav,AbigailLynn_UCTEXSCRzi3FSLURz060GLTg_HG7BemxsG0E,920427,930251,9824
AbigailLynn_UCTEXSCRzi3FSLURz060GLTg_HG7BemxsG0E_930483_938203.wav,AbigailLynn_UCTEXSCRzi3FSLURz060GLTg_HG7BemxsG0E,930483,938203,7720
AbigailLynn_UCTEXSCRzi3FSLURz060GLTg_HG7BemxsG0E_938475_939103.wav,AbigailLynn_UCTEXSCRzi3FSLURz060GLTg_HG7BemxsG0E,938475,939103,628
AbigailLynn_UCTEXSCRzi3FSLURz060GLTg_HG7BemxsG0E_939279_946721.wav,AbigailLynn_UCTEXSCRzi3FSLURz060GLTg_HG7BemxsG0E,939279,946721,7442
AbigailLynn_UCTEXSCRzi3FSLURz060GLTg_HG7BemxsG0E_946937_955467.wav,AbigailLynn_UCTEXSCRzi3FSLURz060GLTg_HG7BemxsG0E,946937,955467,8530
AbigailLynn_UCTEXSCRzi3FSLURz060GLTg_HG7BemxsG0E_956075_956459.wav,AbigailLynn_UCTEXSCRzi3FSLURz060GLTg_HG7BemxsG0E,956075,956459,384
AbigailLynn_UCTEXSCRzi3FSLURz060GLTg_HG7BemxsG0E_956771_964339.wav,AbigailLynn_UCTEXSCRzi3FSLURz060GLTg_HG7BemxsG0E,956771,964339,7568
AbigailLynn_UCTEXSCRzi3FSLURz060GLTg_HG7BemxsG0E_964723_968187.wav,AbigailLynn_UCTEXSCRzi3FSLURz060GLTg_HG7BemxsG0E,964723,968187,3464
AbigailLynn_UCTEXSCRzi3FSLURz060GLTg_HG7BemxsG0E_968387_980364.wav,AbigailLynn_UCTEXSCRzi3FSLURz060GLTg_HG7BemxsG0E,968387,980364,11977
AbigailLynn_UCTEXSCRzi3FSLURz060GLTg_HG7BemxsG0E_980556_984317.wav,AbigailLynn_UCTEXSCRzi3FSLURz060GLTg_HG7BemxsG0E,980556,984317,3761
AbigailLynn_UCTEXSCRzi3FSLURz060GLTg_HG7BemxsG0E_984453_987199.wav,AbigailLynn_UCTEXSCRzi3FSLURz060GLTg_HG7BemxsG0E,984453,987199,2746
AbigailLynn_UCTEXSCRzi3FSLURz060GLTg_HG7BemxsG0E_987327_995113.wav,AbigailLynn_UCTEXSCRzi3FSLURz060GLTg_HG7BemxsG0E,987327,995113,7786
AbigailLynn_UCTEXSCRzi3FSLURz060GLTg_HG7BemxsG0E_995217_1000489.wav,AbigailLynn_UCTEXSCRzi3FSLURz060GLTg_HG7BemxsG0E,995217,1000489,5272
AbigailLynn_UCTEXSCRzi3FSLURz060GLTg_HG7BemxsG0E_1000593_1006051.wav,AbigailLynn_UCTEXSCRzi3FSLURz060GLTg_HG7BemxsG0E,1000593,1006051,5458
AbigailLynn_UCTEXSCRzi3FSLURz060GLTg_HG7BemxsG0E_1006179_1019907.wav,AbigailLynn_UCTEXSCRzi3FSLURz060GLTg_HG7BemxsG0E,1006179,1019907,13728
AbigailLynn_UCTEXSCRzi3FSLURz060GLTg_HG7BemxsG0E_1020115_1028299.wav,AbigailLynn_UCTEXSCRzi3FSLURz060GLTg_HG7BemxsG0E,1020115,1028299,8184
AbigailLynn_UCTEXSCRzi3FSLURz060GLTg_HG7BemxsG0E_1028475_1040711.wav,AbigailLynn_UCTEXSCRzi3FSLURz060GLTg_HG7BemxsG0E,1028475,1040711,12236
AbigailLynn_UCTEXSCRzi3FSLURz060GLTg_HG7BemxsG0E_1040975_1050907.wav,AbigailLynn_UCTEXSCRzi3FSLURz060GLTg_HG7BemxsG0E,1040975,1050907,9932
AbigailLynn_UCTEXSCRzi3FSLURz060GLTg_HG7BemxsG0E_1051027_1054123.wav,AbigailLynn_UCTEXSCRzi3FSLURz060GLTg_HG7BemxsG0E,1051027,1054123,3096
AbigailLynn_UCTEXSCRzi3FSLURz060GLTg_HG7BemxsG0E_1054243_1057291.wav,AbigailLynn_UCTEXSCRzi3FSLURz060GLTg_HG7BemxsG0E,1054243,1057291,3048
AbigailLynn_UCTEXSCRzi3FSLURz060GLTg_HG7BemxsG0E_1057563_1060355.wav,AbigailLynn_UCTEXSCRzi3FSLURz060GLTg_HG7BemxsG0E,1057563,1060355,2792
AbigailLynn_UCTEXSCRzi3FSLURz060GLTg_HG7BemxsG0E_1060915_1068315.wav,AbigailLynn_UCTEXSCRzi3FSLURz060GLTg_HG7BemxsG0E,1060915,1068315,7400
AbigailLynn_UCTEXSCRzi3FSLURz060GLTg_HG7BemxsG0E_1068443_1070715.wav,AbigailLynn_UCTEXSCRzi3FSLURz060GLTg_HG7BemxsG0E,1068443,1070715,2272
AbigailLynn_UCTEXSCRzi3FSLURz060GLTg_HG7BemxsG0E_1070843_1077103.wav,AbigailLynn_UCTEXSCRzi3FSLURz060GLTg_HG7BemxsG0E,1070843,1077103,6260
AbigailLynn_UCTEXSCRzi3FSLURz060GLTg_HG7BemxsG0E_1077215_1078033.wav,AbigailLynn_UCTEXSCRzi3FSLURz060GLTg_HG7BemxsG0E,1077215,1078033,818
AbigailLynn_UCTEXSCRzi3FSLURz060GLTg_HG7BemxsG0E_1078113_1080681.wav,AbigailLynn_UCTEXSCRzi3FSLURz060GLTg_HG7BemxsG0E,1078113,1080681,2568
AbigailLynn_UCTEXSCRzi3FSLURz060GLTg_HG7BemxsG0E_1080761_1087097.wav,AbigailLynn_UCTEXSCRzi3FSLURz060GLTg_HG7BemxsG0E,1080761,1087097,6336
AbigailLynn_UCTEXSCRzi3FSLURz060GLTg_HG7BemxsG0E_1087193_1096041.wav,AbigailLynn_UCTEXSCRzi3FSLURz060GLTg_HG7BemxsG0E,1087193,1096041,8848
AbigailLynn_UCTEXSCRzi3FSLURz060GLTg_HG7BemxsG0E_1096137_1096675.wav,AbigailLynn_UCTEXSCRzi3FSLURz060GLTg_HG7BemxsG0E,1096137,1096675,538
AbigailLynn_UCTEXSCRzi3FSLURz060GLTg_HG7BemxsG0E_1097107_1100348.wav,AbigailLynn_UCTEXSCRzi3FSLURz060GLTg_HG7BemxsG0E,1097107,1100348,3241
AbigailLynn_UCTEXSCRzi3FSLURz060GLTg_HG7BemxsG0E_1100508_1108053.wav,AbigailLynn_UCTEXSCRzi3FSLURz060GLTg_HG7BemxsG0E,1100508,1108053,7545
AbigailLynn_UCTEXSCRzi3FSLURz060GLTg_HG7BemxsG0E_1108245_1113302.wav,AbigailLynn_UCTEXSCRzi3FSLURz060GLTg_HG7BemxsG0E,1108245,1113302,5057
AbigailLynn_UCTEXSCRzi3FSLURz060GLTg_HG7BemxsG0E_1113446_1121039.wav,AbigailLynn_UCTEXSCRzi3FSLURz060GLTg_HG7BemxsG0E,1113446,1121039,7593
AbigailLynn_UCTEXSCRzi3FSLURz060GLTg_HG7BemxsG0E_1121271_1122203.wav,AbigailLynn_UCTEXSCRzi3FSLURz060GLTg_HG7BemxsG0E,1121271,1122203,932
AbigailLynn_UCTEXSCRzi3FSLURz060GLTg_HG7BemxsG0E_1122339_1132503.wav,AbigailLynn_UCTEXSCRzi3FSLURz060GLTg_HG7BemxsG0E,1122339,1132503,10164
AbigailLynn_UCTEXSCRzi3FSLURz060GLTg_HG7BemxsG0E_1132663_1134731.wav,AbigailLynn_UCTEXSCRzi3FSLURz060GLTg_HG7BemxsG0E,1132663,1134731,2068
AbigailLynn_UCTEXSCRzi3FSLURz060GLTg_HG7BemxsG0E_1134867_1138061.wav,AbigailLynn_UCTEXSCRzi3FSLURz060GLTg_HG7BemxsG0E,1134867,1138061,3194
AbigailLynn_UCTEXSCRzi3FSLURz060GLTg_HG7BemxsG0E_1138141_1150415.wav,AbigailLynn_UCTEXSCRzi3FSLURz060GLTg_HG7BemxsG0E,1138141,1150415,12274
AbigailLynn_UCTEXSCRzi3FSLURz060GLTg_HG7BemxsG0E_1150823_1154775.wav,AbigailLynn_UCTEXSCRzi3FSLURz060GLTg_HG7BemxsG0E,1150823,1154775,3952
AbigailLynn_UCTEXSCRzi3FSLURz060GLTg_HG7BemxsG0E_1154999_1156169.wav,AbigailLynn_UCTEXSCRzi3FSLURz060GLTg_HG7BemxsG0E,1154999,1156169,1170
AbigailLynn_UCTEXSCRzi3FSLURz060GLTg_HG7BemxsG0E_1156377_1166219.wav,AbigailLynn_UCTEXSCRzi3FSLURz060GLTg_HG7BemxsG0E,1156377,1166219,9842
AbigailLynn_UCTEXSCRzi3FSLURz060GLTg_HG7BemxsG0E_1166963_1169503.wav,AbigailLynn_UCTEXSCRzi3FSLURz060GLTg_HG7BemxsG0E,1166963,1169503,2540
AbigailLynn_UCTEXSCRzi3FSLURz060GLTg_HG7BemxsG0E_1169655_1177111.wav,AbigailLynn_UCTEXSCRzi3FSLURz060GLTg_HG7BemxsG0E,1169655,1177111,7456
AbigailLynn_UCTEXSCRzi3FSLURz060GLTg_HG7BemxsG0E_1177311_1181899.wav,AbigailLynn_UCTEXSCRzi3FSLURz060GLTg_HG7BemxsG0E,1177311,1181899,4588
AbigailLynn_UCTEXSCRzi3FSLURz060GLTg_HG7BemxsG0E_1181979_1186179.wav,AbigailLynn_UCTEXSCRzi3FSLURz060GLTg_HG7BemxsG0E,1181979,1186179,4200
AbigailLynn_UCTEXSCRzi3FSLURz060GLTg_HG7BemxsG0E_1186259_1198743.wav,AbigailLynn_UCTEXSCRzi3FSLURz060GLTg_HG7BemxsG0E,1186259,1198743,12484
AbigailLynn_UCTEXSCRzi3FSLURz060GLTg_HG7BemxsG0E_1198895_1207835.wav,AbigailLynn_UCTEXSCRzi3FSLURz060GLTg_HG7BemxsG0E,1198895,1207835,8940
AbigailLynn_UCTEXSCRzi3FSLURz060GLTg_HG7BemxsG0E_1208275_1215813.wav,AbigailLynn_UCTEXSCRzi3FSLURz060GLTg_HG7BemxsG0E,1208275,1215813,7538
AbigailLynn_UCTEXSCRzi3FSLURz060GLTg_HG7BemxsG0E_1215949_1218141.wav,AbigailLynn_UCTEXSCRzi3FSLURz060GLTg_HG7BemxsG0E,1215949,1218141,2192
AbigailLynn_UCTEXSCRzi3FSLURz060GLTg_HG7BemxsG0E_1218277_1218911.wav,AbigailLynn_UCTEXSCRzi3FSLURz060GLTg_HG7BemxsG0E,1218277,1218911,634
AbigailLynn_UCTEXSCRzi3FSLURz060GLTg_HG7BemxsG0E_1219087_1219679.wav,AbigailLynn_UCTEXSCRzi3FSLURz060GLTg_HG7BemxsG0E,1219087,1219679,592
AbigailLynn_UCTEXSCRzi3FSLURz060GLTg_HG7BemxsG0E_1219863_1232456.wav,AbigailLynn_UCTEXSCRzi3FSLURz060GLTg_HG7BemxsG0E,1219863,1232456,12593
AbigailLynn_UCTEXSCRzi3FSLURz060GLTg_HG7BemxsG0E_1232544_1237928.wav,AbigailLynn_UCTEXSCRzi3FSLURz060GLTg_HG7BemxsG0E,1232544,1237928,5384
AbigailLynn_UCTEXSCRzi3FSLURz060GLTg_HG7BemxsG0E_1238056_1241953.wav,AbigailLynn_UCTEXSCRzi3FSLURz060GLTg_HG7BemxsG0E,1238056,1241953,3897
AbigailLynn_UCTEXSCRzi3FSLURz060GLTg_HG7BemxsG0E_1242113_1243747.wav,AbigailLynn_UCTEXSCRzi3FSLURz060GLTg_HG7BemxsG0E,1242113,1243747,1634
AbigailLynn_UCTEXSCRzi3FSLURz060GLTg_HG7BemxsG0E_1243947_1244563.wav,AbigailLynn_UCTEXSCRzi3FSLURz060GLTg_HG7BemxsG0E,1243947,1244563,616
AbigailLynn_UCTEXSCRzi3FSLURz060GLTg_HG7BemxsG0E_1244643_1248723.wav,AbigailLynn_UCTEXSCRzi3FSLURz060GLTg_HG7BemxsG0E,1244643,1248723,4080
AbigailLynn_UCTEXSCRzi3FSLURz060GLTg_HG7BemxsG0E_1248811_1257375.wav,AbigailLynn_UCTEXSCRzi3FSLURz060GLTg_HG7BemxsG0E,1248811,1257375,8564
AbigailLynn_UCTEXSCRzi3FSLURz060GLTg_HG7BemxsG0E_1257455_1266051.wav,AbigailLynn_UCTEXSCRzi3FSLURz060GLTg_HG7BemxsG0E,1257455,1266051,8596
AbigailLynn_UCTEXSCRzi3FSLURz060GLTg_HG7BemxsG0E_1266131_1270795.wav,AbigailLynn_UCTEXSCRzi3FSLURz060GLTg_HG7BemxsG0E,1266131,1270795,4664
AbigailLynn_UCTEXSCRzi3FSLURz060GLTg_HG7BemxsG0E_1270923_1271635.wav,AbigailLynn_UCTEXSCRzi3FSLURz060GLTg_HG7BemxsG0E,1270923,1271635,712
AbigailLynn_UCTEXSCRzi3FSLURz060GLTg_HG7BemxsG0E_1271867_1277715.wav,AbigailLynn_UCTEXSCRzi3FSLURz060GLTg_HG7BemxsG0E,1271867,1277715,5848
AbigailLynn_UCTEXSCRzi3FSLURz060GLTg_HG7BemxsG0E_1278091_1281815.wav,AbigailLynn_UCTEXSCRzi3FSLURz060GLTg_HG7BemxsG0E,1278091,1281815,3724
AbigailLynn_UCTEXSCRzi3FSLURz060GLTg_HG7BemxsG0E_1281975_1294560.wav,AbigailLynn_UCTEXSCRzi3FSLURz060GLTg_HG7BemxsG0E,1281975,1294560,12585
AbigailLynn_UCTEXSCRzi3FSLURz060GLTg_HG7BemxsG0E_1294672_1297408.wav,AbigailLynn_UCTEXSCRzi3FSLURz060GLTg_HG7BemxsG0E,1294672,1297408,2736
AbigailLynn_UCTEXSCRzi3FSLURz060GLTg_HG7BemxsG0E_1297528_1298697.wav,AbigailLynn_UCTEXSCRzi3FSLURz060GLTg_HG7BemxsG0E,1297528,1298697,1169
AbigailLynn_UCTEXSCRzi3FSLURz060GLTg_HG7BemxsG0E_1298825_1309579.wav,AbigailLynn_UCTEXSCRzi3FSLURz060GLTg_HG7BemxsG0E,1298825,1309579,10754
AbigailLynn_UCTEXSCRzi3FSLURz060GLTg_HG7BemxsG0E_1310115_1312315.wav,AbigailLynn_UCTEXSCRzi3FSLURz060GLTg_HG7BemxsG0E,1310115,1312315,2200
AbigailLynn_UCTEXSCRzi3FSLURz060GLTg_HG7BemxsG0E_1312563_1320523.wav,AbigailLynn_UCTEXSCRzi3FSLURz060GLTg_HG7BemxsG0E,1312563,1320523,7960
AbigailLynn_UCTEXSCRzi3FSLURz060GLTg_HG7BemxsG0E_1320659_1322983.wav,AbigailLynn_UCTEXSCRzi3FSLURz060GLTg_HG7BemxsG0E,1320659,1322983,2324
AbigailLynn_UCTEXSCRzi3FSLURz060GLTg_HG7BemxsG0E_1323119_1329751.wav,AbigailLynn_UCTEXSCRzi3FSLURz060GLTg_HG7BemxsG0E,1323119,1329751,6632
AbigailLynn_UCTEXSCRzi3FSLURz060GLTg_HG7BemxsG0E_1329863_1338735.wav,AbigailLynn_UCTEXSCRzi3FSLURz060GLTg_HG7BemxsG0E,1329863,1338735,8872
AbigailLynn_UCTEXSCRzi3FSLURz060GLTg_HG7BemxsG0E_1338839_1341367.wav,AbigailLynn_UCTEXSCRzi3FSLURz060GLTg_HG7BemxsG0E,1338839,1341367,2528
AbigailLynn_UCTEXSCRzi3FSLURz060GLTg_HG7BemxsG0E_1341503_1342323.wav,AbigailLynn_UCTEXSCRzi3FSLURz060GLTg_HG7BemxsG0E,1341503,1342323,820
AbigailLynn_UCTEXSCRzi3FSLURz060GLTg_HG7BemxsG0E_1342963_1350859.wav,AbigailLynn_UCTEXSCRzi3FSLURz060GLTg_HG7BemxsG0E,1342963,1350859,7896
AbigailLynn_UCTEXSCRzi3FSLURz060GLTg_HG7BemxsG0E_1351051_1352779.wav,AbigailLynn_UCTEXSCRzi3FSLURz060GLTg_HG7BemxsG0E,1351051,1352779,1728
AbigailLynn_UCTEXSCRzi3FSLURz060GLTg_HG7BemxsG0E_1352987_1354843.wav,AbigailLynn_UCTEXSCRzi3FSLURz060GLTg_HG7BemxsG0E,1352987,1354843,1856
AbigailLynn_UCTEXSCRzi3FSLURz060GLTg_HG7BemxsG0E_1355179_1355619.wav,AbigailLynn_UCTEXSCRzi3FSLURz060GLTg_HG7BemxsG0E,1355179,1355619,440
AbigailLynn_UCTEXSCRzi3FSLURz060GLTg_HG7BemxsG0E_1355747_1360699.wav,AbigailLynn_UCTEXSCRzi3FSLURz060GLTg_HG7BemxsG0E,1355747,1360699,4952
AbigailLynn_UCTEXSCRzi3FSLURz060GLTg_HG7BemxsG0E_1360835_1367147.wav,AbigailLynn_UCTEXSCRzi3FSLURz060GLTg_HG7BemxsG0E,1360835,1367147,6312
AbigailLynn_UCTEXSCRzi3FSLURz060GLTg_HG7BemxsG0E_1367275_1368787.wav,AbigailLynn_UCTEXSCRzi3FSLURz060GLTg_HG7BemxsG0E,1367275,1368787,1512
AbigailLynn_UCTEXSCRzi3FSLURz060GLTg_HG7BemxsG0E_1369499_1382947.wav,AbigailLynn_UCTEXSCRzi3FSLURz060GLTg_HG7BemxsG0E,1369499,1382947,13448
AbigailLynn_UCTEXSCRzi3FSLURz060GLTg_HG7BemxsG0E_1383091_1391123.wav,AbigailLynn_UCTEXSCRzi3FSLURz060GLTg_HG7BemxsG0E,1383091,1391123,8032
AbigailLynn_UCTEXSCRzi3FSLURz060GLTg_HG7BemxsG0E_1391235_1406243.wav,AbigailLynn_UCTEXSCRzi3FSLURz060GLTg_HG7BemxsG0E,1391235,1406243,15008
AbigailLynn_UCTEXSCRzi3FSLURz060GLTg_HG7BemxsG0E_1406387_1412923.wav,AbigailLynn_UCTEXSCRzi3FSLURz060GLTg_HG7BemxsG0E,1406387,1412923,6536
AbigailLynn_UCTEXSCRzi3FSLURz060GLTg_HG7BemxsG0E_1413195_1427371.wav,AbigailLynn_UCTEXSCRzi3FSLURz060GLTg_HG7BemxsG0E,1413195,1427371,14176
AbigailLynn_UCTEXSCRzi3FSLURz060GLTg_HG7BemxsG0E_1427667_1428131.wav,AbigailLynn_UCTEXSCRzi3FSLURz060GLTg_HG7BemxsG0E,1427667,1428131,464
AbigailLynn_UCTEXSCRzi3FSLURz060GLTg_HG7BemxsG0E_1428395_1438407.wav,AbigailLynn_UCTEXSCRzi3FSLURz060GLTg_HG7BemxsG0E,1428395,1438407,10012
AbigailLynn_UCTEXSCRzi3FSLURz060GLTg_HG7BemxsG0E_1438615_1438779.wav,AbigailLynn_UCTEXSCRzi3FSLURz060GLTg_HG7BemxsG0E,1438615,1438779,164
