filename,video_id,start_time,end_time,duration
JayelynJanine_UC860cozg2pvSAbJsWsg4sQ_cdar6iWzqNw_0_256.wav,JayelynJanine_UC860cozg2pvSAbJsWsg4sQ_cdar6iWzqNw,0,256,256
JayelynJanine_UC860cozg2pvSAbJsWsg4sQ_cdar6iWzqNw_256_5308.wav,JayelynJanine_UC860cozg2pvSAbJsWsg4sQ_cdar6iWzqNw,256,5308,5052
JayelynJanine_UC860cozg2pvSAbJsWsg4sQ_cdar6iWzqNw_5524_8808.wav,JayelynJanine_UC860cozg2pvSAbJsWsg4sQ_cdar6iWzqNw,5524,8808,3284
JayelynJanine_UC860cozg2pvSAbJsWsg4sQ_cdar6iWzqNw_9088_19200.wav,JayelynJanine_UC860cozg2pvSAbJsWsg4sQ_cdar6iWzqNw,9088,19200,10112
JayelynJanine_UC860cozg2pvSAbJsWsg4sQ_cdar6iWzqNw_19368_20176.wav,JayelynJanine_UC860cozg2pvSAbJsWsg4sQ_cdar6iWzqNw,19368,20176,808
JayelynJanine_UC860cozg2pvSAbJsWsg4sQ_cdar6iWzqNw_20584_30104.wav,JayelynJanine_UC860cozg2pvSAbJsWsg4sQ_cdar6iWzqNw,20584,30104,9520
JayelynJanine_UC860cozg2pvSAbJsWsg4sQ_cdar6iWzqNw_30464_35128.wav,JayelynJanine_UC860cozg2pvSAbJsWsg4sQ_cdar6iWzqNw,30464,35128,4664
JayelynJanine_UC860cozg2pvSAbJsWsg4sQ_cdar6iWzqNw_36680_40136.wav,JayelynJanine_UC860cozg2pvSAbJsWsg4sQ_cdar6iWzqNw,36680,40136,3456
JayelynJanine_UC860cozg2pvSAbJsWsg4sQ_cdar6iWzqNw_40520_45104.wav,JayelynJanine_UC860cozg2pvSAbJsWsg4sQ_cdar6iWzqNw,40520,45104,4584
JayelynJanine_UC860cozg2pvSAbJsWsg4sQ_cdar6iWzqNw_45368_45640.wav,JayelynJanine_UC860cozg2pvSAbJsWsg4sQ_cdar6iWzqNw,45368,45640,272
JayelynJanine_UC860cozg2pvSAbJsWsg4sQ_cdar6iWzqNw_45640_55544.wav,JayelynJanine_UC860cozg2pvSAbJsWsg4sQ_cdar6iWzqNw,45640,55544,9904
JayelynJanine_UC860cozg2pvSAbJsWsg4sQ_cdar6iWzqNw_55848_59768.wav,JayelynJanine_UC860cozg2pvSAbJsWsg4sQ_cdar6iWzqNw,55848,59768,3920
JayelynJanine_UC860cozg2pvSAbJsWsg4sQ_cdar6iWzqNw_60480_61040.wav,JayelynJanine_UC860cozg2pvSAbJsWsg4sQ_cdar6iWzqNw,60480,61040,560
JayelynJanine_UC860cozg2pvSAbJsWsg4sQ_cdar6iWzqNw_61296_71752.wav,JayelynJanine_UC860cozg2pvSAbJsWsg4sQ_cdar6iWzqNw,61296,71752,10456
JayelynJanine_UC860cozg2pvSAbJsWsg4sQ_cdar6iWzqNw_72056_78928.wav,JayelynJanine_UC860cozg2pvSAbJsWsg4sQ_cdar6iWzqNw,72056,78928,6872
JayelynJanine_UC860cozg2pvSAbJsWsg4sQ_cdar6iWzqNw_79080_86040.wav,JayelynJanine_UC860cozg2pvSAbJsWsg4sQ_cdar6iWzqNw,79080,86040,6960
JayelynJanine_UC860cozg2pvSAbJsWsg4sQ_cdar6iWzqNw_86320_89892.wav,JayelynJanine_UC860cozg2pvSAbJsWsg4sQ_cdar6iWzqNw,86320,89892,3572
JayelynJanine_UC860cozg2pvSAbJsWsg4sQ_cdar6iWzqNw_90188_97236.wav,JayelynJanine_UC860cozg2pvSAbJsWsg4sQ_cdar6iWzqNw,90188,97236,7048
JayelynJanine_UC860cozg2pvSAbJsWsg4sQ_cdar6iWzqNw_97740_104878.wav,JayelynJanine_UC860cozg2pvSAbJsWsg4sQ_cdar6iWzqNw,97740,104878,7138
JayelynJanine_UC860cozg2pvSAbJsWsg4sQ_cdar6iWzqNw_104982_113982.wav,JayelynJanine_UC860cozg2pvSAbJsWsg4sQ_cdar6iWzqNw,104982,113982,9000
JayelynJanine_UC860cozg2pvSAbJsWsg4sQ_cdar6iWzqNw_114752_114889.wav,JayelynJanine_UC860cozg2pvSAbJsWsg4sQ_cdar6iWzqNw,114752,114889,137
JayelynJanine_UC860cozg2pvSAbJsWsg4sQ_cdar6iWzqNw_114889_118745.wav,JayelynJanine_UC860cozg2pvSAbJsWsg4sQ_cdar6iWzqNw,114889,118745,3856
JayelynJanine_UC860cozg2pvSAbJsWsg4sQ_cdar6iWzqNw_118873_120513.wav,JayelynJanine_UC860cozg2pvSAbJsWsg4sQ_cdar6iWzqNw,118873,120513,1640
JayelynJanine_UC860cozg2pvSAbJsWsg4sQ_cdar6iWzqNw_120617_124153.wav,JayelynJanine_UC860cozg2pvSAbJsWsg4sQ_cdar6iWzqNw,120617,124153,3536
JayelynJanine_UC860cozg2pvSAbJsWsg4sQ_cdar6iWzqNw_124265_137490.wav,JayelynJanine_UC860cozg2pvSAbJsWsg4sQ_cdar6iWzqNw,124265,137490,13225
JayelynJanine_UC860cozg2pvSAbJsWsg4sQ_cdar6iWzqNw_137746_143171.wav,JayelynJanine_UC860cozg2pvSAbJsWsg4sQ_cdar6iWzqNw,137746,143171,5425
JayelynJanine_UC860cozg2pvSAbJsWsg4sQ_cdar6iWzqNw_143331_145011.wav,JayelynJanine_UC860cozg2pvSAbJsWsg4sQ_cdar6iWzqNw,143331,145011,1680
JayelynJanine_UC860cozg2pvSAbJsWsg4sQ_cdar6iWzqNw_145171_147724.wav,JayelynJanine_UC860cozg2pvSAbJsWsg4sQ_cdar6iWzqNw,145171,147724,2553
JayelynJanine_UC860cozg2pvSAbJsWsg4sQ_cdar6iWzqNw_148020_148277.wav,JayelynJanine_UC860cozg2pvSAbJsWsg4sQ_cdar6iWzqNw,148020,148277,257
JayelynJanine_UC860cozg2pvSAbJsWsg4sQ_cdar6iWzqNw_148277_149493.wav,JayelynJanine_UC860cozg2pvSAbJsWsg4sQ_cdar6iWzqNw,148277,149493,1216
JayelynJanine_UC860cozg2pvSAbJsWsg4sQ_cdar6iWzqNw_149797_155725.wav,JayelynJanine_UC860cozg2pvSAbJsWsg4sQ_cdar6iWzqNw,149797,155725,5928
JayelynJanine_UC860cozg2pvSAbJsWsg4sQ_cdar6iWzqNw_155925_159006.wav,JayelynJanine_UC860cozg2pvSAbJsWsg4sQ_cdar6iWzqNw,155925,159006,3081
JayelynJanine_UC860cozg2pvSAbJsWsg4sQ_cdar6iWzqNw_159214_165246.wav,JayelynJanine_UC860cozg2pvSAbJsWsg4sQ_cdar6iWzqNw,159214,165246,6032
JayelynJanine_UC860cozg2pvSAbJsWsg4sQ_cdar6iWzqNw_166272_175312.wav,JayelynJanine_UC860cozg2pvSAbJsWsg4sQ_cdar6iWzqNw,166272,175312,9040
JayelynJanine_UC860cozg2pvSAbJsWsg4sQ_cdar6iWzqNw_177176_177456.wav,JayelynJanine_UC860cozg2pvSAbJsWsg4sQ_cdar6iWzqNw,177176,177456,280
JayelynJanine_UC860cozg2pvSAbJsWsg4sQ_cdar6iWzqNw_177456_185576.wav,JayelynJanine_UC860cozg2pvSAbJsWsg4sQ_cdar6iWzqNw,177456,185576,8120
JayelynJanine_UC860cozg2pvSAbJsWsg4sQ_cdar6iWzqNw_185744_190576.wav,JayelynJanine_UC860cozg2pvSAbJsWsg4sQ_cdar6iWzqNw,185744,190576,4832
JayelynJanine_UC860cozg2pvSAbJsWsg4sQ_cdar6iWzqNw_191248_197216.wav,JayelynJanine_UC860cozg2pvSAbJsWsg4sQ_cdar6iWzqNw,191248,197216,5968
JayelynJanine_UC860cozg2pvSAbJsWsg4sQ_cdar6iWzqNw_197544_200588.wav,JayelynJanine_UC860cozg2pvSAbJsWsg4sQ_cdar6iWzqNw,197544,200588,3044
JayelynJanine_UC860cozg2pvSAbJsWsg4sQ_cdar6iWzqNw_200748_215616.wav,JayelynJanine_UC860cozg2pvSAbJsWsg4sQ_cdar6iWzqNw,200748,215616,14868
JayelynJanine_UC860cozg2pvSAbJsWsg4sQ_cdar6iWzqNw_215864_224240.wav,JayelynJanine_UC860cozg2pvSAbJsWsg4sQ_cdar6iWzqNw,215864,224240,8376
JayelynJanine_UC860cozg2pvSAbJsWsg4sQ_cdar6iWzqNw_224392_226250.wav,JayelynJanine_UC860cozg2pvSAbJsWsg4sQ_cdar6iWzqNw,224392,226250,1858
JayelynJanine_UC860cozg2pvSAbJsWsg4sQ_cdar6iWzqNw_226378_235084.wav,JayelynJanine_UC860cozg2pvSAbJsWsg4sQ_cdar6iWzqNw,226378,235084,8706
JayelynJanine_UC860cozg2pvSAbJsWsg4sQ_cdar6iWzqNw_235424_246320.wav,JayelynJanine_UC860cozg2pvSAbJsWsg4sQ_cdar6iWzqNw,235424,246320,10896
JayelynJanine_UC860cozg2pvSAbJsWsg4sQ_cdar6iWzqNw_246824_254824.wav,JayelynJanine_UC860cozg2pvSAbJsWsg4sQ_cdar6iWzqNw,246824,254824,8000
JayelynJanine_UC860cozg2pvSAbJsWsg4sQ_cdar6iWzqNw_255264_255496.wav,JayelynJanine_UC860cozg2pvSAbJsWsg4sQ_cdar6iWzqNw,255264,255496,232
JayelynJanine_UC860cozg2pvSAbJsWsg4sQ_cdar6iWzqNw_255752_255888.wav,JayelynJanine_UC860cozg2pvSAbJsWsg4sQ_cdar6iWzqNw,255752,255888,136
JayelynJanine_UC860cozg2pvSAbJsWsg4sQ_cdar6iWzqNw_256224_261700.wav,JayelynJanine_UC860cozg2pvSAbJsWsg4sQ_cdar6iWzqNw,256224,261700,5476
JayelynJanine_UC860cozg2pvSAbJsWsg4sQ_cdar6iWzqNw_261860_275168.wav,JayelynJanine_UC860cozg2pvSAbJsWsg4sQ_cdar6iWzqNw,261860,275168,13308
JayelynJanine_UC860cozg2pvSAbJsWsg4sQ_cdar6iWzqNw_275616_275912.wav,JayelynJanine_UC860cozg2pvSAbJsWsg4sQ_cdar6iWzqNw,275616,275912,296
JayelynJanine_UC860cozg2pvSAbJsWsg4sQ_cdar6iWzqNw_276264_276488.wav,JayelynJanine_UC860cozg2pvSAbJsWsg4sQ_cdar6iWzqNw,276264,276488,224
JayelynJanine_UC860cozg2pvSAbJsWsg4sQ_cdar6iWzqNw_276832_277544.wav,JayelynJanine_UC860cozg2pvSAbJsWsg4sQ_cdar6iWzqNw,276832,277544,712
JayelynJanine_UC860cozg2pvSAbJsWsg4sQ_cdar6iWzqNw_278392_279514.wav,JayelynJanine_UC860cozg2pvSAbJsWsg4sQ_cdar6iWzqNw,278392,279514,1122
JayelynJanine_UC860cozg2pvSAbJsWsg4sQ_cdar6iWzqNw_279834_286346.wav,JayelynJanine_UC860cozg2pvSAbJsWsg4sQ_cdar6iWzqNw,279834,286346,6512
JayelynJanine_UC860cozg2pvSAbJsWsg4sQ_cdar6iWzqNw_286618_291147.wav,JayelynJanine_UC860cozg2pvSAbJsWsg4sQ_cdar6iWzqNw,286618,291147,4529
JayelynJanine_UC860cozg2pvSAbJsWsg4sQ_cdar6iWzqNw_291419_297971.wav,JayelynJanine_UC860cozg2pvSAbJsWsg4sQ_cdar6iWzqNw,291419,297971,6552
JayelynJanine_UC860cozg2pvSAbJsWsg4sQ_cdar6iWzqNw_298435_302891.wav,JayelynJanine_UC860cozg2pvSAbJsWsg4sQ_cdar6iWzqNw,298435,302891,4456
JayelynJanine_UC860cozg2pvSAbJsWsg4sQ_cdar6iWzqNw_303468_305748.wav,JayelynJanine_UC860cozg2pvSAbJsWsg4sQ_cdar6iWzqNw,303468,305748,2280
JayelynJanine_UC860cozg2pvSAbJsWsg4sQ_cdar6iWzqNw_306052_306504.wav,JayelynJanine_UC860cozg2pvSAbJsWsg4sQ_cdar6iWzqNw,306052,306504,452
JayelynJanine_UC860cozg2pvSAbJsWsg4sQ_cdar6iWzqNw_306648_313354.wav,JayelynJanine_UC860cozg2pvSAbJsWsg4sQ_cdar6iWzqNw,306648,313354,6706
JayelynJanine_UC860cozg2pvSAbJsWsg4sQ_cdar6iWzqNw_313506_317556.wav,JayelynJanine_UC860cozg2pvSAbJsWsg4sQ_cdar6iWzqNw,313506,317556,4050
JayelynJanine_UC860cozg2pvSAbJsWsg4sQ_cdar6iWzqNw_317900_321110.wav,JayelynJanine_UC860cozg2pvSAbJsWsg4sQ_cdar6iWzqNw,317900,321110,3210
JayelynJanine_UC860cozg2pvSAbJsWsg4sQ_cdar6iWzqNw_321302_333111.wav,JayelynJanine_UC860cozg2pvSAbJsWsg4sQ_cdar6iWzqNw,321302,333111,11809
JayelynJanine_UC860cozg2pvSAbJsWsg4sQ_cdar6iWzqNw_333239_337336.wav,JayelynJanine_UC860cozg2pvSAbJsWsg4sQ_cdar6iWzqNw,333239,337336,4097
JayelynJanine_UC860cozg2pvSAbJsWsg4sQ_cdar6iWzqNw_338800_340330.wav,JayelynJanine_UC860cozg2pvSAbJsWsg4sQ_cdar6iWzqNw,338800,340330,1530
JayelynJanine_UC860cozg2pvSAbJsWsg4sQ_cdar6iWzqNw_340530_341114.wav,JayelynJanine_UC860cozg2pvSAbJsWsg4sQ_cdar6iWzqNw,340530,341114,584
JayelynJanine_UC860cozg2pvSAbJsWsg4sQ_cdar6iWzqNw_341426_348490.wav,JayelynJanine_UC860cozg2pvSAbJsWsg4sQ_cdar6iWzqNw,341426,348490,7064
JayelynJanine_UC860cozg2pvSAbJsWsg4sQ_cdar6iWzqNw_348794_352362.wav,JayelynJanine_UC860cozg2pvSAbJsWsg4sQ_cdar6iWzqNw,348794,352362,3568
JayelynJanine_UC860cozg2pvSAbJsWsg4sQ_cdar6iWzqNw_352546_356458.wav,JayelynJanine_UC860cozg2pvSAbJsWsg4sQ_cdar6iWzqNw,352546,356458,3912
JayelynJanine_UC860cozg2pvSAbJsWsg4sQ_cdar6iWzqNw_356738_358050.wav,JayelynJanine_UC860cozg2pvSAbJsWsg4sQ_cdar6iWzqNw,356738,358050,1312
JayelynJanine_UC860cozg2pvSAbJsWsg4sQ_cdar6iWzqNw_358394_362251.wav,JayelynJanine_UC860cozg2pvSAbJsWsg4sQ_cdar6iWzqNw,358394,362251,3857
JayelynJanine_UC860cozg2pvSAbJsWsg4sQ_cdar6iWzqNw_362403_367108.wav,JayelynJanine_UC860cozg2pvSAbJsWsg4sQ_cdar6iWzqNw,362403,367108,4705
JayelynJanine_UC860cozg2pvSAbJsWsg4sQ_cdar6iWzqNw_367332_369036.wav,JayelynJanine_UC860cozg2pvSAbJsWsg4sQ_cdar6iWzqNw,367332,369036,1704
JayelynJanine_UC860cozg2pvSAbJsWsg4sQ_cdar6iWzqNw_369260_371888.wav,JayelynJanine_UC860cozg2pvSAbJsWsg4sQ_cdar6iWzqNw,369260,371888,2628
JayelynJanine_UC860cozg2pvSAbJsWsg4sQ_cdar6iWzqNw_372288_380044.wav,JayelynJanine_UC860cozg2pvSAbJsWsg4sQ_cdar6iWzqNw,372288,380044,7756
JayelynJanine_UC860cozg2pvSAbJsWsg4sQ_cdar6iWzqNw_380324_387432.wav,JayelynJanine_UC860cozg2pvSAbJsWsg4sQ_cdar6iWzqNw,380324,387432,7108
JayelynJanine_UC860cozg2pvSAbJsWsg4sQ_cdar6iWzqNw_387848_392856.wav,JayelynJanine_UC860cozg2pvSAbJsWsg4sQ_cdar6iWzqNw,387848,392856,5008
JayelynJanine_UC860cozg2pvSAbJsWsg4sQ_cdar6iWzqNw_393168_396456.wav,JayelynJanine_UC860cozg2pvSAbJsWsg4sQ_cdar6iWzqNw,393168,396456,3288
JayelynJanine_UC860cozg2pvSAbJsWsg4sQ_cdar6iWzqNw_396992_397202.wav,JayelynJanine_UC860cozg2pvSAbJsWsg4sQ_cdar6iWzqNw,396992,397202,210
JayelynJanine_UC860cozg2pvSAbJsWsg4sQ_cdar6iWzqNw_397202_397395.wav,JayelynJanine_UC860cozg2pvSAbJsWsg4sQ_cdar6iWzqNw,397202,397395,193
JayelynJanine_UC860cozg2pvSAbJsWsg4sQ_cdar6iWzqNw_397603_403675.wav,JayelynJanine_UC860cozg2pvSAbJsWsg4sQ_cdar6iWzqNw,397603,403675,6072
JayelynJanine_UC860cozg2pvSAbJsWsg4sQ_cdar6iWzqNw_403859_410476.wav,JayelynJanine_UC860cozg2pvSAbJsWsg4sQ_cdar6iWzqNw,403859,410476,6617
JayelynJanine_UC860cozg2pvSAbJsWsg4sQ_cdar6iWzqNw_410756_421830.wav,JayelynJanine_UC860cozg2pvSAbJsWsg4sQ_cdar6iWzqNw,410756,421830,11074
JayelynJanine_UC860cozg2pvSAbJsWsg4sQ_cdar6iWzqNw_421998_431184.wav,JayelynJanine_UC860cozg2pvSAbJsWsg4sQ_cdar6iWzqNw,421998,431184,9186
JayelynJanine_UC860cozg2pvSAbJsWsg4sQ_cdar6iWzqNw_431616_435992.wav,JayelynJanine_UC860cozg2pvSAbJsWsg4sQ_cdar6iWzqNw,431616,435992,4376
JayelynJanine_UC860cozg2pvSAbJsWsg4sQ_cdar6iWzqNw_436320_436456.wav,JayelynJanine_UC860cozg2pvSAbJsWsg4sQ_cdar6iWzqNw,436320,436456,136
JayelynJanine_UC860cozg2pvSAbJsWsg4sQ_cdar6iWzqNw_436792_440124.wav,JayelynJanine_UC860cozg2pvSAbJsWsg4sQ_cdar6iWzqNw,436792,440124,3332
JayelynJanine_UC860cozg2pvSAbJsWsg4sQ_cdar6iWzqNw_440604_448748.wav,JayelynJanine_UC860cozg2pvSAbJsWsg4sQ_cdar6iWzqNw,440604,448748,8144
JayelynJanine_UC860cozg2pvSAbJsWsg4sQ_cdar6iWzqNw_448876_456692.wav,JayelynJanine_UC860cozg2pvSAbJsWsg4sQ_cdar6iWzqNw,448876,456692,7816
JayelynJanine_UC860cozg2pvSAbJsWsg4sQ_cdar6iWzqNw_456884_460564.wav,JayelynJanine_UC860cozg2pvSAbJsWsg4sQ_cdar6iWzqNw,456884,460564,3680
JayelynJanine_UC860cozg2pvSAbJsWsg4sQ_cdar6iWzqNw_460780_464140.wav,JayelynJanine_UC860cozg2pvSAbJsWsg4sQ_cdar6iWzqNw,460780,464140,3360
JayelynJanine_UC860cozg2pvSAbJsWsg4sQ_cdar6iWzqNw_464644_465207.wav,JayelynJanine_UC860cozg2pvSAbJsWsg4sQ_cdar6iWzqNw,464644,465207,563
JayelynJanine_UC860cozg2pvSAbJsWsg4sQ_cdar6iWzqNw_465207_465399.wav,JayelynJanine_UC860cozg2pvSAbJsWsg4sQ_cdar6iWzqNw,465207,465399,192
JayelynJanine_UC860cozg2pvSAbJsWsg4sQ_cdar6iWzqNw_465535_476895.wav,JayelynJanine_UC860cozg2pvSAbJsWsg4sQ_cdar6iWzqNw,465535,476895,11360
JayelynJanine_UC860cozg2pvSAbJsWsg4sQ_cdar6iWzqNw_477023_481719.wav,JayelynJanine_UC860cozg2pvSAbJsWsg4sQ_cdar6iWzqNw,477023,481719,4696
JayelynJanine_UC860cozg2pvSAbJsWsg4sQ_cdar6iWzqNw_481847_486759.wav,JayelynJanine_UC860cozg2pvSAbJsWsg4sQ_cdar6iWzqNw,481847,486759,4912
JayelynJanine_UC860cozg2pvSAbJsWsg4sQ_cdar6iWzqNw_486903_499015.wav,JayelynJanine_UC860cozg2pvSAbJsWsg4sQ_cdar6iWzqNw,486903,499015,12112
JayelynJanine_UC860cozg2pvSAbJsWsg4sQ_cdar6iWzqNw_499095_507439.wav,JayelynJanine_UC860cozg2pvSAbJsWsg4sQ_cdar6iWzqNw,499095,507439,8344
JayelynJanine_UC860cozg2pvSAbJsWsg4sQ_cdar6iWzqNw_507519_510496.wav,JayelynJanine_UC860cozg2pvSAbJsWsg4sQ_cdar6iWzqNw,507519,510496,2977
JayelynJanine_UC860cozg2pvSAbJsWsg4sQ_cdar6iWzqNw_510952_520832.wav,JayelynJanine_UC860cozg2pvSAbJsWsg4sQ_cdar6iWzqNw,510952,520832,9880
JayelynJanine_UC860cozg2pvSAbJsWsg4sQ_cdar6iWzqNw_521320_527704.wav,JayelynJanine_UC860cozg2pvSAbJsWsg4sQ_cdar6iWzqNw,521320,527704,6384
JayelynJanine_UC860cozg2pvSAbJsWsg4sQ_cdar6iWzqNw_527864_533440.wav,JayelynJanine_UC860cozg2pvSAbJsWsg4sQ_cdar6iWzqNw,527864,533440,5576
JayelynJanine_UC860cozg2pvSAbJsWsg4sQ_cdar6iWzqNw_533848_545240.wav,JayelynJanine_UC860cozg2pvSAbJsWsg4sQ_cdar6iWzqNw,533848,545240,11392
JayelynJanine_UC860cozg2pvSAbJsWsg4sQ_cdar6iWzqNw_545448_545608.wav,JayelynJanine_UC860cozg2pvSAbJsWsg4sQ_cdar6iWzqNw,545448,545608,160
JayelynJanine_UC860cozg2pvSAbJsWsg4sQ_cdar6iWzqNw_546152_549904.wav,JayelynJanine_UC860cozg2pvSAbJsWsg4sQ_cdar6iWzqNw,546152,549904,3752
JayelynJanine_UC860cozg2pvSAbJsWsg4sQ_cdar6iWzqNw_550176_561436.wav,JayelynJanine_UC860cozg2pvSAbJsWsg4sQ_cdar6iWzqNw,550176,561436,11260
JayelynJanine_UC860cozg2pvSAbJsWsg4sQ_cdar6iWzqNw_561580_563960.wav,JayelynJanine_UC860cozg2pvSAbJsWsg4sQ_cdar6iWzqNw,561580,563960,2380
JayelynJanine_UC860cozg2pvSAbJsWsg4sQ_cdar6iWzqNw_564152_565384.wav,JayelynJanine_UC860cozg2pvSAbJsWsg4sQ_cdar6iWzqNw,564152,565384,1232
JayelynJanine_UC860cozg2pvSAbJsWsg4sQ_cdar6iWzqNw_565736_570060.wav,JayelynJanine_UC860cozg2pvSAbJsWsg4sQ_cdar6iWzqNw,565736,570060,4324
JayelynJanine_UC860cozg2pvSAbJsWsg4sQ_cdar6iWzqNw_570212_576168.wav,JayelynJanine_UC860cozg2pvSAbJsWsg4sQ_cdar6iWzqNw,570212,576168,5956
JayelynJanine_UC860cozg2pvSAbJsWsg4sQ_cdar6iWzqNw_576304_576816.wav,JayelynJanine_UC860cozg2pvSAbJsWsg4sQ_cdar6iWzqNw,576304,576816,512
JayelynJanine_UC860cozg2pvSAbJsWsg4sQ_cdar6iWzqNw_578472_578872.wav,JayelynJanine_UC860cozg2pvSAbJsWsg4sQ_cdar6iWzqNw,578472,578872,400
JayelynJanine_UC860cozg2pvSAbJsWsg4sQ_cdar6iWzqNw_579136_581424.wav,JayelynJanine_UC860cozg2pvSAbJsWsg4sQ_cdar6iWzqNw,579136,581424,2288
JayelynJanine_UC860cozg2pvSAbJsWsg4sQ_cdar6iWzqNw_582112_582824.wav,JayelynJanine_UC860cozg2pvSAbJsWsg4sQ_cdar6iWzqNw,582112,582824,712
JayelynJanine_UC860cozg2pvSAbJsWsg4sQ_cdar6iWzqNw_583064_584800.wav,JayelynJanine_UC860cozg2pvSAbJsWsg4sQ_cdar6iWzqNw,583064,584800,1736
JayelynJanine_UC860cozg2pvSAbJsWsg4sQ_cdar6iWzqNw_585008_593112.wav,JayelynJanine_UC860cozg2pvSAbJsWsg4sQ_cdar6iWzqNw,585008,593112,8104
JayelynJanine_UC860cozg2pvSAbJsWsg4sQ_cdar6iWzqNw_593928_602112.wav,JayelynJanine_UC860cozg2pvSAbJsWsg4sQ_cdar6iWzqNw,593928,602112,8184
JayelynJanine_UC860cozg2pvSAbJsWsg4sQ_cdar6iWzqNw_602600_606288.wav,JayelynJanine_UC860cozg2pvSAbJsWsg4sQ_cdar6iWzqNw,602600,606288,3688
JayelynJanine_UC860cozg2pvSAbJsWsg4sQ_cdar6iWzqNw_607008_610896.wav,JayelynJanine_UC860cozg2pvSAbJsWsg4sQ_cdar6iWzqNw,607008,610896,3888
JayelynJanine_UC860cozg2pvSAbJsWsg4sQ_cdar6iWzqNw_611240_618128.wav,JayelynJanine_UC860cozg2pvSAbJsWsg4sQ_cdar6iWzqNw,611240,618128,6888
JayelynJanine_UC860cozg2pvSAbJsWsg4sQ_cdar6iWzqNw_618560_626280.wav,JayelynJanine_UC860cozg2pvSAbJsWsg4sQ_cdar6iWzqNw,618560,626280,7720
JayelynJanine_UC860cozg2pvSAbJsWsg4sQ_cdar6iWzqNw_626680_633220.wav,JayelynJanine_UC860cozg2pvSAbJsWsg4sQ_cdar6iWzqNw,626680,633220,6540
JayelynJanine_UC860cozg2pvSAbJsWsg4sQ_cdar6iWzqNw_633468_641830.wav,JayelynJanine_UC860cozg2pvSAbJsWsg4sQ_cdar6iWzqNw,633468,641830,8362
JayelynJanine_UC860cozg2pvSAbJsWsg4sQ_cdar6iWzqNw_642038_649415.wav,JayelynJanine_UC860cozg2pvSAbJsWsg4sQ_cdar6iWzqNw,642038,649415,7377
JayelynJanine_UC860cozg2pvSAbJsWsg4sQ_cdar6iWzqNw_649599_652752.wav,JayelynJanine_UC860cozg2pvSAbJsWsg4sQ_cdar6iWzqNw,649599,652752,3153
JayelynJanine_UC860cozg2pvSAbJsWsg4sQ_cdar6iWzqNw_653224_658688.wav,JayelynJanine_UC860cozg2pvSAbJsWsg4sQ_cdar6iWzqNw,653224,658688,5464
JayelynJanine_UC860cozg2pvSAbJsWsg4sQ_cdar6iWzqNw_658944_666156.wav,JayelynJanine_UC860cozg2pvSAbJsWsg4sQ_cdar6iWzqNw,658944,666156,7212
JayelynJanine_UC860cozg2pvSAbJsWsg4sQ_cdar6iWzqNw_666284_669888.wav,JayelynJanine_UC860cozg2pvSAbJsWsg4sQ_cdar6iWzqNw,666284,669888,3604
JayelynJanine_UC860cozg2pvSAbJsWsg4sQ_cdar6iWzqNw_671240_671728.wav,JayelynJanine_UC860cozg2pvSAbJsWsg4sQ_cdar6iWzqNw,671240,671728,488
JayelynJanine_UC860cozg2pvSAbJsWsg4sQ_cdar6iWzqNw_671952_681556.wav,JayelynJanine_UC860cozg2pvSAbJsWsg4sQ_cdar6iWzqNw,671952,681556,9604
JayelynJanine_UC860cozg2pvSAbJsWsg4sQ_cdar6iWzqNw_681900_684584.wav,JayelynJanine_UC860cozg2pvSAbJsWsg4sQ_cdar6iWzqNw,681900,684584,2684
JayelynJanine_UC860cozg2pvSAbJsWsg4sQ_cdar6iWzqNw_684752_690816.wav,JayelynJanine_UC860cozg2pvSAbJsWsg4sQ_cdar6iWzqNw,684752,690816,6064
JayelynJanine_UC860cozg2pvSAbJsWsg4sQ_cdar6iWzqNw_691240_691880.wav,JayelynJanine_UC860cozg2pvSAbJsWsg4sQ_cdar6iWzqNw,691240,691880,640
JayelynJanine_UC860cozg2pvSAbJsWsg4sQ_cdar6iWzqNw_692368_695720.wav,JayelynJanine_UC860cozg2pvSAbJsWsg4sQ_cdar6iWzqNw,692368,695720,3352
JayelynJanine_UC860cozg2pvSAbJsWsg4sQ_cdar6iWzqNw_696320_701704.wav,JayelynJanine_UC860cozg2pvSAbJsWsg4sQ_cdar6iWzqNw,696320,701704,5384
JayelynJanine_UC860cozg2pvSAbJsWsg4sQ_cdar6iWzqNw_701808_710792.wav,JayelynJanine_UC860cozg2pvSAbJsWsg4sQ_cdar6iWzqNw,701808,710792,8984
JayelynJanine_UC860cozg2pvSAbJsWsg4sQ_cdar6iWzqNw_710912_716568.wav,JayelynJanine_UC860cozg2pvSAbJsWsg4sQ_cdar6iWzqNw,710912,716568,5656
JayelynJanine_UC860cozg2pvSAbJsWsg4sQ_cdar6iWzqNw_717032_717224.wav,JayelynJanine_UC860cozg2pvSAbJsWsg4sQ_cdar6iWzqNw,717032,717224,192
JayelynJanine_UC860cozg2pvSAbJsWsg4sQ_cdar6iWzqNw_717792_719052.wav,JayelynJanine_UC860cozg2pvSAbJsWsg4sQ_cdar6iWzqNw,717792,719052,1260
JayelynJanine_UC860cozg2pvSAbJsWsg4sQ_cdar6iWzqNw_719356_724726.wav,JayelynJanine_UC860cozg2pvSAbJsWsg4sQ_cdar6iWzqNw,719356,724726,5370
JayelynJanine_UC860cozg2pvSAbJsWsg4sQ_cdar6iWzqNw_724998_729407.wav,JayelynJanine_UC860cozg2pvSAbJsWsg4sQ_cdar6iWzqNw,724998,729407,4409
JayelynJanine_UC860cozg2pvSAbJsWsg4sQ_cdar6iWzqNw_729575_730119.wav,JayelynJanine_UC860cozg2pvSAbJsWsg4sQ_cdar6iWzqNw,729575,730119,544
JayelynJanine_UC860cozg2pvSAbJsWsg4sQ_cdar6iWzqNw_730271_738655.wav,JayelynJanine_UC860cozg2pvSAbJsWsg4sQ_cdar6iWzqNw,730271,738655,8384
JayelynJanine_UC860cozg2pvSAbJsWsg4sQ_cdar6iWzqNw_739159_739807.wav,JayelynJanine_UC860cozg2pvSAbJsWsg4sQ_cdar6iWzqNw,739159,739807,648
JayelynJanine_UC860cozg2pvSAbJsWsg4sQ_cdar6iWzqNw_739959_748359.wav,JayelynJanine_UC860cozg2pvSAbJsWsg4sQ_cdar6iWzqNw,739959,748359,8400
JayelynJanine_UC860cozg2pvSAbJsWsg4sQ_cdar6iWzqNw_748679_751095.wav,JayelynJanine_UC860cozg2pvSAbJsWsg4sQ_cdar6iWzqNw,748679,751095,2416
JayelynJanine_UC860cozg2pvSAbJsWsg4sQ_cdar6iWzqNw_751504_751744.wav,JayelynJanine_UC860cozg2pvSAbJsWsg4sQ_cdar6iWzqNw,751504,751744,240
JayelynJanine_UC860cozg2pvSAbJsWsg4sQ_cdar6iWzqNw_752128_758848.wav,JayelynJanine_UC860cozg2pvSAbJsWsg4sQ_cdar6iWzqNw,752128,758848,6720
JayelynJanine_UC860cozg2pvSAbJsWsg4sQ_cdar6iWzqNw_759304_763056.wav,JayelynJanine_UC860cozg2pvSAbJsWsg4sQ_cdar6iWzqNw,759304,763056,3752
JayelynJanine_UC860cozg2pvSAbJsWsg4sQ_cdar6iWzqNw_763312_776560.wav,JayelynJanine_UC860cozg2pvSAbJsWsg4sQ_cdar6iWzqNw,763312,776560,13248
JayelynJanine_UC860cozg2pvSAbJsWsg4sQ_cdar6iWzqNw_776680_778968.wav,JayelynJanine_UC860cozg2pvSAbJsWsg4sQ_cdar6iWzqNw,776680,778968,2288
JayelynJanine_UC860cozg2pvSAbJsWsg4sQ_cdar6iWzqNw_779480_780840.wav,JayelynJanine_UC860cozg2pvSAbJsWsg4sQ_cdar6iWzqNw,779480,780840,1360
JayelynJanine_UC860cozg2pvSAbJsWsg4sQ_cdar6iWzqNw_781008_787746.wav,JayelynJanine_UC860cozg2pvSAbJsWsg4sQ_cdar6iWzqNw,781008,787746,6738
JayelynJanine_UC860cozg2pvSAbJsWsg4sQ_cdar6iWzqNw_788050_792308.wav,JayelynJanine_UC860cozg2pvSAbJsWsg4sQ_cdar6iWzqNw,788050,792308,4258
JayelynJanine_UC860cozg2pvSAbJsWsg4sQ_cdar6iWzqNw_792460_794040.wav,JayelynJanine_UC860cozg2pvSAbJsWsg4sQ_cdar6iWzqNw,792460,794040,1580
JayelynJanine_UC860cozg2pvSAbJsWsg4sQ_cdar6iWzqNw_794392_804280.wav,JayelynJanine_UC860cozg2pvSAbJsWsg4sQ_cdar6iWzqNw,794392,804280,9888
JayelynJanine_UC860cozg2pvSAbJsWsg4sQ_cdar6iWzqNw_806256_814240.wav,JayelynJanine_UC860cozg2pvSAbJsWsg4sQ_cdar6iWzqNw,806256,814240,7984
JayelynJanine_UC860cozg2pvSAbJsWsg4sQ_cdar6iWzqNw_814392_816600.wav,JayelynJanine_UC860cozg2pvSAbJsWsg4sQ_cdar6iWzqNw,814392,816600,2208
JayelynJanine_UC860cozg2pvSAbJsWsg4sQ_cdar6iWzqNw_816768_817552.wav,JayelynJanine_UC860cozg2pvSAbJsWsg4sQ_cdar6iWzqNw,816768,817552,784
JayelynJanine_UC860cozg2pvSAbJsWsg4sQ_cdar6iWzqNw_818992_825524.wav,JayelynJanine_UC860cozg2pvSAbJsWsg4sQ_cdar6iWzqNw,818992,825524,6532
JayelynJanine_UC860cozg2pvSAbJsWsg4sQ_cdar6iWzqNw_825676_834736.wav,JayelynJanine_UC860cozg2pvSAbJsWsg4sQ_cdar6iWzqNw,825676,834736,9060
JayelynJanine_UC860cozg2pvSAbJsWsg4sQ_cdar6iWzqNw_839992_843768.wav,JayelynJanine_UC860cozg2pvSAbJsWsg4sQ_cdar6iWzqNw,839992,843768,3776
JayelynJanine_UC860cozg2pvSAbJsWsg4sQ_cdar6iWzqNw_844088_844280.wav,JayelynJanine_UC860cozg2pvSAbJsWsg4sQ_cdar6iWzqNw,844088,844280,192
JayelynJanine_UC860cozg2pvSAbJsWsg4sQ_cdar6iWzqNw_844648_845376.wav,JayelynJanine_UC860cozg2pvSAbJsWsg4sQ_cdar6iWzqNw,844648,845376,728
JayelynJanine_UC860cozg2pvSAbJsWsg4sQ_cdar6iWzqNw_845792_853196.wav,JayelynJanine_UC860cozg2pvSAbJsWsg4sQ_cdar6iWzqNw,845792,853196,7404
JayelynJanine_UC860cozg2pvSAbJsWsg4sQ_cdar6iWzqNw_853372_859484.wav,JayelynJanine_UC860cozg2pvSAbJsWsg4sQ_cdar6iWzqNw,853372,859484,6112
JayelynJanine_UC860cozg2pvSAbJsWsg4sQ_cdar6iWzqNw_859676_860608.wav,JayelynJanine_UC860cozg2pvSAbJsWsg4sQ_cdar6iWzqNw,859676,860608,932
JayelynJanine_UC860cozg2pvSAbJsWsg4sQ_cdar6iWzqNw_860872_864872.wav,JayelynJanine_UC860cozg2pvSAbJsWsg4sQ_cdar6iWzqNw,860872,864872,4000
JayelynJanine_UC860cozg2pvSAbJsWsg4sQ_cdar6iWzqNw_866944_872712.wav,JayelynJanine_UC860cozg2pvSAbJsWsg4sQ_cdar6iWzqNw,866944,872712,5768
JayelynJanine_UC860cozg2pvSAbJsWsg4sQ_cdar6iWzqNw_872968_878984.wav,JayelynJanine_UC860cozg2pvSAbJsWsg4sQ_cdar6iWzqNw,872968,878984,6016
JayelynJanine_UC860cozg2pvSAbJsWsg4sQ_cdar6iWzqNw_879280_879548.wav,JayelynJanine_UC860cozg2pvSAbJsWsg4sQ_cdar6iWzqNw,879280,879548,268
JayelynJanine_UC860cozg2pvSAbJsWsg4sQ_cdar6iWzqNw_879716_890160.wav,JayelynJanine_UC860cozg2pvSAbJsWsg4sQ_cdar6iWzqNw,879716,890160,10444
JayelynJanine_UC860cozg2pvSAbJsWsg4sQ_cdar6iWzqNw_890400_898028.wav,JayelynJanine_UC860cozg2pvSAbJsWsg4sQ_cdar6iWzqNw,890400,898028,7628
JayelynJanine_UC860cozg2pvSAbJsWsg4sQ_cdar6iWzqNw_898180_899992.wav,JayelynJanine_UC860cozg2pvSAbJsWsg4sQ_cdar6iWzqNw,898180,899992,1812
JayelynJanine_UC860cozg2pvSAbJsWsg4sQ_cdar6iWzqNw_901208_910984.wav,JayelynJanine_UC860cozg2pvSAbJsWsg4sQ_cdar6iWzqNw,901208,910984,9776
JayelynJanine_UC860cozg2pvSAbJsWsg4sQ_cdar6iWzqNw_911296_925384.wav,JayelynJanine_UC860cozg2pvSAbJsWsg4sQ_cdar6iWzqNw,911296,925384,14088
JayelynJanine_UC860cozg2pvSAbJsWsg4sQ_cdar6iWzqNw_925592_936680.wav,JayelynJanine_UC860cozg2pvSAbJsWsg4sQ_cdar6iWzqNw,925592,936680,11088
JayelynJanine_UC860cozg2pvSAbJsWsg4sQ_cdar6iWzqNw_936976_938464.wav,JayelynJanine_UC860cozg2pvSAbJsWsg4sQ_cdar6iWzqNw,936976,938464,1488
JayelynJanine_UC860cozg2pvSAbJsWsg4sQ_cdar6iWzqNw_939648_941448.wav,JayelynJanine_UC860cozg2pvSAbJsWsg4sQ_cdar6iWzqNw,939648,941448,1800
JayelynJanine_UC860cozg2pvSAbJsWsg4sQ_cdar6iWzqNw_942864_944312.wav,JayelynJanine_UC860cozg2pvSAbJsWsg4sQ_cdar6iWzqNw,942864,944312,1448
JayelynJanine_UC860cozg2pvSAbJsWsg4sQ_cdar6iWzqNw_945160_952105.wav,JayelynJanine_UC860cozg2pvSAbJsWsg4sQ_cdar6iWzqNw,945160,952105,6945
JayelynJanine_UC860cozg2pvSAbJsWsg4sQ_cdar6iWzqNw_952265_954018.wav,JayelynJanine_UC860cozg2pvSAbJsWsg4sQ_cdar6iWzqNw,952265,954018,1753
JayelynJanine_UC860cozg2pvSAbJsWsg4sQ_cdar6iWzqNw_954290_968028.wav,JayelynJanine_UC860cozg2pvSAbJsWsg4sQ_cdar6iWzqNw,954290,968028,13738
JayelynJanine_UC860cozg2pvSAbJsWsg4sQ_cdar6iWzqNw_968708_972944.wav,JayelynJanine_UC860cozg2pvSAbJsWsg4sQ_cdar6iWzqNw,968708,972944,4236
JayelynJanine_UC860cozg2pvSAbJsWsg4sQ_cdar6iWzqNw_973280_981124.wav,JayelynJanine_UC860cozg2pvSAbJsWsg4sQ_cdar6iWzqNw,973280,981124,7844
JayelynJanine_UC860cozg2pvSAbJsWsg4sQ_cdar6iWzqNw_981468_988277.wav,JayelynJanine_UC860cozg2pvSAbJsWsg4sQ_cdar6iWzqNw,981468,988277,6809
JayelynJanine_UC860cozg2pvSAbJsWsg4sQ_cdar6iWzqNw_988453_997989.wav,JayelynJanine_UC860cozg2pvSAbJsWsg4sQ_cdar6iWzqNw,988453,997989,9536
JayelynJanine_UC860cozg2pvSAbJsWsg4sQ_cdar6iWzqNw_998117_1004798.wav,JayelynJanine_UC860cozg2pvSAbJsWsg4sQ_cdar6iWzqNw,998117,1004798,6681
