filename,video_id,start_time,end_time,duration
IsabelChen_UC92p1kGFfaj3wWr5wymfXtA_y87WSds3ifs_0_4008.wav,IsabelChen_UC92p1kGFfaj3wWr5wymfXtA_y87WSds3ifs,0,4008,4008
IsabelChen_UC92p1kGFfaj3wWr5wymfXtA_y87WSds3ifs_4440_5688.wav,IsabelChen_UC92p1kGFfaj3wWr5wymfXtA_y87WSds3ifs,4440,5688,1248
IsabelChen_UC92p1kGFfaj3wWr5wymfXtA_y87WSds3ifs_5864_6040.wav,IsabelChen_UC92p1kGFfaj3wWr5wymfXtA_y87WSds3ifs,5864,6040,176
IsabelChen_UC92p1kGFfaj3wWr5wymfXtA_y87WSds3ifs_6200_10496.wav,IsabelChen_UC92p1kGFfaj3wWr5wymfXtA_y87WSds3ifs,6200,10496,4296
IsabelChen_UC92p1kGFfaj3wWr5wymfXtA_y87WSds3ifs_10824_16472.wav,IsabelChen_UC92p1kGFfaj3wWr5wymfXtA_y87WSds3ifs,10824,16472,5648
IsabelChen_UC92p1kGFfaj3wWr5wymfXtA_y87WSds3ifs_16728_25568.wav,IsabelChen_UC92p1kGFfaj3wWr5wymfXtA_y87WSds3ifs,16728,25568,8840
IsabelChen_UC92p1kGFfaj3wWr5wymfXtA_y87WSds3ifs_25760_27088.wav,IsabelChen_UC92p1kGFfaj3wWr5wymfXtA_y87WSds3ifs,25760,27088,1328
IsabelChen_UC92p1kGFfaj3wWr5wymfXtA_y87WSds3ifs_27552_35840.wav,IsabelChen_UC92p1kGFfaj3wWr5wymfXtA_y87WSds3ifs,27552,35840,8288
IsabelChen_UC92p1kGFfaj3wWr5wymfXtA_y87WSds3ifs_35992_39576.wav,IsabelChen_UC92p1kGFfaj3wWr5wymfXtA_y87WSds3ifs,35992,39576,3584
IsabelChen_UC92p1kGFfaj3wWr5wymfXtA_y87WSds3ifs_39680_41552.wav,IsabelChen_UC92p1kGFfaj3wWr5wymfXtA_y87WSds3ifs,39680,41552,1872
IsabelChen_UC92p1kGFfaj3wWr5wymfXtA_y87WSds3ifs_41856_48616.wav,IsabelChen_UC92p1kGFfaj3wWr5wymfXtA_y87WSds3ifs,41856,48616,6760
IsabelChen_UC92p1kGFfaj3wWr5wymfXtA_y87WSds3ifs_48792_50936.wav,IsabelChen_UC92p1kGFfaj3wWr5wymfXtA_y87WSds3ifs,48792,50936,2144
IsabelChen_UC92p1kGFfaj3wWr5wymfXtA_y87WSds3ifs_51280_53816.wav,IsabelChen_UC92p1kGFfaj3wWr5wymfXtA_y87WSds3ifs,51280,53816,2536
IsabelChen_UC92p1kGFfaj3wWr5wymfXtA_y87WSds3ifs_54016_54728.wav,IsabelChen_UC92p1kGFfaj3wWr5wymfXtA_y87WSds3ifs,54016,54728,712
IsabelChen_UC92p1kGFfaj3wWr5wymfXtA_y87WSds3ifs_55000_60120.wav,IsabelChen_UC92p1kGFfaj3wWr5wymfXtA_y87WSds3ifs,55000,60120,5120
IsabelChen_UC92p1kGFfaj3wWr5wymfXtA_y87WSds3ifs_60432_61560.wav,IsabelChen_UC92p1kGFfaj3wWr5wymfXtA_y87WSds3ifs,60432,61560,1128
IsabelChen_UC92p1kGFfaj3wWr5wymfXtA_y87WSds3ifs_61752_63296.wav,IsabelChen_UC92p1kGFfaj3wWr5wymfXtA_y87WSds3ifs,61752,63296,1544
IsabelChen_UC92p1kGFfaj3wWr5wymfXtA_y87WSds3ifs_63512_64192.wav,IsabelChen_UC92p1kGFfaj3wWr5wymfXtA_y87WSds3ifs,63512,64192,680
IsabelChen_UC92p1kGFfaj3wWr5wymfXtA_y87WSds3ifs_64440_67408.wav,IsabelChen_UC92p1kGFfaj3wWr5wymfXtA_y87WSds3ifs,64440,67408,2968
IsabelChen_UC92p1kGFfaj3wWr5wymfXtA_y87WSds3ifs_69656_74928.wav,IsabelChen_UC92p1kGFfaj3wWr5wymfXtA_y87WSds3ifs,69656,74928,5272
IsabelChen_UC92p1kGFfaj3wWr5wymfXtA_y87WSds3ifs_75232_80240.wav,IsabelChen_UC92p1kGFfaj3wWr5wymfXtA_y87WSds3ifs,75232,80240,5008
IsabelChen_UC92p1kGFfaj3wWr5wymfXtA_y87WSds3ifs_80720_84696.wav,IsabelChen_UC92p1kGFfaj3wWr5wymfXtA_y87WSds3ifs,80720,84696,3976
IsabelChen_UC92p1kGFfaj3wWr5wymfXtA_y87WSds3ifs_84944_86432.wav,IsabelChen_UC92p1kGFfaj3wWr5wymfXtA_y87WSds3ifs,84944,86432,1488
IsabelChen_UC92p1kGFfaj3wWr5wymfXtA_y87WSds3ifs_86944_88288.wav,IsabelChen_UC92p1kGFfaj3wWr5wymfXtA_y87WSds3ifs,86944,88288,1344
IsabelChen_UC92p1kGFfaj3wWr5wymfXtA_y87WSds3ifs_89280_90472.wav,IsabelChen_UC92p1kGFfaj3wWr5wymfXtA_y87WSds3ifs,89280,90472,1192
IsabelChen_UC92p1kGFfaj3wWr5wymfXtA_y87WSds3ifs_93736_95960.wav,IsabelChen_UC92p1kGFfaj3wWr5wymfXtA_y87WSds3ifs,93736,95960,2224
IsabelChen_UC92p1kGFfaj3wWr5wymfXtA_y87WSds3ifs_96088_99168.wav,IsabelChen_UC92p1kGFfaj3wWr5wymfXtA_y87WSds3ifs,96088,99168,3080
IsabelChen_UC92p1kGFfaj3wWr5wymfXtA_y87WSds3ifs_99288_100976.wav,IsabelChen_UC92p1kGFfaj3wWr5wymfXtA_y87WSds3ifs,99288,100976,1688
IsabelChen_UC92p1kGFfaj3wWr5wymfXtA_y87WSds3ifs_101080_102584.wav,IsabelChen_UC92p1kGFfaj3wWr5wymfXtA_y87WSds3ifs,101080,102584,1504
IsabelChen_UC92p1kGFfaj3wWr5wymfXtA_y87WSds3ifs_102744_104336.wav,IsabelChen_UC92p1kGFfaj3wWr5wymfXtA_y87WSds3ifs,102744,104336,1592
IsabelChen_UC92p1kGFfaj3wWr5wymfXtA_y87WSds3ifs_104560_107504.wav,IsabelChen_UC92p1kGFfaj3wWr5wymfXtA_y87WSds3ifs,104560,107504,2944
IsabelChen_UC92p1kGFfaj3wWr5wymfXtA_y87WSds3ifs_107632_108248.wav,IsabelChen_UC92p1kGFfaj3wWr5wymfXtA_y87WSds3ifs,107632,108248,616
IsabelChen_UC92p1kGFfaj3wWr5wymfXtA_y87WSds3ifs_108504_110018.wav,IsabelChen_UC92p1kGFfaj3wWr5wymfXtA_y87WSds3ifs,108504,110018,1514
IsabelChen_UC92p1kGFfaj3wWr5wymfXtA_y87WSds3ifs_110258_115954.wav,IsabelChen_UC92p1kGFfaj3wWr5wymfXtA_y87WSds3ifs,110258,115954,5696
IsabelChen_UC92p1kGFfaj3wWr5wymfXtA_y87WSds3ifs_116114_121010.wav,IsabelChen_UC92p1kGFfaj3wWr5wymfXtA_y87WSds3ifs,116114,121010,4896
IsabelChen_UC92p1kGFfaj3wWr5wymfXtA_y87WSds3ifs_121668_129780.wav,IsabelChen_UC92p1kGFfaj3wWr5wymfXtA_y87WSds3ifs,121668,129780,8112
IsabelChen_UC92p1kGFfaj3wWr5wymfXtA_y87WSds3ifs_130068_131436.wav,IsabelChen_UC92p1kGFfaj3wWr5wymfXtA_y87WSds3ifs,130068,131436,1368
IsabelChen_UC92p1kGFfaj3wWr5wymfXtA_y87WSds3ifs_131788_133012.wav,IsabelChen_UC92p1kGFfaj3wWr5wymfXtA_y87WSds3ifs,131788,133012,1224
IsabelChen_UC92p1kGFfaj3wWr5wymfXtA_y87WSds3ifs_133148_138348.wav,IsabelChen_UC92p1kGFfaj3wWr5wymfXtA_y87WSds3ifs,133148,138348,5200
IsabelChen_UC92p1kGFfaj3wWr5wymfXtA_y87WSds3ifs_138596_139996.wav,IsabelChen_UC92p1kGFfaj3wWr5wymfXtA_y87WSds3ifs,138596,139996,1400
IsabelChen_UC92p1kGFfaj3wWr5wymfXtA_y87WSds3ifs_140524_144572.wav,IsabelChen_UC92p1kGFfaj3wWr5wymfXtA_y87WSds3ifs,140524,144572,4048
IsabelChen_UC92p1kGFfaj3wWr5wymfXtA_y87WSds3ifs_144764_146256.wav,IsabelChen_UC92p1kGFfaj3wWr5wymfXtA_y87WSds3ifs,144764,146256,1492
IsabelChen_UC92p1kGFfaj3wWr5wymfXtA_y87WSds3ifs_147672_150088.wav,IsabelChen_UC92p1kGFfaj3wWr5wymfXtA_y87WSds3ifs,147672,150088,2416
IsabelChen_UC92p1kGFfaj3wWr5wymfXtA_y87WSds3ifs_150464_151952.wav,IsabelChen_UC92p1kGFfaj3wWr5wymfXtA_y87WSds3ifs,150464,151952,1488
IsabelChen_UC92p1kGFfaj3wWr5wymfXtA_y87WSds3ifs_152056_153088.wav,IsabelChen_UC92p1kGFfaj3wWr5wymfXtA_y87WSds3ifs,152056,153088,1032
IsabelChen_UC92p1kGFfaj3wWr5wymfXtA_y87WSds3ifs_153192_158320.wav,IsabelChen_UC92p1kGFfaj3wWr5wymfXtA_y87WSds3ifs,153192,158320,5128
IsabelChen_UC92p1kGFfaj3wWr5wymfXtA_y87WSds3ifs_158472_159488.wav,IsabelChen_UC92p1kGFfaj3wWr5wymfXtA_y87WSds3ifs,158472,159488,1016
IsabelChen_UC92p1kGFfaj3wWr5wymfXtA_y87WSds3ifs_159688_160512.wav,IsabelChen_UC92p1kGFfaj3wWr5wymfXtA_y87WSds3ifs,159688,160512,824
IsabelChen_UC92p1kGFfaj3wWr5wymfXtA_y87WSds3ifs_160840_163348.wav,IsabelChen_UC92p1kGFfaj3wWr5wymfXtA_y87WSds3ifs,160840,163348,2508
IsabelChen_UC92p1kGFfaj3wWr5wymfXtA_y87WSds3ifs_163484_167492.wav,IsabelChen_UC92p1kGFfaj3wWr5wymfXtA_y87WSds3ifs,163484,167492,4008
IsabelChen_UC92p1kGFfaj3wWr5wymfXtA_y87WSds3ifs_167604_170852.wav,IsabelChen_UC92p1kGFfaj3wWr5wymfXtA_y87WSds3ifs,167604,170852,3248
IsabelChen_UC92p1kGFfaj3wWr5wymfXtA_y87WSds3ifs_171196_175684.wav,IsabelChen_UC92p1kGFfaj3wWr5wymfXtA_y87WSds3ifs,171196,175684,4488
IsabelChen_UC92p1kGFfaj3wWr5wymfXtA_y87WSds3ifs_175788_177924.wav,IsabelChen_UC92p1kGFfaj3wWr5wymfXtA_y87WSds3ifs,175788,177924,2136
IsabelChen_UC92p1kGFfaj3wWr5wymfXtA_y87WSds3ifs_178108_178476.wav,IsabelChen_UC92p1kGFfaj3wWr5wymfXtA_y87WSds3ifs,178108,178476,368
IsabelChen_UC92p1kGFfaj3wWr5wymfXtA_y87WSds3ifs_179008_181184.wav,IsabelChen_UC92p1kGFfaj3wWr5wymfXtA_y87WSds3ifs,179008,181184,2176
IsabelChen_UC92p1kGFfaj3wWr5wymfXtA_y87WSds3ifs_181448_183144.wav,IsabelChen_UC92p1kGFfaj3wWr5wymfXtA_y87WSds3ifs,181448,183144,1696
IsabelChen_UC92p1kGFfaj3wWr5wymfXtA_y87WSds3ifs_183416_189152.wav,IsabelChen_UC92p1kGFfaj3wWr5wymfXtA_y87WSds3ifs,183416,189152,5736
IsabelChen_UC92p1kGFfaj3wWr5wymfXtA_y87WSds3ifs_189608_191588.wav,IsabelChen_UC92p1kGFfaj3wWr5wymfXtA_y87WSds3ifs,189608,191588,1980
IsabelChen_UC92p1kGFfaj3wWr5wymfXtA_y87WSds3ifs_191708_192164.wav,IsabelChen_UC92p1kGFfaj3wWr5wymfXtA_y87WSds3ifs,191708,192164,456
IsabelChen_UC92p1kGFfaj3wWr5wymfXtA_y87WSds3ifs_192284_194188.wav,IsabelChen_UC92p1kGFfaj3wWr5wymfXtA_y87WSds3ifs,192284,194188,1904
IsabelChen_UC92p1kGFfaj3wWr5wymfXtA_y87WSds3ifs_194412_196508.wav,IsabelChen_UC92p1kGFfaj3wWr5wymfXtA_y87WSds3ifs,194412,196508,2096
IsabelChen_UC92p1kGFfaj3wWr5wymfXtA_y87WSds3ifs_196764_197364.wav,IsabelChen_UC92p1kGFfaj3wWr5wymfXtA_y87WSds3ifs,196764,197364,600
IsabelChen_UC92p1kGFfaj3wWr5wymfXtA_y87WSds3ifs_197580_199048.wav,IsabelChen_UC92p1kGFfaj3wWr5wymfXtA_y87WSds3ifs,197580,199048,1468
IsabelChen_UC92p1kGFfaj3wWr5wymfXtA_y87WSds3ifs_199288_202018.wav,IsabelChen_UC92p1kGFfaj3wWr5wymfXtA_y87WSds3ifs,199288,202018,2730
IsabelChen_UC92p1kGFfaj3wWr5wymfXtA_y87WSds3ifs_202250_209682.wav,IsabelChen_UC92p1kGFfaj3wWr5wymfXtA_y87WSds3ifs,202250,209682,7432
IsabelChen_UC92p1kGFfaj3wWr5wymfXtA_y87WSds3ifs_209898_211156.wav,IsabelChen_UC92p1kGFfaj3wWr5wymfXtA_y87WSds3ifs,209898,211156,1258
IsabelChen_UC92p1kGFfaj3wWr5wymfXtA_y87WSds3ifs_211992_215680.wav,IsabelChen_UC92p1kGFfaj3wWr5wymfXtA_y87WSds3ifs,211992,215680,3688
IsabelChen_UC92p1kGFfaj3wWr5wymfXtA_y87WSds3ifs_215960_224088.wav,IsabelChen_UC92p1kGFfaj3wWr5wymfXtA_y87WSds3ifs,215960,224088,8128
IsabelChen_UC92p1kGFfaj3wWr5wymfXtA_y87WSds3ifs_228208_230360.wav,IsabelChen_UC92p1kGFfaj3wWr5wymfXtA_y87WSds3ifs,228208,230360,2152
IsabelChen_UC92p1kGFfaj3wWr5wymfXtA_y87WSds3ifs_230776_232568.wav,IsabelChen_UC92p1kGFfaj3wWr5wymfXtA_y87WSds3ifs,230776,232568,1792
IsabelChen_UC92p1kGFfaj3wWr5wymfXtA_y87WSds3ifs_233248_235648.wav,IsabelChen_UC92p1kGFfaj3wWr5wymfXtA_y87WSds3ifs,233248,235648,2400
IsabelChen_UC92p1kGFfaj3wWr5wymfXtA_y87WSds3ifs_236664_246472.wav,IsabelChen_UC92p1kGFfaj3wWr5wymfXtA_y87WSds3ifs,236664,246472,9808
IsabelChen_UC92p1kGFfaj3wWr5wymfXtA_y87WSds3ifs_246632_251400.wav,IsabelChen_UC92p1kGFfaj3wWr5wymfXtA_y87WSds3ifs,246632,251400,4768
IsabelChen_UC92p1kGFfaj3wWr5wymfXtA_y87WSds3ifs_251584_253464.wav,IsabelChen_UC92p1kGFfaj3wWr5wymfXtA_y87WSds3ifs,251584,253464,1880
IsabelChen_UC92p1kGFfaj3wWr5wymfXtA_y87WSds3ifs_254208_255468.wav,IsabelChen_UC92p1kGFfaj3wWr5wymfXtA_y87WSds3ifs,254208,255468,1260
IsabelChen_UC92p1kGFfaj3wWr5wymfXtA_y87WSds3ifs_255700_258380.wav,IsabelChen_UC92p1kGFfaj3wWr5wymfXtA_y87WSds3ifs,255700,258380,2680
IsabelChen_UC92p1kGFfaj3wWr5wymfXtA_y87WSds3ifs_258556_266388.wav,IsabelChen_UC92p1kGFfaj3wWr5wymfXtA_y87WSds3ifs,258556,266388,7832
IsabelChen_UC92p1kGFfaj3wWr5wymfXtA_y87WSds3ifs_266580_266784.wav,IsabelChen_UC92p1kGFfaj3wWr5wymfXtA_y87WSds3ifs,266580,266784,204
IsabelChen_UC92p1kGFfaj3wWr5wymfXtA_y87WSds3ifs_267528_268796.wav,IsabelChen_UC92p1kGFfaj3wWr5wymfXtA_y87WSds3ifs,267528,268796,1268
IsabelChen_UC92p1kGFfaj3wWr5wymfXtA_y87WSds3ifs_268996_276614.wav,IsabelChen_UC92p1kGFfaj3wWr5wymfXtA_y87WSds3ifs,268996,276614,7618
IsabelChen_UC92p1kGFfaj3wWr5wymfXtA_y87WSds3ifs_276958_279640.wav,IsabelChen_UC92p1kGFfaj3wWr5wymfXtA_y87WSds3ifs,276958,279640,2682
IsabelChen_UC92p1kGFfaj3wWr5wymfXtA_y87WSds3ifs_279848_281584.wav,IsabelChen_UC92p1kGFfaj3wWr5wymfXtA_y87WSds3ifs,279848,281584,1736
IsabelChen_UC92p1kGFfaj3wWr5wymfXtA_y87WSds3ifs_281752_282000.wav,IsabelChen_UC92p1kGFfaj3wWr5wymfXtA_y87WSds3ifs,281752,282000,248
IsabelChen_UC92p1kGFfaj3wWr5wymfXtA_y87WSds3ifs_282104_282704.wav,IsabelChen_UC92p1kGFfaj3wWr5wymfXtA_y87WSds3ifs,282104,282704,600
IsabelChen_UC92p1kGFfaj3wWr5wymfXtA_y87WSds3ifs_282896_285280.wav,IsabelChen_UC92p1kGFfaj3wWr5wymfXtA_y87WSds3ifs,282896,285280,2384
IsabelChen_UC92p1kGFfaj3wWr5wymfXtA_y87WSds3ifs_285688_291616.wav,IsabelChen_UC92p1kGFfaj3wWr5wymfXtA_y87WSds3ifs,285688,291616,5928
IsabelChen_UC92p1kGFfaj3wWr5wymfXtA_y87WSds3ifs_292096_293664.wav,IsabelChen_UC92p1kGFfaj3wWr5wymfXtA_y87WSds3ifs,292096,293664,1568
IsabelChen_UC92p1kGFfaj3wWr5wymfXtA_y87WSds3ifs_293792_300016.wav,IsabelChen_UC92p1kGFfaj3wWr5wymfXtA_y87WSds3ifs,293792,300016,6224
IsabelChen_UC92p1kGFfaj3wWr5wymfXtA_y87WSds3ifs_300256_302240.wav,IsabelChen_UC92p1kGFfaj3wWr5wymfXtA_y87WSds3ifs,300256,302240,1984
IsabelChen_UC92p1kGFfaj3wWr5wymfXtA_y87WSds3ifs_302496_311440.wav,IsabelChen_UC92p1kGFfaj3wWr5wymfXtA_y87WSds3ifs,302496,311440,8944
IsabelChen_UC92p1kGFfaj3wWr5wymfXtA_y87WSds3ifs_311568_313352.wav,IsabelChen_UC92p1kGFfaj3wWr5wymfXtA_y87WSds3ifs,311568,313352,1784
IsabelChen_UC92p1kGFfaj3wWr5wymfXtA_y87WSds3ifs_313528_314976.wav,IsabelChen_UC92p1kGFfaj3wWr5wymfXtA_y87WSds3ifs,313528,314976,1448
IsabelChen_UC92p1kGFfaj3wWr5wymfXtA_y87WSds3ifs_315240_322132.wav,IsabelChen_UC92p1kGFfaj3wWr5wymfXtA_y87WSds3ifs,315240,322132,6892
IsabelChen_UC92p1kGFfaj3wWr5wymfXtA_y87WSds3ifs_322404_328372.wav,IsabelChen_UC92p1kGFfaj3wWr5wymfXtA_y87WSds3ifs,322404,328372,5968
IsabelChen_UC92p1kGFfaj3wWr5wymfXtA_y87WSds3ifs_328796_329284.wav,IsabelChen_UC92p1kGFfaj3wWr5wymfXtA_y87WSds3ifs,328796,329284,488
IsabelChen_UC92p1kGFfaj3wWr5wymfXtA_y87WSds3ifs_329428_331900.wav,IsabelChen_UC92p1kGFfaj3wWr5wymfXtA_y87WSds3ifs,329428,331900,2472
IsabelChen_UC92p1kGFfaj3wWr5wymfXtA_y87WSds3ifs_332060_338580.wav,IsabelChen_UC92p1kGFfaj3wWr5wymfXtA_y87WSds3ifs,332060,338580,6520
IsabelChen_UC92p1kGFfaj3wWr5wymfXtA_y87WSds3ifs_338716_344832.wav,IsabelChen_UC92p1kGFfaj3wWr5wymfXtA_y87WSds3ifs,338716,344832,6116
IsabelChen_UC92p1kGFfaj3wWr5wymfXtA_y87WSds3ifs_345248_350224.wav,IsabelChen_UC92p1kGFfaj3wWr5wymfXtA_y87WSds3ifs,345248,350224,4976
IsabelChen_UC92p1kGFfaj3wWr5wymfXtA_y87WSds3ifs_350488_352512.wav,IsabelChen_UC92p1kGFfaj3wWr5wymfXtA_y87WSds3ifs,350488,352512,2024
IsabelChen_UC92p1kGFfaj3wWr5wymfXtA_y87WSds3ifs_352936_354016.wav,IsabelChen_UC92p1kGFfaj3wWr5wymfXtA_y87WSds3ifs,352936,354016,1080
IsabelChen_UC92p1kGFfaj3wWr5wymfXtA_y87WSds3ifs_358248_363484.wav,IsabelChen_UC92p1kGFfaj3wWr5wymfXtA_y87WSds3ifs,358248,363484,5236
IsabelChen_UC92p1kGFfaj3wWr5wymfXtA_y87WSds3ifs_363604_365884.wav,IsabelChen_UC92p1kGFfaj3wWr5wymfXtA_y87WSds3ifs,363604,365884,2280
IsabelChen_UC92p1kGFfaj3wWr5wymfXtA_y87WSds3ifs_365988_370264.wav,IsabelChen_UC92p1kGFfaj3wWr5wymfXtA_y87WSds3ifs,365988,370264,4276
IsabelChen_UC92p1kGFfaj3wWr5wymfXtA_y87WSds3ifs_370664_380200.wav,IsabelChen_UC92p1kGFfaj3wWr5wymfXtA_y87WSds3ifs,370664,380200,9536
IsabelChen_UC92p1kGFfaj3wWr5wymfXtA_y87WSds3ifs_380352_390120.wav,IsabelChen_UC92p1kGFfaj3wWr5wymfXtA_y87WSds3ifs,380352,390120,9768
IsabelChen_UC92p1kGFfaj3wWr5wymfXtA_y87WSds3ifs_390224_392928.wav,IsabelChen_UC92p1kGFfaj3wWr5wymfXtA_y87WSds3ifs,390224,392928,2704
IsabelChen_UC92p1kGFfaj3wWr5wymfXtA_y87WSds3ifs_393096_394000.wav,IsabelChen_UC92p1kGFfaj3wWr5wymfXtA_y87WSds3ifs,393096,394000,904
IsabelChen_UC92p1kGFfaj3wWr5wymfXtA_y87WSds3ifs_394280_400272.wav,IsabelChen_UC92p1kGFfaj3wWr5wymfXtA_y87WSds3ifs,394280,400272,5992
IsabelChen_UC92p1kGFfaj3wWr5wymfXtA_y87WSds3ifs_400456_405264.wav,IsabelChen_UC92p1kGFfaj3wWr5wymfXtA_y87WSds3ifs,400456,405264,4808
IsabelChen_UC92p1kGFfaj3wWr5wymfXtA_y87WSds3ifs_405440_408800.wav,IsabelChen_UC92p1kGFfaj3wWr5wymfXtA_y87WSds3ifs,405440,408800,3360
IsabelChen_UC92p1kGFfaj3wWr5wymfXtA_y87WSds3ifs_409312_418808.wav,IsabelChen_UC92p1kGFfaj3wWr5wymfXtA_y87WSds3ifs,409312,418808,9496
IsabelChen_UC92p1kGFfaj3wWr5wymfXtA_y87WSds3ifs_419192_426800.wav,IsabelChen_UC92p1kGFfaj3wWr5wymfXtA_y87WSds3ifs,419192,426800,7608
IsabelChen_UC92p1kGFfaj3wWr5wymfXtA_y87WSds3ifs_430080_435824.wav,IsabelChen_UC92p1kGFfaj3wWr5wymfXtA_y87WSds3ifs,430080,435824,5744
IsabelChen_UC92p1kGFfaj3wWr5wymfXtA_y87WSds3ifs_436160_437356.wav,IsabelChen_UC92p1kGFfaj3wWr5wymfXtA_y87WSds3ifs,436160,437356,1196
IsabelChen_UC92p1kGFfaj3wWr5wymfXtA_y87WSds3ifs_437764_437932.wav,IsabelChen_UC92p1kGFfaj3wWr5wymfXtA_y87WSds3ifs,437764,437932,168
IsabelChen_UC92p1kGFfaj3wWr5wymfXtA_y87WSds3ifs_438172_440596.wav,IsabelChen_UC92p1kGFfaj3wWr5wymfXtA_y87WSds3ifs,438172,440596,2424
IsabelChen_UC92p1kGFfaj3wWr5wymfXtA_y87WSds3ifs_440956_444276.wav,IsabelChen_UC92p1kGFfaj3wWr5wymfXtA_y87WSds3ifs,440956,444276,3320
IsabelChen_UC92p1kGFfaj3wWr5wymfXtA_y87WSds3ifs_444388_448236.wav,IsabelChen_UC92p1kGFfaj3wWr5wymfXtA_y87WSds3ifs,444388,448236,3848
IsabelChen_UC92p1kGFfaj3wWr5wymfXtA_y87WSds3ifs_448596_452664.wav,IsabelChen_UC92p1kGFfaj3wWr5wymfXtA_y87WSds3ifs,448596,452664,4068
IsabelChen_UC92p1kGFfaj3wWr5wymfXtA_y87WSds3ifs_452960_453216.wav,IsabelChen_UC92p1kGFfaj3wWr5wymfXtA_y87WSds3ifs,452960,453216,256
IsabelChen_UC92p1kGFfaj3wWr5wymfXtA_y87WSds3ifs_453696_460264.wav,IsabelChen_UC92p1kGFfaj3wWr5wymfXtA_y87WSds3ifs,453696,460264,6568
IsabelChen_UC92p1kGFfaj3wWr5wymfXtA_y87WSds3ifs_460552_461784.wav,IsabelChen_UC92p1kGFfaj3wWr5wymfXtA_y87WSds3ifs,460552,461784,1232
IsabelChen_UC92p1kGFfaj3wWr5wymfXtA_y87WSds3ifs_462392_463208.wav,IsabelChen_UC92p1kGFfaj3wWr5wymfXtA_y87WSds3ifs,462392,463208,816
IsabelChen_UC92p1kGFfaj3wWr5wymfXtA_y87WSds3ifs_463744_467744.wav,IsabelChen_UC92p1kGFfaj3wWr5wymfXtA_y87WSds3ifs,463744,467744,4000
IsabelChen_UC92p1kGFfaj3wWr5wymfXtA_y87WSds3ifs_468152_476324.wav,IsabelChen_UC92p1kGFfaj3wWr5wymfXtA_y87WSds3ifs,468152,476324,8172
IsabelChen_UC92p1kGFfaj3wWr5wymfXtA_y87WSds3ifs_476620_482244.wav,IsabelChen_UC92p1kGFfaj3wWr5wymfXtA_y87WSds3ifs,476620,482244,5624
IsabelChen_UC92p1kGFfaj3wWr5wymfXtA_y87WSds3ifs_482364_486776.wav,IsabelChen_UC92p1kGFfaj3wWr5wymfXtA_y87WSds3ifs,482364,486776,4412
IsabelChen_UC92p1kGFfaj3wWr5wymfXtA_y87WSds3ifs_487080_488764.wav,IsabelChen_UC92p1kGFfaj3wWr5wymfXtA_y87WSds3ifs,487080,488764,1684
IsabelChen_UC92p1kGFfaj3wWr5wymfXtA_y87WSds3ifs_489132_491332.wav,IsabelChen_UC92p1kGFfaj3wWr5wymfXtA_y87WSds3ifs,489132,491332,2200
IsabelChen_UC92p1kGFfaj3wWr5wymfXtA_y87WSds3ifs_491508_496316.wav,IsabelChen_UC92p1kGFfaj3wWr5wymfXtA_y87WSds3ifs,491508,496316,4808
IsabelChen_UC92p1kGFfaj3wWr5wymfXtA_y87WSds3ifs_496572_496740.wav,IsabelChen_UC92p1kGFfaj3wWr5wymfXtA_y87WSds3ifs,496572,496740,168
IsabelChen_UC92p1kGFfaj3wWr5wymfXtA_y87WSds3ifs_496996_500924.wav,IsabelChen_UC92p1kGFfaj3wWr5wymfXtA_y87WSds3ifs,496996,500924,3928
IsabelChen_UC92p1kGFfaj3wWr5wymfXtA_y87WSds3ifs_501068_509692.wav,IsabelChen_UC92p1kGFfaj3wWr5wymfXtA_y87WSds3ifs,501068,509692,8624
IsabelChen_UC92p1kGFfaj3wWr5wymfXtA_y87WSds3ifs_509852_511220.wav,IsabelChen_UC92p1kGFfaj3wWr5wymfXtA_y87WSds3ifs,509852,511220,1368
IsabelChen_UC92p1kGFfaj3wWr5wymfXtA_y87WSds3ifs_511332_512052.wav,IsabelChen_UC92p1kGFfaj3wWr5wymfXtA_y87WSds3ifs,511332,512052,720
IsabelChen_UC92p1kGFfaj3wWr5wymfXtA_y87WSds3ifs_512188_516758.wav,IsabelChen_UC92p1kGFfaj3wWr5wymfXtA_y87WSds3ifs,512188,516758,4570
IsabelChen_UC92p1kGFfaj3wWr5wymfXtA_y87WSds3ifs_516918_523352.wav,IsabelChen_UC92p1kGFfaj3wWr5wymfXtA_y87WSds3ifs,516918,523352,6434
IsabelChen_UC92p1kGFfaj3wWr5wymfXtA_y87WSds3ifs_524112_524272.wav,IsabelChen_UC92p1kGFfaj3wWr5wymfXtA_y87WSds3ifs,524112,524272,160
IsabelChen_UC92p1kGFfaj3wWr5wymfXtA_y87WSds3ifs_524544_525544.wav,IsabelChen_UC92p1kGFfaj3wWr5wymfXtA_y87WSds3ifs,524544,525544,1000
IsabelChen_UC92p1kGFfaj3wWr5wymfXtA_y87WSds3ifs_526072_526384.wav,IsabelChen_UC92p1kGFfaj3wWr5wymfXtA_y87WSds3ifs,526072,526384,312
IsabelChen_UC92p1kGFfaj3wWr5wymfXtA_y87WSds3ifs_527584_528016.wav,IsabelChen_UC92p1kGFfaj3wWr5wymfXtA_y87WSds3ifs,527584,528016,432
IsabelChen_UC92p1kGFfaj3wWr5wymfXtA_y87WSds3ifs_528496_528864.wav,IsabelChen_UC92p1kGFfaj3wWr5wymfXtA_y87WSds3ifs,528496,528864,368
IsabelChen_UC92p1kGFfaj3wWr5wymfXtA_y87WSds3ifs_531920_532188.wav,IsabelChen_UC92p1kGFfaj3wWr5wymfXtA_y87WSds3ifs,531920,532188,268
IsabelChen_UC92p1kGFfaj3wWr5wymfXtA_y87WSds3ifs_532308_536876.wav,IsabelChen_UC92p1kGFfaj3wWr5wymfXtA_y87WSds3ifs,532308,536876,4568
IsabelChen_UC92p1kGFfaj3wWr5wymfXtA_y87WSds3ifs_537092_539956.wav,IsabelChen_UC92p1kGFfaj3wWr5wymfXtA_y87WSds3ifs,537092,539956,2864
IsabelChen_UC92p1kGFfaj3wWr5wymfXtA_y87WSds3ifs_540084_542376.wav,IsabelChen_UC92p1kGFfaj3wWr5wymfXtA_y87WSds3ifs,540084,542376,2292
IsabelChen_UC92p1kGFfaj3wWr5wymfXtA_y87WSds3ifs_542936_550048.wav,IsabelChen_UC92p1kGFfaj3wWr5wymfXtA_y87WSds3ifs,542936,550048,7112
IsabelChen_UC92p1kGFfaj3wWr5wymfXtA_y87WSds3ifs_550232_552320.wav,IsabelChen_UC92p1kGFfaj3wWr5wymfXtA_y87WSds3ifs,550232,552320,2088
IsabelChen_UC92p1kGFfaj3wWr5wymfXtA_y87WSds3ifs_552424_554536.wav,IsabelChen_UC92p1kGFfaj3wWr5wymfXtA_y87WSds3ifs,552424,554536,2112
IsabelChen_UC92p1kGFfaj3wWr5wymfXtA_y87WSds3ifs_554648_557536.wav,IsabelChen_UC92p1kGFfaj3wWr5wymfXtA_y87WSds3ifs,554648,557536,2888
IsabelChen_UC92p1kGFfaj3wWr5wymfXtA_y87WSds3ifs_557688_559368.wav,IsabelChen_UC92p1kGFfaj3wWr5wymfXtA_y87WSds3ifs,557688,559368,1680
IsabelChen_UC92p1kGFfaj3wWr5wymfXtA_y87WSds3ifs_559528_562032.wav,IsabelChen_UC92p1kGFfaj3wWr5wymfXtA_y87WSds3ifs,559528,562032,2504
IsabelChen_UC92p1kGFfaj3wWr5wymfXtA_y87WSds3ifs_562448_568160.wav,IsabelChen_UC92p1kGFfaj3wWr5wymfXtA_y87WSds3ifs,562448,568160,5712
IsabelChen_UC92p1kGFfaj3wWr5wymfXtA_y87WSds3ifs_568600_570408.wav,IsabelChen_UC92p1kGFfaj3wWr5wymfXtA_y87WSds3ifs,568600,570408,1808
IsabelChen_UC92p1kGFfaj3wWr5wymfXtA_y87WSds3ifs_570792_572520.wav,IsabelChen_UC92p1kGFfaj3wWr5wymfXtA_y87WSds3ifs,570792,572520,1728
IsabelChen_UC92p1kGFfaj3wWr5wymfXtA_y87WSds3ifs_572704_573184.wav,IsabelChen_UC92p1kGFfaj3wWr5wymfXtA_y87WSds3ifs,572704,573184,480
IsabelChen_UC92p1kGFfaj3wWr5wymfXtA_y87WSds3ifs_573296_574064.wav,IsabelChen_UC92p1kGFfaj3wWr5wymfXtA_y87WSds3ifs,573296,574064,768
IsabelChen_UC92p1kGFfaj3wWr5wymfXtA_y87WSds3ifs_574416_581568.wav,IsabelChen_UC92p1kGFfaj3wWr5wymfXtA_y87WSds3ifs,574416,581568,7152
IsabelChen_UC92p1kGFfaj3wWr5wymfXtA_y87WSds3ifs_582216_585648.wav,IsabelChen_UC92p1kGFfaj3wWr5wymfXtA_y87WSds3ifs,582216,585648,3432
IsabelChen_UC92p1kGFfaj3wWr5wymfXtA_y87WSds3ifs_585760_586984.wav,IsabelChen_UC92p1kGFfaj3wWr5wymfXtA_y87WSds3ifs,585760,586984,1224
IsabelChen_UC92p1kGFfaj3wWr5wymfXtA_y87WSds3ifs_587296_592160.wav,IsabelChen_UC92p1kGFfaj3wWr5wymfXtA_y87WSds3ifs,587296,592160,4864
IsabelChen_UC92p1kGFfaj3wWr5wymfXtA_y87WSds3ifs_592320_594368.wav,IsabelChen_UC92p1kGFfaj3wWr5wymfXtA_y87WSds3ifs,592320,594368,2048
IsabelChen_UC92p1kGFfaj3wWr5wymfXtA_y87WSds3ifs_594560_596536.wav,IsabelChen_UC92p1kGFfaj3wWr5wymfXtA_y87WSds3ifs,594560,596536,1976
IsabelChen_UC92p1kGFfaj3wWr5wymfXtA_y87WSds3ifs_596728_599040.wav,IsabelChen_UC92p1kGFfaj3wWr5wymfXtA_y87WSds3ifs,596728,599040,2312
IsabelChen_UC92p1kGFfaj3wWr5wymfXtA_y87WSds3ifs_599256_600800.wav,IsabelChen_UC92p1kGFfaj3wWr5wymfXtA_y87WSds3ifs,599256,600800,1544
IsabelChen_UC92p1kGFfaj3wWr5wymfXtA_y87WSds3ifs_601304_609960.wav,IsabelChen_UC92p1kGFfaj3wWr5wymfXtA_y87WSds3ifs,601304,609960,8656
IsabelChen_UC92p1kGFfaj3wWr5wymfXtA_y87WSds3ifs_610368_613656.wav,IsabelChen_UC92p1kGFfaj3wWr5wymfXtA_y87WSds3ifs,610368,613656,3288
IsabelChen_UC92p1kGFfaj3wWr5wymfXtA_y87WSds3ifs_614264_616680.wav,IsabelChen_UC92p1kGFfaj3wWr5wymfXtA_y87WSds3ifs,614264,616680,2416
IsabelChen_UC92p1kGFfaj3wWr5wymfXtA_y87WSds3ifs_619224_629096.wav,IsabelChen_UC92p1kGFfaj3wWr5wymfXtA_y87WSds3ifs,619224,629096,9872
IsabelChen_UC92p1kGFfaj3wWr5wymfXtA_y87WSds3ifs_629376_631720.wav,IsabelChen_UC92p1kGFfaj3wWr5wymfXtA_y87WSds3ifs,629376,631720,2344
IsabelChen_UC92p1kGFfaj3wWr5wymfXtA_y87WSds3ifs_631912_637360.wav,IsabelChen_UC92p1kGFfaj3wWr5wymfXtA_y87WSds3ifs,631912,637360,5448
IsabelChen_UC92p1kGFfaj3wWr5wymfXtA_y87WSds3ifs_637704_643536.wav,IsabelChen_UC92p1kGFfaj3wWr5wymfXtA_y87WSds3ifs,637704,643536,5832
IsabelChen_UC92p1kGFfaj3wWr5wymfXtA_y87WSds3ifs_643648_644176.wav,IsabelChen_UC92p1kGFfaj3wWr5wymfXtA_y87WSds3ifs,643648,644176,528
IsabelChen_UC92p1kGFfaj3wWr5wymfXtA_y87WSds3ifs_644560_645152.wav,IsabelChen_UC92p1kGFfaj3wWr5wymfXtA_y87WSds3ifs,644560,645152,592
IsabelChen_UC92p1kGFfaj3wWr5wymfXtA_y87WSds3ifs_645664_648736.wav,IsabelChen_UC92p1kGFfaj3wWr5wymfXtA_y87WSds3ifs,645664,648736,3072
IsabelChen_UC92p1kGFfaj3wWr5wymfXtA_y87WSds3ifs_648936_649768.wav,IsabelChen_UC92p1kGFfaj3wWr5wymfXtA_y87WSds3ifs,648936,649768,832
IsabelChen_UC92p1kGFfaj3wWr5wymfXtA_y87WSds3ifs_650128_651584.wav,IsabelChen_UC92p1kGFfaj3wWr5wymfXtA_y87WSds3ifs,650128,651584,1456
IsabelChen_UC92p1kGFfaj3wWr5wymfXtA_y87WSds3ifs_651728_656048.wav,IsabelChen_UC92p1kGFfaj3wWr5wymfXtA_y87WSds3ifs,651728,656048,4320
IsabelChen_UC92p1kGFfaj3wWr5wymfXtA_y87WSds3ifs_656216_656352.wav,IsabelChen_UC92p1kGFfaj3wWr5wymfXtA_y87WSds3ifs,656216,656352,136
IsabelChen_UC92p1kGFfaj3wWr5wymfXtA_y87WSds3ifs_656536_661224.wav,IsabelChen_UC92p1kGFfaj3wWr5wymfXtA_y87WSds3ifs,656536,661224,4688
IsabelChen_UC92p1kGFfaj3wWr5wymfXtA_y87WSds3ifs_661680_666552.wav,IsabelChen_UC92p1kGFfaj3wWr5wymfXtA_y87WSds3ifs,661680,666552,4872
IsabelChen_UC92p1kGFfaj3wWr5wymfXtA_y87WSds3ifs_667072_667648.wav,IsabelChen_UC92p1kGFfaj3wWr5wymfXtA_y87WSds3ifs,667072,667648,576
IsabelChen_UC92p1kGFfaj3wWr5wymfXtA_y87WSds3ifs_667816_674064.wav,IsabelChen_UC92p1kGFfaj3wWr5wymfXtA_y87WSds3ifs,667816,674064,6248
IsabelChen_UC92p1kGFfaj3wWr5wymfXtA_y87WSds3ifs_674376_680688.wav,IsabelChen_UC92p1kGFfaj3wWr5wymfXtA_y87WSds3ifs,674376,680688,6312
IsabelChen_UC92p1kGFfaj3wWr5wymfXtA_y87WSds3ifs_680976_685400.wav,IsabelChen_UC92p1kGFfaj3wWr5wymfXtA_y87WSds3ifs,680976,685400,4424
IsabelChen_UC92p1kGFfaj3wWr5wymfXtA_y87WSds3ifs_685688_690176.wav,IsabelChen_UC92p1kGFfaj3wWr5wymfXtA_y87WSds3ifs,685688,690176,4488
IsabelChen_UC92p1kGFfaj3wWr5wymfXtA_y87WSds3ifs_690752_692040.wav,IsabelChen_UC92p1kGFfaj3wWr5wymfXtA_y87WSds3ifs,690752,692040,1288
IsabelChen_UC92p1kGFfaj3wWr5wymfXtA_y87WSds3ifs_692168_700104.wav,IsabelChen_UC92p1kGFfaj3wWr5wymfXtA_y87WSds3ifs,692168,700104,7936
IsabelChen_UC92p1kGFfaj3wWr5wymfXtA_y87WSds3ifs_700304_701488.wav,IsabelChen_UC92p1kGFfaj3wWr5wymfXtA_y87WSds3ifs,700304,701488,1184
IsabelChen_UC92p1kGFfaj3wWr5wymfXtA_y87WSds3ifs_702104_711760.wav,IsabelChen_UC92p1kGFfaj3wWr5wymfXtA_y87WSds3ifs,702104,711760,9656
IsabelChen_UC92p1kGFfaj3wWr5wymfXtA_y87WSds3ifs_712200_714728.wav,IsabelChen_UC92p1kGFfaj3wWr5wymfXtA_y87WSds3ifs,712200,714728,2528
IsabelChen_UC92p1kGFfaj3wWr5wymfXtA_y87WSds3ifs_715336_717280.wav,IsabelChen_UC92p1kGFfaj3wWr5wymfXtA_y87WSds3ifs,715336,717280,1944
IsabelChen_UC92p1kGFfaj3wWr5wymfXtA_y87WSds3ifs_717608_720968.wav,IsabelChen_UC92p1kGFfaj3wWr5wymfXtA_y87WSds3ifs,717608,720968,3360
IsabelChen_UC92p1kGFfaj3wWr5wymfXtA_y87WSds3ifs_721168_722592.wav,IsabelChen_UC92p1kGFfaj3wWr5wymfXtA_y87WSds3ifs,721168,722592,1424
IsabelChen_UC92p1kGFfaj3wWr5wymfXtA_y87WSds3ifs_722728_724720.wav,IsabelChen_UC92p1kGFfaj3wWr5wymfXtA_y87WSds3ifs,722728,724720,1992
IsabelChen_UC92p1kGFfaj3wWr5wymfXtA_y87WSds3ifs_724896_730928.wav,IsabelChen_UC92p1kGFfaj3wWr5wymfXtA_y87WSds3ifs,724896,730928,6032
IsabelChen_UC92p1kGFfaj3wWr5wymfXtA_y87WSds3ifs_731040_739024.wav,IsabelChen_UC92p1kGFfaj3wWr5wymfXtA_y87WSds3ifs,731040,739024,7984
IsabelChen_UC92p1kGFfaj3wWr5wymfXtA_y87WSds3ifs_739288_742648.wav,IsabelChen_UC92p1kGFfaj3wWr5wymfXtA_y87WSds3ifs,739288,742648,3360
IsabelChen_UC92p1kGFfaj3wWr5wymfXtA_y87WSds3ifs_743400_752864.wav,IsabelChen_UC92p1kGFfaj3wWr5wymfXtA_y87WSds3ifs,743400,752864,9464
IsabelChen_UC92p1kGFfaj3wWr5wymfXtA_y87WSds3ifs_753600_758665.wav,IsabelChen_UC92p1kGFfaj3wWr5wymfXtA_y87WSds3ifs,753600,758665,5065
