filename,video_id,start_time,end_time,duration
ChannelofChi_UCLfwDGHe5jEZSSGtw3ifUiQ_avPFLbxQZOI_0_9408.wav,ChannelofChi_UCLfwDGHe5jEZSSGtw3ifUiQ_avPFLbxQZOI,0,9408,9408
ChannelofChi_UCLfwDGHe5jEZSSGtw3ifUiQ_avPFLbxQZOI_9520_20016.wav,ChannelofChi_UCLfwDGHe5jEZSSGtw3ifUiQ_avPFLbxQZOI,9520,20016,10496
ChannelofChi_UCLfwDGHe5jEZSSGtw3ifUiQ_avPFLbxQZOI_20104_25328.wav,ChannelofChi_UCLfwDGHe5jEZSSGtw3ifUiQ_avPFLbxQZOI,20104,25328,5224
ChannelofChi_UCLfwDGHe5jEZSSGtw3ifUiQ_avPFLbxQZOI_25416_28464.wav,ChannelofChi_UCLfwDGHe5jEZSSGtw3ifUiQ_avPFLbxQZOI,25416,28464,3048
ChannelofChi_UCLfwDGHe5jEZSSGtw3ifUiQ_avPFLbxQZOI_28568_34432.wav,ChannelofChi_UCLfwDGHe5jEZSSGtw3ifUiQ_avPFLbxQZOI,28568,34432,5864
ChannelofChi_UCLfwDGHe5jEZSSGtw3ifUiQ_avPFLbxQZOI_34560_34768.wav,ChannelofChi_UCLfwDGHe5jEZSSGtw3ifUiQ_avPFLbxQZOI,34560,34768,208
ChannelofChi_UCLfwDGHe5jEZSSGtw3ifUiQ_avPFLbxQZOI_35024_37488.wav,ChannelofChi_UCLfwDGHe5jEZSSGtw3ifUiQ_avPFLbxQZOI,35024,37488,2464
ChannelofChi_UCLfwDGHe5jEZSSGtw3ifUiQ_avPFLbxQZOI_37720_42936.wav,ChannelofChi_UCLfwDGHe5jEZSSGtw3ifUiQ_avPFLbxQZOI,37720,42936,5216
ChannelofChi_UCLfwDGHe5jEZSSGtw3ifUiQ_avPFLbxQZOI_43048_55824.wav,ChannelofChi_UCLfwDGHe5jEZSSGtw3ifUiQ_avPFLbxQZOI,43048,55824,12776
ChannelofChi_UCLfwDGHe5jEZSSGtw3ifUiQ_avPFLbxQZOI_56048_59001.wav,ChannelofChi_UCLfwDGHe5jEZSSGtw3ifUiQ_avPFLbxQZOI,56048,59001,2953
ChannelofChi_UCLfwDGHe5jEZSSGtw3ifUiQ_avPFLbxQZOI_59409_60729.wav,ChannelofChi_UCLfwDGHe5jEZSSGtw3ifUiQ_avPFLbxQZOI,59409,60729,1320
ChannelofChi_UCLfwDGHe5jEZSSGtw3ifUiQ_avPFLbxQZOI_61113_67273.wav,ChannelofChi_UCLfwDGHe5jEZSSGtw3ifUiQ_avPFLbxQZOI,61113,67273,6160
ChannelofChi_UCLfwDGHe5jEZSSGtw3ifUiQ_avPFLbxQZOI_67905_68185.wav,ChannelofChi_UCLfwDGHe5jEZSSGtw3ifUiQ_avPFLbxQZOI,67905,68185,280
ChannelofChi_UCLfwDGHe5jEZSSGtw3ifUiQ_avPFLbxQZOI_68337_78939.wav,ChannelofChi_UCLfwDGHe5jEZSSGtw3ifUiQ_avPFLbxQZOI,68337,78939,10602
ChannelofChi_UCLfwDGHe5jEZSSGtw3ifUiQ_avPFLbxQZOI_79147_85485.wav,ChannelofChi_UCLfwDGHe5jEZSSGtw3ifUiQ_avPFLbxQZOI,79147,85485,6338
ChannelofChi_UCLfwDGHe5jEZSSGtw3ifUiQ_avPFLbxQZOI_85605_93005.wav,ChannelofChi_UCLfwDGHe5jEZSSGtw3ifUiQ_avPFLbxQZOI,85605,93005,7400
ChannelofChi_UCLfwDGHe5jEZSSGtw3ifUiQ_avPFLbxQZOI_93125_100245.wav,ChannelofChi_UCLfwDGHe5jEZSSGtw3ifUiQ_avPFLbxQZOI,93125,100245,7120
ChannelofChi_UCLfwDGHe5jEZSSGtw3ifUiQ_avPFLbxQZOI_100365_101373.wav,ChannelofChi_UCLfwDGHe5jEZSSGtw3ifUiQ_avPFLbxQZOI,100365,101373,1008
ChannelofChi_UCLfwDGHe5jEZSSGtw3ifUiQ_avPFLbxQZOI_101493_105013.wav,ChannelofChi_UCLfwDGHe5jEZSSGtw3ifUiQ_avPFLbxQZOI,101493,105013,3520
ChannelofChi_UCLfwDGHe5jEZSSGtw3ifUiQ_avPFLbxQZOI_105125_107033.wav,ChannelofChi_UCLfwDGHe5jEZSSGtw3ifUiQ_avPFLbxQZOI,105125,107033,1908
ChannelofChi_UCLfwDGHe5jEZSSGtw3ifUiQ_avPFLbxQZOI_107193_115513.wav,ChannelofChi_UCLfwDGHe5jEZSSGtw3ifUiQ_avPFLbxQZOI,107193,115513,8320
ChannelofChi_UCLfwDGHe5jEZSSGtw3ifUiQ_avPFLbxQZOI_115673_118329.wav,ChannelofChi_UCLfwDGHe5jEZSSGtw3ifUiQ_avPFLbxQZOI,115673,118329,2656
ChannelofChi_UCLfwDGHe5jEZSSGtw3ifUiQ_avPFLbxQZOI_121521_121777.wav,ChannelofChi_UCLfwDGHe5jEZSSGtw3ifUiQ_avPFLbxQZOI,121521,121777,256
ChannelofChi_UCLfwDGHe5jEZSSGtw3ifUiQ_avPFLbxQZOI_121777_127017.wav,ChannelofChi_UCLfwDGHe5jEZSSGtw3ifUiQ_avPFLbxQZOI,121777,127017,5240
ChannelofChi_UCLfwDGHe5jEZSSGtw3ifUiQ_avPFLbxQZOI_127257_141277.wav,ChannelofChi_UCLfwDGHe5jEZSSGtw3ifUiQ_avPFLbxQZOI,127257,141277,14020
ChannelofChi_UCLfwDGHe5jEZSSGtw3ifUiQ_avPFLbxQZOI_141405_146449.wav,ChannelofChi_UCLfwDGHe5jEZSSGtw3ifUiQ_avPFLbxQZOI,141405,146449,5044
ChannelofChi_UCLfwDGHe5jEZSSGtw3ifUiQ_avPFLbxQZOI_147201_153257.wav,ChannelofChi_UCLfwDGHe5jEZSSGtw3ifUiQ_avPFLbxQZOI,147201,153257,6056
ChannelofChi_UCLfwDGHe5jEZSSGtw3ifUiQ_avPFLbxQZOI_156049_162137.wav,ChannelofChi_UCLfwDGHe5jEZSSGtw3ifUiQ_avPFLbxQZOI,156049,162137,6088
ChannelofChi_UCLfwDGHe5jEZSSGtw3ifUiQ_avPFLbxQZOI_162929_163113.wav,ChannelofChi_UCLfwDGHe5jEZSSGtw3ifUiQ_avPFLbxQZOI,162929,163113,184
ChannelofChi_UCLfwDGHe5jEZSSGtw3ifUiQ_avPFLbxQZOI_163609_170873.wav,ChannelofChi_UCLfwDGHe5jEZSSGtw3ifUiQ_avPFLbxQZOI,163609,170873,7264
ChannelofChi_UCLfwDGHe5jEZSSGtw3ifUiQ_avPFLbxQZOI_171729_183757.wav,ChannelofChi_UCLfwDGHe5jEZSSGtw3ifUiQ_avPFLbxQZOI,171729,183757,12028
ChannelofChi_UCLfwDGHe5jEZSSGtw3ifUiQ_avPFLbxQZOI_183949_187961.wav,ChannelofChi_UCLfwDGHe5jEZSSGtw3ifUiQ_avPFLbxQZOI,183949,187961,4012
ChannelofChi_UCLfwDGHe5jEZSSGtw3ifUiQ_avPFLbxQZOI_191153_196381.wav,ChannelofChi_UCLfwDGHe5jEZSSGtw3ifUiQ_avPFLbxQZOI,191153,196381,5228
ChannelofChi_UCLfwDGHe5jEZSSGtw3ifUiQ_avPFLbxQZOI_196485_210225.wav,ChannelofChi_UCLfwDGHe5jEZSSGtw3ifUiQ_avPFLbxQZOI,196485,210225,13740
ChannelofChi_UCLfwDGHe5jEZSSGtw3ifUiQ_avPFLbxQZOI_210337_214313.wav,ChannelofChi_UCLfwDGHe5jEZSSGtw3ifUiQ_avPFLbxQZOI,210337,214313,3976
ChannelofChi_UCLfwDGHe5jEZSSGtw3ifUiQ_avPFLbxQZOI_214417_221089.wav,ChannelofChi_UCLfwDGHe5jEZSSGtw3ifUiQ_avPFLbxQZOI,214417,221089,6672
ChannelofChi_UCLfwDGHe5jEZSSGtw3ifUiQ_avPFLbxQZOI_221233_230561.wav,ChannelofChi_UCLfwDGHe5jEZSSGtw3ifUiQ_avPFLbxQZOI,221233,230561,9328
ChannelofChi_UCLfwDGHe5jEZSSGtw3ifUiQ_avPFLbxQZOI_230753_242849.wav,ChannelofChi_UCLfwDGHe5jEZSSGtw3ifUiQ_avPFLbxQZOI,230753,242849,12096
ChannelofChi_UCLfwDGHe5jEZSSGtw3ifUiQ_avPFLbxQZOI_243057_256881.wav,ChannelofChi_UCLfwDGHe5jEZSSGtw3ifUiQ_avPFLbxQZOI,243057,256881,13824
ChannelofChi_UCLfwDGHe5jEZSSGtw3ifUiQ_avPFLbxQZOI_257377_260555.wav,ChannelofChi_UCLfwDGHe5jEZSSGtw3ifUiQ_avPFLbxQZOI,257377,260555,3178
ChannelofChi_UCLfwDGHe5jEZSSGtw3ifUiQ_avPFLbxQZOI_260659_264995.wav,ChannelofChi_UCLfwDGHe5jEZSSGtw3ifUiQ_avPFLbxQZOI,260659,264995,4336
ChannelofChi_UCLfwDGHe5jEZSSGtw3ifUiQ_avPFLbxQZOI_265107_272853.wav,ChannelofChi_UCLfwDGHe5jEZSSGtw3ifUiQ_avPFLbxQZOI,265107,272853,7746
ChannelofChi_UCLfwDGHe5jEZSSGtw3ifUiQ_avPFLbxQZOI_273005_276921.wav,ChannelofChi_UCLfwDGHe5jEZSSGtw3ifUiQ_avPFLbxQZOI,273005,276921,3916
ChannelofChi_UCLfwDGHe5jEZSSGtw3ifUiQ_avPFLbxQZOI_277673_282681.wav,ChannelofChi_UCLfwDGHe5jEZSSGtw3ifUiQ_avPFLbxQZOI,277673,282681,5008
ChannelofChi_UCLfwDGHe5jEZSSGtw3ifUiQ_avPFLbxQZOI_284025_297329.wav,ChannelofChi_UCLfwDGHe5jEZSSGtw3ifUiQ_avPFLbxQZOI,284025,297329,13304
ChannelofChi_UCLfwDGHe5jEZSSGtw3ifUiQ_avPFLbxQZOI_298137_312445.wav,ChannelofChi_UCLfwDGHe5jEZSSGtw3ifUiQ_avPFLbxQZOI,298137,312445,14308
ChannelofChi_UCLfwDGHe5jEZSSGtw3ifUiQ_avPFLbxQZOI_312549_341753.wav,ChannelofChi_UCLfwDGHe5jEZSSGtw3ifUiQ_avPFLbxQZOI,312549,341753,29204
ChannelofChi_UCLfwDGHe5jEZSSGtw3ifUiQ_avPFLbxQZOI_342305_354986.wav,ChannelofChi_UCLfwDGHe5jEZSSGtw3ifUiQ_avPFLbxQZOI,342305,354986,12681
ChannelofChi_UCLfwDGHe5jEZSSGtw3ifUiQ_avPFLbxQZOI_355106_362243.wav,ChannelofChi_UCLfwDGHe5jEZSSGtw3ifUiQ_avPFLbxQZOI,355106,362243,7137
ChannelofChi_UCLfwDGHe5jEZSSGtw3ifUiQ_avPFLbxQZOI_362371_375053.wav,ChannelofChi_UCLfwDGHe5jEZSSGtw3ifUiQ_avPFLbxQZOI,362371,375053,12682
ChannelofChi_UCLfwDGHe5jEZSSGtw3ifUiQ_avPFLbxQZOI_375485_378033.wav,ChannelofChi_UCLfwDGHe5jEZSSGtw3ifUiQ_avPFLbxQZOI,375485,378033,2548
ChannelofChi_UCLfwDGHe5jEZSSGtw3ifUiQ_avPFLbxQZOI_378641_385945.wav,ChannelofChi_UCLfwDGHe5jEZSSGtw3ifUiQ_avPFLbxQZOI,378641,385945,7304
ChannelofChi_UCLfwDGHe5jEZSSGtw3ifUiQ_avPFLbxQZOI_386593_391145.wav,ChannelofChi_UCLfwDGHe5jEZSSGtw3ifUiQ_avPFLbxQZOI,386593,391145,4552
ChannelofChi_UCLfwDGHe5jEZSSGtw3ifUiQ_avPFLbxQZOI_391353_393009.wav,ChannelofChi_UCLfwDGHe5jEZSSGtw3ifUiQ_avPFLbxQZOI,391353,393009,1656
ChannelofChi_UCLfwDGHe5jEZSSGtw3ifUiQ_avPFLbxQZOI_393233_394401.wav,ChannelofChi_UCLfwDGHe5jEZSSGtw3ifUiQ_avPFLbxQZOI,393233,394401,1168
ChannelofChi_UCLfwDGHe5jEZSSGtw3ifUiQ_avPFLbxQZOI_394521_409033.wav,ChannelofChi_UCLfwDGHe5jEZSSGtw3ifUiQ_avPFLbxQZOI,394521,409033,14512
ChannelofChi_UCLfwDGHe5jEZSSGtw3ifUiQ_avPFLbxQZOI_409249_416057.wav,ChannelofChi_UCLfwDGHe5jEZSSGtw3ifUiQ_avPFLbxQZOI,409249,416057,6808
ChannelofChi_UCLfwDGHe5jEZSSGtw3ifUiQ_avPFLbxQZOI_416193_425953.wav,ChannelofChi_UCLfwDGHe5jEZSSGtw3ifUiQ_avPFLbxQZOI,416193,425953,9760
ChannelofChi_UCLfwDGHe5jEZSSGtw3ifUiQ_avPFLbxQZOI_426121_435017.wav,ChannelofChi_UCLfwDGHe5jEZSSGtw3ifUiQ_avPFLbxQZOI,426121,435017,8896
ChannelofChi_UCLfwDGHe5jEZSSGtw3ifUiQ_avPFLbxQZOI_435361_437009.wav,ChannelofChi_UCLfwDGHe5jEZSSGtw3ifUiQ_avPFLbxQZOI,435361,437009,1648
ChannelofChi_UCLfwDGHe5jEZSSGtw3ifUiQ_avPFLbxQZOI_437161_441265.wav,ChannelofChi_UCLfwDGHe5jEZSSGtw3ifUiQ_avPFLbxQZOI,437161,441265,4104
ChannelofChi_UCLfwDGHe5jEZSSGtw3ifUiQ_avPFLbxQZOI_441465_443257.wav,ChannelofChi_UCLfwDGHe5jEZSSGtw3ifUiQ_avPFLbxQZOI,441465,443257,1792
ChannelofChi_UCLfwDGHe5jEZSSGtw3ifUiQ_avPFLbxQZOI_443385_452905.wav,ChannelofChi_UCLfwDGHe5jEZSSGtw3ifUiQ_avPFLbxQZOI,443385,452905,9520
ChannelofChi_UCLfwDGHe5jEZSSGtw3ifUiQ_avPFLbxQZOI_453049_453945.wav,ChannelofChi_UCLfwDGHe5jEZSSGtw3ifUiQ_avPFLbxQZOI,453049,453945,896
ChannelofChi_UCLfwDGHe5jEZSSGtw3ifUiQ_avPFLbxQZOI_454105_457849.wav,ChannelofChi_UCLfwDGHe5jEZSSGtw3ifUiQ_avPFLbxQZOI,454105,457849,3744
ChannelofChi_UCLfwDGHe5jEZSSGtw3ifUiQ_avPFLbxQZOI_458009_459761.wav,ChannelofChi_UCLfwDGHe5jEZSSGtw3ifUiQ_avPFLbxQZOI,458009,459761,1752
ChannelofChi_UCLfwDGHe5jEZSSGtw3ifUiQ_avPFLbxQZOI_460153_462929.wav,ChannelofChi_UCLfwDGHe5jEZSSGtw3ifUiQ_avPFLbxQZOI,460153,462929,2776
ChannelofChi_UCLfwDGHe5jEZSSGtw3ifUiQ_avPFLbxQZOI_463321_463441.wav,ChannelofChi_UCLfwDGHe5jEZSSGtw3ifUiQ_avPFLbxQZOI,463321,463441,120
ChannelofChi_UCLfwDGHe5jEZSSGtw3ifUiQ_avPFLbxQZOI_463441_470241.wav,ChannelofChi_UCLfwDGHe5jEZSSGtw3ifUiQ_avPFLbxQZOI,463441,470241,6800
ChannelofChi_UCLfwDGHe5jEZSSGtw3ifUiQ_avPFLbxQZOI_470361_482017.wav,ChannelofChi_UCLfwDGHe5jEZSSGtw3ifUiQ_avPFLbxQZOI,470361,482017,11656
ChannelofChi_UCLfwDGHe5jEZSSGtw3ifUiQ_avPFLbxQZOI_482185_484553.wav,ChannelofChi_UCLfwDGHe5jEZSSGtw3ifUiQ_avPFLbxQZOI,482185,484553,2368
ChannelofChi_UCLfwDGHe5jEZSSGtw3ifUiQ_avPFLbxQZOI_484777_490275.wav,ChannelofChi_UCLfwDGHe5jEZSSGtw3ifUiQ_avPFLbxQZOI,484777,490275,5498
ChannelofChi_UCLfwDGHe5jEZSSGtw3ifUiQ_avPFLbxQZOI_490379_497420.wav,ChannelofChi_UCLfwDGHe5jEZSSGtw3ifUiQ_avPFLbxQZOI,490379,497420,7041
ChannelofChi_UCLfwDGHe5jEZSSGtw3ifUiQ_avPFLbxQZOI_497508_498828.wav,ChannelofChi_UCLfwDGHe5jEZSSGtw3ifUiQ_avPFLbxQZOI,497508,498828,1320
ChannelofChi_UCLfwDGHe5jEZSSGtw3ifUiQ_avPFLbxQZOI_498916_500700.wav,ChannelofChi_UCLfwDGHe5jEZSSGtw3ifUiQ_avPFLbxQZOI,498916,500700,1784
ChannelofChi_UCLfwDGHe5jEZSSGtw3ifUiQ_avPFLbxQZOI_500788_506221.wav,ChannelofChi_UCLfwDGHe5jEZSSGtw3ifUiQ_avPFLbxQZOI,500788,506221,5433
ChannelofChi_UCLfwDGHe5jEZSSGtw3ifUiQ_avPFLbxQZOI_506429_506849.wav,ChannelofChi_UCLfwDGHe5jEZSSGtw3ifUiQ_avPFLbxQZOI,506429,506849,420
ChannelofChi_UCLfwDGHe5jEZSSGtw3ifUiQ_avPFLbxQZOI_507073_507665.wav,ChannelofChi_UCLfwDGHe5jEZSSGtw3ifUiQ_avPFLbxQZOI,507073,507665,592
ChannelofChi_UCLfwDGHe5jEZSSGtw3ifUiQ_avPFLbxQZOI_510817_518091.wav,ChannelofChi_UCLfwDGHe5jEZSSGtw3ifUiQ_avPFLbxQZOI,510817,518091,7274
ChannelofChi_UCLfwDGHe5jEZSSGtw3ifUiQ_avPFLbxQZOI_518195_535109.wav,ChannelofChi_UCLfwDGHe5jEZSSGtw3ifUiQ_avPFLbxQZOI,518195,535109,16914
ChannelofChi_UCLfwDGHe5jEZSSGtw3ifUiQ_avPFLbxQZOI_535325_535713.wav,ChannelofChi_UCLfwDGHe5jEZSSGtw3ifUiQ_avPFLbxQZOI,535325,535713,388
ChannelofChi_UCLfwDGHe5jEZSSGtw3ifUiQ_avPFLbxQZOI_535849_549309.wav,ChannelofChi_UCLfwDGHe5jEZSSGtw3ifUiQ_avPFLbxQZOI,535849,549309,13460
ChannelofChi_UCLfwDGHe5jEZSSGtw3ifUiQ_avPFLbxQZOI_549541_550961.wav,ChannelofChi_UCLfwDGHe5jEZSSGtw3ifUiQ_avPFLbxQZOI,549541,550961,1420
ChannelofChi_UCLfwDGHe5jEZSSGtw3ifUiQ_avPFLbxQZOI_551241_556457.wav,ChannelofChi_UCLfwDGHe5jEZSSGtw3ifUiQ_avPFLbxQZOI,551241,556457,5216
ChannelofChi_UCLfwDGHe5jEZSSGtw3ifUiQ_avPFLbxQZOI_557913_558217.wav,ChannelofChi_UCLfwDGHe5jEZSSGtw3ifUiQ_avPFLbxQZOI,557913,558217,304
ChannelofChi_UCLfwDGHe5jEZSSGtw3ifUiQ_avPFLbxQZOI_558217_560769.wav,ChannelofChi_UCLfwDGHe5jEZSSGtw3ifUiQ_avPFLbxQZOI,558217,560769,2552
ChannelofChi_UCLfwDGHe5jEZSSGtw3ifUiQ_avPFLbxQZOI_560953_570145.wav,ChannelofChi_UCLfwDGHe5jEZSSGtw3ifUiQ_avPFLbxQZOI,560953,570145,9192
ChannelofChi_UCLfwDGHe5jEZSSGtw3ifUiQ_avPFLbxQZOI_570569_571435.wav,ChannelofChi_UCLfwDGHe5jEZSSGtw3ifUiQ_avPFLbxQZOI,570569,571435,866
ChannelofChi_UCLfwDGHe5jEZSSGtw3ifUiQ_avPFLbxQZOI_571539_584691.wav,ChannelofChi_UCLfwDGHe5jEZSSGtw3ifUiQ_avPFLbxQZOI,571539,584691,13152
ChannelofChi_UCLfwDGHe5jEZSSGtw3ifUiQ_avPFLbxQZOI_584803_587587.wav,ChannelofChi_UCLfwDGHe5jEZSSGtw3ifUiQ_avPFLbxQZOI,584803,587587,2784
ChannelofChi_UCLfwDGHe5jEZSSGtw3ifUiQ_avPFLbxQZOI_587699_588077.wav,ChannelofChi_UCLfwDGHe5jEZSSGtw3ifUiQ_avPFLbxQZOI,587699,588077,378
ChannelofChi_UCLfwDGHe5jEZSSGtw3ifUiQ_avPFLbxQZOI_588285_591681.wav,ChannelofChi_UCLfwDGHe5jEZSSGtw3ifUiQ_avPFLbxQZOI,588285,591681,3396
ChannelofChi_UCLfwDGHe5jEZSSGtw3ifUiQ_avPFLbxQZOI_592105_592611.wav,ChannelofChi_UCLfwDGHe5jEZSSGtw3ifUiQ_avPFLbxQZOI,592105,592611,506
ChannelofChi_UCLfwDGHe5jEZSSGtw3ifUiQ_avPFLbxQZOI_592795_599739.wav,ChannelofChi_UCLfwDGHe5jEZSSGtw3ifUiQ_avPFLbxQZOI,592795,599739,6944
ChannelofChi_UCLfwDGHe5jEZSSGtw3ifUiQ_avPFLbxQZOI_599819_610603.wav,ChannelofChi_UCLfwDGHe5jEZSSGtw3ifUiQ_avPFLbxQZOI,599819,610603,10784
ChannelofChi_UCLfwDGHe5jEZSSGtw3ifUiQ_avPFLbxQZOI_610691_619835.wav,ChannelofChi_UCLfwDGHe5jEZSSGtw3ifUiQ_avPFLbxQZOI,610691,619835,9144
ChannelofChi_UCLfwDGHe5jEZSSGtw3ifUiQ_avPFLbxQZOI_619987_622557.wav,ChannelofChi_UCLfwDGHe5jEZSSGtw3ifUiQ_avPFLbxQZOI,619987,622557,2570
ChannelofChi_UCLfwDGHe5jEZSSGtw3ifUiQ_avPFLbxQZOI_622821_633721.wav,ChannelofChi_UCLfwDGHe5jEZSSGtw3ifUiQ_avPFLbxQZOI,622821,633721,10900
ChannelofChi_UCLfwDGHe5jEZSSGtw3ifUiQ_avPFLbxQZOI_634193_643593.wav,ChannelofChi_UCLfwDGHe5jEZSSGtw3ifUiQ_avPFLbxQZOI,634193,643593,9400
ChannelofChi_UCLfwDGHe5jEZSSGtw3ifUiQ_avPFLbxQZOI_643825_646497.wav,ChannelofChi_UCLfwDGHe5jEZSSGtw3ifUiQ_avPFLbxQZOI,643825,646497,2672
ChannelofChi_UCLfwDGHe5jEZSSGtw3ifUiQ_avPFLbxQZOI_647025_647681.wav,ChannelofChi_UCLfwDGHe5jEZSSGtw3ifUiQ_avPFLbxQZOI,647025,647681,656
ChannelofChi_UCLfwDGHe5jEZSSGtw3ifUiQ_avPFLbxQZOI_648153_653721.wav,ChannelofChi_UCLfwDGHe5jEZSSGtw3ifUiQ_avPFLbxQZOI,648153,653721,5568
ChannelofChi_UCLfwDGHe5jEZSSGtw3ifUiQ_avPFLbxQZOI_653937_659813.wav,ChannelofChi_UCLfwDGHe5jEZSSGtw3ifUiQ_avPFLbxQZOI,653937,659813,5876
ChannelofChi_UCLfwDGHe5jEZSSGtw3ifUiQ_avPFLbxQZOI_660005_661561.wav,ChannelofChi_UCLfwDGHe5jEZSSGtw3ifUiQ_avPFLbxQZOI,660005,661561,1556
ChannelofChi_UCLfwDGHe5jEZSSGtw3ifUiQ_avPFLbxQZOI_661793_669169.wav,ChannelofChi_UCLfwDGHe5jEZSSGtw3ifUiQ_avPFLbxQZOI,661793,669169,7376
ChannelofChi_UCLfwDGHe5jEZSSGtw3ifUiQ_avPFLbxQZOI_669769_670521.wav,ChannelofChi_UCLfwDGHe5jEZSSGtw3ifUiQ_avPFLbxQZOI,669769,670521,752
ChannelofChi_UCLfwDGHe5jEZSSGtw3ifUiQ_avPFLbxQZOI_673201_673421.wav,ChannelofChi_UCLfwDGHe5jEZSSGtw3ifUiQ_avPFLbxQZOI,673201,673421,220
ChannelofChi_UCLfwDGHe5jEZSSGtw3ifUiQ_avPFLbxQZOI_673421_675423.wav,ChannelofChi_UCLfwDGHe5jEZSSGtw3ifUiQ_avPFLbxQZOI,673421,675423,2002
ChannelofChi_UCLfwDGHe5jEZSSGtw3ifUiQ_avPFLbxQZOI_675591_685475.wav,ChannelofChi_UCLfwDGHe5jEZSSGtw3ifUiQ_avPFLbxQZOI,675591,685475,9884
ChannelofChi_UCLfwDGHe5jEZSSGtw3ifUiQ_avPFLbxQZOI_685619_686259.wav,ChannelofChi_UCLfwDGHe5jEZSSGtw3ifUiQ_avPFLbxQZOI,685619,686259,640
ChannelofChi_UCLfwDGHe5jEZSSGtw3ifUiQ_avPFLbxQZOI_686387_688069.wav,ChannelofChi_UCLfwDGHe5jEZSSGtw3ifUiQ_avPFLbxQZOI,686387,688069,1682
ChannelofChi_UCLfwDGHe5jEZSSGtw3ifUiQ_avPFLbxQZOI_688189_704295.wav,ChannelofChi_UCLfwDGHe5jEZSSGtw3ifUiQ_avPFLbxQZOI,688189,704295,16106
ChannelofChi_UCLfwDGHe5jEZSSGtw3ifUiQ_avPFLbxQZOI_704479_710713.wav,ChannelofChi_UCLfwDGHe5jEZSSGtw3ifUiQ_avPFLbxQZOI,704479,710713,6234
ChannelofChi_UCLfwDGHe5jEZSSGtw3ifUiQ_avPFLbxQZOI_710985_720589.wav,ChannelofChi_UCLfwDGHe5jEZSSGtw3ifUiQ_avPFLbxQZOI,710985,720589,9604
ChannelofChi_UCLfwDGHe5jEZSSGtw3ifUiQ_avPFLbxQZOI_720749_727577.wav,ChannelofChi_UCLfwDGHe5jEZSSGtw3ifUiQ_avPFLbxQZOI,720749,727577,6828
ChannelofChi_UCLfwDGHe5jEZSSGtw3ifUiQ_avPFLbxQZOI_727937_739457.wav,ChannelofChi_UCLfwDGHe5jEZSSGtw3ifUiQ_avPFLbxQZOI,727937,739457,11520
ChannelofChi_UCLfwDGHe5jEZSSGtw3ifUiQ_avPFLbxQZOI_739977_751249.wav,ChannelofChi_UCLfwDGHe5jEZSSGtw3ifUiQ_avPFLbxQZOI,739977,751249,11272
ChannelofChi_UCLfwDGHe5jEZSSGtw3ifUiQ_avPFLbxQZOI_751457_755681.wav,ChannelofChi_UCLfwDGHe5jEZSSGtw3ifUiQ_avPFLbxQZOI,751457,755681,4224
ChannelofChi_UCLfwDGHe5jEZSSGtw3ifUiQ_avPFLbxQZOI_755865_759745.wav,ChannelofChi_UCLfwDGHe5jEZSSGtw3ifUiQ_avPFLbxQZOI,755865,759745,3880
ChannelofChi_UCLfwDGHe5jEZSSGtw3ifUiQ_avPFLbxQZOI_760489_768689.wav,ChannelofChi_UCLfwDGHe5jEZSSGtw3ifUiQ_avPFLbxQZOI,760489,768689,8200
ChannelofChi_UCLfwDGHe5jEZSSGtw3ifUiQ_avPFLbxQZOI_769641_779113.wav,ChannelofChi_UCLfwDGHe5jEZSSGtw3ifUiQ_avPFLbxQZOI,769641,779113,9472
ChannelofChi_UCLfwDGHe5jEZSSGtw3ifUiQ_avPFLbxQZOI_782081_782337.wav,ChannelofChi_UCLfwDGHe5jEZSSGtw3ifUiQ_avPFLbxQZOI,782081,782337,256
ChannelofChi_UCLfwDGHe5jEZSSGtw3ifUiQ_avPFLbxQZOI_782337_784369.wav,ChannelofChi_UCLfwDGHe5jEZSSGtw3ifUiQ_avPFLbxQZOI,782337,784369,2032
ChannelofChi_UCLfwDGHe5jEZSSGtw3ifUiQ_avPFLbxQZOI_784529_804681.wav,ChannelofChi_UCLfwDGHe5jEZSSGtw3ifUiQ_avPFLbxQZOI,784529,804681,20152
ChannelofChi_UCLfwDGHe5jEZSSGtw3ifUiQ_avPFLbxQZOI_804785_805745.wav,ChannelofChi_UCLfwDGHe5jEZSSGtw3ifUiQ_avPFLbxQZOI,804785,805745,960
ChannelofChi_UCLfwDGHe5jEZSSGtw3ifUiQ_avPFLbxQZOI_806033_819313.wav,ChannelofChi_UCLfwDGHe5jEZSSGtw3ifUiQ_avPFLbxQZOI,806033,819313,13280
ChannelofChi_UCLfwDGHe5jEZSSGtw3ifUiQ_avPFLbxQZOI_819513_825377.wav,ChannelofChi_UCLfwDGHe5jEZSSGtw3ifUiQ_avPFLbxQZOI,819513,825377,5864
ChannelofChi_UCLfwDGHe5jEZSSGtw3ifUiQ_avPFLbxQZOI_826185_837163.wav,ChannelofChi_UCLfwDGHe5jEZSSGtw3ifUiQ_avPFLbxQZOI,826185,837163,10978
ChannelofChi_UCLfwDGHe5jEZSSGtw3ifUiQ_avPFLbxQZOI_837275_841989.wav,ChannelofChi_UCLfwDGHe5jEZSSGtw3ifUiQ_avPFLbxQZOI,837275,841989,4714
ChannelofChi_UCLfwDGHe5jEZSSGtw3ifUiQ_avPFLbxQZOI_842665_846993.wav,ChannelofChi_UCLfwDGHe5jEZSSGtw3ifUiQ_avPFLbxQZOI,842665,846993,4328
ChannelofChi_UCLfwDGHe5jEZSSGtw3ifUiQ_avPFLbxQZOI_850265_863789.wav,ChannelofChi_UCLfwDGHe5jEZSSGtw3ifUiQ_avPFLbxQZOI,850265,863789,13524
ChannelofChi_UCLfwDGHe5jEZSSGtw3ifUiQ_avPFLbxQZOI_863949_875591.wav,ChannelofChi_UCLfwDGHe5jEZSSGtw3ifUiQ_avPFLbxQZOI,863949,875591,11642
ChannelofChi_UCLfwDGHe5jEZSSGtw3ifUiQ_avPFLbxQZOI_875679_886687.wav,ChannelofChi_UCLfwDGHe5jEZSSGtw3ifUiQ_avPFLbxQZOI,875679,886687,11008
ChannelofChi_UCLfwDGHe5jEZSSGtw3ifUiQ_avPFLbxQZOI_887361_900353.wav,ChannelofChi_UCLfwDGHe5jEZSSGtw3ifUiQ_avPFLbxQZOI,887361,900353,12992
ChannelofChi_UCLfwDGHe5jEZSSGtw3ifUiQ_avPFLbxQZOI_900553_901785.wav,ChannelofChi_UCLfwDGHe5jEZSSGtw3ifUiQ_avPFLbxQZOI,900553,901785,1232
ChannelofChi_UCLfwDGHe5jEZSSGtw3ifUiQ_avPFLbxQZOI_901953_914041.wav,ChannelofChi_UCLfwDGHe5jEZSSGtw3ifUiQ_avPFLbxQZOI,901953,914041,12088
ChannelofChi_UCLfwDGHe5jEZSSGtw3ifUiQ_avPFLbxQZOI_914153_916729.wav,ChannelofChi_UCLfwDGHe5jEZSSGtw3ifUiQ_avPFLbxQZOI,914153,916729,2576
ChannelofChi_UCLfwDGHe5jEZSSGtw3ifUiQ_avPFLbxQZOI_916833_930233.wav,ChannelofChi_UCLfwDGHe5jEZSSGtw3ifUiQ_avPFLbxQZOI,916833,930233,13400
ChannelofChi_UCLfwDGHe5jEZSSGtw3ifUiQ_avPFLbxQZOI_930353_934145.wav,ChannelofChi_UCLfwDGHe5jEZSSGtw3ifUiQ_avPFLbxQZOI,930353,934145,3792
ChannelofChi_UCLfwDGHe5jEZSSGtw3ifUiQ_avPFLbxQZOI_937521_940907.wav,ChannelofChi_UCLfwDGHe5jEZSSGtw3ifUiQ_avPFLbxQZOI,937521,940907,3386
ChannelofChi_UCLfwDGHe5jEZSSGtw3ifUiQ_avPFLbxQZOI_940987_955405.wav,ChannelofChi_UCLfwDGHe5jEZSSGtw3ifUiQ_avPFLbxQZOI,940987,955405,14418
ChannelofChi_UCLfwDGHe5jEZSSGtw3ifUiQ_avPFLbxQZOI_955501_958145.wav,ChannelofChi_UCLfwDGHe5jEZSSGtw3ifUiQ_avPFLbxQZOI,955501,958145,2644
ChannelofChi_UCLfwDGHe5jEZSSGtw3ifUiQ_avPFLbxQZOI_958249_964141.wav,ChannelofChi_UCLfwDGHe5jEZSSGtw3ifUiQ_avPFLbxQZOI,958249,964141,5892
ChannelofChi_UCLfwDGHe5jEZSSGtw3ifUiQ_avPFLbxQZOI_964237_966437.wav,ChannelofChi_UCLfwDGHe5jEZSSGtw3ifUiQ_avPFLbxQZOI,964237,966437,2200
ChannelofChi_UCLfwDGHe5jEZSSGtw3ifUiQ_avPFLbxQZOI_966525_972813.wav,ChannelofChi_UCLfwDGHe5jEZSSGtw3ifUiQ_avPFLbxQZOI,966525,972813,6288
ChannelofChi_UCLfwDGHe5jEZSSGtw3ifUiQ_avPFLbxQZOI_972893_979301.wav,ChannelofChi_UCLfwDGHe5jEZSSGtw3ifUiQ_avPFLbxQZOI,972893,979301,6408
ChannelofChi_UCLfwDGHe5jEZSSGtw3ifUiQ_avPFLbxQZOI_979381_981565.wav,ChannelofChi_UCLfwDGHe5jEZSSGtw3ifUiQ_avPFLbxQZOI,979381,981565,2184
ChannelofChi_UCLfwDGHe5jEZSSGtw3ifUiQ_avPFLbxQZOI_981653_982245.wav,ChannelofChi_UCLfwDGHe5jEZSSGtw3ifUiQ_avPFLbxQZOI,981653,982245,592
ChannelofChi_UCLfwDGHe5jEZSSGtw3ifUiQ_avPFLbxQZOI_982825_992589.wav,ChannelofChi_UCLfwDGHe5jEZSSGtw3ifUiQ_avPFLbxQZOI,982825,992589,9764
ChannelofChi_UCLfwDGHe5jEZSSGtw3ifUiQ_avPFLbxQZOI_992717_993217.wav,ChannelofChi_UCLfwDGHe5jEZSSGtw3ifUiQ_avPFLbxQZOI,992717,993217,500
ChannelofChi_UCLfwDGHe5jEZSSGtw3ifUiQ_avPFLbxQZOI_993985_1005315.wav,ChannelofChi_UCLfwDGHe5jEZSSGtw3ifUiQ_avPFLbxQZOI,993985,1005315,11330
ChannelofChi_UCLfwDGHe5jEZSSGtw3ifUiQ_avPFLbxQZOI_1005443_1016292.wav,ChannelofChi_UCLfwDGHe5jEZSSGtw3ifUiQ_avPFLbxQZOI,1005443,1016292,10849
ChannelofChi_UCLfwDGHe5jEZSSGtw3ifUiQ_avPFLbxQZOI_1016452_1025357.wav,ChannelofChi_UCLfwDGHe5jEZSSGtw3ifUiQ_avPFLbxQZOI,1016452,1025357,8905
ChannelofChi_UCLfwDGHe5jEZSSGtw3ifUiQ_avPFLbxQZOI_1025541_1027961.wav,ChannelofChi_UCLfwDGHe5jEZSSGtw3ifUiQ_avPFLbxQZOI,1025541,1027961,2420
ChannelofChi_UCLfwDGHe5jEZSSGtw3ifUiQ_avPFLbxQZOI_1031329_1037689.wav,ChannelofChi_UCLfwDGHe5jEZSSGtw3ifUiQ_avPFLbxQZOI,1031329,1037689,6360
ChannelofChi_UCLfwDGHe5jEZSSGtw3ifUiQ_avPFLbxQZOI_1038033_1055362.wav,ChannelofChi_UCLfwDGHe5jEZSSGtw3ifUiQ_avPFLbxQZOI,1038033,1055362,17329
ChannelofChi_UCLfwDGHe5jEZSSGtw3ifUiQ_avPFLbxQZOI_1055442_1061243.wav,ChannelofChi_UCLfwDGHe5jEZSSGtw3ifUiQ_avPFLbxQZOI,1055442,1061243,5801
ChannelofChi_UCLfwDGHe5jEZSSGtw3ifUiQ_avPFLbxQZOI_1061379_1064260.wav,ChannelofChi_UCLfwDGHe5jEZSSGtw3ifUiQ_avPFLbxQZOI,1061379,1064260,2881
ChannelofChi_UCLfwDGHe5jEZSSGtw3ifUiQ_avPFLbxQZOI_1064388_1064580.wav,ChannelofChi_UCLfwDGHe5jEZSSGtw3ifUiQ_avPFLbxQZOI,1064388,1064580,192
ChannelofChi_UCLfwDGHe5jEZSSGtw3ifUiQ_avPFLbxQZOI_1064684_1071741.wav,ChannelofChi_UCLfwDGHe5jEZSSGtw3ifUiQ_avPFLbxQZOI,1064684,1071741,7057
ChannelofChi_UCLfwDGHe5jEZSSGtw3ifUiQ_avPFLbxQZOI_1071997_1074125.wav,ChannelofChi_UCLfwDGHe5jEZSSGtw3ifUiQ_avPFLbxQZOI,1071997,1074125,2128
ChannelofChi_UCLfwDGHe5jEZSSGtw3ifUiQ_avPFLbxQZOI_1074221_1079013.wav,ChannelofChi_UCLfwDGHe5jEZSSGtw3ifUiQ_avPFLbxQZOI,1074221,1079013,4792
ChannelofChi_UCLfwDGHe5jEZSSGtw3ifUiQ_avPFLbxQZOI_1079101_1086157.wav,ChannelofChi_UCLfwDGHe5jEZSSGtw3ifUiQ_avPFLbxQZOI,1079101,1086157,7056
ChannelofChi_UCLfwDGHe5jEZSSGtw3ifUiQ_avPFLbxQZOI_1086277_1094165.wav,ChannelofChi_UCLfwDGHe5jEZSSGtw3ifUiQ_avPFLbxQZOI,1086277,1094165,7888
ChannelofChi_UCLfwDGHe5jEZSSGtw3ifUiQ_avPFLbxQZOI_1094557_1094719.wav,ChannelofChi_UCLfwDGHe5jEZSSGtw3ifUiQ_avPFLbxQZOI,1094557,1094719,162
ChannelofChi_UCLfwDGHe5jEZSSGtw3ifUiQ_avPFLbxQZOI_1094903_1100323.wav,ChannelofChi_UCLfwDGHe5jEZSSGtw3ifUiQ_avPFLbxQZOI,1094903,1100323,5420
ChannelofChi_UCLfwDGHe5jEZSSGtw3ifUiQ_avPFLbxQZOI_1100475_1107167.wav,ChannelofChi_UCLfwDGHe5jEZSSGtw3ifUiQ_avPFLbxQZOI,1100475,1107167,6692
ChannelofChi_UCLfwDGHe5jEZSSGtw3ifUiQ_avPFLbxQZOI_1107359_1112872.wav,ChannelofChi_UCLfwDGHe5jEZSSGtw3ifUiQ_avPFLbxQZOI,1107359,1112872,5513
ChannelofChi_UCLfwDGHe5jEZSSGtw3ifUiQ_avPFLbxQZOI_1112992_1124992.wav,ChannelofChi_UCLfwDGHe5jEZSSGtw3ifUiQ_avPFLbxQZOI,1112992,1124992,12000
ChannelofChi_UCLfwDGHe5jEZSSGtw3ifUiQ_avPFLbxQZOI_1125104_1126736.wav,ChannelofChi_UCLfwDGHe5jEZSSGtw3ifUiQ_avPFLbxQZOI,1125104,1126736,1632
ChannelofChi_UCLfwDGHe5jEZSSGtw3ifUiQ_avPFLbxQZOI_1126848_1137576.wav,ChannelofChi_UCLfwDGHe5jEZSSGtw3ifUiQ_avPFLbxQZOI,1126848,1137576,10728
ChannelofChi_UCLfwDGHe5jEZSSGtw3ifUiQ_avPFLbxQZOI_1137720_1139416.wav,ChannelofChi_UCLfwDGHe5jEZSSGtw3ifUiQ_avPFLbxQZOI,1137720,1139416,1696
ChannelofChi_UCLfwDGHe5jEZSSGtw3ifUiQ_avPFLbxQZOI_1139520_1139984.wav,ChannelofChi_UCLfwDGHe5jEZSSGtw3ifUiQ_avPFLbxQZOI,1139520,1139984,464
ChannelofChi_UCLfwDGHe5jEZSSGtw3ifUiQ_avPFLbxQZOI_1140080_1140904.wav,ChannelofChi_UCLfwDGHe5jEZSSGtw3ifUiQ_avPFLbxQZOI,1140080,1140904,824
ChannelofChi_UCLfwDGHe5jEZSSGtw3ifUiQ_avPFLbxQZOI_1140992_1146792.wav,ChannelofChi_UCLfwDGHe5jEZSSGtw3ifUiQ_avPFLbxQZOI,1140992,1146792,5800
ChannelofChi_UCLfwDGHe5jEZSSGtw3ifUiQ_avPFLbxQZOI_1146888_1149904.wav,ChannelofChi_UCLfwDGHe5jEZSSGtw3ifUiQ_avPFLbxQZOI,1146888,1149904,3016
ChannelofChi_UCLfwDGHe5jEZSSGtw3ifUiQ_avPFLbxQZOI_1149984_1154840.wav,ChannelofChi_UCLfwDGHe5jEZSSGtw3ifUiQ_avPFLbxQZOI,1149984,1154840,4856
ChannelofChi_UCLfwDGHe5jEZSSGtw3ifUiQ_avPFLbxQZOI_1154920_1156768.wav,ChannelofChi_UCLfwDGHe5jEZSSGtw3ifUiQ_avPFLbxQZOI,1154920,1156768,1848
ChannelofChi_UCLfwDGHe5jEZSSGtw3ifUiQ_avPFLbxQZOI_1156872_1158465.wav,ChannelofChi_UCLfwDGHe5jEZSSGtw3ifUiQ_avPFLbxQZOI,1156872,1158465,1593
ChannelofChi_UCLfwDGHe5jEZSSGtw3ifUiQ_avPFLbxQZOI_1158745_1169345.wav,ChannelofChi_UCLfwDGHe5jEZSSGtw3ifUiQ_avPFLbxQZOI,1158745,1169345,10600
ChannelofChi_UCLfwDGHe5jEZSSGtw3ifUiQ_avPFLbxQZOI_1169633_1169881.wav,ChannelofChi_UCLfwDGHe5jEZSSGtw3ifUiQ_avPFLbxQZOI,1169633,1169881,248
ChannelofChi_UCLfwDGHe5jEZSSGtw3ifUiQ_avPFLbxQZOI_1170105_1170266.wav,ChannelofChi_UCLfwDGHe5jEZSSGtw3ifUiQ_avPFLbxQZOI,1170105,1170266,161
ChannelofChi_UCLfwDGHe5jEZSSGtw3ifUiQ_avPFLbxQZOI_1170266_1172274.wav,ChannelofChi_UCLfwDGHe5jEZSSGtw3ifUiQ_avPFLbxQZOI,1170266,1172274,2008
ChannelofChi_UCLfwDGHe5jEZSSGtw3ifUiQ_avPFLbxQZOI_1172706_1180458.wav,ChannelofChi_UCLfwDGHe5jEZSSGtw3ifUiQ_avPFLbxQZOI,1172706,1180458,7752
