filename,video_id,start_time,end_time,duration
ChannelofChi_UCLfwDGHe5jEZSSGtw3ifUiQ_avPFLbxQZOI_0_9128.wav,ChannelofChi_UCLfwDGHe5jEZSSGtw3ifUiQ_avPFLbxQZOI,0,9128,9128
ChannelofChi_UCLfwDGHe5jEZSSGtw3ifUiQ_avPFLbxQZOI_9520_16388.wav,ChannelofChi_UCLfwDGHe5jEZSSGtw3ifUiQ_avPFLbxQZOI,9520,16388,6868
ChannelofChi_UCLfwDGHe5jEZSSGtw3ifUiQ_avPFLbxQZOI_16692_25166.wav,ChannelofChi_UCLfwDGHe5jEZSSGtw3ifUiQ_avPFLbxQZOI,16692,25166,8474
ChannelofChi_UCLfwDGHe5jEZSSGtw3ifUiQ_avPFLbxQZOI_25414_28312.wav,ChannelofChi_UCLfwDGHe5jEZSSGtw3ifUiQ_avPFLbxQZOI,25414,28312,2898
ChannelofChi_UCLfwDGHe5jEZSSGtw3ifUiQ_avPFLbxQZOI_28576_34760.wav,ChannelofChi_UCLfwDGHe5jEZSSGtw3ifUiQ_avPFLbxQZOI,28576,34760,6184
ChannelofChi_UCLfwDGHe5jEZSSGtw3ifUiQ_avPFLbxQZOI_35032_37464.wav,ChannelofChi_UCLfwDGHe5jEZSSGtw3ifUiQ_avPFLbxQZOI,35032,37464,2432
ChannelofChi_UCLfwDGHe5jEZSSGtw3ifUiQ_avPFLbxQZOI_37720_42944.wav,ChannelofChi_UCLfwDGHe5jEZSSGtw3ifUiQ_avPFLbxQZOI,37720,42944,5224
ChannelofChi_UCLfwDGHe5jEZSSGtw3ifUiQ_avPFLbxQZOI_43048_50248.wav,ChannelofChi_UCLfwDGHe5jEZSSGtw3ifUiQ_avPFLbxQZOI,43048,50248,7200
ChannelofChi_UCLfwDGHe5jEZSSGtw3ifUiQ_avPFLbxQZOI_50520_55568.wav,ChannelofChi_UCLfwDGHe5jEZSSGtw3ifUiQ_avPFLbxQZOI,50520,55568,5048
ChannelofChi_UCLfwDGHe5jEZSSGtw3ifUiQ_avPFLbxQZOI_56048_59001.wav,ChannelofChi_UCLfwDGHe5jEZSSGtw3ifUiQ_avPFLbxQZOI,56048,59001,2953
ChannelofChi_UCLfwDGHe5jEZSSGtw3ifUiQ_avPFLbxQZOI_59409_60729.wav,ChannelofChi_UCLfwDGHe5jEZSSGtw3ifUiQ_avPFLbxQZOI,59409,60729,1320
ChannelofChi_UCLfwDGHe5jEZSSGtw3ifUiQ_avPFLbxQZOI_61113_67273.wav,ChannelofChi_UCLfwDGHe5jEZSSGtw3ifUiQ_avPFLbxQZOI,61113,67273,6160
ChannelofChi_UCLfwDGHe5jEZSSGtw3ifUiQ_avPFLbxQZOI_67905_68209.wav,ChannelofChi_UCLfwDGHe5jEZSSGtw3ifUiQ_avPFLbxQZOI,67905,68209,304
ChannelofChi_UCLfwDGHe5jEZSSGtw3ifUiQ_avPFLbxQZOI_68337_75715.wav,ChannelofChi_UCLfwDGHe5jEZSSGtw3ifUiQ_avPFLbxQZOI,68337,75715,7378
ChannelofChi_UCLfwDGHe5jEZSSGtw3ifUiQ_avPFLbxQZOI_75971_78869.wav,ChannelofChi_UCLfwDGHe5jEZSSGtw3ifUiQ_avPFLbxQZOI,75971,78869,2898
ChannelofChi_UCLfwDGHe5jEZSSGtw3ifUiQ_avPFLbxQZOI_79149_89073.wav,ChannelofChi_UCLfwDGHe5jEZSSGtw3ifUiQ_avPFLbxQZOI,79149,89073,9924
ChannelofChi_UCLfwDGHe5jEZSSGtw3ifUiQ_avPFLbxQZOI_89385_95747.wav,ChannelofChi_UCLfwDGHe5jEZSSGtw3ifUiQ_avPFLbxQZOI,89385,95747,6362
ChannelofChi_UCLfwDGHe5jEZSSGtw3ifUiQ_avPFLbxQZOI_96051_100213.wav,ChannelofChi_UCLfwDGHe5jEZSSGtw3ifUiQ_avPFLbxQZOI,96051,100213,4162
ChannelofChi_UCLfwDGHe5jEZSSGtw3ifUiQ_avPFLbxQZOI_100373_101385.wav,ChannelofChi_UCLfwDGHe5jEZSSGtw3ifUiQ_avPFLbxQZOI,100373,101385,1012
ChannelofChi_UCLfwDGHe5jEZSSGtw3ifUiQ_avPFLbxQZOI_101489_107041.wav,ChannelofChi_UCLfwDGHe5jEZSSGtw3ifUiQ_avPFLbxQZOI,101489,107041,5552
ChannelofChi_UCLfwDGHe5jEZSSGtw3ifUiQ_avPFLbxQZOI_107193_115545.wav,ChannelofChi_UCLfwDGHe5jEZSSGtw3ifUiQ_avPFLbxQZOI,107193,115545,8352
ChannelofChi_UCLfwDGHe5jEZSSGtw3ifUiQ_avPFLbxQZOI_115673_118329.wav,ChannelofChi_UCLfwDGHe5jEZSSGtw3ifUiQ_avPFLbxQZOI,115673,118329,2656
ChannelofChi_UCLfwDGHe5jEZSSGtw3ifUiQ_avPFLbxQZOI_121777_127017.wav,ChannelofChi_UCLfwDGHe5jEZSSGtw3ifUiQ_avPFLbxQZOI,121777,127017,5240
ChannelofChi_UCLfwDGHe5jEZSSGtw3ifUiQ_avPFLbxQZOI_127209_128185.wav,ChannelofChi_UCLfwDGHe5jEZSSGtw3ifUiQ_avPFLbxQZOI,127209,128185,976
ChannelofChi_UCLfwDGHe5jEZSSGtw3ifUiQ_avPFLbxQZOI_128385_133889.wav,ChannelofChi_UCLfwDGHe5jEZSSGtw3ifUiQ_avPFLbxQZOI,128385,133889,5504
ChannelofChi_UCLfwDGHe5jEZSSGtw3ifUiQ_avPFLbxQZOI_134145_141257.wav,ChannelofChi_UCLfwDGHe5jEZSSGtw3ifUiQ_avPFLbxQZOI,134145,141257,7112
ChannelofChi_UCLfwDGHe5jEZSSGtw3ifUiQ_avPFLbxQZOI_141409_146537.wav,ChannelofChi_UCLfwDGHe5jEZSSGtw3ifUiQ_avPFLbxQZOI,141409,146537,5128
ChannelofChi_UCLfwDGHe5jEZSSGtw3ifUiQ_avPFLbxQZOI_147201_153257.wav,ChannelofChi_UCLfwDGHe5jEZSSGtw3ifUiQ_avPFLbxQZOI,147201,153257,6056
ChannelofChi_UCLfwDGHe5jEZSSGtw3ifUiQ_avPFLbxQZOI_156049_162137.wav,ChannelofChi_UCLfwDGHe5jEZSSGtw3ifUiQ_avPFLbxQZOI,156049,162137,6088
ChannelofChi_UCLfwDGHe5jEZSSGtw3ifUiQ_avPFLbxQZOI_162929_163113.wav,ChannelofChi_UCLfwDGHe5jEZSSGtw3ifUiQ_avPFLbxQZOI,162929,163113,184
ChannelofChi_UCLfwDGHe5jEZSSGtw3ifUiQ_avPFLbxQZOI_163609_170873.wav,ChannelofChi_UCLfwDGHe5jEZSSGtw3ifUiQ_avPFLbxQZOI,163609,170873,7264
ChannelofChi_UCLfwDGHe5jEZSSGtw3ifUiQ_avPFLbxQZOI_171729_178218.wav,ChannelofChi_UCLfwDGHe5jEZSSGtw3ifUiQ_avPFLbxQZOI,171729,178218,6489
ChannelofChi_UCLfwDGHe5jEZSSGtw3ifUiQ_avPFLbxQZOI_178522_182267.wav,ChannelofChi_UCLfwDGHe5jEZSSGtw3ifUiQ_avPFLbxQZOI,178522,182267,3745
ChannelofChi_UCLfwDGHe5jEZSSGtw3ifUiQ_avPFLbxQZOI_182507_183757.wav,ChannelofChi_UCLfwDGHe5jEZSSGtw3ifUiQ_avPFLbxQZOI,182507,183757,1250
ChannelofChi_UCLfwDGHe5jEZSSGtw3ifUiQ_avPFLbxQZOI_183949_187845.wav,ChannelofChi_UCLfwDGHe5jEZSSGtw3ifUiQ_avPFLbxQZOI,183949,187845,3896
ChannelofChi_UCLfwDGHe5jEZSSGtw3ifUiQ_avPFLbxQZOI_191153_196329.wav,ChannelofChi_UCLfwDGHe5jEZSSGtw3ifUiQ_avPFLbxQZOI,191153,196329,5176
ChannelofChi_UCLfwDGHe5jEZSSGtw3ifUiQ_avPFLbxQZOI_196489_197251.wav,ChannelofChi_UCLfwDGHe5jEZSSGtw3ifUiQ_avPFLbxQZOI,196489,197251,762
ChannelofChi_UCLfwDGHe5jEZSSGtw3ifUiQ_avPFLbxQZOI_197515_206707.wav,ChannelofChi_UCLfwDGHe5jEZSSGtw3ifUiQ_avPFLbxQZOI,197515,206707,9192
ChannelofChi_UCLfwDGHe5jEZSSGtw3ifUiQ_avPFLbxQZOI_206963_207541.wav,ChannelofChi_UCLfwDGHe5jEZSSGtw3ifUiQ_avPFLbxQZOI,206963,207541,578
ChannelofChi_UCLfwDGHe5jEZSSGtw3ifUiQ_avPFLbxQZOI_207741_207881.wav,ChannelofChi_UCLfwDGHe5jEZSSGtw3ifUiQ_avPFLbxQZOI,207741,207881,140
ChannelofChi_UCLfwDGHe5jEZSSGtw3ifUiQ_avPFLbxQZOI_208185_214033.wav,ChannelofChi_UCLfwDGHe5jEZSSGtw3ifUiQ_avPFLbxQZOI,208185,214033,5848
ChannelofChi_UCLfwDGHe5jEZSSGtw3ifUiQ_avPFLbxQZOI_214417_221089.wav,ChannelofChi_UCLfwDGHe5jEZSSGtw3ifUiQ_avPFLbxQZOI,214417,221089,6672
ChannelofChi_UCLfwDGHe5jEZSSGtw3ifUiQ_avPFLbxQZOI_221233_228809.wav,ChannelofChi_UCLfwDGHe5jEZSSGtw3ifUiQ_avPFLbxQZOI,221233,228809,7576
ChannelofChi_UCLfwDGHe5jEZSSGtw3ifUiQ_avPFLbxQZOI_228929_230569.wav,ChannelofChi_UCLfwDGHe5jEZSSGtw3ifUiQ_avPFLbxQZOI,228929,230569,1640
ChannelofChi_UCLfwDGHe5jEZSSGtw3ifUiQ_avPFLbxQZOI_230753_236881.wav,ChannelofChi_UCLfwDGHe5jEZSSGtw3ifUiQ_avPFLbxQZOI,230753,236881,6128
ChannelofChi_UCLfwDGHe5jEZSSGtw3ifUiQ_avPFLbxQZOI_237089_242849.wav,ChannelofChi_UCLfwDGHe5jEZSSGtw3ifUiQ_avPFLbxQZOI,237089,242849,5760
ChannelofChi_UCLfwDGHe5jEZSSGtw3ifUiQ_avPFLbxQZOI_243057_246073.wav,ChannelofChi_UCLfwDGHe5jEZSSGtw3ifUiQ_avPFLbxQZOI,243057,246073,3016
ChannelofChi_UCLfwDGHe5jEZSSGtw3ifUiQ_avPFLbxQZOI_246225_252097.wav,ChannelofChi_UCLfwDGHe5jEZSSGtw3ifUiQ_avPFLbxQZOI,246225,252097,5872
ChannelofChi_UCLfwDGHe5jEZSSGtw3ifUiQ_avPFLbxQZOI_252337_256289.wav,ChannelofChi_UCLfwDGHe5jEZSSGtw3ifUiQ_avPFLbxQZOI,252337,256289,3952
ChannelofChi_UCLfwDGHe5jEZSSGtw3ifUiQ_avPFLbxQZOI_256561_256881.wav,ChannelofChi_UCLfwDGHe5jEZSSGtw3ifUiQ_avPFLbxQZOI,256561,256881,320
ChannelofChi_UCLfwDGHe5jEZSSGtw3ifUiQ_avPFLbxQZOI_257377_265005.wav,ChannelofChi_UCLfwDGHe5jEZSSGtw3ifUiQ_avPFLbxQZOI,257377,265005,7628
ChannelofChi_UCLfwDGHe5jEZSSGtw3ifUiQ_avPFLbxQZOI_265109_272853.wav,ChannelofChi_UCLfwDGHe5jEZSSGtw3ifUiQ_avPFLbxQZOI,265109,272853,7744
ChannelofChi_UCLfwDGHe5jEZSSGtw3ifUiQ_avPFLbxQZOI_273005_276921.wav,ChannelofChi_UCLfwDGHe5jEZSSGtw3ifUiQ_avPFLbxQZOI,273005,276921,3916
ChannelofChi_UCLfwDGHe5jEZSSGtw3ifUiQ_avPFLbxQZOI_277673_282681.wav,ChannelofChi_UCLfwDGHe5jEZSSGtw3ifUiQ_avPFLbxQZOI,277673,282681,5008
ChannelofChi_UCLfwDGHe5jEZSSGtw3ifUiQ_avPFLbxQZOI_284025_293157.wav,ChannelofChi_UCLfwDGHe5jEZSSGtw3ifUiQ_avPFLbxQZOI,284025,293157,9132
ChannelofChi_UCLfwDGHe5jEZSSGtw3ifUiQ_avPFLbxQZOI_293293_295685.wav,ChannelofChi_UCLfwDGHe5jEZSSGtw3ifUiQ_avPFLbxQZOI,293293,295685,2392
ChannelofChi_UCLfwDGHe5jEZSSGtw3ifUiQ_avPFLbxQZOI_296005_297329.wav,ChannelofChi_UCLfwDGHe5jEZSSGtw3ifUiQ_avPFLbxQZOI,296005,297329,1324
ChannelofChi_UCLfwDGHe5jEZSSGtw3ifUiQ_avPFLbxQZOI_298137_300891.wav,ChannelofChi_UCLfwDGHe5jEZSSGtw3ifUiQ_avPFLbxQZOI,298137,300891,2754
ChannelofChi_UCLfwDGHe5jEZSSGtw3ifUiQ_avPFLbxQZOI_301059_302883.wav,ChannelofChi_UCLfwDGHe5jEZSSGtw3ifUiQ_avPFLbxQZOI,301059,302883,1824
ChannelofChi_UCLfwDGHe5jEZSSGtw3ifUiQ_avPFLbxQZOI_303035_308851.wav,ChannelofChi_UCLfwDGHe5jEZSSGtw3ifUiQ_avPFLbxQZOI,303035,308851,5816
ChannelofChi_UCLfwDGHe5jEZSSGtw3ifUiQ_avPFLbxQZOI_309019_312235.wav,ChannelofChi_UCLfwDGHe5jEZSSGtw3ifUiQ_avPFLbxQZOI,309019,312235,3216
ChannelofChi_UCLfwDGHe5jEZSSGtw3ifUiQ_avPFLbxQZOI_312549_313734.wav,ChannelofChi_UCLfwDGHe5jEZSSGtw3ifUiQ_avPFLbxQZOI,312549,313734,1185
ChannelofChi_UCLfwDGHe5jEZSSGtw3ifUiQ_avPFLbxQZOI_313942_317350.wav,ChannelofChi_UCLfwDGHe5jEZSSGtw3ifUiQ_avPFLbxQZOI,313942,317350,3408
ChannelofChi_UCLfwDGHe5jEZSSGtw3ifUiQ_avPFLbxQZOI_317702_317830.wav,ChannelofChi_UCLfwDGHe5jEZSSGtw3ifUiQ_avPFLbxQZOI,317702,317830,128
ChannelofChi_UCLfwDGHe5jEZSSGtw3ifUiQ_avPFLbxQZOI_318094_324207.wav,ChannelofChi_UCLfwDGHe5jEZSSGtw3ifUiQ_avPFLbxQZOI,318094,324207,6113
ChannelofChi_UCLfwDGHe5jEZSSGtw3ifUiQ_avPFLbxQZOI_324431_331760.wav,ChannelofChi_UCLfwDGHe5jEZSSGtw3ifUiQ_avPFLbxQZOI,324431,331760,7329
ChannelofChi_UCLfwDGHe5jEZSSGtw3ifUiQ_avPFLbxQZOI_332016_341753.wav,ChannelofChi_UCLfwDGHe5jEZSSGtw3ifUiQ_avPFLbxQZOI,332016,341753,9737
ChannelofChi_UCLfwDGHe5jEZSSGtw3ifUiQ_avPFLbxQZOI_342305_344194.wav,ChannelofChi_UCLfwDGHe5jEZSSGtw3ifUiQ_avPFLbxQZOI,342305,344194,1889
ChannelofChi_UCLfwDGHe5jEZSSGtw3ifUiQ_avPFLbxQZOI_344450_349126.wav,ChannelofChi_UCLfwDGHe5jEZSSGtw3ifUiQ_avPFLbxQZOI,344450,349126,4676
ChannelofChi_UCLfwDGHe5jEZSSGtw3ifUiQ_avPFLbxQZOI_349478_354714.wav,ChannelofChi_UCLfwDGHe5jEZSSGtw3ifUiQ_avPFLbxQZOI,349478,354714,5236
ChannelofChi_UCLfwDGHe5jEZSSGtw3ifUiQ_avPFLbxQZOI_355114_362235.wav,ChannelofChi_UCLfwDGHe5jEZSSGtw3ifUiQ_avPFLbxQZOI,355114,362235,7121
ChannelofChi_UCLfwDGHe5jEZSSGtw3ifUiQ_avPFLbxQZOI_362563_368235.wav,ChannelofChi_UCLfwDGHe5jEZSSGtw3ifUiQ_avPFLbxQZOI,362563,368235,5672
ChannelofChi_UCLfwDGHe5jEZSSGtw3ifUiQ_avPFLbxQZOI_368539_369779.wav,ChannelofChi_UCLfwDGHe5jEZSSGtw3ifUiQ_avPFLbxQZOI,368539,369779,1240
ChannelofChi_UCLfwDGHe5jEZSSGtw3ifUiQ_avPFLbxQZOI_370075_375053.wav,ChannelofChi_UCLfwDGHe5jEZSSGtw3ifUiQ_avPFLbxQZOI,370075,375053,4978
ChannelofChi_UCLfwDGHe5jEZSSGtw3ifUiQ_avPFLbxQZOI_375485_378033.wav,ChannelofChi_UCLfwDGHe5jEZSSGtw3ifUiQ_avPFLbxQZOI,375485,378033,2548
ChannelofChi_UCLfwDGHe5jEZSSGtw3ifUiQ_avPFLbxQZOI_378641_385945.wav,ChannelofChi_UCLfwDGHe5jEZSSGtw3ifUiQ_avPFLbxQZOI,378641,385945,7304
ChannelofChi_UCLfwDGHe5jEZSSGtw3ifUiQ_avPFLbxQZOI_386593_388505.wav,ChannelofChi_UCLfwDGHe5jEZSSGtw3ifUiQ_avPFLbxQZOI,386593,388505,1912
ChannelofChi_UCLfwDGHe5jEZSSGtw3ifUiQ_avPFLbxQZOI_388705_391145.wav,ChannelofChi_UCLfwDGHe5jEZSSGtw3ifUiQ_avPFLbxQZOI,388705,391145,2440
ChannelofChi_UCLfwDGHe5jEZSSGtw3ifUiQ_avPFLbxQZOI_391353_393033.wav,ChannelofChi_UCLfwDGHe5jEZSSGtw3ifUiQ_avPFLbxQZOI,391353,393033,1680
ChannelofChi_UCLfwDGHe5jEZSSGtw3ifUiQ_avPFLbxQZOI_393233_394369.wav,ChannelofChi_UCLfwDGHe5jEZSSGtw3ifUiQ_avPFLbxQZOI,393233,394369,1136
ChannelofChi_UCLfwDGHe5jEZSSGtw3ifUiQ_avPFLbxQZOI_394521_398857.wav,ChannelofChi_UCLfwDGHe5jEZSSGtw3ifUiQ_avPFLbxQZOI,394521,398857,4336
ChannelofChi_UCLfwDGHe5jEZSSGtw3ifUiQ_avPFLbxQZOI_399113_409081.wav,ChannelofChi_UCLfwDGHe5jEZSSGtw3ifUiQ_avPFLbxQZOI,399113,409081,9968
ChannelofChi_UCLfwDGHe5jEZSSGtw3ifUiQ_avPFLbxQZOI_409249_411985.wav,ChannelofChi_UCLfwDGHe5jEZSSGtw3ifUiQ_avPFLbxQZOI,409249,411985,2736
ChannelofChi_UCLfwDGHe5jEZSSGtw3ifUiQ_avPFLbxQZOI_412265_418457.wav,ChannelofChi_UCLfwDGHe5jEZSSGtw3ifUiQ_avPFLbxQZOI,412265,418457,6192
ChannelofChi_UCLfwDGHe5jEZSSGtw3ifUiQ_avPFLbxQZOI_418729_423961.wav,ChannelofChi_UCLfwDGHe5jEZSSGtw3ifUiQ_avPFLbxQZOI,418729,423961,5232
ChannelofChi_UCLfwDGHe5jEZSSGtw3ifUiQ_avPFLbxQZOI_424369_425953.wav,ChannelofChi_UCLfwDGHe5jEZSSGtw3ifUiQ_avPFLbxQZOI,424369,425953,1584
ChannelofChi_UCLfwDGHe5jEZSSGtw3ifUiQ_avPFLbxQZOI_426121_435017.wav,ChannelofChi_UCLfwDGHe5jEZSSGtw3ifUiQ_avPFLbxQZOI,426121,435017,8896
ChannelofChi_UCLfwDGHe5jEZSSGtw3ifUiQ_avPFLbxQZOI_435361_436577.wav,ChannelofChi_UCLfwDGHe5jEZSSGtw3ifUiQ_avPFLbxQZOI,435361,436577,1216
ChannelofChi_UCLfwDGHe5jEZSSGtw3ifUiQ_avPFLbxQZOI_436681_437009.wav,ChannelofChi_UCLfwDGHe5jEZSSGtw3ifUiQ_avPFLbxQZOI,436681,437009,328
ChannelofChi_UCLfwDGHe5jEZSSGtw3ifUiQ_avPFLbxQZOI_437161_438129.wav,ChannelofChi_UCLfwDGHe5jEZSSGtw3ifUiQ_avPFLbxQZOI,437161,438129,968
ChannelofChi_UCLfwDGHe5jEZSSGtw3ifUiQ_avPFLbxQZOI_438257_441265.wav,ChannelofChi_UCLfwDGHe5jEZSSGtw3ifUiQ_avPFLbxQZOI,438257,441265,3008
ChannelofChi_UCLfwDGHe5jEZSSGtw3ifUiQ_avPFLbxQZOI_441465_445349.wav,ChannelofChi_UCLfwDGHe5jEZSSGtw3ifUiQ_avPFLbxQZOI,441465,445349,3884
ChannelofChi_UCLfwDGHe5jEZSSGtw3ifUiQ_avPFLbxQZOI_445637_452849.wav,ChannelofChi_UCLfwDGHe5jEZSSGtw3ifUiQ_avPFLbxQZOI,445637,452849,7212
ChannelofChi_UCLfwDGHe5jEZSSGtw3ifUiQ_avPFLbxQZOI_453049_453945.wav,ChannelofChi_UCLfwDGHe5jEZSSGtw3ifUiQ_avPFLbxQZOI,453049,453945,896
ChannelofChi_UCLfwDGHe5jEZSSGtw3ifUiQ_avPFLbxQZOI_454105_457849.wav,ChannelofChi_UCLfwDGHe5jEZSSGtw3ifUiQ_avPFLbxQZOI,454105,457849,3744
ChannelofChi_UCLfwDGHe5jEZSSGtw3ifUiQ_avPFLbxQZOI_458009_459761.wav,ChannelofChi_UCLfwDGHe5jEZSSGtw3ifUiQ_avPFLbxQZOI,458009,459761,1752
ChannelofChi_UCLfwDGHe5jEZSSGtw3ifUiQ_avPFLbxQZOI_460153_462929.wav,ChannelofChi_UCLfwDGHe5jEZSSGtw3ifUiQ_avPFLbxQZOI,460153,462929,2776
ChannelofChi_UCLfwDGHe5jEZSSGtw3ifUiQ_avPFLbxQZOI_463321_470201.wav,ChannelofChi_UCLfwDGHe5jEZSSGtw3ifUiQ_avPFLbxQZOI,463321,470201,6880
ChannelofChi_UCLfwDGHe5jEZSSGtw3ifUiQ_avPFLbxQZOI_470361_474169.wav,ChannelofChi_UCLfwDGHe5jEZSSGtw3ifUiQ_avPFLbxQZOI,470361,474169,3808
ChannelofChi_UCLfwDGHe5jEZSSGtw3ifUiQ_avPFLbxQZOI_474321_481249.wav,ChannelofChi_UCLfwDGHe5jEZSSGtw3ifUiQ_avPFLbxQZOI,474321,481249,6928
ChannelofChi_UCLfwDGHe5jEZSSGtw3ifUiQ_avPFLbxQZOI_481585_482041.wav,ChannelofChi_UCLfwDGHe5jEZSSGtw3ifUiQ_avPFLbxQZOI,481585,482041,456
ChannelofChi_UCLfwDGHe5jEZSSGtw3ifUiQ_avPFLbxQZOI_482185_484553.wav,ChannelofChi_UCLfwDGHe5jEZSSGtw3ifUiQ_avPFLbxQZOI,482185,484553,2368
ChannelofChi_UCLfwDGHe5jEZSSGtw3ifUiQ_avPFLbxQZOI_484777_490217.wav,ChannelofChi_UCLfwDGHe5jEZSSGtw3ifUiQ_avPFLbxQZOI,484777,490217,5440
ChannelofChi_UCLfwDGHe5jEZSSGtw3ifUiQ_avPFLbxQZOI_490377_497401.wav,ChannelofChi_UCLfwDGHe5jEZSSGtw3ifUiQ_avPFLbxQZOI,490377,497401,7024
ChannelofChi_UCLfwDGHe5jEZSSGtw3ifUiQ_avPFLbxQZOI_497769_506225.wav,ChannelofChi_UCLfwDGHe5jEZSSGtw3ifUiQ_avPFLbxQZOI,497769,506225,8456
ChannelofChi_UCLfwDGHe5jEZSSGtw3ifUiQ_avPFLbxQZOI_506425_506849.wav,ChannelofChi_UCLfwDGHe5jEZSSGtw3ifUiQ_avPFLbxQZOI,506425,506849,424
ChannelofChi_UCLfwDGHe5jEZSSGtw3ifUiQ_avPFLbxQZOI_507073_507665.wav,ChannelofChi_UCLfwDGHe5jEZSSGtw3ifUiQ_avPFLbxQZOI,507073,507665,592
ChannelofChi_UCLfwDGHe5jEZSSGtw3ifUiQ_avPFLbxQZOI_510817_513669.wav,ChannelofChi_UCLfwDGHe5jEZSSGtw3ifUiQ_avPFLbxQZOI,510817,513669,2852
ChannelofChi_UCLfwDGHe5jEZSSGtw3ifUiQ_avPFLbxQZOI_514061_518039.wav,ChannelofChi_UCLfwDGHe5jEZSSGtw3ifUiQ_avPFLbxQZOI,514061,518039,3978
ChannelofChi_UCLfwDGHe5jEZSSGtw3ifUiQ_avPFLbxQZOI_518271_527679.wav,ChannelofChi_UCLfwDGHe5jEZSSGtw3ifUiQ_avPFLbxQZOI,518271,527679,9408
ChannelofChi_UCLfwDGHe5jEZSSGtw3ifUiQ_avPFLbxQZOI_527903_535129.wav,ChannelofChi_UCLfwDGHe5jEZSSGtw3ifUiQ_avPFLbxQZOI,527903,535129,7226
ChannelofChi_UCLfwDGHe5jEZSSGtw3ifUiQ_avPFLbxQZOI_535321_535697.wav,ChannelofChi_UCLfwDGHe5jEZSSGtw3ifUiQ_avPFLbxQZOI,535321,535697,376
ChannelofChi_UCLfwDGHe5jEZSSGtw3ifUiQ_avPFLbxQZOI_535857_538067.wav,ChannelofChi_UCLfwDGHe5jEZSSGtw3ifUiQ_avPFLbxQZOI,535857,538067,2210
ChannelofChi_UCLfwDGHe5jEZSSGtw3ifUiQ_avPFLbxQZOI_538411_542835.wav,ChannelofChi_UCLfwDGHe5jEZSSGtw3ifUiQ_avPFLbxQZOI,538411,542835,4424
ChannelofChi_UCLfwDGHe5jEZSSGtw3ifUiQ_avPFLbxQZOI_543275_546693.wav,ChannelofChi_UCLfwDGHe5jEZSSGtw3ifUiQ_avPFLbxQZOI,543275,546693,3418
ChannelofChi_UCLfwDGHe5jEZSSGtw3ifUiQ_avPFLbxQZOI_547125_549145.wav,ChannelofChi_UCLfwDGHe5jEZSSGtw3ifUiQ_avPFLbxQZOI,547125,549145,2020
ChannelofChi_UCLfwDGHe5jEZSSGtw3ifUiQ_avPFLbxQZOI_549545_550121.wav,ChannelofChi_UCLfwDGHe5jEZSSGtw3ifUiQ_avPFLbxQZOI,549545,550121,576
ChannelofChi_UCLfwDGHe5jEZSSGtw3ifUiQ_avPFLbxQZOI_550249_550961.wav,ChannelofChi_UCLfwDGHe5jEZSSGtw3ifUiQ_avPFLbxQZOI,550249,550961,712
ChannelofChi_UCLfwDGHe5jEZSSGtw3ifUiQ_avPFLbxQZOI_551241_556457.wav,ChannelofChi_UCLfwDGHe5jEZSSGtw3ifUiQ_avPFLbxQZOI,551241,556457,5216
ChannelofChi_UCLfwDGHe5jEZSSGtw3ifUiQ_avPFLbxQZOI_558225_559185.wav,ChannelofChi_UCLfwDGHe5jEZSSGtw3ifUiQ_avPFLbxQZOI,558225,559185,960
ChannelofChi_UCLfwDGHe5jEZSSGtw3ifUiQ_avPFLbxQZOI_559329_560745.wav,ChannelofChi_UCLfwDGHe5jEZSSGtw3ifUiQ_avPFLbxQZOI,559329,560745,1416
ChannelofChi_UCLfwDGHe5jEZSSGtw3ifUiQ_avPFLbxQZOI_560953_570145.wav,ChannelofChi_UCLfwDGHe5jEZSSGtw3ifUiQ_avPFLbxQZOI,560953,570145,9192
ChannelofChi_UCLfwDGHe5jEZSSGtw3ifUiQ_avPFLbxQZOI_570569_571410.wav,ChannelofChi_UCLfwDGHe5jEZSSGtw3ifUiQ_avPFLbxQZOI,570569,571410,841
ChannelofChi_UCLfwDGHe5jEZSSGtw3ifUiQ_avPFLbxQZOI_571666_573346.wav,ChannelofChi_UCLfwDGHe5jEZSSGtw3ifUiQ_avPFLbxQZOI,571666,573346,1680
ChannelofChi_UCLfwDGHe5jEZSSGtw3ifUiQ_avPFLbxQZOI_573658_577170.wav,ChannelofChi_UCLfwDGHe5jEZSSGtw3ifUiQ_avPFLbxQZOI,573658,577170,3512
ChannelofChi_UCLfwDGHe5jEZSSGtw3ifUiQ_avPFLbxQZOI_577434_583754.wav,ChannelofChi_UCLfwDGHe5jEZSSGtw3ifUiQ_avPFLbxQZOI,577434,583754,6320
ChannelofChi_UCLfwDGHe5jEZSSGtw3ifUiQ_avPFLbxQZOI_584018_587274.wav,ChannelofChi_UCLfwDGHe5jEZSSGtw3ifUiQ_avPFLbxQZOI,584018,587274,3256
ChannelofChi_UCLfwDGHe5jEZSSGtw3ifUiQ_avPFLbxQZOI_587699_588077.wav,ChannelofChi_UCLfwDGHe5jEZSSGtw3ifUiQ_avPFLbxQZOI,587699,588077,378
ChannelofChi_UCLfwDGHe5jEZSSGtw3ifUiQ_avPFLbxQZOI_588285_591681.wav,ChannelofChi_UCLfwDGHe5jEZSSGtw3ifUiQ_avPFLbxQZOI,588285,591681,3396
ChannelofChi_UCLfwDGHe5jEZSSGtw3ifUiQ_avPFLbxQZOI_592105_592613.wav,ChannelofChi_UCLfwDGHe5jEZSSGtw3ifUiQ_avPFLbxQZOI,592105,592613,508
ChannelofChi_UCLfwDGHe5jEZSSGtw3ifUiQ_avPFLbxQZOI_592789_599589.wav,ChannelofChi_UCLfwDGHe5jEZSSGtw3ifUiQ_avPFLbxQZOI,592789,599589,6800
ChannelofChi_UCLfwDGHe5jEZSSGtw3ifUiQ_avPFLbxQZOI_599821_604837.wav,ChannelofChi_UCLfwDGHe5jEZSSGtw3ifUiQ_avPFLbxQZOI,599821,604837,5016
ChannelofChi_UCLfwDGHe5jEZSSGtw3ifUiQ_avPFLbxQZOI_605093_605485.wav,ChannelofChi_UCLfwDGHe5jEZSSGtw3ifUiQ_avPFLbxQZOI,605093,605485,392
ChannelofChi_UCLfwDGHe5jEZSSGtw3ifUiQ_avPFLbxQZOI_605885_610501.wav,ChannelofChi_UCLfwDGHe5jEZSSGtw3ifUiQ_avPFLbxQZOI,605885,610501,4616
ChannelofChi_UCLfwDGHe5jEZSSGtw3ifUiQ_avPFLbxQZOI_610725_619845.wav,ChannelofChi_UCLfwDGHe5jEZSSGtw3ifUiQ_avPFLbxQZOI,610725,619845,9120
ChannelofChi_UCLfwDGHe5jEZSSGtw3ifUiQ_avPFLbxQZOI_619989_622557.wav,ChannelofChi_UCLfwDGHe5jEZSSGtw3ifUiQ_avPFLbxQZOI,619989,622557,2568
ChannelofChi_UCLfwDGHe5jEZSSGtw3ifUiQ_avPFLbxQZOI_622821_623663.wav,ChannelofChi_UCLfwDGHe5jEZSSGtw3ifUiQ_avPFLbxQZOI,622821,623663,842
ChannelofChi_UCLfwDGHe5jEZSSGtw3ifUiQ_avPFLbxQZOI_623863_633721.wav,ChannelofChi_UCLfwDGHe5jEZSSGtw3ifUiQ_avPFLbxQZOI,623863,633721,9858
ChannelofChi_UCLfwDGHe5jEZSSGtw3ifUiQ_avPFLbxQZOI_634193_643593.wav,ChannelofChi_UCLfwDGHe5jEZSSGtw3ifUiQ_avPFLbxQZOI,634193,643593,9400
ChannelofChi_UCLfwDGHe5jEZSSGtw3ifUiQ_avPFLbxQZOI_643825_646337.wav,ChannelofChi_UCLfwDGHe5jEZSSGtw3ifUiQ_avPFLbxQZOI,643825,646337,2512
ChannelofChi_UCLfwDGHe5jEZSSGtw3ifUiQ_avPFLbxQZOI_647025_647681.wav,ChannelofChi_UCLfwDGHe5jEZSSGtw3ifUiQ_avPFLbxQZOI,647025,647681,656
ChannelofChi_UCLfwDGHe5jEZSSGtw3ifUiQ_avPFLbxQZOI_648153_653721.wav,ChannelofChi_UCLfwDGHe5jEZSSGtw3ifUiQ_avPFLbxQZOI,648153,653721,5568
ChannelofChi_UCLfwDGHe5jEZSSGtw3ifUiQ_avPFLbxQZOI_653937_661561.wav,ChannelofChi_UCLfwDGHe5jEZSSGtw3ifUiQ_avPFLbxQZOI,653937,661561,7624
ChannelofChi_UCLfwDGHe5jEZSSGtw3ifUiQ_avPFLbxQZOI_661793_669169.wav,ChannelofChi_UCLfwDGHe5jEZSSGtw3ifUiQ_avPFLbxQZOI,661793,669169,7376
ChannelofChi_UCLfwDGHe5jEZSSGtw3ifUiQ_avPFLbxQZOI_669769_670521.wav,ChannelofChi_UCLfwDGHe5jEZSSGtw3ifUiQ_avPFLbxQZOI,669769,670521,752
ChannelofChi_UCLfwDGHe5jEZSSGtw3ifUiQ_avPFLbxQZOI_673421_675445.wav,ChannelofChi_UCLfwDGHe5jEZSSGtw3ifUiQ_avPFLbxQZOI,673421,675445,2024
ChannelofChi_UCLfwDGHe5jEZSSGtw3ifUiQ_avPFLbxQZOI_675589_685493.wav,ChannelofChi_UCLfwDGHe5jEZSSGtw3ifUiQ_avPFLbxQZOI,675589,685493,9904
ChannelofChi_UCLfwDGHe5jEZSSGtw3ifUiQ_avPFLbxQZOI_685621_686277.wav,ChannelofChi_UCLfwDGHe5jEZSSGtw3ifUiQ_avPFLbxQZOI,685621,686277,656
ChannelofChi_UCLfwDGHe5jEZSSGtw3ifUiQ_avPFLbxQZOI_686389_695102.wav,ChannelofChi_UCLfwDGHe5jEZSSGtw3ifUiQ_avPFLbxQZOI,686389,695102,8713
ChannelofChi_UCLfwDGHe5jEZSSGtw3ifUiQ_avPFLbxQZOI_695414_700535.wav,ChannelofChi_UCLfwDGHe5jEZSSGtw3ifUiQ_avPFLbxQZOI,695414,700535,5121
ChannelofChi_UCLfwDGHe5jEZSSGtw3ifUiQ_avPFLbxQZOI_700799_703337.wav,ChannelofChi_UCLfwDGHe5jEZSSGtw3ifUiQ_avPFLbxQZOI,700799,703337,2538
ChannelofChi_UCLfwDGHe5jEZSSGtw3ifUiQ_avPFLbxQZOI_703489_704301.wav,ChannelofChi_UCLfwDGHe5jEZSSGtw3ifUiQ_avPFLbxQZOI,703489,704301,812
ChannelofChi_UCLfwDGHe5jEZSSGtw3ifUiQ_avPFLbxQZOI_704477_710713.wav,ChannelofChi_UCLfwDGHe5jEZSSGtw3ifUiQ_avPFLbxQZOI,704477,710713,6236
ChannelofChi_UCLfwDGHe5jEZSSGtw3ifUiQ_avPFLbxQZOI_710985_719613.wav,ChannelofChi_UCLfwDGHe5jEZSSGtw3ifUiQ_avPFLbxQZOI,710985,719613,8628
ChannelofChi_UCLfwDGHe5jEZSSGtw3ifUiQ_avPFLbxQZOI_719749_720589.wav,ChannelofChi_UCLfwDGHe5jEZSSGtw3ifUiQ_avPFLbxQZOI,719749,720589,840
ChannelofChi_UCLfwDGHe5jEZSSGtw3ifUiQ_avPFLbxQZOI_720749_727577.wav,ChannelofChi_UCLfwDGHe5jEZSSGtw3ifUiQ_avPFLbxQZOI,720749,727577,6828
ChannelofChi_UCLfwDGHe5jEZSSGtw3ifUiQ_avPFLbxQZOI_727937_730889.wav,ChannelofChi_UCLfwDGHe5jEZSSGtw3ifUiQ_avPFLbxQZOI,727937,730889,2952
ChannelofChi_UCLfwDGHe5jEZSSGtw3ifUiQ_avPFLbxQZOI_731001_739457.wav,ChannelofChi_UCLfwDGHe5jEZSSGtw3ifUiQ_avPFLbxQZOI,731001,739457,8456
ChannelofChi_UCLfwDGHe5jEZSSGtw3ifUiQ_avPFLbxQZOI_739977_740625.wav,ChannelofChi_UCLfwDGHe5jEZSSGtw3ifUiQ_avPFLbxQZOI,739977,740625,648
ChannelofChi_UCLfwDGHe5jEZSSGtw3ifUiQ_avPFLbxQZOI_740873_744449.wav,ChannelofChi_UCLfwDGHe5jEZSSGtw3ifUiQ_avPFLbxQZOI,740873,744449,3576
ChannelofChi_UCLfwDGHe5jEZSSGtw3ifUiQ_avPFLbxQZOI_744801_751249.wav,ChannelofChi_UCLfwDGHe5jEZSSGtw3ifUiQ_avPFLbxQZOI,744801,751249,6448
ChannelofChi_UCLfwDGHe5jEZSSGtw3ifUiQ_avPFLbxQZOI_751457_755681.wav,ChannelofChi_UCLfwDGHe5jEZSSGtw3ifUiQ_avPFLbxQZOI,751457,755681,4224
ChannelofChi_UCLfwDGHe5jEZSSGtw3ifUiQ_avPFLbxQZOI_755865_759745.wav,ChannelofChi_UCLfwDGHe5jEZSSGtw3ifUiQ_avPFLbxQZOI,755865,759745,3880
ChannelofChi_UCLfwDGHe5jEZSSGtw3ifUiQ_avPFLbxQZOI_760489_768689.wav,ChannelofChi_UCLfwDGHe5jEZSSGtw3ifUiQ_avPFLbxQZOI,760489,768689,8200
ChannelofChi_UCLfwDGHe5jEZSSGtw3ifUiQ_avPFLbxQZOI_769641_779113.wav,ChannelofChi_UCLfwDGHe5jEZSSGtw3ifUiQ_avPFLbxQZOI,769641,779113,9472
ChannelofChi_UCLfwDGHe5jEZSSGtw3ifUiQ_avPFLbxQZOI_782337_784377.wav,ChannelofChi_UCLfwDGHe5jEZSSGtw3ifUiQ_avPFLbxQZOI,782337,784377,2040
ChannelofChi_UCLfwDGHe5jEZSSGtw3ifUiQ_avPFLbxQZOI_784529_791181.wav,ChannelofChi_UCLfwDGHe5jEZSSGtw3ifUiQ_avPFLbxQZOI,784529,791181,6652
ChannelofChi_UCLfwDGHe5jEZSSGtw3ifUiQ_avPFLbxQZOI_791453_797801.wav,ChannelofChi_UCLfwDGHe5jEZSSGtw3ifUiQ_avPFLbxQZOI,791453,797801,6348
ChannelofChi_UCLfwDGHe5jEZSSGtw3ifUiQ_avPFLbxQZOI_798033_801729.wav,ChannelofChi_UCLfwDGHe5jEZSSGtw3ifUiQ_avPFLbxQZOI,798033,801729,3696
ChannelofChi_UCLfwDGHe5jEZSSGtw3ifUiQ_avPFLbxQZOI_801961_805745.wav,ChannelofChi_UCLfwDGHe5jEZSSGtw3ifUiQ_avPFLbxQZOI,801961,805745,3784
ChannelofChi_UCLfwDGHe5jEZSSGtw3ifUiQ_avPFLbxQZOI_806033_815953.wav,ChannelofChi_UCLfwDGHe5jEZSSGtw3ifUiQ_avPFLbxQZOI,806033,815953,9920
ChannelofChi_UCLfwDGHe5jEZSSGtw3ifUiQ_avPFLbxQZOI_816185_816913.wav,ChannelofChi_UCLfwDGHe5jEZSSGtw3ifUiQ_avPFLbxQZOI,816185,816913,728
ChannelofChi_UCLfwDGHe5jEZSSGtw3ifUiQ_avPFLbxQZOI_817073_819033.wav,ChannelofChi_UCLfwDGHe5jEZSSGtw3ifUiQ_avPFLbxQZOI,817073,819033,1960
ChannelofChi_UCLfwDGHe5jEZSSGtw3ifUiQ_avPFLbxQZOI_819505_825537.wav,ChannelofChi_UCLfwDGHe5jEZSSGtw3ifUiQ_avPFLbxQZOI,819505,825537,6032
ChannelofChi_UCLfwDGHe5jEZSSGtw3ifUiQ_avPFLbxQZOI_826185_828851.wav,ChannelofChi_UCLfwDGHe5jEZSSGtw3ifUiQ_avPFLbxQZOI,826185,828851,2666
ChannelofChi_UCLfwDGHe5jEZSSGtw3ifUiQ_avPFLbxQZOI_829003_834499.wav,ChannelofChi_UCLfwDGHe5jEZSSGtw3ifUiQ_avPFLbxQZOI,829003,834499,5496
ChannelofChi_UCLfwDGHe5jEZSSGtw3ifUiQ_avPFLbxQZOI_834723_836885.wav,ChannelofChi_UCLfwDGHe5jEZSSGtw3ifUiQ_avPFLbxQZOI,834723,836885,2162
ChannelofChi_UCLfwDGHe5jEZSSGtw3ifUiQ_avPFLbxQZOI_837277_841485.wav,ChannelofChi_UCLfwDGHe5jEZSSGtw3ifUiQ_avPFLbxQZOI,837277,841485,4208
ChannelofChi_UCLfwDGHe5jEZSSGtw3ifUiQ_avPFLbxQZOI_841605_841957.wav,ChannelofChi_UCLfwDGHe5jEZSSGtw3ifUiQ_avPFLbxQZOI,841605,841957,352
ChannelofChi_UCLfwDGHe5jEZSSGtw3ifUiQ_avPFLbxQZOI_842665_846993.wav,ChannelofChi_UCLfwDGHe5jEZSSGtw3ifUiQ_avPFLbxQZOI,842665,846993,4328
ChannelofChi_UCLfwDGHe5jEZSSGtw3ifUiQ_avPFLbxQZOI_850381_853909.wav,ChannelofChi_UCLfwDGHe5jEZSSGtw3ifUiQ_avPFLbxQZOI,850381,853909,3528
ChannelofChi_UCLfwDGHe5jEZSSGtw3ifUiQ_avPFLbxQZOI_854085_863789.wav,ChannelofChi_UCLfwDGHe5jEZSSGtw3ifUiQ_avPFLbxQZOI,854085,863789,9704
ChannelofChi_UCLfwDGHe5jEZSSGtw3ifUiQ_avPFLbxQZOI_863949_865615.wav,ChannelofChi_UCLfwDGHe5jEZSSGtw3ifUiQ_avPFLbxQZOI,863949,865615,1666
ChannelofChi_UCLfwDGHe5jEZSSGtw3ifUiQ_avPFLbxQZOI_865839_869231.wav,ChannelofChi_UCLfwDGHe5jEZSSGtw3ifUiQ_avPFLbxQZOI,865839,869231,3392
ChannelofChi_UCLfwDGHe5jEZSSGtw3ifUiQ_avPFLbxQZOI_869535_875233.wav,ChannelofChi_UCLfwDGHe5jEZSSGtw3ifUiQ_avPFLbxQZOI,869535,875233,5698
ChannelofChi_UCLfwDGHe5jEZSSGtw3ifUiQ_avPFLbxQZOI_875689_880907.wav,ChannelofChi_UCLfwDGHe5jEZSSGtw3ifUiQ_avPFLbxQZOI,875689,880907,5218
ChannelofChi_UCLfwDGHe5jEZSSGtw3ifUiQ_avPFLbxQZOI_881227_885751.wav,ChannelofChi_UCLfwDGHe5jEZSSGtw3ifUiQ_avPFLbxQZOI,881227,885751,4524
ChannelofChi_UCLfwDGHe5jEZSSGtw3ifUiQ_avPFLbxQZOI_885927_886071.wav,ChannelofChi_UCLfwDGHe5jEZSSGtw3ifUiQ_avPFLbxQZOI,885927,886071,144
ChannelofChi_UCLfwDGHe5jEZSSGtw3ifUiQ_avPFLbxQZOI_886223_886769.wav,ChannelofChi_UCLfwDGHe5jEZSSGtw3ifUiQ_avPFLbxQZOI,886223,886769,546
ChannelofChi_UCLfwDGHe5jEZSSGtw3ifUiQ_avPFLbxQZOI_887361_895505.wav,ChannelofChi_UCLfwDGHe5jEZSSGtw3ifUiQ_avPFLbxQZOI,887361,895505,8144
ChannelofChi_UCLfwDGHe5jEZSSGtw3ifUiQ_avPFLbxQZOI_895793_898233.wav,ChannelofChi_UCLfwDGHe5jEZSSGtw3ifUiQ_avPFLbxQZOI,895793,898233,2440
ChannelofChi_UCLfwDGHe5jEZSSGtw3ifUiQ_avPFLbxQZOI_898505_900353.wav,ChannelofChi_UCLfwDGHe5jEZSSGtw3ifUiQ_avPFLbxQZOI,898505,900353,1848
ChannelofChi_UCLfwDGHe5jEZSSGtw3ifUiQ_avPFLbxQZOI_900553_901785.wav,ChannelofChi_UCLfwDGHe5jEZSSGtw3ifUiQ_avPFLbxQZOI,900553,901785,1232
ChannelofChi_UCLfwDGHe5jEZSSGtw3ifUiQ_avPFLbxQZOI_901953_908025.wav,ChannelofChi_UCLfwDGHe5jEZSSGtw3ifUiQ_avPFLbxQZOI,901953,908025,6072
ChannelofChi_UCLfwDGHe5jEZSSGtw3ifUiQ_avPFLbxQZOI_908177_911681.wav,ChannelofChi_UCLfwDGHe5jEZSSGtw3ifUiQ_avPFLbxQZOI,908177,911681,3504
ChannelofChi_UCLfwDGHe5jEZSSGtw3ifUiQ_avPFLbxQZOI_911937_914049.wav,ChannelofChi_UCLfwDGHe5jEZSSGtw3ifUiQ_avPFLbxQZOI,911937,914049,2112
ChannelofChi_UCLfwDGHe5jEZSSGtw3ifUiQ_avPFLbxQZOI_914153_916713.wav,ChannelofChi_UCLfwDGHe5jEZSSGtw3ifUiQ_avPFLbxQZOI,914153,916713,2560
ChannelofChi_UCLfwDGHe5jEZSSGtw3ifUiQ_avPFLbxQZOI_916889_925721.wav,ChannelofChi_UCLfwDGHe5jEZSSGtw3ifUiQ_avPFLbxQZOI,916889,925721,8832
ChannelofChi_UCLfwDGHe5jEZSSGtw3ifUiQ_avPFLbxQZOI_926105_927297.wav,ChannelofChi_UCLfwDGHe5jEZSSGtw3ifUiQ_avPFLbxQZOI,926105,927297,1192
ChannelofChi_UCLfwDGHe5jEZSSGtw3ifUiQ_avPFLbxQZOI_927529_930057.wav,ChannelofChi_UCLfwDGHe5jEZSSGtw3ifUiQ_avPFLbxQZOI,927529,930057,2528
ChannelofChi_UCLfwDGHe5jEZSSGtw3ifUiQ_avPFLbxQZOI_930361_934145.wav,ChannelofChi_UCLfwDGHe5jEZSSGtw3ifUiQ_avPFLbxQZOI,930361,934145,3784
ChannelofChi_UCLfwDGHe5jEZSSGtw3ifUiQ_avPFLbxQZOI_937521_946771.wav,ChannelofChi_UCLfwDGHe5jEZSSGtw3ifUiQ_avPFLbxQZOI,937521,946771,9250
ChannelofChi_UCLfwDGHe5jEZSSGtw3ifUiQ_avPFLbxQZOI_947115_952851.wav,ChannelofChi_UCLfwDGHe5jEZSSGtw3ifUiQ_avPFLbxQZOI,947115,952851,5736
ChannelofChi_UCLfwDGHe5jEZSSGtw3ifUiQ_avPFLbxQZOI_953171_955261.wav,ChannelofChi_UCLfwDGHe5jEZSSGtw3ifUiQ_avPFLbxQZOI,953171,955261,2090
ChannelofChi_UCLfwDGHe5jEZSSGtw3ifUiQ_avPFLbxQZOI_955501_957941.wav,ChannelofChi_UCLfwDGHe5jEZSSGtw3ifUiQ_avPFLbxQZOI,955501,957941,2440
ChannelofChi_UCLfwDGHe5jEZSSGtw3ifUiQ_avPFLbxQZOI_958249_966315.wav,ChannelofChi_UCLfwDGHe5jEZSSGtw3ifUiQ_avPFLbxQZOI,958249,966315,8066
ChannelofChi_UCLfwDGHe5jEZSSGtw3ifUiQ_avPFLbxQZOI_966539_971116.wav,ChannelofChi_UCLfwDGHe5jEZSSGtw3ifUiQ_avPFLbxQZOI,966539,971116,4577
ChannelofChi_UCLfwDGHe5jEZSSGtw3ifUiQ_avPFLbxQZOI_971404_980244.wav,ChannelofChi_UCLfwDGHe5jEZSSGtw3ifUiQ_avPFLbxQZOI,971404,980244,8840
ChannelofChi_UCLfwDGHe5jEZSSGtw3ifUiQ_avPFLbxQZOI_980604_981493.wav,ChannelofChi_UCLfwDGHe5jEZSSGtw3ifUiQ_avPFLbxQZOI,980604,981493,889
ChannelofChi_UCLfwDGHe5jEZSSGtw3ifUiQ_avPFLbxQZOI_981669_982321.wav,ChannelofChi_UCLfwDGHe5jEZSSGtw3ifUiQ_avPFLbxQZOI,981669,982321,652
ChannelofChi_UCLfwDGHe5jEZSSGtw3ifUiQ_avPFLbxQZOI_982949_992589.wav,ChannelofChi_UCLfwDGHe5jEZSSGtw3ifUiQ_avPFLbxQZOI,982949,992589,9640
ChannelofChi_UCLfwDGHe5jEZSSGtw3ifUiQ_avPFLbxQZOI_992717_993217.wav,ChannelofChi_UCLfwDGHe5jEZSSGtw3ifUiQ_avPFLbxQZOI,992717,993217,500
ChannelofChi_UCLfwDGHe5jEZSSGtw3ifUiQ_avPFLbxQZOI_993985_998523.wav,ChannelofChi_UCLfwDGHe5jEZSSGtw3ifUiQ_avPFLbxQZOI,993985,998523,4538
ChannelofChi_UCLfwDGHe5jEZSSGtw3ifUiQ_avPFLbxQZOI_998811_1002995.wav,ChannelofChi_UCLfwDGHe5jEZSSGtw3ifUiQ_avPFLbxQZOI,998811,1002995,4184
ChannelofChi_UCLfwDGHe5jEZSSGtw3ifUiQ_avPFLbxQZOI_1003147_1003251.wav,ChannelofChi_UCLfwDGHe5jEZSSGtw3ifUiQ_avPFLbxQZOI,1003147,1003251,104
ChannelofChi_UCLfwDGHe5jEZSSGtw3ifUiQ_avPFLbxQZOI_1003411_1005317.wav,ChannelofChi_UCLfwDGHe5jEZSSGtw3ifUiQ_avPFLbxQZOI,1003411,1005317,1906
ChannelofChi_UCLfwDGHe5jEZSSGtw3ifUiQ_avPFLbxQZOI_1005437_1012325.wav,ChannelofChi_UCLfwDGHe5jEZSSGtw3ifUiQ_avPFLbxQZOI,1005437,1012325,6888
ChannelofChi_UCLfwDGHe5jEZSSGtw3ifUiQ_avPFLbxQZOI_1012533_1012853.wav,ChannelofChi_UCLfwDGHe5jEZSSGtw3ifUiQ_avPFLbxQZOI,1012533,1012853,320
ChannelofChi_UCLfwDGHe5jEZSSGtw3ifUiQ_avPFLbxQZOI_1013133_1016293.wav,ChannelofChi_UCLfwDGHe5jEZSSGtw3ifUiQ_avPFLbxQZOI,1013133,1016293,3160
ChannelofChi_UCLfwDGHe5jEZSSGtw3ifUiQ_avPFLbxQZOI_1016453_1025357.wav,ChannelofChi_UCLfwDGHe5jEZSSGtw3ifUiQ_avPFLbxQZOI,1016453,1025357,8904
ChannelofChi_UCLfwDGHe5jEZSSGtw3ifUiQ_avPFLbxQZOI_1025541_1027961.wav,ChannelofChi_UCLfwDGHe5jEZSSGtw3ifUiQ_avPFLbxQZOI,1025541,1027961,2420
ChannelofChi_UCLfwDGHe5jEZSSGtw3ifUiQ_avPFLbxQZOI_1031465_1037689.wav,ChannelofChi_UCLfwDGHe5jEZSSGtw3ifUiQ_avPFLbxQZOI,1031465,1037689,6224
ChannelofChi_UCLfwDGHe5jEZSSGtw3ifUiQ_avPFLbxQZOI_1038033_1048013.wav,ChannelofChi_UCLfwDGHe5jEZSSGtw3ifUiQ_avPFLbxQZOI,1038033,1048013,9980
ChannelofChi_UCLfwDGHe5jEZSSGtw3ifUiQ_avPFLbxQZOI_1048189_1051437.wav,ChannelofChi_UCLfwDGHe5jEZSSGtw3ifUiQ_avPFLbxQZOI,1048189,1051437,3248
ChannelofChi_UCLfwDGHe5jEZSSGtw3ifUiQ_avPFLbxQZOI_1051589_1061093.wav,ChannelofChi_UCLfwDGHe5jEZSSGtw3ifUiQ_avPFLbxQZOI,1051589,1061093,9504
ChannelofChi_UCLfwDGHe5jEZSSGtw3ifUiQ_avPFLbxQZOI_1061377_1064265.wav,ChannelofChi_UCLfwDGHe5jEZSSGtw3ifUiQ_avPFLbxQZOI,1061377,1064265,2888
ChannelofChi_UCLfwDGHe5jEZSSGtw3ifUiQ_avPFLbxQZOI_1064385_1071733.wav,ChannelofChi_UCLfwDGHe5jEZSSGtw3ifUiQ_avPFLbxQZOI,1064385,1071733,7348
ChannelofChi_UCLfwDGHe5jEZSSGtw3ifUiQ_avPFLbxQZOI_1072005_1078525.wav,ChannelofChi_UCLfwDGHe5jEZSSGtw3ifUiQ_avPFLbxQZOI,1072005,1078525,6520
ChannelofChi_UCLfwDGHe5jEZSSGtw3ifUiQ_avPFLbxQZOI_1078749_1082725.wav,ChannelofChi_UCLfwDGHe5jEZSSGtw3ifUiQ_avPFLbxQZOI,1078749,1082725,3976
ChannelofChi_UCLfwDGHe5jEZSSGtw3ifUiQ_avPFLbxQZOI_1082989_1085373.wav,ChannelofChi_UCLfwDGHe5jEZSSGtw3ifUiQ_avPFLbxQZOI,1082989,1085373,2384
ChannelofChi_UCLfwDGHe5jEZSSGtw3ifUiQ_avPFLbxQZOI_1085629_1094165.wav,ChannelofChi_UCLfwDGHe5jEZSSGtw3ifUiQ_avPFLbxQZOI,1085629,1094165,8536
ChannelofChi_UCLfwDGHe5jEZSSGtw3ifUiQ_avPFLbxQZOI_1094545_1094769.wav,ChannelofChi_UCLfwDGHe5jEZSSGtw3ifUiQ_avPFLbxQZOI,1094545,1094769,224
ChannelofChi_UCLfwDGHe5jEZSSGtw3ifUiQ_avPFLbxQZOI_1094905_1100205.wav,ChannelofChi_UCLfwDGHe5jEZSSGtw3ifUiQ_avPFLbxQZOI,1094905,1100205,5300
ChannelofChi_UCLfwDGHe5jEZSSGtw3ifUiQ_avPFLbxQZOI_1100509_1107169.wav,ChannelofChi_UCLfwDGHe5jEZSSGtw3ifUiQ_avPFLbxQZOI,1100509,1107169,6660
ChannelofChi_UCLfwDGHe5jEZSSGtw3ifUiQ_avPFLbxQZOI_1107361_1112881.wav,ChannelofChi_UCLfwDGHe5jEZSSGtw3ifUiQ_avPFLbxQZOI,1107361,1112881,5520
ChannelofChi_UCLfwDGHe5jEZSSGtw3ifUiQ_avPFLbxQZOI_1112985_1122945.wav,ChannelofChi_UCLfwDGHe5jEZSSGtw3ifUiQ_avPFLbxQZOI,1112985,1122945,9960
ChannelofChi_UCLfwDGHe5jEZSSGtw3ifUiQ_avPFLbxQZOI_1123097_1124993.wav,ChannelofChi_UCLfwDGHe5jEZSSGtw3ifUiQ_avPFLbxQZOI,1123097,1124993,1896
ChannelofChi_UCLfwDGHe5jEZSSGtw3ifUiQ_avPFLbxQZOI_1125097_1126737.wav,ChannelofChi_UCLfwDGHe5jEZSSGtw3ifUiQ_avPFLbxQZOI,1125097,1126737,1640
ChannelofChi_UCLfwDGHe5jEZSSGtw3ifUiQ_avPFLbxQZOI_1126849_1132281.wav,ChannelofChi_UCLfwDGHe5jEZSSGtw3ifUiQ_avPFLbxQZOI,1126849,1132281,5432
ChannelofChi_UCLfwDGHe5jEZSSGtw3ifUiQ_avPFLbxQZOI_1132513_1137537.wav,ChannelofChi_UCLfwDGHe5jEZSSGtw3ifUiQ_avPFLbxQZOI,1132513,1137537,5024
ChannelofChi_UCLfwDGHe5jEZSSGtw3ifUiQ_avPFLbxQZOI_1137721_1138401.wav,ChannelofChi_UCLfwDGHe5jEZSSGtw3ifUiQ_avPFLbxQZOI,1137721,1138401,680
ChannelofChi_UCLfwDGHe5jEZSSGtw3ifUiQ_avPFLbxQZOI_1138689_1140577.wav,ChannelofChi_UCLfwDGHe5jEZSSGtw3ifUiQ_avPFLbxQZOI,1138689,1140577,1888
ChannelofChi_UCLfwDGHe5jEZSSGtw3ifUiQ_avPFLbxQZOI_1141001_1149609.wav,ChannelofChi_UCLfwDGHe5jEZSSGtw3ifUiQ_avPFLbxQZOI,1141001,1149609,8608
ChannelofChi_UCLfwDGHe5jEZSSGtw3ifUiQ_avPFLbxQZOI_1149993_1154609.wav,ChannelofChi_UCLfwDGHe5jEZSSGtw3ifUiQ_avPFLbxQZOI,1149993,1154609,4616
ChannelofChi_UCLfwDGHe5jEZSSGtw3ifUiQ_avPFLbxQZOI_1154921_1156721.wav,ChannelofChi_UCLfwDGHe5jEZSSGtw3ifUiQ_avPFLbxQZOI,1154921,1156721,1800
ChannelofChi_UCLfwDGHe5jEZSSGtw3ifUiQ_avPFLbxQZOI_1156881_1158465.wav,ChannelofChi_UCLfwDGHe5jEZSSGtw3ifUiQ_avPFLbxQZOI,1156881,1158465,1584
ChannelofChi_UCLfwDGHe5jEZSSGtw3ifUiQ_avPFLbxQZOI_1158745_1165609.wav,ChannelofChi_UCLfwDGHe5jEZSSGtw3ifUiQ_avPFLbxQZOI,1158745,1165609,6864
ChannelofChi_UCLfwDGHe5jEZSSGtw3ifUiQ_avPFLbxQZOI_1165721_1169345.wav,ChannelofChi_UCLfwDGHe5jEZSSGtw3ifUiQ_avPFLbxQZOI,1165721,1169345,3624
ChannelofChi_UCLfwDGHe5jEZSSGtw3ifUiQ_avPFLbxQZOI_1169633_1169881.wav,ChannelofChi_UCLfwDGHe5jEZSSGtw3ifUiQ_avPFLbxQZOI,1169633,1169881,248
ChannelofChi_UCLfwDGHe5jEZSSGtw3ifUiQ_avPFLbxQZOI_1170313_1172265.wav,ChannelofChi_UCLfwDGHe5jEZSSGtw3ifUiQ_avPFLbxQZOI,1170313,1172265,1952
ChannelofChi_UCLfwDGHe5jEZSSGtw3ifUiQ_avPFLbxQZOI_1172713_1180473.wav,ChannelofChi_UCLfwDGHe5jEZSSGtw3ifUiQ_avPFLbxQZOI,1172713,1180473,7760
