filename,video_id,start_time,end_time,duration
KerryRunkle_UCL8PqDDhazCFyBx9DrLKKg_JuDIVocSPw_344_6232.wav,KerryRunkle_UCL8PqDDhazCFyBx9DrLKKg_JuDIVocSPw,344,6232,5888
KerryRunkle_UCL8PqDDhazCFyBx9DrLKKg_JuDIVocSPw_6376_10608.wav,KerryRunkle_UCL8PqDDhazCFyBx9DrLKKg_JuDIVocSPw,6376,10608,4232
KerryRunkle_UCL8PqDDhazCFyBx9DrLKKg_JuDIVocSPw_10936_20120.wav,KerryRunkle_UCL8PqDDhazCFyBx9DrLKKg_JuDIVocSPw,10936,20120,9184
KerryRunkle_UCL8PqDDhazCFyBx9DrLKKg_JuDIVocSPw_20608_27368.wav,KerryRunkle_UCL8PqDDhazCFyBx9DrLKKg_JuDIVocSPw,20608,27368,6760
KerryRunkle_UCL8PqDDhazCFyBx9DrLKKg_JuDIVocSPw_27928_28616.wav,KerryRunkle_UCL8PqDDhazCFyBx9DrLKKg_JuDIVocSPw,27928,28616,688
KerryRunkle_UCL8PqDDhazCFyBx9DrLKKg_JuDIVocSPw_28848_34368.wav,KerryRunkle_UCL8PqDDhazCFyBx9DrLKKg_JuDIVocSPw,28848,34368,5520
KerryRunkle_UCL8PqDDhazCFyBx9DrLKKg_JuDIVocSPw_35040_35592.wav,KerryRunkle_UCL8PqDDhazCFyBx9DrLKKg_JuDIVocSPw,35040,35592,552
KerryRunkle_UCL8PqDDhazCFyBx9DrLKKg_JuDIVocSPw_36592_36880.wav,KerryRunkle_UCL8PqDDhazCFyBx9DrLKKg_JuDIVocSPw,36592,36880,288
KerryRunkle_UCL8PqDDhazCFyBx9DrLKKg_JuDIVocSPw_37224_37472.wav,KerryRunkle_UCL8PqDDhazCFyBx9DrLKKg_JuDIVocSPw,37224,37472,248
KerryRunkle_UCL8PqDDhazCFyBx9DrLKKg_JuDIVocSPw_38056_38496.wav,KerryRunkle_UCL8PqDDhazCFyBx9DrLKKg_JuDIVocSPw,38056,38496,440
KerryRunkle_UCL8PqDDhazCFyBx9DrLKKg_JuDIVocSPw_38792_39672.wav,KerryRunkle_UCL8PqDDhazCFyBx9DrLKKg_JuDIVocSPw,38792,39672,880
KerryRunkle_UCL8PqDDhazCFyBx9DrLKKg_JuDIVocSPw_40096_48546.wav,KerryRunkle_UCL8PqDDhazCFyBx9DrLKKg_JuDIVocSPw,40096,48546,8450
KerryRunkle_UCL8PqDDhazCFyBx9DrLKKg_JuDIVocSPw_48746_51180.wav,KerryRunkle_UCL8PqDDhazCFyBx9DrLKKg_JuDIVocSPw,48746,51180,2434
KerryRunkle_UCL8PqDDhazCFyBx9DrLKKg_JuDIVocSPw_51436_51848.wav,KerryRunkle_UCL8PqDDhazCFyBx9DrLKKg_JuDIVocSPw,51436,51848,412
KerryRunkle_UCL8PqDDhazCFyBx9DrLKKg_JuDIVocSPw_52008_57144.wav,KerryRunkle_UCL8PqDDhazCFyBx9DrLKKg_JuDIVocSPw,52008,57144,5136
KerryRunkle_UCL8PqDDhazCFyBx9DrLKKg_JuDIVocSPw_57304_59984.wav,KerryRunkle_UCL8PqDDhazCFyBx9DrLKKg_JuDIVocSPw,57304,59984,2680
KerryRunkle_UCL8PqDDhazCFyBx9DrLKKg_JuDIVocSPw_60144_63632.wav,KerryRunkle_UCL8PqDDhazCFyBx9DrLKKg_JuDIVocSPw,60144,63632,3488
KerryRunkle_UCL8PqDDhazCFyBx9DrLKKg_JuDIVocSPw_63888_70584.wav,KerryRunkle_UCL8PqDDhazCFyBx9DrLKKg_JuDIVocSPw,63888,70584,6696
KerryRunkle_UCL8PqDDhazCFyBx9DrLKKg_JuDIVocSPw_70824_73250.wav,KerryRunkle_UCL8PqDDhazCFyBx9DrLKKg_JuDIVocSPw,70824,73250,2426
KerryRunkle_UCL8PqDDhazCFyBx9DrLKKg_JuDIVocSPw_73466_78034.wav,KerryRunkle_UCL8PqDDhazCFyBx9DrLKKg_JuDIVocSPw,73466,78034,4568
KerryRunkle_UCL8PqDDhazCFyBx9DrLKKg_JuDIVocSPw_78234_83652.wav,KerryRunkle_UCL8PqDDhazCFyBx9DrLKKg_JuDIVocSPw,78234,83652,5418
KerryRunkle_UCL8PqDDhazCFyBx9DrLKKg_JuDIVocSPw_83812_87948.wav,KerryRunkle_UCL8PqDDhazCFyBx9DrLKKg_JuDIVocSPw,83812,87948,4136
KerryRunkle_UCL8PqDDhazCFyBx9DrLKKg_JuDIVocSPw_88220_96328.wav,KerryRunkle_UCL8PqDDhazCFyBx9DrLKKg_JuDIVocSPw,88220,96328,8108
KerryRunkle_UCL8PqDDhazCFyBx9DrLKKg_JuDIVocSPw_96432_98360.wav,KerryRunkle_UCL8PqDDhazCFyBx9DrLKKg_JuDIVocSPw,96432,98360,1928
KerryRunkle_UCL8PqDDhazCFyBx9DrLKKg_JuDIVocSPw_98896_99304.wav,KerryRunkle_UCL8PqDDhazCFyBx9DrLKKg_JuDIVocSPw,98896,99304,408
KerryRunkle_UCL8PqDDhazCFyBx9DrLKKg_JuDIVocSPw_99576_100304.wav,KerryRunkle_UCL8PqDDhazCFyBx9DrLKKg_JuDIVocSPw,99576,100304,728
KerryRunkle_UCL8PqDDhazCFyBx9DrLKKg_JuDIVocSPw_100712_108448.wav,KerryRunkle_UCL8PqDDhazCFyBx9DrLKKg_JuDIVocSPw,100712,108448,7736
KerryRunkle_UCL8PqDDhazCFyBx9DrLKKg_JuDIVocSPw_108592_114256.wav,KerryRunkle_UCL8PqDDhazCFyBx9DrLKKg_JuDIVocSPw,108592,114256,5664
KerryRunkle_UCL8PqDDhazCFyBx9DrLKKg_JuDIVocSPw_114880_118700.wav,KerryRunkle_UCL8PqDDhazCFyBx9DrLKKg_JuDIVocSPw,114880,118700,3820
KerryRunkle_UCL8PqDDhazCFyBx9DrLKKg_JuDIVocSPw_118964_124092.wav,KerryRunkle_UCL8PqDDhazCFyBx9DrLKKg_JuDIVocSPw,118964,124092,5128
KerryRunkle_UCL8PqDDhazCFyBx9DrLKKg_JuDIVocSPw_124844_130668.wav,KerryRunkle_UCL8PqDDhazCFyBx9DrLKKg_JuDIVocSPw,124844,130668,5824
KerryRunkle_UCL8PqDDhazCFyBx9DrLKKg_JuDIVocSPw_131004_133260.wav,KerryRunkle_UCL8PqDDhazCFyBx9DrLKKg_JuDIVocSPw,131004,133260,2256
KerryRunkle_UCL8PqDDhazCFyBx9DrLKKg_JuDIVocSPw_133564_136172.wav,KerryRunkle_UCL8PqDDhazCFyBx9DrLKKg_JuDIVocSPw,133564,136172,2608
KerryRunkle_UCL8PqDDhazCFyBx9DrLKKg_JuDIVocSPw_136396_139180.wav,KerryRunkle_UCL8PqDDhazCFyBx9DrLKKg_JuDIVocSPw,136396,139180,2784
KerryRunkle_UCL8PqDDhazCFyBx9DrLKKg_JuDIVocSPw_139428_140252.wav,KerryRunkle_UCL8PqDDhazCFyBx9DrLKKg_JuDIVocSPw,139428,140252,824
KerryRunkle_UCL8PqDDhazCFyBx9DrLKKg_JuDIVocSPw_140388_141540.wav,KerryRunkle_UCL8PqDDhazCFyBx9DrLKKg_JuDIVocSPw,140388,141540,1152
KerryRunkle_UCL8PqDDhazCFyBx9DrLKKg_JuDIVocSPw_142160_145400.wav,KerryRunkle_UCL8PqDDhazCFyBx9DrLKKg_JuDIVocSPw,142160,145400,3240
KerryRunkle_UCL8PqDDhazCFyBx9DrLKKg_JuDIVocSPw_145544_146208.wav,KerryRunkle_UCL8PqDDhazCFyBx9DrLKKg_JuDIVocSPw,145544,146208,664
KerryRunkle_UCL8PqDDhazCFyBx9DrLKKg_JuDIVocSPw_146544_153512.wav,KerryRunkle_UCL8PqDDhazCFyBx9DrLKKg_JuDIVocSPw,146544,153512,6968
KerryRunkle_UCL8PqDDhazCFyBx9DrLKKg_JuDIVocSPw_153856_157136.wav,KerryRunkle_UCL8PqDDhazCFyBx9DrLKKg_JuDIVocSPw,153856,157136,3280
KerryRunkle_UCL8PqDDhazCFyBx9DrLKKg_JuDIVocSPw_157336_158780.wav,KerryRunkle_UCL8PqDDhazCFyBx9DrLKKg_JuDIVocSPw,157336,158780,1444
KerryRunkle_UCL8PqDDhazCFyBx9DrLKKg_JuDIVocSPw_158940_164244.wav,KerryRunkle_UCL8PqDDhazCFyBx9DrLKKg_JuDIVocSPw,158940,164244,5304
KerryRunkle_UCL8PqDDhazCFyBx9DrLKKg_JuDIVocSPw_164396_164676.wav,KerryRunkle_UCL8PqDDhazCFyBx9DrLKKg_JuDIVocSPw,164396,164676,280
KerryRunkle_UCL8PqDDhazCFyBx9DrLKKg_JuDIVocSPw_164852_165564.wav,KerryRunkle_UCL8PqDDhazCFyBx9DrLKKg_JuDIVocSPw,164852,165564,712
KerryRunkle_UCL8PqDDhazCFyBx9DrLKKg_JuDIVocSPw_165740_167364.wav,KerryRunkle_UCL8PqDDhazCFyBx9DrLKKg_JuDIVocSPw,165740,167364,1624
KerryRunkle_UCL8PqDDhazCFyBx9DrLKKg_JuDIVocSPw_167832_169664.wav,KerryRunkle_UCL8PqDDhazCFyBx9DrLKKg_JuDIVocSPw,167832,169664,1832
KerryRunkle_UCL8PqDDhazCFyBx9DrLKKg_JuDIVocSPw_169776_174792.wav,KerryRunkle_UCL8PqDDhazCFyBx9DrLKKg_JuDIVocSPw,169776,174792,5016
KerryRunkle_UCL8PqDDhazCFyBx9DrLKKg_JuDIVocSPw_175056_182856.wav,KerryRunkle_UCL8PqDDhazCFyBx9DrLKKg_JuDIVocSPw,175056,182856,7800
KerryRunkle_UCL8PqDDhazCFyBx9DrLKKg_JuDIVocSPw_183200_185152.wav,KerryRunkle_UCL8PqDDhazCFyBx9DrLKKg_JuDIVocSPw,183200,185152,1952
KerryRunkle_UCL8PqDDhazCFyBx9DrLKKg_JuDIVocSPw_185288_192944.wav,KerryRunkle_UCL8PqDDhazCFyBx9DrLKKg_JuDIVocSPw,185288,192944,7656
KerryRunkle_UCL8PqDDhazCFyBx9DrLKKg_JuDIVocSPw_193168_199312.wav,KerryRunkle_UCL8PqDDhazCFyBx9DrLKKg_JuDIVocSPw,193168,199312,6144
KerryRunkle_UCL8PqDDhazCFyBx9DrLKKg_JuDIVocSPw_199616_207528.wav,KerryRunkle_UCL8PqDDhazCFyBx9DrLKKg_JuDIVocSPw,199616,207528,7912
KerryRunkle_UCL8PqDDhazCFyBx9DrLKKg_JuDIVocSPw_207656_216856.wav,KerryRunkle_UCL8PqDDhazCFyBx9DrLKKg_JuDIVocSPw,207656,216856,9200
KerryRunkle_UCL8PqDDhazCFyBx9DrLKKg_JuDIVocSPw_217048_218688.wav,KerryRunkle_UCL8PqDDhazCFyBx9DrLKKg_JuDIVocSPw,217048,218688,1640
KerryRunkle_UCL8PqDDhazCFyBx9DrLKKg_JuDIVocSPw_218920_221408.wav,KerryRunkle_UCL8PqDDhazCFyBx9DrLKKg_JuDIVocSPw,218920,221408,2488
KerryRunkle_UCL8PqDDhazCFyBx9DrLKKg_JuDIVocSPw_221816_223560.wav,KerryRunkle_UCL8PqDDhazCFyBx9DrLKKg_JuDIVocSPw,221816,223560,1744
KerryRunkle_UCL8PqDDhazCFyBx9DrLKKg_JuDIVocSPw_223864_232296.wav,KerryRunkle_UCL8PqDDhazCFyBx9DrLKKg_JuDIVocSPw,223864,232296,8432
KerryRunkle_UCL8PqDDhazCFyBx9DrLKKg_JuDIVocSPw_232464_234592.wav,KerryRunkle_UCL8PqDDhazCFyBx9DrLKKg_JuDIVocSPw,232464,234592,2128
KerryRunkle_UCL8PqDDhazCFyBx9DrLKKg_JuDIVocSPw_234920_235936.wav,KerryRunkle_UCL8PqDDhazCFyBx9DrLKKg_JuDIVocSPw,234920,235936,1016
KerryRunkle_UCL8PqDDhazCFyBx9DrLKKg_JuDIVocSPw_236392_238392.wav,KerryRunkle_UCL8PqDDhazCFyBx9DrLKKg_JuDIVocSPw,236392,238392,2000
KerryRunkle_UCL8PqDDhazCFyBx9DrLKKg_JuDIVocSPw_238728_240832.wav,KerryRunkle_UCL8PqDDhazCFyBx9DrLKKg_JuDIVocSPw,238728,240832,2104
KerryRunkle_UCL8PqDDhazCFyBx9DrLKKg_JuDIVocSPw_241408_245400.wav,KerryRunkle_UCL8PqDDhazCFyBx9DrLKKg_JuDIVocSPw,241408,245400,3992
KerryRunkle_UCL8PqDDhazCFyBx9DrLKKg_JuDIVocSPw_245744_247056.wav,KerryRunkle_UCL8PqDDhazCFyBx9DrLKKg_JuDIVocSPw,245744,247056,1312
KerryRunkle_UCL8PqDDhazCFyBx9DrLKKg_JuDIVocSPw_247288_248496.wav,KerryRunkle_UCL8PqDDhazCFyBx9DrLKKg_JuDIVocSPw,247288,248496,1208
KerryRunkle_UCL8PqDDhazCFyBx9DrLKKg_JuDIVocSPw_248928_249344.wav,KerryRunkle_UCL8PqDDhazCFyBx9DrLKKg_JuDIVocSPw,248928,249344,416
KerryRunkle_UCL8PqDDhazCFyBx9DrLKKg_JuDIVocSPw_249848_252368.wav,KerryRunkle_UCL8PqDDhazCFyBx9DrLKKg_JuDIVocSPw,249848,252368,2520
KerryRunkle_UCL8PqDDhazCFyBx9DrLKKg_JuDIVocSPw_252744_254048.wav,KerryRunkle_UCL8PqDDhazCFyBx9DrLKKg_JuDIVocSPw,252744,254048,1304
KerryRunkle_UCL8PqDDhazCFyBx9DrLKKg_JuDIVocSPw_254304_256440.wav,KerryRunkle_UCL8PqDDhazCFyBx9DrLKKg_JuDIVocSPw,254304,256440,2136
KerryRunkle_UCL8PqDDhazCFyBx9DrLKKg_JuDIVocSPw_256720_257184.wav,KerryRunkle_UCL8PqDDhazCFyBx9DrLKKg_JuDIVocSPw,256720,257184,464
KerryRunkle_UCL8PqDDhazCFyBx9DrLKKg_JuDIVocSPw_257400_259032.wav,KerryRunkle_UCL8PqDDhazCFyBx9DrLKKg_JuDIVocSPw,257400,259032,1632
KerryRunkle_UCL8PqDDhazCFyBx9DrLKKg_JuDIVocSPw_259216_260608.wav,KerryRunkle_UCL8PqDDhazCFyBx9DrLKKg_JuDIVocSPw,259216,260608,1392
KerryRunkle_UCL8PqDDhazCFyBx9DrLKKg_JuDIVocSPw_261184_263732.wav,KerryRunkle_UCL8PqDDhazCFyBx9DrLKKg_JuDIVocSPw,261184,263732,2548
KerryRunkle_UCL8PqDDhazCFyBx9DrLKKg_JuDIVocSPw_264036_267406.wav,KerryRunkle_UCL8PqDDhazCFyBx9DrLKKg_JuDIVocSPw,264036,267406,3370
KerryRunkle_UCL8PqDDhazCFyBx9DrLKKg_JuDIVocSPw_267630_275376.wav,KerryRunkle_UCL8PqDDhazCFyBx9DrLKKg_JuDIVocSPw,267630,275376,7746
KerryRunkle_UCL8PqDDhazCFyBx9DrLKKg_JuDIVocSPw_275496_283072.wav,KerryRunkle_UCL8PqDDhazCFyBx9DrLKKg_JuDIVocSPw,275496,283072,7576
KerryRunkle_UCL8PqDDhazCFyBx9DrLKKg_JuDIVocSPw_283368_289304.wav,KerryRunkle_UCL8PqDDhazCFyBx9DrLKKg_JuDIVocSPw,283368,289304,5936
KerryRunkle_UCL8PqDDhazCFyBx9DrLKKg_JuDIVocSPw_289704_293752.wav,KerryRunkle_UCL8PqDDhazCFyBx9DrLKKg_JuDIVocSPw,289704,293752,4048
KerryRunkle_UCL8PqDDhazCFyBx9DrLKKg_JuDIVocSPw_293944_300648.wav,KerryRunkle_UCL8PqDDhazCFyBx9DrLKKg_JuDIVocSPw,293944,300648,6704
KerryRunkle_UCL8PqDDhazCFyBx9DrLKKg_JuDIVocSPw_300824_302984.wav,KerryRunkle_UCL8PqDDhazCFyBx9DrLKKg_JuDIVocSPw,300824,302984,2160
KerryRunkle_UCL8PqDDhazCFyBx9DrLKKg_JuDIVocSPw_303176_312968.wav,KerryRunkle_UCL8PqDDhazCFyBx9DrLKKg_JuDIVocSPw,303176,312968,9792
KerryRunkle_UCL8PqDDhazCFyBx9DrLKKg_JuDIVocSPw_313176_314216.wav,KerryRunkle_UCL8PqDDhazCFyBx9DrLKKg_JuDIVocSPw,313176,314216,1040
KerryRunkle_UCL8PqDDhazCFyBx9DrLKKg_JuDIVocSPw_314440_315304.wav,KerryRunkle_UCL8PqDDhazCFyBx9DrLKKg_JuDIVocSPw,314440,315304,864
KerryRunkle_UCL8PqDDhazCFyBx9DrLKKg_JuDIVocSPw_315440_317712.wav,KerryRunkle_UCL8PqDDhazCFyBx9DrLKKg_JuDIVocSPw,315440,317712,2272
KerryRunkle_UCL8PqDDhazCFyBx9DrLKKg_JuDIVocSPw_318632_322408.wav,KerryRunkle_UCL8PqDDhazCFyBx9DrLKKg_JuDIVocSPw,318632,322408,3776
KerryRunkle_UCL8PqDDhazCFyBx9DrLKKg_JuDIVocSPw_322712_323868.wav,KerryRunkle_UCL8PqDDhazCFyBx9DrLKKg_JuDIVocSPw,322712,323868,1156
KerryRunkle_UCL8PqDDhazCFyBx9DrLKKg_JuDIVocSPw_324060_324180.wav,KerryRunkle_UCL8PqDDhazCFyBx9DrLKKg_JuDIVocSPw,324060,324180,120
KerryRunkle_UCL8PqDDhazCFyBx9DrLKKg_JuDIVocSPw_324284_324428.wav,KerryRunkle_UCL8PqDDhazCFyBx9DrLKKg_JuDIVocSPw,324284,324428,144
KerryRunkle_UCL8PqDDhazCFyBx9DrLKKg_JuDIVocSPw_324612_324780.wav,KerryRunkle_UCL8PqDDhazCFyBx9DrLKKg_JuDIVocSPw,324612,324780,168
KerryRunkle_UCL8PqDDhazCFyBx9DrLKKg_JuDIVocSPw_325292_325396.wav,KerryRunkle_UCL8PqDDhazCFyBx9DrLKKg_JuDIVocSPw,325292,325396,104
KerryRunkle_UCL8PqDDhazCFyBx9DrLKKg_JuDIVocSPw_325652_335028.wav,KerryRunkle_UCL8PqDDhazCFyBx9DrLKKg_JuDIVocSPw,325652,335028,9376
KerryRunkle_UCL8PqDDhazCFyBx9DrLKKg_JuDIVocSPw_335404_335684.wav,KerryRunkle_UCL8PqDDhazCFyBx9DrLKKg_JuDIVocSPw,335404,335684,280
KerryRunkle_UCL8PqDDhazCFyBx9DrLKKg_JuDIVocSPw_335996_343348.wav,KerryRunkle_UCL8PqDDhazCFyBx9DrLKKg_JuDIVocSPw,335996,343348,7352
KerryRunkle_UCL8PqDDhazCFyBx9DrLKKg_JuDIVocSPw_343716_353580.wav,KerryRunkle_UCL8PqDDhazCFyBx9DrLKKg_JuDIVocSPw,343716,353580,9864
KerryRunkle_UCL8PqDDhazCFyBx9DrLKKg_JuDIVocSPw_353812_354332.wav,KerryRunkle_UCL8PqDDhazCFyBx9DrLKKg_JuDIVocSPw,353812,354332,520
KerryRunkle_UCL8PqDDhazCFyBx9DrLKKg_JuDIVocSPw_354652_360640.wav,KerryRunkle_UCL8PqDDhazCFyBx9DrLKKg_JuDIVocSPw,354652,360640,5988
KerryRunkle_UCL8PqDDhazCFyBx9DrLKKg_JuDIVocSPw_360824_362072.wav,KerryRunkle_UCL8PqDDhazCFyBx9DrLKKg_JuDIVocSPw,360824,362072,1248
KerryRunkle_UCL8PqDDhazCFyBx9DrLKKg_JuDIVocSPw_362256_368554.wav,KerryRunkle_UCL8PqDDhazCFyBx9DrLKKg_JuDIVocSPw,362256,368554,6298
KerryRunkle_UCL8PqDDhazCFyBx9DrLKKg_JuDIVocSPw_368866_370578.wav,KerryRunkle_UCL8PqDDhazCFyBx9DrLKKg_JuDIVocSPw,368866,370578,1712
KerryRunkle_UCL8PqDDhazCFyBx9DrLKKg_JuDIVocSPw_371042_380762.wav,KerryRunkle_UCL8PqDDhazCFyBx9DrLKKg_JuDIVocSPw,371042,380762,9720
KerryRunkle_UCL8PqDDhazCFyBx9DrLKKg_JuDIVocSPw_381363_384668.wav,KerryRunkle_UCL8PqDDhazCFyBx9DrLKKg_JuDIVocSPw,381363,384668,3305
KerryRunkle_UCL8PqDDhazCFyBx9DrLKKg_JuDIVocSPw_384820_391852.wav,KerryRunkle_UCL8PqDDhazCFyBx9DrLKKg_JuDIVocSPw,384820,391852,7032
KerryRunkle_UCL8PqDDhazCFyBx9DrLKKg_JuDIVocSPw_392012_393796.wav,KerryRunkle_UCL8PqDDhazCFyBx9DrLKKg_JuDIVocSPw,392012,393796,1784
KerryRunkle_UCL8PqDDhazCFyBx9DrLKKg_JuDIVocSPw_393908_399828.wav,KerryRunkle_UCL8PqDDhazCFyBx9DrLKKg_JuDIVocSPw,393908,399828,5920
KerryRunkle_UCL8PqDDhazCFyBx9DrLKKg_JuDIVocSPw_399980_403412.wav,KerryRunkle_UCL8PqDDhazCFyBx9DrLKKg_JuDIVocSPw,399980,403412,3432
KerryRunkle_UCL8PqDDhazCFyBx9DrLKKg_JuDIVocSPw_403524_412100.wav,KerryRunkle_UCL8PqDDhazCFyBx9DrLKKg_JuDIVocSPw,403524,412100,8576
KerryRunkle_UCL8PqDDhazCFyBx9DrLKKg_JuDIVocSPw_412340_414444.wav,KerryRunkle_UCL8PqDDhazCFyBx9DrLKKg_JuDIVocSPw,412340,414444,2104
KerryRunkle_UCL8PqDDhazCFyBx9DrLKKg_JuDIVocSPw_414684_416964.wav,KerryRunkle_UCL8PqDDhazCFyBx9DrLKKg_JuDIVocSPw,414684,416964,2280
KerryRunkle_UCL8PqDDhazCFyBx9DrLKKg_JuDIVocSPw_417692_419892.wav,KerryRunkle_UCL8PqDDhazCFyBx9DrLKKg_JuDIVocSPw,417692,419892,2200
KerryRunkle_UCL8PqDDhazCFyBx9DrLKKg_JuDIVocSPw_420044_426748.wav,KerryRunkle_UCL8PqDDhazCFyBx9DrLKKg_JuDIVocSPw,420044,426748,6704
KerryRunkle_UCL8PqDDhazCFyBx9DrLKKg_JuDIVocSPw_427028_432212.wav,KerryRunkle_UCL8PqDDhazCFyBx9DrLKKg_JuDIVocSPw,427028,432212,5184
KerryRunkle_UCL8PqDDhazCFyBx9DrLKKg_JuDIVocSPw_432340_435548.wav,KerryRunkle_UCL8PqDDhazCFyBx9DrLKKg_JuDIVocSPw,432340,435548,3208
KerryRunkle_UCL8PqDDhazCFyBx9DrLKKg_JuDIVocSPw_436028_437300.wav,KerryRunkle_UCL8PqDDhazCFyBx9DrLKKg_JuDIVocSPw,436028,437300,1272
KerryRunkle_UCL8PqDDhazCFyBx9DrLKKg_JuDIVocSPw_437484_446060.wav,KerryRunkle_UCL8PqDDhazCFyBx9DrLKKg_JuDIVocSPw,437484,446060,8576
KerryRunkle_UCL8PqDDhazCFyBx9DrLKKg_JuDIVocSPw_446180_453216.wav,KerryRunkle_UCL8PqDDhazCFyBx9DrLKKg_JuDIVocSPw,446180,453216,7036
KerryRunkle_UCL8PqDDhazCFyBx9DrLKKg_JuDIVocSPw_453488_457556.wav,KerryRunkle_UCL8PqDDhazCFyBx9DrLKKg_JuDIVocSPw,453488,457556,4068
KerryRunkle_UCL8PqDDhazCFyBx9DrLKKg_JuDIVocSPw_457684_466164.wav,KerryRunkle_UCL8PqDDhazCFyBx9DrLKKg_JuDIVocSPw,457684,466164,8480
KerryRunkle_UCL8PqDDhazCFyBx9DrLKKg_JuDIVocSPw_466292_467556.wav,KerryRunkle_UCL8PqDDhazCFyBx9DrLKKg_JuDIVocSPw,466292,467556,1264
KerryRunkle_UCL8PqDDhazCFyBx9DrLKKg_JuDIVocSPw_467724_474256.wav,KerryRunkle_UCL8PqDDhazCFyBx9DrLKKg_JuDIVocSPw,467724,474256,6532
KerryRunkle_UCL8PqDDhazCFyBx9DrLKKg_JuDIVocSPw_474608_475184.wav,KerryRunkle_UCL8PqDDhazCFyBx9DrLKKg_JuDIVocSPw,474608,475184,576
KerryRunkle_UCL8PqDDhazCFyBx9DrLKKg_JuDIVocSPw_475736_476712.wav,KerryRunkle_UCL8PqDDhazCFyBx9DrLKKg_JuDIVocSPw,475736,476712,976
KerryRunkle_UCL8PqDDhazCFyBx9DrLKKg_JuDIVocSPw_478840_484136.wav,KerryRunkle_UCL8PqDDhazCFyBx9DrLKKg_JuDIVocSPw,478840,484136,5296
KerryRunkle_UCL8PqDDhazCFyBx9DrLKKg_JuDIVocSPw_484256_485904.wav,KerryRunkle_UCL8PqDDhazCFyBx9DrLKKg_JuDIVocSPw,484256,485904,1648
KerryRunkle_UCL8PqDDhazCFyBx9DrLKKg_JuDIVocSPw_486016_489792.wav,KerryRunkle_UCL8PqDDhazCFyBx9DrLKKg_JuDIVocSPw,486016,489792,3776
KerryRunkle_UCL8PqDDhazCFyBx9DrLKKg_JuDIVocSPw_490600_491000.wav,KerryRunkle_UCL8PqDDhazCFyBx9DrLKKg_JuDIVocSPw,490600,491000,400
KerryRunkle_UCL8PqDDhazCFyBx9DrLKKg_JuDIVocSPw_491936_497824.wav,KerryRunkle_UCL8PqDDhazCFyBx9DrLKKg_JuDIVocSPw,491936,497824,5888
KerryRunkle_UCL8PqDDhazCFyBx9DrLKKg_JuDIVocSPw_497936_501408.wav,KerryRunkle_UCL8PqDDhazCFyBx9DrLKKg_JuDIVocSPw,497936,501408,3472
KerryRunkle_UCL8PqDDhazCFyBx9DrLKKg_JuDIVocSPw_501520_507224.wav,KerryRunkle_UCL8PqDDhazCFyBx9DrLKKg_JuDIVocSPw,501520,507224,5704
KerryRunkle_UCL8PqDDhazCFyBx9DrLKKg_JuDIVocSPw_507352_513036.wav,KerryRunkle_UCL8PqDDhazCFyBx9DrLKKg_JuDIVocSPw,507352,513036,5684
KerryRunkle_UCL8PqDDhazCFyBx9DrLKKg_JuDIVocSPw_513284_522688.wav,KerryRunkle_UCL8PqDDhazCFyBx9DrLKKg_JuDIVocSPw,513284,522688,9404
KerryRunkle_UCL8PqDDhazCFyBx9DrLKKg_JuDIVocSPw_522816_529552.wav,KerryRunkle_UCL8PqDDhazCFyBx9DrLKKg_JuDIVocSPw,522816,529552,6736
KerryRunkle_UCL8PqDDhazCFyBx9DrLKKg_JuDIVocSPw_530176_531712.wav,KerryRunkle_UCL8PqDDhazCFyBx9DrLKKg_JuDIVocSPw,530176,531712,1536
KerryRunkle_UCL8PqDDhazCFyBx9DrLKKg_JuDIVocSPw_533128_533272.wav,KerryRunkle_UCL8PqDDhazCFyBx9DrLKKg_JuDIVocSPw,533128,533272,144
KerryRunkle_UCL8PqDDhazCFyBx9DrLKKg_JuDIVocSPw_533824_536312.wav,KerryRunkle_UCL8PqDDhazCFyBx9DrLKKg_JuDIVocSPw,533824,536312,2488
KerryRunkle_UCL8PqDDhazCFyBx9DrLKKg_JuDIVocSPw_536680_538704.wav,KerryRunkle_UCL8PqDDhazCFyBx9DrLKKg_JuDIVocSPw,536680,538704,2024
KerryRunkle_UCL8PqDDhazCFyBx9DrLKKg_JuDIVocSPw_539296_542008.wav,KerryRunkle_UCL8PqDDhazCFyBx9DrLKKg_JuDIVocSPw,539296,542008,2712
KerryRunkle_UCL8PqDDhazCFyBx9DrLKKg_JuDIVocSPw_542440_543040.wav,KerryRunkle_UCL8PqDDhazCFyBx9DrLKKg_JuDIVocSPw,542440,543040,600
KerryRunkle_UCL8PqDDhazCFyBx9DrLKKg_JuDIVocSPw_543488_544844.wav,KerryRunkle_UCL8PqDDhazCFyBx9DrLKKg_JuDIVocSPw,543488,544844,1356
KerryRunkle_UCL8PqDDhazCFyBx9DrLKKg_JuDIVocSPw_544956_549700.wav,KerryRunkle_UCL8PqDDhazCFyBx9DrLKKg_JuDIVocSPw,544956,549700,4744
KerryRunkle_UCL8PqDDhazCFyBx9DrLKKg_JuDIVocSPw_549852_557948.wav,KerryRunkle_UCL8PqDDhazCFyBx9DrLKKg_JuDIVocSPw,549852,557948,8096
KerryRunkle_UCL8PqDDhazCFyBx9DrLKKg_JuDIVocSPw_558124_561664.wav,KerryRunkle_UCL8PqDDhazCFyBx9DrLKKg_JuDIVocSPw,558124,561664,3540
KerryRunkle_UCL8PqDDhazCFyBx9DrLKKg_JuDIVocSPw_563056_567112.wav,KerryRunkle_UCL8PqDDhazCFyBx9DrLKKg_JuDIVocSPw,563056,567112,4056
KerryRunkle_UCL8PqDDhazCFyBx9DrLKKg_JuDIVocSPw_567296_569232.wav,KerryRunkle_UCL8PqDDhazCFyBx9DrLKKg_JuDIVocSPw,567296,569232,1936
KerryRunkle_UCL8PqDDhazCFyBx9DrLKKg_JuDIVocSPw_569384_578440.wav,KerryRunkle_UCL8PqDDhazCFyBx9DrLKKg_JuDIVocSPw,569384,578440,9056
KerryRunkle_UCL8PqDDhazCFyBx9DrLKKg_JuDIVocSPw_578568_582780.wav,KerryRunkle_UCL8PqDDhazCFyBx9DrLKKg_JuDIVocSPw,578568,582780,4212
KerryRunkle_UCL8PqDDhazCFyBx9DrLKKg_JuDIVocSPw_582932_590912.wav,KerryRunkle_UCL8PqDDhazCFyBx9DrLKKg_JuDIVocSPw,582932,590912,7980
KerryRunkle_UCL8PqDDhazCFyBx9DrLKKg_JuDIVocSPw_591048_595848.wav,KerryRunkle_UCL8PqDDhazCFyBx9DrLKKg_JuDIVocSPw,591048,595848,4800
KerryRunkle_UCL8PqDDhazCFyBx9DrLKKg_JuDIVocSPw_595952_596256.wav,KerryRunkle_UCL8PqDDhazCFyBx9DrLKKg_JuDIVocSPw,595952,596256,304
KerryRunkle_UCL8PqDDhazCFyBx9DrLKKg_JuDIVocSPw_596520_597848.wav,KerryRunkle_UCL8PqDDhazCFyBx9DrLKKg_JuDIVocSPw,596520,597848,1328
KerryRunkle_UCL8PqDDhazCFyBx9DrLKKg_JuDIVocSPw_598704_602864.wav,KerryRunkle_UCL8PqDDhazCFyBx9DrLKKg_JuDIVocSPw,598704,602864,4160
KerryRunkle_UCL8PqDDhazCFyBx9DrLKKg_JuDIVocSPw_603000_609320.wav,KerryRunkle_UCL8PqDDhazCFyBx9DrLKKg_JuDIVocSPw,603000,609320,6320
KerryRunkle_UCL8PqDDhazCFyBx9DrLKKg_JuDIVocSPw_609560_613696.wav,KerryRunkle_UCL8PqDDhazCFyBx9DrLKKg_JuDIVocSPw,609560,613696,4136
KerryRunkle_UCL8PqDDhazCFyBx9DrLKKg_JuDIVocSPw_614064_616264.wav,KerryRunkle_UCL8PqDDhazCFyBx9DrLKKg_JuDIVocSPw,614064,616264,2200
KerryRunkle_UCL8PqDDhazCFyBx9DrLKKg_JuDIVocSPw_616456_616608.wav,KerryRunkle_UCL8PqDDhazCFyBx9DrLKKg_JuDIVocSPw,616456,616608,152
KerryRunkle_UCL8PqDDhazCFyBx9DrLKKg_JuDIVocSPw_616720_620544.wav,KerryRunkle_UCL8PqDDhazCFyBx9DrLKKg_JuDIVocSPw,616720,620544,3824
KerryRunkle_UCL8PqDDhazCFyBx9DrLKKg_JuDIVocSPw_620648_625236.wav,KerryRunkle_UCL8PqDDhazCFyBx9DrLKKg_JuDIVocSPw,620648,625236,4588
KerryRunkle_UCL8PqDDhazCFyBx9DrLKKg_JuDIVocSPw_625540_631708.wav,KerryRunkle_UCL8PqDDhazCFyBx9DrLKKg_JuDIVocSPw,625540,631708,6168
KerryRunkle_UCL8PqDDhazCFyBx9DrLKKg_JuDIVocSPw_631868_636792.wav,KerryRunkle_UCL8PqDDhazCFyBx9DrLKKg_JuDIVocSPw,631868,636792,4924
KerryRunkle_UCL8PqDDhazCFyBx9DrLKKg_JuDIVocSPw_636920_640168.wav,KerryRunkle_UCL8PqDDhazCFyBx9DrLKKg_JuDIVocSPw,636920,640168,3248
KerryRunkle_UCL8PqDDhazCFyBx9DrLKKg_JuDIVocSPw_640336_644688.wav,KerryRunkle_UCL8PqDDhazCFyBx9DrLKKg_JuDIVocSPw,640336,644688,4352
KerryRunkle_UCL8PqDDhazCFyBx9DrLKKg_JuDIVocSPw_644992_645464.wav,KerryRunkle_UCL8PqDDhazCFyBx9DrLKKg_JuDIVocSPw,644992,645464,472
KerryRunkle_UCL8PqDDhazCFyBx9DrLKKg_JuDIVocSPw_647616_652888.wav,KerryRunkle_UCL8PqDDhazCFyBx9DrLKKg_JuDIVocSPw,647616,652888,5272
KerryRunkle_UCL8PqDDhazCFyBx9DrLKKg_JuDIVocSPw_653184_658736.wav,KerryRunkle_UCL8PqDDhazCFyBx9DrLKKg_JuDIVocSPw,653184,658736,5552
KerryRunkle_UCL8PqDDhazCFyBx9DrLKKg_JuDIVocSPw_658864_665736.wav,KerryRunkle_UCL8PqDDhazCFyBx9DrLKKg_JuDIVocSPw,658864,665736,6872
KerryRunkle_UCL8PqDDhazCFyBx9DrLKKg_JuDIVocSPw_665912_670288.wav,KerryRunkle_UCL8PqDDhazCFyBx9DrLKKg_JuDIVocSPw,665912,670288,4376
KerryRunkle_UCL8PqDDhazCFyBx9DrLKKg_JuDIVocSPw_670496_671232.wav,KerryRunkle_UCL8PqDDhazCFyBx9DrLKKg_JuDIVocSPw,670496,671232,736
KerryRunkle_UCL8PqDDhazCFyBx9DrLKKg_JuDIVocSPw_671344_673808.wav,KerryRunkle_UCL8PqDDhazCFyBx9DrLKKg_JuDIVocSPw,671344,673808,2464
KerryRunkle_UCL8PqDDhazCFyBx9DrLKKg_JuDIVocSPw_674768_677736.wav,KerryRunkle_UCL8PqDDhazCFyBx9DrLKKg_JuDIVocSPw,674768,677736,2968
KerryRunkle_UCL8PqDDhazCFyBx9DrLKKg_JuDIVocSPw_678000_679192.wav,KerryRunkle_UCL8PqDDhazCFyBx9DrLKKg_JuDIVocSPw,678000,679192,1192
KerryRunkle_UCL8PqDDhazCFyBx9DrLKKg_JuDIVocSPw_679808_685560.wav,KerryRunkle_UCL8PqDDhazCFyBx9DrLKKg_JuDIVocSPw,679808,685560,5752
KerryRunkle_UCL8PqDDhazCFyBx9DrLKKg_JuDIVocSPw_686232_689608.wav,KerryRunkle_UCL8PqDDhazCFyBx9DrLKKg_JuDIVocSPw,686232,689608,3376
KerryRunkle_UCL8PqDDhazCFyBx9DrLKKg_JuDIVocSPw_689936_692896.wav,KerryRunkle_UCL8PqDDhazCFyBx9DrLKKg_JuDIVocSPw,689936,692896,2960
KerryRunkle_UCL8PqDDhazCFyBx9DrLKKg_JuDIVocSPw_694104_695312.wav,KerryRunkle_UCL8PqDDhazCFyBx9DrLKKg_JuDIVocSPw,694104,695312,1208
KerryRunkle_UCL8PqDDhazCFyBx9DrLKKg_JuDIVocSPw_695824_697376.wav,KerryRunkle_UCL8PqDDhazCFyBx9DrLKKg_JuDIVocSPw,695824,697376,1552
KerryRunkle_UCL8PqDDhazCFyBx9DrLKKg_JuDIVocSPw_698400_699040.wav,KerryRunkle_UCL8PqDDhazCFyBx9DrLKKg_JuDIVocSPw,698400,699040,640
KerryRunkle_UCL8PqDDhazCFyBx9DrLKKg_JuDIVocSPw_699656_706136.wav,KerryRunkle_UCL8PqDDhazCFyBx9DrLKKg_JuDIVocSPw,699656,706136,6480
KerryRunkle_UCL8PqDDhazCFyBx9DrLKKg_JuDIVocSPw_706536_707360.wav,KerryRunkle_UCL8PqDDhazCFyBx9DrLKKg_JuDIVocSPw,706536,707360,824
KerryRunkle_UCL8PqDDhazCFyBx9DrLKKg_JuDIVocSPw_709524_718156.wav,KerryRunkle_UCL8PqDDhazCFyBx9DrLKKg_JuDIVocSPw,709524,718156,8632
KerryRunkle_UCL8PqDDhazCFyBx9DrLKKg_JuDIVocSPw_718292_722804.wav,KerryRunkle_UCL8PqDDhazCFyBx9DrLKKg_JuDIVocSPw,718292,722804,4512
KerryRunkle_UCL8PqDDhazCFyBx9DrLKKg_JuDIVocSPw_723068_724820.wav,KerryRunkle_UCL8PqDDhazCFyBx9DrLKKg_JuDIVocSPw,723068,724820,1752
KerryRunkle_UCL8PqDDhazCFyBx9DrLKKg_JuDIVocSPw_725028_731468.wav,KerryRunkle_UCL8PqDDhazCFyBx9DrLKKg_JuDIVocSPw,725028,731468,6440
KerryRunkle_UCL8PqDDhazCFyBx9DrLKKg_JuDIVocSPw_731972_732404.wav,KerryRunkle_UCL8PqDDhazCFyBx9DrLKKg_JuDIVocSPw,731972,732404,432
KerryRunkle_UCL8PqDDhazCFyBx9DrLKKg_JuDIVocSPw_732564_733612.wav,KerryRunkle_UCL8PqDDhazCFyBx9DrLKKg_JuDIVocSPw,732564,733612,1048
KerryRunkle_UCL8PqDDhazCFyBx9DrLKKg_JuDIVocSPw_733812_734244.wav,KerryRunkle_UCL8PqDDhazCFyBx9DrLKKg_JuDIVocSPw,733812,734244,432
KerryRunkle_UCL8PqDDhazCFyBx9DrLKKg_JuDIVocSPw_734428_734676.wav,KerryRunkle_UCL8PqDDhazCFyBx9DrLKKg_JuDIVocSPw,734428,734676,248
KerryRunkle_UCL8PqDDhazCFyBx9DrLKKg_JuDIVocSPw_734988_737220.wav,KerryRunkle_UCL8PqDDhazCFyBx9DrLKKg_JuDIVocSPw,734988,737220,2232
KerryRunkle_UCL8PqDDhazCFyBx9DrLKKg_JuDIVocSPw_737844_743340.wav,KerryRunkle_UCL8PqDDhazCFyBx9DrLKKg_JuDIVocSPw,737844,743340,5496
KerryRunkle_UCL8PqDDhazCFyBx9DrLKKg_JuDIVocSPw_743476_744284.wav,KerryRunkle_UCL8PqDDhazCFyBx9DrLKKg_JuDIVocSPw,743476,744284,808
KerryRunkle_UCL8PqDDhazCFyBx9DrLKKg_JuDIVocSPw_744692_745860.wav,KerryRunkle_UCL8PqDDhazCFyBx9DrLKKg_JuDIVocSPw,744692,745860,1168
KerryRunkle_UCL8PqDDhazCFyBx9DrLKKg_JuDIVocSPw_746244_751224.wav,KerryRunkle_UCL8PqDDhazCFyBx9DrLKKg_JuDIVocSPw,746244,751224,4980
KerryRunkle_UCL8PqDDhazCFyBx9DrLKKg_JuDIVocSPw_751816_759288.wav,KerryRunkle_UCL8PqDDhazCFyBx9DrLKKg_JuDIVocSPw,751816,759288,7472
KerryRunkle_UCL8PqDDhazCFyBx9DrLKKg_JuDIVocSPw_759616_766368.wav,KerryRunkle_UCL8PqDDhazCFyBx9DrLKKg_JuDIVocSPw,759616,766368,6752
KerryRunkle_UCL8PqDDhazCFyBx9DrLKKg_JuDIVocSPw_766848_776588.wav,KerryRunkle_UCL8PqDDhazCFyBx9DrLKKg_JuDIVocSPw,766848,776588,9740
KerryRunkle_UCL8PqDDhazCFyBx9DrLKKg_JuDIVocSPw_776692_780148.wav,KerryRunkle_UCL8PqDDhazCFyBx9DrLKKg_JuDIVocSPw,776692,780148,3456
KerryRunkle_UCL8PqDDhazCFyBx9DrLKKg_JuDIVocSPw_780308_783284.wav,KerryRunkle_UCL8PqDDhazCFyBx9DrLKKg_JuDIVocSPw,780308,783284,2976
KerryRunkle_UCL8PqDDhazCFyBx9DrLKKg_JuDIVocSPw_783420_787840.wav,KerryRunkle_UCL8PqDDhazCFyBx9DrLKKg_JuDIVocSPw,783420,787840,4420
KerryRunkle_UCL8PqDDhazCFyBx9DrLKKg_JuDIVocSPw_788304_790744.wav,KerryRunkle_UCL8PqDDhazCFyBx9DrLKKg_JuDIVocSPw,788304,790744,2440
KerryRunkle_UCL8PqDDhazCFyBx9DrLKKg_JuDIVocSPw_790848_793064.wav,KerryRunkle_UCL8PqDDhazCFyBx9DrLKKg_JuDIVocSPw,790848,793064,2216
KerryRunkle_UCL8PqDDhazCFyBx9DrLKKg_JuDIVocSPw_793192_801360.wav,KerryRunkle_UCL8PqDDhazCFyBx9DrLKKg_JuDIVocSPw,793192,801360,8168
KerryRunkle_UCL8PqDDhazCFyBx9DrLKKg_JuDIVocSPw_801472_801960.wav,KerryRunkle_UCL8PqDDhazCFyBx9DrLKKg_JuDIVocSPw,801472,801960,488
KerryRunkle_UCL8PqDDhazCFyBx9DrLKKg_JuDIVocSPw_802336_804568.wav,KerryRunkle_UCL8PqDDhazCFyBx9DrLKKg_JuDIVocSPw,802336,804568,2232
KerryRunkle_UCL8PqDDhazCFyBx9DrLKKg_JuDIVocSPw_805320_806732.wav,KerryRunkle_UCL8PqDDhazCFyBx9DrLKKg_JuDIVocSPw,805320,806732,1412
KerryRunkle_UCL8PqDDhazCFyBx9DrLKKg_JuDIVocSPw_806964_813900.wav,KerryRunkle_UCL8PqDDhazCFyBx9DrLKKg_JuDIVocSPw,806964,813900,6936
KerryRunkle_UCL8PqDDhazCFyBx9DrLKKg_JuDIVocSPw_814140_822204.wav,KerryRunkle_UCL8PqDDhazCFyBx9DrLKKg_JuDIVocSPw,814140,822204,8064
KerryRunkle_UCL8PqDDhazCFyBx9DrLKKg_JuDIVocSPw_822532_827780.wav,KerryRunkle_UCL8PqDDhazCFyBx9DrLKKg_JuDIVocSPw,822532,827780,5248
KerryRunkle_UCL8PqDDhazCFyBx9DrLKKg_JuDIVocSPw_828264_836112.wav,KerryRunkle_UCL8PqDDhazCFyBx9DrLKKg_JuDIVocSPw,828264,836112,7848
KerryRunkle_UCL8PqDDhazCFyBx9DrLKKg_JuDIVocSPw_836280_843928.wav,KerryRunkle_UCL8PqDDhazCFyBx9DrLKKg_JuDIVocSPw,836280,843928,7648
KerryRunkle_UCL8PqDDhazCFyBx9DrLKKg_JuDIVocSPw_844040_844512.wav,KerryRunkle_UCL8PqDDhazCFyBx9DrLKKg_JuDIVocSPw,844040,844512,472
KerryRunkle_UCL8PqDDhazCFyBx9DrLKKg_JuDIVocSPw_844648_845568.wav,KerryRunkle_UCL8PqDDhazCFyBx9DrLKKg_JuDIVocSPw,844648,845568,920
KerryRunkle_UCL8PqDDhazCFyBx9DrLKKg_JuDIVocSPw_845824_848224.wav,KerryRunkle_UCL8PqDDhazCFyBx9DrLKKg_JuDIVocSPw,845824,848224,2400
KerryRunkle_UCL8PqDDhazCFyBx9DrLKKg_JuDIVocSPw_848384_852024.wav,KerryRunkle_UCL8PqDDhazCFyBx9DrLKKg_JuDIVocSPw,848384,852024,3640
KerryRunkle_UCL8PqDDhazCFyBx9DrLKKg_JuDIVocSPw_852136_855240.wav,KerryRunkle_UCL8PqDDhazCFyBx9DrLKKg_JuDIVocSPw,852136,855240,3104
KerryRunkle_UCL8PqDDhazCFyBx9DrLKKg_JuDIVocSPw_855368_859940.wav,KerryRunkle_UCL8PqDDhazCFyBx9DrLKKg_JuDIVocSPw,855368,859940,4572
KerryRunkle_UCL8PqDDhazCFyBx9DrLKKg_JuDIVocSPw_860356_867036.wav,KerryRunkle_UCL8PqDDhazCFyBx9DrLKKg_JuDIVocSPw,860356,867036,6680
KerryRunkle_UCL8PqDDhazCFyBx9DrLKKg_JuDIVocSPw_867528_874288.wav,KerryRunkle_UCL8PqDDhazCFyBx9DrLKKg_JuDIVocSPw,867528,874288,6760
KerryRunkle_UCL8PqDDhazCFyBx9DrLKKg_JuDIVocSPw_874728_881888.wav,KerryRunkle_UCL8PqDDhazCFyBx9DrLKKg_JuDIVocSPw,874728,881888,7160
KerryRunkle_UCL8PqDDhazCFyBx9DrLKKg_JuDIVocSPw_882624_885264.wav,KerryRunkle_UCL8PqDDhazCFyBx9DrLKKg_JuDIVocSPw,882624,885264,2640
KerryRunkle_UCL8PqDDhazCFyBx9DrLKKg_JuDIVocSPw_885536_886608.wav,KerryRunkle_UCL8PqDDhazCFyBx9DrLKKg_JuDIVocSPw,885536,886608,1072
KerryRunkle_UCL8PqDDhazCFyBx9DrLKKg_JuDIVocSPw_887416_892856.wav,KerryRunkle_UCL8PqDDhazCFyBx9DrLKKg_JuDIVocSPw,887416,892856,5440
KerryRunkle_UCL8PqDDhazCFyBx9DrLKKg_JuDIVocSPw_893112_893384.wav,KerryRunkle_UCL8PqDDhazCFyBx9DrLKKg_JuDIVocSPw,893112,893384,272
KerryRunkle_UCL8PqDDhazCFyBx9DrLKKg_JuDIVocSPw_894176_894584.wav,KerryRunkle_UCL8PqDDhazCFyBx9DrLKKg_JuDIVocSPw,894176,894584,408
KerryRunkle_UCL8PqDDhazCFyBx9DrLKKg_JuDIVocSPw_897176_897536.wav,KerryRunkle_UCL8PqDDhazCFyBx9DrLKKg_JuDIVocSPw,897176,897536,360
KerryRunkle_UCL8PqDDhazCFyBx9DrLKKg_JuDIVocSPw_897680_897944.wav,KerryRunkle_UCL8PqDDhazCFyBx9DrLKKg_JuDIVocSPw,897680,897944,264
KerryRunkle_UCL8PqDDhazCFyBx9DrLKKg_JuDIVocSPw_899472_907282.wav,KerryRunkle_UCL8PqDDhazCFyBx9DrLKKg_JuDIVocSPw,899472,907282,7810
KerryRunkle_UCL8PqDDhazCFyBx9DrLKKg_JuDIVocSPw_907538_910076.wav,KerryRunkle_UCL8PqDDhazCFyBx9DrLKKg_JuDIVocSPw,907538,910076,2538
KerryRunkle_UCL8PqDDhazCFyBx9DrLKKg_JuDIVocSPw_910316_910800.wav,KerryRunkle_UCL8PqDDhazCFyBx9DrLKKg_JuDIVocSPw,910316,910800,484
KerryRunkle_UCL8PqDDhazCFyBx9DrLKKg_JuDIVocSPw_910960_919360.wav,KerryRunkle_UCL8PqDDhazCFyBx9DrLKKg_JuDIVocSPw,910960,919360,8400
KerryRunkle_UCL8PqDDhazCFyBx9DrLKKg_JuDIVocSPw_919688_919904.wav,KerryRunkle_UCL8PqDDhazCFyBx9DrLKKg_JuDIVocSPw,919688,919904,216
