filename,video_id,start_time,end_time,duration
Katherout_UCmVNf7LCEc4GyGhyYW5Tyg_KyGu3g7krCo_0_12776.wav,Katherout_UCmVNf7LCEc4GyGhyYW5Tyg_KyGu3g7krCo,0,12776,12776
Katherout_UCmVNf7LCEc4GyGhyYW5Tyg_KyGu3g7krCo_12904_25160.wav,Katherout_UCmVNf7LCEc4GyGhyYW5Tyg_KyGu3g7krCo,12904,25160,12256
Katherout_UCmVNf7LCEc4GyGhyYW5Tyg_KyGu3g7krCo_25288_31216.wav,Katherout_UCmVNf7LCEc4GyGhyYW5Tyg_KyGu3g7krCo,25288,31216,5928
Katherout_UCmVNf7LCEc4GyGhyYW5Tyg_KyGu3g7krCo_31352_33000.wav,Katherout_UCmVNf7LCEc4GyGhyYW5Tyg_KyGu3g7krCo,31352,33000,1648
Katherout_UCmVNf7LCEc4GyGhyYW5Tyg_KyGu3g7krCo_33216_43644.wav,Katherout_UCmVNf7LCEc4GyGhyYW5Tyg_KyGu3g7krCo,33216,43644,10428
Katherout_UCmVNf7LCEc4GyGhyYW5Tyg_KyGu3g7krCo_43796_50590.wav,Katherout_UCmVNf7LCEc4GyGhyYW5Tyg_KyGu3g7krCo,43796,50590,6794
Katherout_UCmVNf7LCEc4GyGhyYW5Tyg_KyGu3g7krCo_50782_61480.wav,Katherout_UCmVNf7LCEc4GyGhyYW5Tyg_KyGu3g7krCo,50782,61480,10698
Katherout_UCmVNf7LCEc4GyGhyYW5Tyg_KyGu3g7krCo_61680_62788.wav,Katherout_UCmVNf7LCEc4GyGhyYW5Tyg_KyGu3g7krCo,61680,62788,1108
Katherout_UCmVNf7LCEc4GyGhyYW5Tyg_KyGu3g7krCo_62940_71598.wav,Katherout_UCmVNf7LCEc4GyGhyYW5Tyg_KyGu3g7krCo,62940,71598,8658
Katherout_UCmVNf7LCEc4GyGhyYW5Tyg_KyGu3g7krCo_71734_74912.wav,Katherout_UCmVNf7LCEc4GyGhyYW5Tyg_KyGu3g7krCo,71734,74912,3178
Katherout_UCmVNf7LCEc4GyGhyYW5Tyg_KyGu3g7krCo_75120_79776.wav,Katherout_UCmVNf7LCEc4GyGhyYW5Tyg_KyGu3g7krCo,75120,79776,4656
Katherout_UCmVNf7LCEc4GyGhyYW5Tyg_KyGu3g7krCo_80000_90616.wav,Katherout_UCmVNf7LCEc4GyGhyYW5Tyg_KyGu3g7krCo,80000,90616,10616
Katherout_UCmVNf7LCEc4GyGhyYW5Tyg_KyGu3g7krCo_90760_97064.wav,Katherout_UCmVNf7LCEc4GyGhyYW5Tyg_KyGu3g7krCo,90760,97064,6304
Katherout_UCmVNf7LCEc4GyGhyYW5Tyg_KyGu3g7krCo_97216_98264.wav,Katherout_UCmVNf7LCEc4GyGhyYW5Tyg_KyGu3g7krCo,97216,98264,1048
Katherout_UCmVNf7LCEc4GyGhyYW5Tyg_KyGu3g7krCo_98480_103873.wav,Katherout_UCmVNf7LCEc4GyGhyYW5Tyg_KyGu3g7krCo,98480,103873,5393
Katherout_UCmVNf7LCEc4GyGhyYW5Tyg_KyGu3g7krCo_104025_107969.wav,Katherout_UCmVNf7LCEc4GyGhyYW5Tyg_KyGu3g7krCo,104025,107969,3944
Katherout_UCmVNf7LCEc4GyGhyYW5Tyg_KyGu3g7krCo_108353_115090.wav,Katherout_UCmVNf7LCEc4GyGhyYW5Tyg_KyGu3g7krCo,108353,115090,6737
Katherout_UCmVNf7LCEc4GyGhyYW5Tyg_KyGu3g7krCo_115306_121174.wav,Katherout_UCmVNf7LCEc4GyGhyYW5Tyg_KyGu3g7krCo,115306,121174,5868
Katherout_UCmVNf7LCEc4GyGhyYW5Tyg_KyGu3g7krCo_121494_126250.wav,Katherout_UCmVNf7LCEc4GyGhyYW5Tyg_KyGu3g7krCo,121494,126250,4756
Katherout_UCmVNf7LCEc4GyGhyYW5Tyg_KyGu3g7krCo_126466_131459.wav,Katherout_UCmVNf7LCEc4GyGhyYW5Tyg_KyGu3g7krCo,126466,131459,4993
Katherout_UCmVNf7LCEc4GyGhyYW5Tyg_KyGu3g7krCo_131923_132691.wav,Katherout_UCmVNf7LCEc4GyGhyYW5Tyg_KyGu3g7krCo,131923,132691,768
Katherout_UCmVNf7LCEc4GyGhyYW5Tyg_KyGu3g7krCo_133427_134691.wav,Katherout_UCmVNf7LCEc4GyGhyYW5Tyg_KyGu3g7krCo,133427,134691,1264
Katherout_UCmVNf7LCEc4GyGhyYW5Tyg_KyGu3g7krCo_135203_136419.wav,Katherout_UCmVNf7LCEc4GyGhyYW5Tyg_KyGu3g7krCo,135203,136419,1216
Katherout_UCmVNf7LCEc4GyGhyYW5Tyg_KyGu3g7krCo_137179_137755.wav,Katherout_UCmVNf7LCEc4GyGhyYW5Tyg_KyGu3g7krCo,137179,137755,576
Katherout_UCmVNf7LCEc4GyGhyYW5Tyg_KyGu3g7krCo_138371_143051.wav,Katherout_UCmVNf7LCEc4GyGhyYW5Tyg_KyGu3g7krCo,138371,143051,4680
Katherout_UCmVNf7LCEc4GyGhyYW5Tyg_KyGu3g7krCo_144083_146643.wav,Katherout_UCmVNf7LCEc4GyGhyYW5Tyg_KyGu3g7krCo,144083,146643,2560
Katherout_UCmVNf7LCEc4GyGhyYW5Tyg_KyGu3g7krCo_147331_154139.wav,Katherout_UCmVNf7LCEc4GyGhyYW5Tyg_KyGu3g7krCo,147331,154139,6808
Katherout_UCmVNf7LCEc4GyGhyYW5Tyg_KyGu3g7krCo_154403_160915.wav,Katherout_UCmVNf7LCEc4GyGhyYW5Tyg_KyGu3g7krCo,154403,160915,6512
Katherout_UCmVNf7LCEc4GyGhyYW5Tyg_KyGu3g7krCo_161099_171691.wav,Katherout_UCmVNf7LCEc4GyGhyYW5Tyg_KyGu3g7krCo,161099,171691,10592
Katherout_UCmVNf7LCEc4GyGhyYW5Tyg_KyGu3g7krCo_172091_182707.wav,Katherout_UCmVNf7LCEc4GyGhyYW5Tyg_KyGu3g7krCo,172091,182707,10616
Katherout_UCmVNf7LCEc4GyGhyYW5Tyg_KyGu3g7krCo_183211_185267.wav,Katherout_UCmVNf7LCEc4GyGhyYW5Tyg_KyGu3g7krCo,183211,185267,2056
Katherout_UCmVNf7LCEc4GyGhyYW5Tyg_KyGu3g7krCo_185859_195171.wav,Katherout_UCmVNf7LCEc4GyGhyYW5Tyg_KyGu3g7krCo,185859,195171,9312
Katherout_UCmVNf7LCEc4GyGhyYW5Tyg_KyGu3g7krCo_195867_198703.wav,Katherout_UCmVNf7LCEc4GyGhyYW5Tyg_KyGu3g7krCo,195867,198703,2836
Katherout_UCmVNf7LCEc4GyGhyYW5Tyg_KyGu3g7krCo_198887_200023.wav,Katherout_UCmVNf7LCEc4GyGhyYW5Tyg_KyGu3g7krCo,198887,200023,1136
Katherout_UCmVNf7LCEc4GyGhyYW5Tyg_KyGu3g7krCo_200127_212687.wav,Katherout_UCmVNf7LCEc4GyGhyYW5Tyg_KyGu3g7krCo,200127,212687,12560
Katherout_UCmVNf7LCEc4GyGhyYW5Tyg_KyGu3g7krCo_212807_219104.wav,Katherout_UCmVNf7LCEc4GyGhyYW5Tyg_KyGu3g7krCo,212807,219104,6297
Katherout_UCmVNf7LCEc4GyGhyYW5Tyg_KyGu3g7krCo_219449_220531.wav,Katherout_UCmVNf7LCEc4GyGhyYW5Tyg_KyGu3g7krCo,219449,220531,1082
Katherout_UCmVNf7LCEc4GyGhyYW5Tyg_KyGu3g7krCo_221179_228683.wav,Katherout_UCmVNf7LCEc4GyGhyYW5Tyg_KyGu3g7krCo,221179,228683,7504
Katherout_UCmVNf7LCEc4GyGhyYW5Tyg_KyGu3g7krCo_228819_233275.wav,Katherout_UCmVNf7LCEc4GyGhyYW5Tyg_KyGu3g7krCo,228819,233275,4456
Katherout_UCmVNf7LCEc4GyGhyYW5Tyg_KyGu3g7krCo_233411_237643.wav,Katherout_UCmVNf7LCEc4GyGhyYW5Tyg_KyGu3g7krCo,233411,237643,4232
Katherout_UCmVNf7LCEc4GyGhyYW5Tyg_KyGu3g7krCo_237787_243491.wav,Katherout_UCmVNf7LCEc4GyGhyYW5Tyg_KyGu3g7krCo,237787,243491,5704
Katherout_UCmVNf7LCEc4GyGhyYW5Tyg_KyGu3g7krCo_243691_248819.wav,Katherout_UCmVNf7LCEc4GyGhyYW5Tyg_KyGu3g7krCo,243691,248819,5128
Katherout_UCmVNf7LCEc4GyGhyYW5Tyg_KyGu3g7krCo_249235_254431.wav,Katherout_UCmVNf7LCEc4GyGhyYW5Tyg_KyGu3g7krCo,249235,254431,5196
Katherout_UCmVNf7LCEc4GyGhyYW5Tyg_KyGu3g7krCo_254743_255527.wav,Katherout_UCmVNf7LCEc4GyGhyYW5Tyg_KyGu3g7krCo,254743,255527,784
Katherout_UCmVNf7LCEc4GyGhyYW5Tyg_KyGu3g7krCo_255679_259079.wav,Katherout_UCmVNf7LCEc4GyGhyYW5Tyg_KyGu3g7krCo,255679,259079,3400
Katherout_UCmVNf7LCEc4GyGhyYW5Tyg_KyGu3g7krCo_259255_263311.wav,Katherout_UCmVNf7LCEc4GyGhyYW5Tyg_KyGu3g7krCo,259255,263311,4056
Katherout_UCmVNf7LCEc4GyGhyYW5Tyg_KyGu3g7krCo_263979_267939.wav,Katherout_UCmVNf7LCEc4GyGhyYW5Tyg_KyGu3g7krCo,263979,267939,3960
Katherout_UCmVNf7LCEc4GyGhyYW5Tyg_KyGu3g7krCo_268235_271147.wav,Katherout_UCmVNf7LCEc4GyGhyYW5Tyg_KyGu3g7krCo,268235,271147,2912
Katherout_UCmVNf7LCEc4GyGhyYW5Tyg_KyGu3g7krCo_271307_279747.wav,Katherout_UCmVNf7LCEc4GyGhyYW5Tyg_KyGu3g7krCo,271307,279747,8440
Katherout_UCmVNf7LCEc4GyGhyYW5Tyg_KyGu3g7krCo_279883_283067.wav,Katherout_UCmVNf7LCEc4GyGhyYW5Tyg_KyGu3g7krCo,279883,283067,3184
Katherout_UCmVNf7LCEc4GyGhyYW5Tyg_KyGu3g7krCo_283203_286139.wav,Katherout_UCmVNf7LCEc4GyGhyYW5Tyg_KyGu3g7krCo,283203,286139,2936
Katherout_UCmVNf7LCEc4GyGhyYW5Tyg_KyGu3g7krCo_286267_291267.wav,Katherout_UCmVNf7LCEc4GyGhyYW5Tyg_KyGu3g7krCo,286267,291267,5000
Katherout_UCmVNf7LCEc4GyGhyYW5Tyg_KyGu3g7krCo_291395_295099.wav,Katherout_UCmVNf7LCEc4GyGhyYW5Tyg_KyGu3g7krCo,291395,295099,3704
Katherout_UCmVNf7LCEc4GyGhyYW5Tyg_KyGu3g7krCo_295251_298739.wav,Katherout_UCmVNf7LCEc4GyGhyYW5Tyg_KyGu3g7krCo,295251,298739,3488
Katherout_UCmVNf7LCEc4GyGhyYW5Tyg_KyGu3g7krCo_299195_304291.wav,Katherout_UCmVNf7LCEc4GyGhyYW5Tyg_KyGu3g7krCo,299195,304291,5096
Katherout_UCmVNf7LCEc4GyGhyYW5Tyg_KyGu3g7krCo_304483_307515.wav,Katherout_UCmVNf7LCEc4GyGhyYW5Tyg_KyGu3g7krCo,304483,307515,3032
Katherout_UCmVNf7LCEc4GyGhyYW5Tyg_KyGu3g7krCo_307971_311767.wav,Katherout_UCmVNf7LCEc4GyGhyYW5Tyg_KyGu3g7krCo,307971,311767,3796
Katherout_UCmVNf7LCEc4GyGhyYW5Tyg_KyGu3g7krCo_311871_320575.wav,Katherout_UCmVNf7LCEc4GyGhyYW5Tyg_KyGu3g7krCo,311871,320575,8704
Katherout_UCmVNf7LCEc4GyGhyYW5Tyg_KyGu3g7krCo_320679_327563.wav,Katherout_UCmVNf7LCEc4GyGhyYW5Tyg_KyGu3g7krCo,320679,327563,6884
Katherout_UCmVNf7LCEc4GyGhyYW5Tyg_KyGu3g7krCo_327691_329427.wav,Katherout_UCmVNf7LCEc4GyGhyYW5Tyg_KyGu3g7krCo,327691,329427,1736
Katherout_UCmVNf7LCEc4GyGhyYW5Tyg_KyGu3g7krCo_329995_335811.wav,Katherout_UCmVNf7LCEc4GyGhyYW5Tyg_KyGu3g7krCo,329995,335811,5816
Katherout_UCmVNf7LCEc4GyGhyYW5Tyg_KyGu3g7krCo_336491_343067.wav,Katherout_UCmVNf7LCEc4GyGhyYW5Tyg_KyGu3g7krCo,336491,343067,6576
Katherout_UCmVNf7LCEc4GyGhyYW5Tyg_KyGu3g7krCo_344075_352887.wav,Katherout_UCmVNf7LCEc4GyGhyYW5Tyg_KyGu3g7krCo,344075,352887,8812
Katherout_UCmVNf7LCEc4GyGhyYW5Tyg_KyGu3g7krCo_353095_355867.wav,Katherout_UCmVNf7LCEc4GyGhyYW5Tyg_KyGu3g7krCo,353095,355867,2772
Katherout_UCmVNf7LCEc4GyGhyYW5Tyg_KyGu3g7krCo_356363_358411.wav,Katherout_UCmVNf7LCEc4GyGhyYW5Tyg_KyGu3g7krCo,356363,358411,2048
Katherout_UCmVNf7LCEc4GyGhyYW5Tyg_KyGu3g7krCo_358795_360107.wav,Katherout_UCmVNf7LCEc4GyGhyYW5Tyg_KyGu3g7krCo,358795,360107,1312
Katherout_UCmVNf7LCEc4GyGhyYW5Tyg_KyGu3g7krCo_360507_362171.wav,Katherout_UCmVNf7LCEc4GyGhyYW5Tyg_KyGu3g7krCo,360507,362171,1664
Katherout_UCmVNf7LCEc4GyGhyYW5Tyg_KyGu3g7krCo_362483_366315.wav,Katherout_UCmVNf7LCEc4GyGhyYW5Tyg_KyGu3g7krCo,362483,366315,3832
Katherout_UCmVNf7LCEc4GyGhyYW5Tyg_KyGu3g7krCo_366851_374691.wav,Katherout_UCmVNf7LCEc4GyGhyYW5Tyg_KyGu3g7krCo,366851,374691,7840
Katherout_UCmVNf7LCEc4GyGhyYW5Tyg_KyGu3g7krCo_375363_382771.wav,Katherout_UCmVNf7LCEc4GyGhyYW5Tyg_KyGu3g7krCo,375363,382771,7408
Katherout_UCmVNf7LCEc4GyGhyYW5Tyg_KyGu3g7krCo_382971_387931.wav,Katherout_UCmVNf7LCEc4GyGhyYW5Tyg_KyGu3g7krCo,382971,387931,4960
Katherout_UCmVNf7LCEc4GyGhyYW5Tyg_KyGu3g7krCo_388251_392027.wav,Katherout_UCmVNf7LCEc4GyGhyYW5Tyg_KyGu3g7krCo,388251,392027,3776
Katherout_UCmVNf7LCEc4GyGhyYW5Tyg_KyGu3g7krCo_392155_396659.wav,Katherout_UCmVNf7LCEc4GyGhyYW5Tyg_KyGu3g7krCo,392155,396659,4504
Katherout_UCmVNf7LCEc4GyGhyYW5Tyg_KyGu3g7krCo_396787_399451.wav,Katherout_UCmVNf7LCEc4GyGhyYW5Tyg_KyGu3g7krCo,396787,399451,2664
Katherout_UCmVNf7LCEc4GyGhyYW5Tyg_KyGu3g7krCo_400275_401251.wav,Katherout_UCmVNf7LCEc4GyGhyYW5Tyg_KyGu3g7krCo,400275,401251,976
Katherout_UCmVNf7LCEc4GyGhyYW5Tyg_KyGu3g7krCo_401755_407155.wav,Katherout_UCmVNf7LCEc4GyGhyYW5Tyg_KyGu3g7krCo,401755,407155,5400
Katherout_UCmVNf7LCEc4GyGhyYW5Tyg_KyGu3g7krCo_407747_410803.wav,Katherout_UCmVNf7LCEc4GyGhyYW5Tyg_KyGu3g7krCo,407747,410803,3056
Katherout_UCmVNf7LCEc4GyGhyYW5Tyg_KyGu3g7krCo_411139_411699.wav,Katherout_UCmVNf7LCEc4GyGhyYW5Tyg_KyGu3g7krCo,411139,411699,560
Katherout_UCmVNf7LCEc4GyGhyYW5Tyg_KyGu3g7krCo_412291_413515.wav,Katherout_UCmVNf7LCEc4GyGhyYW5Tyg_KyGu3g7krCo,412291,413515,1224
Katherout_UCmVNf7LCEc4GyGhyYW5Tyg_KyGu3g7krCo_413851_416651.wav,Katherout_UCmVNf7LCEc4GyGhyYW5Tyg_KyGu3g7krCo,413851,416651,2800
Katherout_UCmVNf7LCEc4GyGhyYW5Tyg_KyGu3g7krCo_416883_423211.wav,Katherout_UCmVNf7LCEc4GyGhyYW5Tyg_KyGu3g7krCo,416883,423211,6328
Katherout_UCmVNf7LCEc4GyGhyYW5Tyg_KyGu3g7krCo_423435_425435.wav,Katherout_UCmVNf7LCEc4GyGhyYW5Tyg_KyGu3g7krCo,423435,425435,2000
Katherout_UCmVNf7LCEc4GyGhyYW5Tyg_KyGu3g7krCo_425643_434771.wav,Katherout_UCmVNf7LCEc4GyGhyYW5Tyg_KyGu3g7krCo,425643,434771,9128
Katherout_UCmVNf7LCEc4GyGhyYW5Tyg_KyGu3g7krCo_434915_440219.wav,Katherout_UCmVNf7LCEc4GyGhyYW5Tyg_KyGu3g7krCo,434915,440219,5304
Katherout_UCmVNf7LCEc4GyGhyYW5Tyg_KyGu3g7krCo_440363_443499.wav,Katherout_UCmVNf7LCEc4GyGhyYW5Tyg_KyGu3g7krCo,440363,443499,3136
Katherout_UCmVNf7LCEc4GyGhyYW5Tyg_KyGu3g7krCo_443715_457427.wav,Katherout_UCmVNf7LCEc4GyGhyYW5Tyg_KyGu3g7krCo,443715,457427,13712
Katherout_UCmVNf7LCEc4GyGhyYW5Tyg_KyGu3g7krCo_457555_461555.wav,Katherout_UCmVNf7LCEc4GyGhyYW5Tyg_KyGu3g7krCo,457555,461555,4000
Katherout_UCmVNf7LCEc4GyGhyYW5Tyg_KyGu3g7krCo_461691_465203.wav,Katherout_UCmVNf7LCEc4GyGhyYW5Tyg_KyGu3g7krCo,461691,465203,3512
Katherout_UCmVNf7LCEc4GyGhyYW5Tyg_KyGu3g7krCo_465355_469483.wav,Katherout_UCmVNf7LCEc4GyGhyYW5Tyg_KyGu3g7krCo,465355,469483,4128
Katherout_UCmVNf7LCEc4GyGhyYW5Tyg_KyGu3g7krCo_469643_475691.wav,Katherout_UCmVNf7LCEc4GyGhyYW5Tyg_KyGu3g7krCo,469643,475691,6048
Katherout_UCmVNf7LCEc4GyGhyYW5Tyg_KyGu3g7krCo_475963_485011.wav,Katherout_UCmVNf7LCEc4GyGhyYW5Tyg_KyGu3g7krCo,475963,485011,9048
Katherout_UCmVNf7LCEc4GyGhyYW5Tyg_KyGu3g7krCo_485747_495351.wav,Katherout_UCmVNf7LCEc4GyGhyYW5Tyg_KyGu3g7krCo,485747,495351,9604
Katherout_UCmVNf7LCEc4GyGhyYW5Tyg_KyGu3g7krCo_495527_497451.wav,Katherout_UCmVNf7LCEc4GyGhyYW5Tyg_KyGu3g7krCo,495527,497451,1924
Katherout_UCmVNf7LCEc4GyGhyYW5Tyg_KyGu3g7krCo_497795_507035.wav,Katherout_UCmVNf7LCEc4GyGhyYW5Tyg_KyGu3g7krCo,497795,507035,9240
Katherout_UCmVNf7LCEc4GyGhyYW5Tyg_KyGu3g7krCo_507323_513859.wav,Katherout_UCmVNf7LCEc4GyGhyYW5Tyg_KyGu3g7krCo,507323,513859,6536
Katherout_UCmVNf7LCEc4GyGhyYW5Tyg_KyGu3g7krCo_514131_528763.wav,Katherout_UCmVNf7LCEc4GyGhyYW5Tyg_KyGu3g7krCo,514131,528763,14632
Katherout_UCmVNf7LCEc4GyGhyYW5Tyg_KyGu3g7krCo_528899_531411.wav,Katherout_UCmVNf7LCEc4GyGhyYW5Tyg_KyGu3g7krCo,528899,531411,2512
Katherout_UCmVNf7LCEc4GyGhyYW5Tyg_KyGu3g7krCo_531851_533531.wav,Katherout_UCmVNf7LCEc4GyGhyYW5Tyg_KyGu3g7krCo,531851,533531,1680
Katherout_UCmVNf7LCEc4GyGhyYW5Tyg_KyGu3g7krCo_533851_535251.wav,Katherout_UCmVNf7LCEc4GyGhyYW5Tyg_KyGu3g7krCo,533851,535251,1400
Katherout_UCmVNf7LCEc4GyGhyYW5Tyg_KyGu3g7krCo_535435_541539.wav,Katherout_UCmVNf7LCEc4GyGhyYW5Tyg_KyGu3g7krCo,535435,541539,6104
Katherout_UCmVNf7LCEc4GyGhyYW5Tyg_KyGu3g7krCo_541931_543587.wav,Katherout_UCmVNf7LCEc4GyGhyYW5Tyg_KyGu3g7krCo,541931,543587,1656
Katherout_UCmVNf7LCEc4GyGhyYW5Tyg_KyGu3g7krCo_543795_551419.wav,Katherout_UCmVNf7LCEc4GyGhyYW5Tyg_KyGu3g7krCo,543795,551419,7624
Katherout_UCmVNf7LCEc4GyGhyYW5Tyg_KyGu3g7krCo_551635_562179.wav,Katherout_UCmVNf7LCEc4GyGhyYW5Tyg_KyGu3g7krCo,551635,562179,10544
Katherout_UCmVNf7LCEc4GyGhyYW5Tyg_KyGu3g7krCo_562811_563419.wav,Katherout_UCmVNf7LCEc4GyGhyYW5Tyg_KyGu3g7krCo,562811,563419,608
Katherout_UCmVNf7LCEc4GyGhyYW5Tyg_KyGu3g7krCo_564267_565987.wav,Katherout_UCmVNf7LCEc4GyGhyYW5Tyg_KyGu3g7krCo,564267,565987,1720
Katherout_UCmVNf7LCEc4GyGhyYW5Tyg_KyGu3g7krCo_566083_566435.wav,Katherout_UCmVNf7LCEc4GyGhyYW5Tyg_KyGu3g7krCo,566083,566435,352
Katherout_UCmVNf7LCEc4GyGhyYW5Tyg_KyGu3g7krCo_566523_578155.wav,Katherout_UCmVNf7LCEc4GyGhyYW5Tyg_KyGu3g7krCo,566523,578155,11632
Katherout_UCmVNf7LCEc4GyGhyYW5Tyg_KyGu3g7krCo_578435_582595.wav,Katherout_UCmVNf7LCEc4GyGhyYW5Tyg_KyGu3g7krCo,578435,582595,4160
Katherout_UCmVNf7LCEc4GyGhyYW5Tyg_KyGu3g7krCo_582916_584501.wav,Katherout_UCmVNf7LCEc4GyGhyYW5Tyg_KyGu3g7krCo,582916,584501,1585
Katherout_UCmVNf7LCEc4GyGhyYW5Tyg_KyGu3g7krCo_584887_591975.wav,Katherout_UCmVNf7LCEc4GyGhyYW5Tyg_KyGu3g7krCo,584887,591975,7088
Katherout_UCmVNf7LCEc4GyGhyYW5Tyg_KyGu3g7krCo_592175_600619.wav,Katherout_UCmVNf7LCEc4GyGhyYW5Tyg_KyGu3g7krCo,592175,600619,8444
Katherout_UCmVNf7LCEc4GyGhyYW5Tyg_KyGu3g7krCo_600939_606533.wav,Katherout_UCmVNf7LCEc4GyGhyYW5Tyg_KyGu3g7krCo,600939,606533,5594
Katherout_UCmVNf7LCEc4GyGhyYW5Tyg_KyGu3g7krCo_606725_610639.wav,Katherout_UCmVNf7LCEc4GyGhyYW5Tyg_KyGu3g7krCo,606725,610639,3914
Katherout_UCmVNf7LCEc4GyGhyYW5Tyg_KyGu3g7krCo_610791_616775.wav,Katherout_UCmVNf7LCEc4GyGhyYW5Tyg_KyGu3g7krCo,610791,616775,5984
Katherout_UCmVNf7LCEc4GyGhyYW5Tyg_KyGu3g7krCo_616951_622131.wav,Katherout_UCmVNf7LCEc4GyGhyYW5Tyg_KyGu3g7krCo,616951,622131,5180
Katherout_UCmVNf7LCEc4GyGhyYW5Tyg_KyGu3g7krCo_622523_626939.wav,Katherout_UCmVNf7LCEc4GyGhyYW5Tyg_KyGu3g7krCo,622523,626939,4416
Katherout_UCmVNf7LCEc4GyGhyYW5Tyg_KyGu3g7krCo_627251_628035.wav,Katherout_UCmVNf7LCEc4GyGhyYW5Tyg_KyGu3g7krCo,627251,628035,784
Katherout_UCmVNf7LCEc4GyGhyYW5Tyg_KyGu3g7krCo_628339_628843.wav,Katherout_UCmVNf7LCEc4GyGhyYW5Tyg_KyGu3g7krCo,628339,628843,504
Katherout_UCmVNf7LCEc4GyGhyYW5Tyg_KyGu3g7krCo_629131_631291.wav,Katherout_UCmVNf7LCEc4GyGhyYW5Tyg_KyGu3g7krCo,629131,631291,2160
Katherout_UCmVNf7LCEc4GyGhyYW5Tyg_KyGu3g7krCo_631419_642435.wav,Katherout_UCmVNf7LCEc4GyGhyYW5Tyg_KyGu3g7krCo,631419,642435,11016
Katherout_UCmVNf7LCEc4GyGhyYW5Tyg_KyGu3g7krCo_642731_650387.wav,Katherout_UCmVNf7LCEc4GyGhyYW5Tyg_KyGu3g7krCo,642731,650387,7656
Katherout_UCmVNf7LCEc4GyGhyYW5Tyg_KyGu3g7krCo_650547_650971.wav,Katherout_UCmVNf7LCEc4GyGhyYW5Tyg_KyGu3g7krCo,650547,650971,424
Katherout_UCmVNf7LCEc4GyGhyYW5Tyg_KyGu3g7krCo_651171_656027.wav,Katherout_UCmVNf7LCEc4GyGhyYW5Tyg_KyGu3g7krCo,651171,656027,4856
Katherout_UCmVNf7LCEc4GyGhyYW5Tyg_KyGu3g7krCo_656507_657811.wav,Katherout_UCmVNf7LCEc4GyGhyYW5Tyg_KyGu3g7krCo,656507,657811,1304
Katherout_UCmVNf7LCEc4GyGhyYW5Tyg_KyGu3g7krCo_657987_670627.wav,Katherout_UCmVNf7LCEc4GyGhyYW5Tyg_KyGu3g7krCo,657987,670627,12640
Katherout_UCmVNf7LCEc4GyGhyYW5Tyg_KyGu3g7krCo_670755_674035.wav,Katherout_UCmVNf7LCEc4GyGhyYW5Tyg_KyGu3g7krCo,670755,674035,3280
Katherout_UCmVNf7LCEc4GyGhyYW5Tyg_KyGu3g7krCo_674371_680307.wav,Katherout_UCmVNf7LCEc4GyGhyYW5Tyg_KyGu3g7krCo,674371,680307,5936
Katherout_UCmVNf7LCEc4GyGhyYW5Tyg_KyGu3g7krCo_680435_684835.wav,Katherout_UCmVNf7LCEc4GyGhyYW5Tyg_KyGu3g7krCo,680435,684835,4400
Katherout_UCmVNf7LCEc4GyGhyYW5Tyg_KyGu3g7krCo_684979_686315.wav,Katherout_UCmVNf7LCEc4GyGhyYW5Tyg_KyGu3g7krCo,684979,686315,1336
Katherout_UCmVNf7LCEc4GyGhyYW5Tyg_KyGu3g7krCo_686931_687595.wav,Katherout_UCmVNf7LCEc4GyGhyYW5Tyg_KyGu3g7krCo,686931,687595,664
Katherout_UCmVNf7LCEc4GyGhyYW5Tyg_KyGu3g7krCo_687891_694123.wav,Katherout_UCmVNf7LCEc4GyGhyYW5Tyg_KyGu3g7krCo,687891,694123,6232
Katherout_UCmVNf7LCEc4GyGhyYW5Tyg_KyGu3g7krCo_694419_698655.wav,Katherout_UCmVNf7LCEc4GyGhyYW5Tyg_KyGu3g7krCo,694419,698655,4236
Katherout_UCmVNf7LCEc4GyGhyYW5Tyg_KyGu3g7krCo_699055_701025.wav,Katherout_UCmVNf7LCEc4GyGhyYW5Tyg_KyGu3g7krCo,699055,701025,1970
Katherout_UCmVNf7LCEc4GyGhyYW5Tyg_KyGu3g7krCo_701169_709691.wav,Katherout_UCmVNf7LCEc4GyGhyYW5Tyg_KyGu3g7krCo,701169,709691,8522
Katherout_UCmVNf7LCEc4GyGhyYW5Tyg_KyGu3g7krCo_710555_717555.wav,Katherout_UCmVNf7LCEc4GyGhyYW5Tyg_KyGu3g7krCo,710555,717555,7000
Katherout_UCmVNf7LCEc4GyGhyYW5Tyg_KyGu3g7krCo_718251_723195.wav,Katherout_UCmVNf7LCEc4GyGhyYW5Tyg_KyGu3g7krCo,718251,723195,4944
Katherout_UCmVNf7LCEc4GyGhyYW5Tyg_KyGu3g7krCo_723731_726643.wav,Katherout_UCmVNf7LCEc4GyGhyYW5Tyg_KyGu3g7krCo,723731,726643,2912
Katherout_UCmVNf7LCEc4GyGhyYW5Tyg_KyGu3g7krCo_727043_729755.wav,Katherout_UCmVNf7LCEc4GyGhyYW5Tyg_KyGu3g7krCo,727043,729755,2712
Katherout_UCmVNf7LCEc4GyGhyYW5Tyg_KyGu3g7krCo_730203_732787.wav,Katherout_UCmVNf7LCEc4GyGhyYW5Tyg_KyGu3g7krCo,730203,732787,2584
Katherout_UCmVNf7LCEc4GyGhyYW5Tyg_KyGu3g7krCo_733291_743595.wav,Katherout_UCmVNf7LCEc4GyGhyYW5Tyg_KyGu3g7krCo,733291,743595,10304
Katherout_UCmVNf7LCEc4GyGhyYW5Tyg_KyGu3g7krCo_743891_748067.wav,Katherout_UCmVNf7LCEc4GyGhyYW5Tyg_KyGu3g7krCo,743891,748067,4176
Katherout_UCmVNf7LCEc4GyGhyYW5Tyg_KyGu3g7krCo_748451_754715.wav,Katherout_UCmVNf7LCEc4GyGhyYW5Tyg_KyGu3g7krCo,748451,754715,6264
Katherout_UCmVNf7LCEc4GyGhyYW5Tyg_KyGu3g7krCo_755003_759315.wav,Katherout_UCmVNf7LCEc4GyGhyYW5Tyg_KyGu3g7krCo,755003,759315,4312
Katherout_UCmVNf7LCEc4GyGhyYW5Tyg_KyGu3g7krCo_759539_767803.wav,Katherout_UCmVNf7LCEc4GyGhyYW5Tyg_KyGu3g7krCo,759539,767803,8264
Katherout_UCmVNf7LCEc4GyGhyYW5Tyg_KyGu3g7krCo_768075_773091.wav,Katherout_UCmVNf7LCEc4GyGhyYW5Tyg_KyGu3g7krCo,768075,773091,5016
Katherout_UCmVNf7LCEc4GyGhyYW5Tyg_KyGu3g7krCo_773355_781653.wav,Katherout_UCmVNf7LCEc4GyGhyYW5Tyg_KyGu3g7krCo,773355,781653,8298
Katherout_UCmVNf7LCEc4GyGhyYW5Tyg_KyGu3g7krCo_781805_791479.wav,Katherout_UCmVNf7LCEc4GyGhyYW5Tyg_KyGu3g7krCo,781805,791479,9674
Katherout_UCmVNf7LCEc4GyGhyYW5Tyg_KyGu3g7krCo_791711_795409.wav,Katherout_UCmVNf7LCEc4GyGhyYW5Tyg_KyGu3g7krCo,791711,795409,3698
Katherout_UCmVNf7LCEc4GyGhyYW5Tyg_KyGu3g7krCo_795593_805769.wav,Katherout_UCmVNf7LCEc4GyGhyYW5Tyg_KyGu3g7krCo,795593,805769,10176
Katherout_UCmVNf7LCEc4GyGhyYW5Tyg_KyGu3g7krCo_805897_812833.wav,Katherout_UCmVNf7LCEc4GyGhyYW5Tyg_KyGu3g7krCo,805897,812833,6936
Katherout_UCmVNf7LCEc4GyGhyYW5Tyg_KyGu3g7krCo_812985_818499.wav,Katherout_UCmVNf7LCEc4GyGhyYW5Tyg_KyGu3g7krCo,812985,818499,5514
Katherout_UCmVNf7LCEc4GyGhyYW5Tyg_KyGu3g7krCo_818803_822771.wav,Katherout_UCmVNf7LCEc4GyGhyYW5Tyg_KyGu3g7krCo,818803,822771,3968
Katherout_UCmVNf7LCEc4GyGhyYW5Tyg_KyGu3g7krCo_823035_824691.wav,Katherout_UCmVNf7LCEc4GyGhyYW5Tyg_KyGu3g7krCo,823035,824691,1656
Katherout_UCmVNf7LCEc4GyGhyYW5Tyg_KyGu3g7krCo_825043_827939.wav,Katherout_UCmVNf7LCEc4GyGhyYW5Tyg_KyGu3g7krCo,825043,827939,2896
Katherout_UCmVNf7LCEc4GyGhyYW5Tyg_KyGu3g7krCo_828387_831587.wav,Katherout_UCmVNf7LCEc4GyGhyYW5Tyg_KyGu3g7krCo,828387,831587,3200
Katherout_UCmVNf7LCEc4GyGhyYW5Tyg_KyGu3g7krCo_831995_840795.wav,Katherout_UCmVNf7LCEc4GyGhyYW5Tyg_KyGu3g7krCo,831995,840795,8800
Katherout_UCmVNf7LCEc4GyGhyYW5Tyg_KyGu3g7krCo_841427_843779.wav,Katherout_UCmVNf7LCEc4GyGhyYW5Tyg_KyGu3g7krCo,841427,843779,2352
Katherout_UCmVNf7LCEc4GyGhyYW5Tyg_KyGu3g7krCo_843947_854483.wav,Katherout_UCmVNf7LCEc4GyGhyYW5Tyg_KyGu3g7krCo,843947,854483,10536
Katherout_UCmVNf7LCEc4GyGhyYW5Tyg_KyGu3g7krCo_854635_863427.wav,Katherout_UCmVNf7LCEc4GyGhyYW5Tyg_KyGu3g7krCo,854635,863427,8792
Katherout_UCmVNf7LCEc4GyGhyYW5Tyg_KyGu3g7krCo_863587_865947.wav,Katherout_UCmVNf7LCEc4GyGhyYW5Tyg_KyGu3g7krCo,863587,865947,2360
Katherout_UCmVNf7LCEc4GyGhyYW5Tyg_KyGu3g7krCo_866179_875715.wav,Katherout_UCmVNf7LCEc4GyGhyYW5Tyg_KyGu3g7krCo,866179,875715,9536
Katherout_UCmVNf7LCEc4GyGhyYW5Tyg_KyGu3g7krCo_876219_878883.wav,Katherout_UCmVNf7LCEc4GyGhyYW5Tyg_KyGu3g7krCo,876219,878883,2664
Katherout_UCmVNf7LCEc4GyGhyYW5Tyg_KyGu3g7krCo_879147_884583.wav,Katherout_UCmVNf7LCEc4GyGhyYW5Tyg_KyGu3g7krCo,879147,884583,5436
Katherout_UCmVNf7LCEc4GyGhyYW5Tyg_KyGu3g7krCo_884687_896043.wav,Katherout_UCmVNf7LCEc4GyGhyYW5Tyg_KyGu3g7krCo,884687,896043,11356
Katherout_UCmVNf7LCEc4GyGhyYW5Tyg_KyGu3g7krCo_896307_897259.wav,Katherout_UCmVNf7LCEc4GyGhyYW5Tyg_KyGu3g7krCo,896307,897259,952
Katherout_UCmVNf7LCEc4GyGhyYW5Tyg_KyGu3g7krCo_897755_898419.wav,Katherout_UCmVNf7LCEc4GyGhyYW5Tyg_KyGu3g7krCo,897755,898419,664
Katherout_UCmVNf7LCEc4GyGhyYW5Tyg_KyGu3g7krCo_899123_907659.wav,Katherout_UCmVNf7LCEc4GyGhyYW5Tyg_KyGu3g7krCo,899123,907659,8536
Katherout_UCmVNf7LCEc4GyGhyYW5Tyg_KyGu3g7krCo_908147_910451.wav,Katherout_UCmVNf7LCEc4GyGhyYW5Tyg_KyGu3g7krCo,908147,910451,2304
Katherout_UCmVNf7LCEc4GyGhyYW5Tyg_KyGu3g7krCo_910731_914029.wav,Katherout_UCmVNf7LCEc4GyGhyYW5Tyg_KyGu3g7krCo,910731,914029,3298
Katherout_UCmVNf7LCEc4GyGhyYW5Tyg_KyGu3g7krCo_914181_920725.wav,Katherout_UCmVNf7LCEc4GyGhyYW5Tyg_KyGu3g7krCo,914181,920725,6544
Katherout_UCmVNf7LCEc4GyGhyYW5Tyg_KyGu3g7krCo_920829_929469.wav,Katherout_UCmVNf7LCEc4GyGhyYW5Tyg_KyGu3g7krCo,920829,929469,8640
Katherout_UCmVNf7LCEc4GyGhyYW5Tyg_KyGu3g7krCo_929637_935343.wav,Katherout_UCmVNf7LCEc4GyGhyYW5Tyg_KyGu3g7krCo,929637,935343,5706
Katherout_UCmVNf7LCEc4GyGhyYW5Tyg_KyGu3g7krCo_935907_939923.wav,Katherout_UCmVNf7LCEc4GyGhyYW5Tyg_KyGu3g7krCo,935907,939923,4016
Katherout_UCmVNf7LCEc4GyGhyYW5Tyg_KyGu3g7krCo_940179_943539.wav,Katherout_UCmVNf7LCEc4GyGhyYW5Tyg_KyGu3g7krCo,940179,943539,3360
Katherout_UCmVNf7LCEc4GyGhyYW5Tyg_KyGu3g7krCo_943795_945629.wav,Katherout_UCmVNf7LCEc4GyGhyYW5Tyg_KyGu3g7krCo,943795,945629,1834
Katherout_UCmVNf7LCEc4GyGhyYW5Tyg_KyGu3g7krCo_945765_950189.wav,Katherout_UCmVNf7LCEc4GyGhyYW5Tyg_KyGu3g7krCo,945765,950189,4424
Katherout_UCmVNf7LCEc4GyGhyYW5Tyg_KyGu3g7krCo_950325_954615.wav,Katherout_UCmVNf7LCEc4GyGhyYW5Tyg_KyGu3g7krCo,950325,954615,4290
Katherout_UCmVNf7LCEc4GyGhyYW5Tyg_KyGu3g7krCo_954807_965343.wav,Katherout_UCmVNf7LCEc4GyGhyYW5Tyg_KyGu3g7krCo,954807,965343,10536
Katherout_UCmVNf7LCEc4GyGhyYW5Tyg_KyGu3g7krCo_965519_969059.wav,Katherout_UCmVNf7LCEc4GyGhyYW5Tyg_KyGu3g7krCo,965519,969059,3540
Katherout_UCmVNf7LCEc4GyGhyYW5Tyg_KyGu3g7krCo_969315_977971.wav,Katherout_UCmVNf7LCEc4GyGhyYW5Tyg_KyGu3g7krCo,969315,977971,8656
Katherout_UCmVNf7LCEc4GyGhyYW5Tyg_KyGu3g7krCo_978275_984443.wav,Katherout_UCmVNf7LCEc4GyGhyYW5Tyg_KyGu3g7krCo,978275,984443,6168
Katherout_UCmVNf7LCEc4GyGhyYW5Tyg_KyGu3g7krCo_984763_993171.wav,Katherout_UCmVNf7LCEc4GyGhyYW5Tyg_KyGu3g7krCo,984763,993171,8408
Katherout_UCmVNf7LCEc4GyGhyYW5Tyg_KyGu3g7krCo_994051_994691.wav,Katherout_UCmVNf7LCEc4GyGhyYW5Tyg_KyGu3g7krCo,994051,994691,640
Katherout_UCmVNf7LCEc4GyGhyYW5Tyg_KyGu3g7krCo_994947_998759.wav,Katherout_UCmVNf7LCEc4GyGhyYW5Tyg_KyGu3g7krCo,994947,998759,3812
Katherout_UCmVNf7LCEc4GyGhyYW5Tyg_KyGu3g7krCo_998919_1003499.wav,Katherout_UCmVNf7LCEc4GyGhyYW5Tyg_KyGu3g7krCo,998919,1003499,4580
Katherout_UCmVNf7LCEc4GyGhyYW5Tyg_KyGu3g7krCo_1004019_1013115.wav,Katherout_UCmVNf7LCEc4GyGhyYW5Tyg_KyGu3g7krCo,1004019,1013115,9096
Katherout_UCmVNf7LCEc4GyGhyYW5Tyg_KyGu3g7krCo_1013427_1019751.wav,Katherout_UCmVNf7LCEc4GyGhyYW5Tyg_KyGu3g7krCo,1013427,1019751,6324
Katherout_UCmVNf7LCEc4GyGhyYW5Tyg_KyGu3g7krCo_1019879_1024439.wav,Katherout_UCmVNf7LCEc4GyGhyYW5Tyg_KyGu3g7krCo,1019879,1024439,4560
Katherout_UCmVNf7LCEc4GyGhyYW5Tyg_KyGu3g7krCo_1024575_1025899.wav,Katherout_UCmVNf7LCEc4GyGhyYW5Tyg_KyGu3g7krCo,1024575,1025899,1324
Katherout_UCmVNf7LCEc4GyGhyYW5Tyg_KyGu3g7krCo_1026315_1034583.wav,Katherout_UCmVNf7LCEc4GyGhyYW5Tyg_KyGu3g7krCo,1026315,1034583,8268
Katherout_UCmVNf7LCEc4GyGhyYW5Tyg_KyGu3g7krCo_1034735_1041791.wav,Katherout_UCmVNf7LCEc4GyGhyYW5Tyg_KyGu3g7krCo,1034735,1041791,7056
Katherout_UCmVNf7LCEc4GyGhyYW5Tyg_KyGu3g7krCo_1041959_1044267.wav,Katherout_UCmVNf7LCEc4GyGhyYW5Tyg_KyGu3g7krCo,1041959,1044267,2308
Katherout_UCmVNf7LCEc4GyGhyYW5Tyg_KyGu3g7krCo_1044571_1046299.wav,Katherout_UCmVNf7LCEc4GyGhyYW5Tyg_KyGu3g7krCo,1044571,1046299,1728
Katherout_UCmVNf7LCEc4GyGhyYW5Tyg_KyGu3g7krCo_1046971_1047835.wav,Katherout_UCmVNf7LCEc4GyGhyYW5Tyg_KyGu3g7krCo,1046971,1047835,864
Katherout_UCmVNf7LCEc4GyGhyYW5Tyg_KyGu3g7krCo_1048203_1051363.wav,Katherout_UCmVNf7LCEc4GyGhyYW5Tyg_KyGu3g7krCo,1048203,1051363,3160
Katherout_UCmVNf7LCEc4GyGhyYW5Tyg_KyGu3g7krCo_1051499_1062019.wav,Katherout_UCmVNf7LCEc4GyGhyYW5Tyg_KyGu3g7krCo,1051499,1062019,10520
Katherout_UCmVNf7LCEc4GyGhyYW5Tyg_KyGu3g7krCo_1062555_1067431.wav,Katherout_UCmVNf7LCEc4GyGhyYW5Tyg_KyGu3g7krCo,1062555,1067431,4876
Katherout_UCmVNf7LCEc4GyGhyYW5Tyg_KyGu3g7krCo_1067663_1077441.wav,Katherout_UCmVNf7LCEc4GyGhyYW5Tyg_KyGu3g7krCo,1067663,1077441,9778
Katherout_UCmVNf7LCEc4GyGhyYW5Tyg_KyGu3g7krCo_1077585_1089653.wav,Katherout_UCmVNf7LCEc4GyGhyYW5Tyg_KyGu3g7krCo,1077585,1089653,12068
Katherout_UCmVNf7LCEc4GyGhyYW5Tyg_KyGu3g7krCo_1089885_1093783.wav,Katherout_UCmVNf7LCEc4GyGhyYW5Tyg_KyGu3g7krCo,1089885,1093783,3898
Katherout_UCmVNf7LCEc4GyGhyYW5Tyg_KyGu3g7krCo_1093863_1095111.wav,Katherout_UCmVNf7LCEc4GyGhyYW5Tyg_KyGu3g7krCo,1093863,1095111,1248
Katherout_UCmVNf7LCEc4GyGhyYW5Tyg_KyGu3g7krCo_1095191_1103119.wav,Katherout_UCmVNf7LCEc4GyGhyYW5Tyg_KyGu3g7krCo,1095191,1103119,7928
Katherout_UCmVNf7LCEc4GyGhyYW5Tyg_KyGu3g7krCo_1103215_1106809.wav,Katherout_UCmVNf7LCEc4GyGhyYW5Tyg_KyGu3g7krCo,1103215,1106809,3594
Katherout_UCmVNf7LCEc4GyGhyYW5Tyg_KyGu3g7krCo_1106953_1108347.wav,Katherout_UCmVNf7LCEc4GyGhyYW5Tyg_KyGu3g7krCo,1106953,1108347,1394
Katherout_UCmVNf7LCEc4GyGhyYW5Tyg_KyGu3g7krCo_1108691_1112979.wav,Katherout_UCmVNf7LCEc4GyGhyYW5Tyg_KyGu3g7krCo,1108691,1112979,4288
Katherout_UCmVNf7LCEc4GyGhyYW5Tyg_KyGu3g7krCo_1113523_1115235.wav,Katherout_UCmVNf7LCEc4GyGhyYW5Tyg_KyGu3g7krCo,1113523,1115235,1712
Katherout_UCmVNf7LCEc4GyGhyYW5Tyg_KyGu3g7krCo_1116259_1119723.wav,Katherout_UCmVNf7LCEc4GyGhyYW5Tyg_KyGu3g7krCo,1116259,1119723,3464
Katherout_UCmVNf7LCEc4GyGhyYW5Tyg_KyGu3g7krCo_1120211_1122651.wav,Katherout_UCmVNf7LCEc4GyGhyYW5Tyg_KyGu3g7krCo,1120211,1122651,2440
Katherout_UCmVNf7LCEc4GyGhyYW5Tyg_KyGu3g7krCo_1122819_1128727.wav,Katherout_UCmVNf7LCEc4GyGhyYW5Tyg_KyGu3g7krCo,1122819,1128727,5908
Katherout_UCmVNf7LCEc4GyGhyYW5Tyg_KyGu3g7krCo_1128839_1130607.wav,Katherout_UCmVNf7LCEc4GyGhyYW5Tyg_KyGu3g7krCo,1128839,1130607,1768
Katherout_UCmVNf7LCEc4GyGhyYW5Tyg_KyGu3g7krCo_1130711_1131071.wav,Katherout_UCmVNf7LCEc4GyGhyYW5Tyg_KyGu3g7krCo,1130711,1131071,360
Katherout_UCmVNf7LCEc4GyGhyYW5Tyg_KyGu3g7krCo_1131175_1140251.wav,Katherout_UCmVNf7LCEc4GyGhyYW5Tyg_KyGu3g7krCo,1131175,1140251,9076
Katherout_UCmVNf7LCEc4GyGhyYW5Tyg_KyGu3g7krCo_1140675_1143083.wav,Katherout_UCmVNf7LCEc4GyGhyYW5Tyg_KyGu3g7krCo,1140675,1143083,2408
Katherout_UCmVNf7LCEc4GyGhyYW5Tyg_KyGu3g7krCo_1143435_1149179.wav,Katherout_UCmVNf7LCEc4GyGhyYW5Tyg_KyGu3g7krCo,1143435,1149179,5744
Katherout_UCmVNf7LCEc4GyGhyYW5Tyg_KyGu3g7krCo_1149499_1152271.wav,Katherout_UCmVNf7LCEc4GyGhyYW5Tyg_KyGu3g7krCo,1149499,1152271,2772
Katherout_UCmVNf7LCEc4GyGhyYW5Tyg_KyGu3g7krCo_1152471_1155103.wav,Katherout_UCmVNf7LCEc4GyGhyYW5Tyg_KyGu3g7krCo,1152471,1155103,2632
Katherout_UCmVNf7LCEc4GyGhyYW5Tyg_KyGu3g7krCo_1155239_1158611.wav,Katherout_UCmVNf7LCEc4GyGhyYW5Tyg_KyGu3g7krCo,1155239,1158611,3372
Katherout_UCmVNf7LCEc4GyGhyYW5Tyg_KyGu3g7krCo_1158763_1166431.wav,Katherout_UCmVNf7LCEc4GyGhyYW5Tyg_KyGu3g7krCo,1158763,1166431,7668
Katherout_UCmVNf7LCEc4GyGhyYW5Tyg_KyGu3g7krCo_1166867_1174347.wav,Katherout_UCmVNf7LCEc4GyGhyYW5Tyg_KyGu3g7krCo,1166867,1174347,7480
Katherout_UCmVNf7LCEc4GyGhyYW5Tyg_KyGu3g7krCo_1174651_1186787.wav,Katherout_UCmVNf7LCEc4GyGhyYW5Tyg_KyGu3g7krCo,1174651,1186787,12136
Katherout_UCmVNf7LCEc4GyGhyYW5Tyg_KyGu3g7krCo_1186915_1187795.wav,Katherout_UCmVNf7LCEc4GyGhyYW5Tyg_KyGu3g7krCo,1186915,1187795,880
Katherout_UCmVNf7LCEc4GyGhyYW5Tyg_KyGu3g7krCo_1188179_1194987.wav,Katherout_UCmVNf7LCEc4GyGhyYW5Tyg_KyGu3g7krCo,1188179,1194987,6808
Katherout_UCmVNf7LCEc4GyGhyYW5Tyg_KyGu3g7krCo_1195139_1204747.wav,Katherout_UCmVNf7LCEc4GyGhyYW5Tyg_KyGu3g7krCo,1195139,1204747,9608
Katherout_UCmVNf7LCEc4GyGhyYW5Tyg_KyGu3g7krCo_1204955_1212407.wav,Katherout_UCmVNf7LCEc4GyGhyYW5Tyg_KyGu3g7krCo,1204955,1212407,7452
Katherout_UCmVNf7LCEc4GyGhyYW5Tyg_KyGu3g7krCo_1212559_1213779.wav,Katherout_UCmVNf7LCEc4GyGhyYW5Tyg_KyGu3g7krCo,1212559,1213779,1220
Katherout_UCmVNf7LCEc4GyGhyYW5Tyg_KyGu3g7krCo_1214043_1218005.wav,Katherout_UCmVNf7LCEc4GyGhyYW5Tyg_KyGu3g7krCo,1214043,1218005,3962
Katherout_UCmVNf7LCEc4GyGhyYW5Tyg_KyGu3g7krCo_1218149_1225983.wav,Katherout_UCmVNf7LCEc4GyGhyYW5Tyg_KyGu3g7krCo,1218149,1225983,7834
Katherout_UCmVNf7LCEc4GyGhyYW5Tyg_KyGu3g7krCo_1226119_1233675.wav,Katherout_UCmVNf7LCEc4GyGhyYW5Tyg_KyGu3g7krCo,1226119,1233675,7556
Katherout_UCmVNf7LCEc4GyGhyYW5Tyg_KyGu3g7krCo_1233843_1247323.wav,Katherout_UCmVNf7LCEc4GyGhyYW5Tyg_KyGu3g7krCo,1233843,1247323,13480
Katherout_UCmVNf7LCEc4GyGhyYW5Tyg_KyGu3g7krCo_1247467_1255947.wav,Katherout_UCmVNf7LCEc4GyGhyYW5Tyg_KyGu3g7krCo,1247467,1255947,8480
Katherout_UCmVNf7LCEc4GyGhyYW5Tyg_KyGu3g7krCo_1256203_1259347.wav,Katherout_UCmVNf7LCEc4GyGhyYW5Tyg_KyGu3g7krCo,1256203,1259347,3144
Katherout_UCmVNf7LCEc4GyGhyYW5Tyg_KyGu3g7krCo_1259771_1261467.wav,Katherout_UCmVNf7LCEc4GyGhyYW5Tyg_KyGu3g7krCo,1259771,1261467,1696
Katherout_UCmVNf7LCEc4GyGhyYW5Tyg_KyGu3g7krCo_1262227_1267443.wav,Katherout_UCmVNf7LCEc4GyGhyYW5Tyg_KyGu3g7krCo,1262227,1267443,5216
Katherout_UCmVNf7LCEc4GyGhyYW5Tyg_KyGu3g7krCo_1267611_1267907.wav,Katherout_UCmVNf7LCEc4GyGhyYW5Tyg_KyGu3g7krCo,1267611,1267907,296
Katherout_UCmVNf7LCEc4GyGhyYW5Tyg_KyGu3g7krCo_1268075_1277439.wav,Katherout_UCmVNf7LCEc4GyGhyYW5Tyg_KyGu3g7krCo,1268075,1277439,9364
Katherout_UCmVNf7LCEc4GyGhyYW5Tyg_KyGu3g7krCo_1277559_1286227.wav,Katherout_UCmVNf7LCEc4GyGhyYW5Tyg_KyGu3g7krCo,1277559,1286227,8668
Katherout_UCmVNf7LCEc4GyGhyYW5Tyg_KyGu3g7krCo_1286371_1289403.wav,Katherout_UCmVNf7LCEc4GyGhyYW5Tyg_KyGu3g7krCo,1286371,1289403,3032
Katherout_UCmVNf7LCEc4GyGhyYW5Tyg_KyGu3g7krCo_1289739_1290435.wav,Katherout_UCmVNf7LCEc4GyGhyYW5Tyg_KyGu3g7krCo,1289739,1290435,696
Katherout_UCmVNf7LCEc4GyGhyYW5Tyg_KyGu3g7krCo_1290691_1295363.wav,Katherout_UCmVNf7LCEc4GyGhyYW5Tyg_KyGu3g7krCo,1290691,1295363,4672
Katherout_UCmVNf7LCEc4GyGhyYW5Tyg_KyGu3g7krCo_1295651_1296083.wav,Katherout_UCmVNf7LCEc4GyGhyYW5Tyg_KyGu3g7krCo,1295651,1296083,432
Katherout_UCmVNf7LCEc4GyGhyYW5Tyg_KyGu3g7krCo_1296763_1300219.wav,Katherout_UCmVNf7LCEc4GyGhyYW5Tyg_KyGu3g7krCo,1296763,1300219,3456
Katherout_UCmVNf7LCEc4GyGhyYW5Tyg_KyGu3g7krCo_1300619_1301215.wav,Katherout_UCmVNf7LCEc4GyGhyYW5Tyg_KyGu3g7krCo,1300619,1301215,596
Katherout_UCmVNf7LCEc4GyGhyYW5Tyg_KyGu3g7krCo_1301439_1305049.wav,Katherout_UCmVNf7LCEc4GyGhyYW5Tyg_KyGu3g7krCo,1301439,1305049,3610
Katherout_UCmVNf7LCEc4GyGhyYW5Tyg_KyGu3g7krCo_1305209_1314626.wav,Katherout_UCmVNf7LCEc4GyGhyYW5Tyg_KyGu3g7krCo,1305209,1314626,9417
Katherout_UCmVNf7LCEc4GyGhyYW5Tyg_KyGu3g7krCo_1314754_1328563.wav,Katherout_UCmVNf7LCEc4GyGhyYW5Tyg_KyGu3g7krCo,1314754,1328563,13809
Katherout_UCmVNf7LCEc4GyGhyYW5Tyg_KyGu3g7krCo_1328963_1336827.wav,Katherout_UCmVNf7LCEc4GyGhyYW5Tyg_KyGu3g7krCo,1328963,1336827,7864
Katherout_UCmVNf7LCEc4GyGhyYW5Tyg_KyGu3g7krCo_1336939_1346067.wav,Katherout_UCmVNf7LCEc4GyGhyYW5Tyg_KyGu3g7krCo,1336939,1346067,9128
Katherout_UCmVNf7LCEc4GyGhyYW5Tyg_KyGu3g7krCo_1346235_1349227.wav,Katherout_UCmVNf7LCEc4GyGhyYW5Tyg_KyGu3g7krCo,1346235,1349227,2992
Katherout_UCmVNf7LCEc4GyGhyYW5Tyg_KyGu3g7krCo_1349571_1350427.wav,Katherout_UCmVNf7LCEc4GyGhyYW5Tyg_KyGu3g7krCo,1349571,1350427,856
Katherout_UCmVNf7LCEc4GyGhyYW5Tyg_KyGu3g7krCo_1350707_1353523.wav,Katherout_UCmVNf7LCEc4GyGhyYW5Tyg_KyGu3g7krCo,1350707,1353523,2816
Katherout_UCmVNf7LCEc4GyGhyYW5Tyg_KyGu3g7krCo_1354147_1358055.wav,Katherout_UCmVNf7LCEc4GyGhyYW5Tyg_KyGu3g7krCo,1354147,1358055,3908
Katherout_UCmVNf7LCEc4GyGhyYW5Tyg_KyGu3g7krCo_1358247_1365811.wav,Katherout_UCmVNf7LCEc4GyGhyYW5Tyg_KyGu3g7krCo,1358247,1365811,7564
Katherout_UCmVNf7LCEc4GyGhyYW5Tyg_KyGu3g7krCo_1365979_1366627.wav,Katherout_UCmVNf7LCEc4GyGhyYW5Tyg_KyGu3g7krCo,1365979,1366627,648
Katherout_UCmVNf7LCEc4GyGhyYW5Tyg_KyGu3g7krCo_1366787_1368275.wav,Katherout_UCmVNf7LCEc4GyGhyYW5Tyg_KyGu3g7krCo,1366787,1368275,1488
Katherout_UCmVNf7LCEc4GyGhyYW5Tyg_KyGu3g7krCo_1368547_1374003.wav,Katherout_UCmVNf7LCEc4GyGhyYW5Tyg_KyGu3g7krCo,1368547,1374003,5456
Katherout_UCmVNf7LCEc4GyGhyYW5Tyg_KyGu3g7krCo_1374507_1379891.wav,Katherout_UCmVNf7LCEc4GyGhyYW5Tyg_KyGu3g7krCo,1374507,1379891,5384
Katherout_UCmVNf7LCEc4GyGhyYW5Tyg_KyGu3g7krCo_1380179_1384651.wav,Katherout_UCmVNf7LCEc4GyGhyYW5Tyg_KyGu3g7krCo,1380179,1384651,4472
Katherout_UCmVNf7LCEc4GyGhyYW5Tyg_KyGu3g7krCo_1384971_1389659.wav,Katherout_UCmVNf7LCEc4GyGhyYW5Tyg_KyGu3g7krCo,1384971,1389659,4688
Katherout_UCmVNf7LCEc4GyGhyYW5Tyg_KyGu3g7krCo_1390235_1394367.wav,Katherout_UCmVNf7LCEc4GyGhyYW5Tyg_KyGu3g7krCo,1390235,1394367,4132
Katherout_UCmVNf7LCEc4GyGhyYW5Tyg_KyGu3g7krCo_1394527_1400403.wav,Katherout_UCmVNf7LCEc4GyGhyYW5Tyg_KyGu3g7krCo,1394527,1400403,5876
Katherout_UCmVNf7LCEc4GyGhyYW5Tyg_KyGu3g7krCo_1400691_1400987.wav,Katherout_UCmVNf7LCEc4GyGhyYW5Tyg_KyGu3g7krCo,1400691,1400987,296
Katherout_UCmVNf7LCEc4GyGhyYW5Tyg_KyGu3g7krCo_1401427_1405139.wav,Katherout_UCmVNf7LCEc4GyGhyYW5Tyg_KyGu3g7krCo,1401427,1405139,3712
Katherout_UCmVNf7LCEc4GyGhyYW5Tyg_KyGu3g7krCo_1405667_1407765.wav,Katherout_UCmVNf7LCEc4GyGhyYW5Tyg_KyGu3g7krCo,1405667,1407765,2098
Katherout_UCmVNf7LCEc4GyGhyYW5Tyg_KyGu3g7krCo_1407925_1413390.wav,Katherout_UCmVNf7LCEc4GyGhyYW5Tyg_KyGu3g7krCo,1407925,1413390,5465
Katherout_UCmVNf7LCEc4GyGhyYW5Tyg_KyGu3g7krCo_1413726_1418023.wav,Katherout_UCmVNf7LCEc4GyGhyYW5Tyg_KyGu3g7krCo,1413726,1418023,4297
Katherout_UCmVNf7LCEc4GyGhyYW5Tyg_KyGu3g7krCo_1418223_1419371.wav,Katherout_UCmVNf7LCEc4GyGhyYW5Tyg_KyGu3g7krCo,1418223,1419371,1148
Katherout_UCmVNf7LCEc4GyGhyYW5Tyg_KyGu3g7krCo_1419755_1421551.wav,Katherout_UCmVNf7LCEc4GyGhyYW5Tyg_KyGu3g7krCo,1419755,1421551,1796
Katherout_UCmVNf7LCEc4GyGhyYW5Tyg_KyGu3g7krCo_1421735_1435699.wav,Katherout_UCmVNf7LCEc4GyGhyYW5Tyg_KyGu3g7krCo,1421735,1435699,13964
Katherout_UCmVNf7LCEc4GyGhyYW5Tyg_KyGu3g7krCo_1435979_1445267.wav,Katherout_UCmVNf7LCEc4GyGhyYW5Tyg_KyGu3g7krCo,1435979,1445267,9288
Katherout_UCmVNf7LCEc4GyGhyYW5Tyg_KyGu3g7krCo_1445395_1446739.wav,Katherout_UCmVNf7LCEc4GyGhyYW5Tyg_KyGu3g7krCo,1445395,1446739,1344
Katherout_UCmVNf7LCEc4GyGhyYW5Tyg_KyGu3g7krCo_1446875_1450907.wav,Katherout_UCmVNf7LCEc4GyGhyYW5Tyg_KyGu3g7krCo,1446875,1450907,4032
Katherout_UCmVNf7LCEc4GyGhyYW5Tyg_KyGu3g7krCo_1451819_1458131.wav,Katherout_UCmVNf7LCEc4GyGhyYW5Tyg_KyGu3g7krCo,1451819,1458131,6312
Katherout_UCmVNf7LCEc4GyGhyYW5Tyg_KyGu3g7krCo_1458515_1461883.wav,Katherout_UCmVNf7LCEc4GyGhyYW5Tyg_KyGu3g7krCo,1458515,1461883,3368
Katherout_UCmVNf7LCEc4GyGhyYW5Tyg_KyGu3g7krCo_1462155_1463843.wav,Katherout_UCmVNf7LCEc4GyGhyYW5Tyg_KyGu3g7krCo,1462155,1463843,1688
Katherout_UCmVNf7LCEc4GyGhyYW5Tyg_KyGu3g7krCo_1464267_1464891.wav,Katherout_UCmVNf7LCEc4GyGhyYW5Tyg_KyGu3g7krCo,1464267,1464891,624
Katherout_UCmVNf7LCEc4GyGhyYW5Tyg_KyGu3g7krCo_1465443_1465899.wav,Katherout_UCmVNf7LCEc4GyGhyYW5Tyg_KyGu3g7krCo,1465443,1465899,456
Katherout_UCmVNf7LCEc4GyGhyYW5Tyg_KyGu3g7krCo_1466299_1468563.wav,Katherout_UCmVNf7LCEc4GyGhyYW5Tyg_KyGu3g7krCo,1466299,1468563,2264
Katherout_UCmVNf7LCEc4GyGhyYW5Tyg_KyGu3g7krCo_1469171_1469995.wav,Katherout_UCmVNf7LCEc4GyGhyYW5Tyg_KyGu3g7krCo,1469171,1469995,824
Katherout_UCmVNf7LCEc4GyGhyYW5Tyg_KyGu3g7krCo_1470123_1480531.wav,Katherout_UCmVNf7LCEc4GyGhyYW5Tyg_KyGu3g7krCo,1470123,1480531,10408
Katherout_UCmVNf7LCEc4GyGhyYW5Tyg_KyGu3g7krCo_1480803_1486851.wav,Katherout_UCmVNf7LCEc4GyGhyYW5Tyg_KyGu3g7krCo,1480803,1486851,6048
Katherout_UCmVNf7LCEc4GyGhyYW5Tyg_KyGu3g7krCo_1487051_1490667.wav,Katherout_UCmVNf7LCEc4GyGhyYW5Tyg_KyGu3g7krCo,1487051,1490667,3616
Katherout_UCmVNf7LCEc4GyGhyYW5Tyg_KyGu3g7krCo_1490955_1495075.wav,Katherout_UCmVNf7LCEc4GyGhyYW5Tyg_KyGu3g7krCo,1490955,1495075,4120
Katherout_UCmVNf7LCEc4GyGhyYW5Tyg_KyGu3g7krCo_1495331_1496395.wav,Katherout_UCmVNf7LCEc4GyGhyYW5Tyg_KyGu3g7krCo,1495331,1496395,1064
Katherout_UCmVNf7LCEc4GyGhyYW5Tyg_KyGu3g7krCo_1497115_1498939.wav,Katherout_UCmVNf7LCEc4GyGhyYW5Tyg_KyGu3g7krCo,1497115,1498939,1824
Katherout_UCmVNf7LCEc4GyGhyYW5Tyg_KyGu3g7krCo_1499619_1500779.wav,Katherout_UCmVNf7LCEc4GyGhyYW5Tyg_KyGu3g7krCo,1499619,1500779,1160
Katherout_UCmVNf7LCEc4GyGhyYW5Tyg_KyGu3g7krCo_1501543_1506363.wav,Katherout_UCmVNf7LCEc4GyGhyYW5Tyg_KyGu3g7krCo,1501543,1506363,4820
Katherout_UCmVNf7LCEc4GyGhyYW5Tyg_KyGu3g7krCo_1507163_1516387.wav,Katherout_UCmVNf7LCEc4GyGhyYW5Tyg_KyGu3g7krCo,1507163,1516387,9224
Katherout_UCmVNf7LCEc4GyGhyYW5Tyg_KyGu3g7krCo_1516683_1517187.wav,Katherout_UCmVNf7LCEc4GyGhyYW5Tyg_KyGu3g7krCo,1516683,1517187,504
Katherout_UCmVNf7LCEc4GyGhyYW5Tyg_KyGu3g7krCo_1517475_1518367.wav,Katherout_UCmVNf7LCEc4GyGhyYW5Tyg_KyGu3g7krCo,1517475,1518367,892
Katherout_UCmVNf7LCEc4GyGhyYW5Tyg_KyGu3g7krCo_1518631_1519129.wav,Katherout_UCmVNf7LCEc4GyGhyYW5Tyg_KyGu3g7krCo,1518631,1519129,498
Katherout_UCmVNf7LCEc4GyGhyYW5Tyg_KyGu3g7krCo_1519377_1523257.wav,Katherout_UCmVNf7LCEc4GyGhyYW5Tyg_KyGu3g7krCo,1519377,1523257,3880
Katherout_UCmVNf7LCEc4GyGhyYW5Tyg_KyGu3g7krCo_1523409_1526233.wav,Katherout_UCmVNf7LCEc4GyGhyYW5Tyg_KyGu3g7krCo,1523409,1526233,2824
Katherout_UCmVNf7LCEc4GyGhyYW5Tyg_KyGu3g7krCo_1526417_1528337.wav,Katherout_UCmVNf7LCEc4GyGhyYW5Tyg_KyGu3g7krCo,1526417,1528337,1920
Katherout_UCmVNf7LCEc4GyGhyYW5Tyg_KyGu3g7krCo_1528561_1535099.wav,Katherout_UCmVNf7LCEc4GyGhyYW5Tyg_KyGu3g7krCo,1528561,1535099,6538
Katherout_UCmVNf7LCEc4GyGhyYW5Tyg_KyGu3g7krCo_1535355_1537039.wav,Katherout_UCmVNf7LCEc4GyGhyYW5Tyg_KyGu3g7krCo,1535355,1537039,1684
Katherout_UCmVNf7LCEc4GyGhyYW5Tyg_KyGu3g7krCo_1537191_1544019.wav,Katherout_UCmVNf7LCEc4GyGhyYW5Tyg_KyGu3g7krCo,1537191,1544019,6828
Katherout_UCmVNf7LCEc4GyGhyYW5Tyg_KyGu3g7krCo_1544291_1554227.wav,Katherout_UCmVNf7LCEc4GyGhyYW5Tyg_KyGu3g7krCo,1544291,1554227,9936
Katherout_UCmVNf7LCEc4GyGhyYW5Tyg_KyGu3g7krCo_1554667_1557199.wav,Katherout_UCmVNf7LCEc4GyGhyYW5Tyg_KyGu3g7krCo,1554667,1557199,2532
Katherout_UCmVNf7LCEc4GyGhyYW5Tyg_KyGu3g7krCo_1557319_1568551.wav,Katherout_UCmVNf7LCEc4GyGhyYW5Tyg_KyGu3g7krCo,1557319,1568551,11232
Katherout_UCmVNf7LCEc4GyGhyYW5Tyg_KyGu3g7krCo_1568671_1569271.wav,Katherout_UCmVNf7LCEc4GyGhyYW5Tyg_KyGu3g7krCo,1568671,1569271,600
Katherout_UCmVNf7LCEc4GyGhyYW5Tyg_KyGu3g7krCo_1569375_1570819.wav,Katherout_UCmVNf7LCEc4GyGhyYW5Tyg_KyGu3g7krCo,1569375,1570819,1444
Katherout_UCmVNf7LCEc4GyGhyYW5Tyg_KyGu3g7krCo_1571315_1573075.wav,Katherout_UCmVNf7LCEc4GyGhyYW5Tyg_KyGu3g7krCo,1571315,1573075,1760
Katherout_UCmVNf7LCEc4GyGhyYW5Tyg_KyGu3g7krCo_1573395_1575189.wav,Katherout_UCmVNf7LCEc4GyGhyYW5Tyg_KyGu3g7krCo,1573395,1575189,1794
Katherout_UCmVNf7LCEc4GyGhyYW5Tyg_KyGu3g7krCo_1575277_1588399.wav,Katherout_UCmVNf7LCEc4GyGhyYW5Tyg_KyGu3g7krCo,1575277,1588399,13122
Katherout_UCmVNf7LCEc4GyGhyYW5Tyg_KyGu3g7krCo_1588639_1594673.wav,Katherout_UCmVNf7LCEc4GyGhyYW5Tyg_KyGu3g7krCo,1588639,1594673,6034
Katherout_UCmVNf7LCEc4GyGhyYW5Tyg_KyGu3g7krCo_1594825_1598619.wav,Katherout_UCmVNf7LCEc4GyGhyYW5Tyg_KyGu3g7krCo,1594825,1598619,3794
Katherout_UCmVNf7LCEc4GyGhyYW5Tyg_KyGu3g7krCo_1598923_1603635.wav,Katherout_UCmVNf7LCEc4GyGhyYW5Tyg_KyGu3g7krCo,1598923,1603635,4712
Katherout_UCmVNf7LCEc4GyGhyYW5Tyg_KyGu3g7krCo_1603987_1606847.wav,Katherout_UCmVNf7LCEc4GyGhyYW5Tyg_KyGu3g7krCo,1603987,1606847,2860
Katherout_UCmVNf7LCEc4GyGhyYW5Tyg_KyGu3g7krCo_1606975_1612727.wav,Katherout_UCmVNf7LCEc4GyGhyYW5Tyg_KyGu3g7krCo,1606975,1612727,5752
Katherout_UCmVNf7LCEc4GyGhyYW5Tyg_KyGu3g7krCo_1612855_1626179.wav,Katherout_UCmVNf7LCEc4GyGhyYW5Tyg_KyGu3g7krCo,1612855,1626179,13324
Katherout_UCmVNf7LCEc4GyGhyYW5Tyg_KyGu3g7krCo_1626571_1630867.wav,Katherout_UCmVNf7LCEc4GyGhyYW5Tyg_KyGu3g7krCo,1626571,1630867,4296
Katherout_UCmVNf7LCEc4GyGhyYW5Tyg_KyGu3g7krCo_1630995_1636587.wav,Katherout_UCmVNf7LCEc4GyGhyYW5Tyg_KyGu3g7krCo,1630995,1636587,5592
Katherout_UCmVNf7LCEc4GyGhyYW5Tyg_KyGu3g7krCo_1636723_1639979.wav,Katherout_UCmVNf7LCEc4GyGhyYW5Tyg_KyGu3g7krCo,1636723,1639979,3256
Katherout_UCmVNf7LCEc4GyGhyYW5Tyg_KyGu3g7krCo_1640155_1646931.wav,Katherout_UCmVNf7LCEc4GyGhyYW5Tyg_KyGu3g7krCo,1640155,1646931,6776
Katherout_UCmVNf7LCEc4GyGhyYW5Tyg_KyGu3g7krCo_1647403_1654371.wav,Katherout_UCmVNf7LCEc4GyGhyYW5Tyg_KyGu3g7krCo,1647403,1654371,6968
Katherout_UCmVNf7LCEc4GyGhyYW5Tyg_KyGu3g7krCo_1654923_1659899.wav,Katherout_UCmVNf7LCEc4GyGhyYW5Tyg_KyGu3g7krCo,1654923,1659899,4976
Katherout_UCmVNf7LCEc4GyGhyYW5Tyg_KyGu3g7krCo_1660211_1669899.wav,Katherout_UCmVNf7LCEc4GyGhyYW5Tyg_KyGu3g7krCo,1660211,1669899,9688
Katherout_UCmVNf7LCEc4GyGhyYW5Tyg_KyGu3g7krCo_1670315_1671467.wav,Katherout_UCmVNf7LCEc4GyGhyYW5Tyg_KyGu3g7krCo,1670315,1671467,1152
Katherout_UCmVNf7LCEc4GyGhyYW5Tyg_KyGu3g7krCo_1671819_1679335.wav,Katherout_UCmVNf7LCEc4GyGhyYW5Tyg_KyGu3g7krCo,1671819,1679335,7516
Katherout_UCmVNf7LCEc4GyGhyYW5Tyg_KyGu3g7krCo_1679511_1683251.wav,Katherout_UCmVNf7LCEc4GyGhyYW5Tyg_KyGu3g7krCo,1679511,1683251,3740
Katherout_UCmVNf7LCEc4GyGhyYW5Tyg_KyGu3g7krCo_1683443_1684195.wav,Katherout_UCmVNf7LCEc4GyGhyYW5Tyg_KyGu3g7krCo,1683443,1684195,752
Katherout_UCmVNf7LCEc4GyGhyYW5Tyg_KyGu3g7krCo_1684723_1690391.wav,Katherout_UCmVNf7LCEc4GyGhyYW5Tyg_KyGu3g7krCo,1684723,1690391,5668
Katherout_UCmVNf7LCEc4GyGhyYW5Tyg_KyGu3g7krCo_1690583_1692995.wav,Katherout_UCmVNf7LCEc4GyGhyYW5Tyg_KyGu3g7krCo,1690583,1692995,2412
Katherout_UCmVNf7LCEc4GyGhyYW5Tyg_KyGu3g7krCo_1693227_1694963.wav,Katherout_UCmVNf7LCEc4GyGhyYW5Tyg_KyGu3g7krCo,1693227,1694963,1736
Katherout_UCmVNf7LCEc4GyGhyYW5Tyg_KyGu3g7krCo_1695147_1698355.wav,Katherout_UCmVNf7LCEc4GyGhyYW5Tyg_KyGu3g7krCo,1695147,1698355,3208
Katherout_UCmVNf7LCEc4GyGhyYW5Tyg_KyGu3g7krCo_1698731_1704683.wav,Katherout_UCmVNf7LCEc4GyGhyYW5Tyg_KyGu3g7krCo,1698731,1704683,5952
Katherout_UCmVNf7LCEc4GyGhyYW5Tyg_KyGu3g7krCo_1705203_1710723.wav,Katherout_UCmVNf7LCEc4GyGhyYW5Tyg_KyGu3g7krCo,1705203,1710723,5520
Katherout_UCmVNf7LCEc4GyGhyYW5Tyg_KyGu3g7krCo_1711211_1715923.wav,Katherout_UCmVNf7LCEc4GyGhyYW5Tyg_KyGu3g7krCo,1711211,1715923,4712
Katherout_UCmVNf7LCEc4GyGhyYW5Tyg_KyGu3g7krCo_1716419_1718967.wav,Katherout_UCmVNf7LCEc4GyGhyYW5Tyg_KyGu3g7krCo,1716419,1718967,2548
Katherout_UCmVNf7LCEc4GyGhyYW5Tyg_KyGu3g7krCo_1719055_1723047.wav,Katherout_UCmVNf7LCEc4GyGhyYW5Tyg_KyGu3g7krCo,1719055,1723047,3992
Katherout_UCmVNf7LCEc4GyGhyYW5Tyg_KyGu3g7krCo_1723135_1724511.wav,Katherout_UCmVNf7LCEc4GyGhyYW5Tyg_KyGu3g7krCo,1723135,1724511,1376
Katherout_UCmVNf7LCEc4GyGhyYW5Tyg_KyGu3g7krCo_1724591_1733843.wav,Katherout_UCmVNf7LCEc4GyGhyYW5Tyg_KyGu3g7krCo,1724591,1733843,9252
Katherout_UCmVNf7LCEc4GyGhyYW5Tyg_KyGu3g7krCo_1734459_1742619.wav,Katherout_UCmVNf7LCEc4GyGhyYW5Tyg_KyGu3g7krCo,1734459,1742619,8160
Katherout_UCmVNf7LCEc4GyGhyYW5Tyg_KyGu3g7krCo_1743259_1750843.wav,Katherout_UCmVNf7LCEc4GyGhyYW5Tyg_KyGu3g7krCo,1743259,1750843,7584
Katherout_UCmVNf7LCEc4GyGhyYW5Tyg_KyGu3g7krCo_1750995_1752151.wav,Katherout_UCmVNf7LCEc4GyGhyYW5Tyg_KyGu3g7krCo,1750995,1752151,1156
Katherout_UCmVNf7LCEc4GyGhyYW5Tyg_KyGu3g7krCo_1752263_1766859.wav,Katherout_UCmVNf7LCEc4GyGhyYW5Tyg_KyGu3g7krCo,1752263,1766859,14596
Katherout_UCmVNf7LCEc4GyGhyYW5Tyg_KyGu3g7krCo_1767507_1779156.wav,Katherout_UCmVNf7LCEc4GyGhyYW5Tyg_KyGu3g7krCo,1767507,1779156,11649
Katherout_UCmVNf7LCEc4GyGhyYW5Tyg_KyGu3g7krCo_1779396_1787518.wav,Katherout_UCmVNf7LCEc4GyGhyYW5Tyg_KyGu3g7krCo,1779396,1787518,8122
