filename,video_id,start_time,end_time,duration
emmachamberlain_53uiE2rZb44_0_336.wav,emmachamberlain_53uiE2rZb44,0,336,336
emmachamberlain_53uiE2rZb44_912_1024.wav,emmachamberlain_53uiE2rZb44,912,1024,112
emmachamberlain_53uiE2rZb44_1600_1720.wav,emmachamberlain_53uiE2rZb44,1600,1720,120
emmachamberlain_53uiE2rZb44_3048_6492.wav,emmachamberlain_53uiE2rZb44,3048,6492,3444
emmachamberlain_53uiE2rZb44_6772_10268.wav,emmachamberlain_53uiE2rZb44,6772,10268,3496
emmachamberlain_53uiE2rZb44_10484_15756.wav,emmachamberlain_53uiE2rZb44,10484,15756,5272
emmachamberlain_53uiE2rZb44_16012_17588.wav,emmachamberlain_53uiE2rZb44,16012,17588,1576
emmachamberlain_53uiE2rZb44_17796_22400.wav,emmachamberlain_53uiE2rZb44,17796,22400,4604
emmachamberlain_53uiE2rZb44_23848_25780.wav,emmachamberlain_53uiE2rZb44,23848,25780,1932
emmachamberlain_53uiE2rZb44_25900_27308.wav,emmachamberlain_53uiE2rZb44,25900,27308,1408
emmachamberlain_53uiE2rZb44_27492_34756.wav,emmachamberlain_53uiE2rZb44,27492,34756,7264
emmachamberlain_53uiE2rZb44_34884_41680.wav,emmachamberlain_53uiE2rZb44,34884,41680,6796
emmachamberlain_53uiE2rZb44_42104_47844.wav,emmachamberlain_53uiE2rZb44,42104,47844,5740
emmachamberlain_53uiE2rZb44_48180_52256.wav,emmachamberlain_53uiE2rZb44,48180,52256,4076
emmachamberlain_53uiE2rZb44_52384_55672.wav,emmachamberlain_53uiE2rZb44,52384,55672,3288
emmachamberlain_53uiE2rZb44_55776_59976.wav,emmachamberlain_53uiE2rZb44,55776,59976,4200
emmachamberlain_53uiE2rZb44_62780_70612.wav,emmachamberlain_53uiE2rZb44,62780,70612,7832
emmachamberlain_53uiE2rZb44_70764_79600.wav,emmachamberlain_53uiE2rZb44,70764,79600,8836
emmachamberlain_53uiE2rZb44_79952_84116.wav,emmachamberlain_53uiE2rZb44,79952,84116,4164
emmachamberlain_53uiE2rZb44_84736_90800.wav,emmachamberlain_53uiE2rZb44,84736,90800,6064
emmachamberlain_53uiE2rZb44_91064_95088.wav,emmachamberlain_53uiE2rZb44,91064,95088,4024
emmachamberlain_53uiE2rZb44_95920_97044.wav,emmachamberlain_53uiE2rZb44,95920,97044,1124
emmachamberlain_53uiE2rZb44_97236_106780.wav,emmachamberlain_53uiE2rZb44,97236,106780,9544
emmachamberlain_53uiE2rZb44_106892_107396.wav,emmachamberlain_53uiE2rZb44,106892,107396,504
emmachamberlain_53uiE2rZb44_107564_109136.wav,emmachamberlain_53uiE2rZb44,107564,109136,1572
emmachamberlain_53uiE2rZb44_109504_118248.wav,emmachamberlain_53uiE2rZb44,109504,118248,8744
emmachamberlain_53uiE2rZb44_118400_125192.wav,emmachamberlain_53uiE2rZb44,118400,125192,6792
emmachamberlain_53uiE2rZb44_125368_131032.wav,emmachamberlain_53uiE2rZb44,125368,131032,5664
emmachamberlain_53uiE2rZb44_131152_137864.wav,emmachamberlain_53uiE2rZb44,131152,137864,6712
emmachamberlain_53uiE2rZb44_138480_142712.wav,emmachamberlain_53uiE2rZb44,138480,142712,4232
emmachamberlain_53uiE2rZb44_142912_150752.wav,emmachamberlain_53uiE2rZb44,142912,150752,7840
emmachamberlain_53uiE2rZb44_150888_157008.wav,emmachamberlain_53uiE2rZb44,150888,157008,6120
emmachamberlain_53uiE2rZb44_157176_159304.wav,emmachamberlain_53uiE2rZb44,157176,159304,2128
emmachamberlain_53uiE2rZb44_159576_163024.wav,emmachamberlain_53uiE2rZb44,159576,163024,3448
emmachamberlain_53uiE2rZb44_163320_171904.wav,emmachamberlain_53uiE2rZb44,163320,171904,8584
emmachamberlain_53uiE2rZb44_172064_174392.wav,emmachamberlain_53uiE2rZb44,172064,174392,2328
emmachamberlain_53uiE2rZb44_174520_175312.wav,emmachamberlain_53uiE2rZb44,174520,175312,792
emmachamberlain_53uiE2rZb44_175496_183904.wav,emmachamberlain_53uiE2rZb44,175496,183904,8408
emmachamberlain_53uiE2rZb44_186152_193280.wav,emmachamberlain_53uiE2rZb44,186152,193280,7128
emmachamberlain_53uiE2rZb44_193400_195088.wav,emmachamberlain_53uiE2rZb44,193400,195088,1688
emmachamberlain_53uiE2rZb44_195224_196368.wav,emmachamberlain_53uiE2rZb44,195224,196368,1144
emmachamberlain_53uiE2rZb44_196824_197344.wav,emmachamberlain_53uiE2rZb44,196824,197344,520
emmachamberlain_53uiE2rZb44_197488_198064.wav,emmachamberlain_53uiE2rZb44,197488,198064,576
emmachamberlain_53uiE2rZb44_198224_208192.wav,emmachamberlain_53uiE2rZb44,198224,208192,9968
emmachamberlain_53uiE2rZb44_208568_212624.wav,emmachamberlain_53uiE2rZb44,208568,212624,4056
emmachamberlain_53uiE2rZb44_213648_218160.wav,emmachamberlain_53uiE2rZb44,213648,218160,4512
emmachamberlain_53uiE2rZb44_218408_225456.wav,emmachamberlain_53uiE2rZb44,218408,225456,7048
emmachamberlain_53uiE2rZb44_225560_226628.wav,emmachamberlain_53uiE2rZb44,225560,226628,1068
emmachamberlain_53uiE2rZb44_226804_231254.wav,emmachamberlain_53uiE2rZb44,226804,231254,4450
emmachamberlain_53uiE2rZb44_231558_237432.wav,emmachamberlain_53uiE2rZb44,231558,237432,5874
emmachamberlain_53uiE2rZb44_237608_238120.wav,emmachamberlain_53uiE2rZb44,237608,238120,512
emmachamberlain_53uiE2rZb44_238304_239168.wav,emmachamberlain_53uiE2rZb44,238304,239168,864
emmachamberlain_53uiE2rZb44_239800_249672.wav,emmachamberlain_53uiE2rZb44,239800,249672,9872
emmachamberlain_53uiE2rZb44_249952_250576.wav,emmachamberlain_53uiE2rZb44,249952,250576,624
emmachamberlain_53uiE2rZb44_250792_256352.wav,emmachamberlain_53uiE2rZb44,250792,256352,5560
emmachamberlain_53uiE2rZb44_256472_264320.wav,emmachamberlain_53uiE2rZb44,256472,264320,7848
emmachamberlain_53uiE2rZb44_264528_271640.wav,emmachamberlain_53uiE2rZb44,264528,271640,7112
emmachamberlain_53uiE2rZb44_272408_282200.wav,emmachamberlain_53uiE2rZb44,272408,282200,9792
emmachamberlain_53uiE2rZb44_282376_284504.wav,emmachamberlain_53uiE2rZb44,282376,284504,2128
emmachamberlain_53uiE2rZb44_284696_294172.wav,emmachamberlain_53uiE2rZb44,284696,294172,9476
emmachamberlain_53uiE2rZb44_294540_294760.wav,emmachamberlain_53uiE2rZb44,294540,294760,220
emmachamberlain_53uiE2rZb44_295264_295736.wav,emmachamberlain_53uiE2rZb44,295264,295736,472
emmachamberlain_53uiE2rZb44_295856_300024.wav,emmachamberlain_53uiE2rZb44,295856,300024,4168
emmachamberlain_53uiE2rZb44_300200_300328.wav,emmachamberlain_53uiE2rZb44,300200,300328,128
emmachamberlain_53uiE2rZb44_300480_300888.wav,emmachamberlain_53uiE2rZb44,300480,300888,408
emmachamberlain_53uiE2rZb44_301080_301568.wav,emmachamberlain_53uiE2rZb44,301080,301568,488
emmachamberlain_53uiE2rZb44_301960_306300.wav,emmachamberlain_53uiE2rZb44,301960,306300,4340
emmachamberlain_53uiE2rZb44_306524_314084.wav,emmachamberlain_53uiE2rZb44,306524,314084,7560
emmachamberlain_53uiE2rZb44_314284_320096.wav,emmachamberlain_53uiE2rZb44,314284,320096,5812
emmachamberlain_53uiE2rZb44_320488_321448.wav,emmachamberlain_53uiE2rZb44,320488,321448,960
emmachamberlain_53uiE2rZb44_321656_322120.wav,emmachamberlain_53uiE2rZb44,321656,322120,464
emmachamberlain_53uiE2rZb44_322464_328328.wav,emmachamberlain_53uiE2rZb44,322464,328328,5864
emmachamberlain_53uiE2rZb44_328432_334320.wav,emmachamberlain_53uiE2rZb44,328432,334320,5888
emmachamberlain_53uiE2rZb44_334672_334872.wav,emmachamberlain_53uiE2rZb44,334672,334872,200
emmachamberlain_53uiE2rZb44_335336_341016.wav,emmachamberlain_53uiE2rZb44,335336,341016,5680
emmachamberlain_53uiE2rZb44_341176_350056.wav,emmachamberlain_53uiE2rZb44,341176,350056,8880
emmachamberlain_53uiE2rZb44_350264_357768.wav,emmachamberlain_53uiE2rZb44,350264,357768,7504
emmachamberlain_53uiE2rZb44_358056_365864.wav,emmachamberlain_53uiE2rZb44,358056,365864,7808
emmachamberlain_53uiE2rZb44_366040_372744.wav,emmachamberlain_53uiE2rZb44,366040,372744,6704
emmachamberlain_53uiE2rZb44_373080_382232.wav,emmachamberlain_53uiE2rZb44,373080,382232,9152
emmachamberlain_53uiE2rZb44_382408_383112.wav,emmachamberlain_53uiE2rZb44,382408,383112,704
emmachamberlain_53uiE2rZb44_383296_384016.wav,emmachamberlain_53uiE2rZb44,383296,384016,720
emmachamberlain_53uiE2rZb44_384424_387832.wav,emmachamberlain_53uiE2rZb44,384424,387832,3408
emmachamberlain_53uiE2rZb44_388200_391388.wav,emmachamberlain_53uiE2rZb44,388200,391388,3188
emmachamberlain_53uiE2rZb44_391644_397372.wav,emmachamberlain_53uiE2rZb44,391644,397372,5728
emmachamberlain_53uiE2rZb44_397548_397904.wav,emmachamberlain_53uiE2rZb44,397548,397904,356
emmachamberlain_53uiE2rZb44_398056_398514.wav,emmachamberlain_53uiE2rZb44,398056,398514,458
emmachamberlain_53uiE2rZb44_398738_405819.wav,emmachamberlain_53uiE2rZb44,398738,405819,7081
emmachamberlain_53uiE2rZb44_406243_413772.wav,emmachamberlain_53uiE2rZb44,406243,413772,7529
emmachamberlain_53uiE2rZb44_413972_421212.wav,emmachamberlain_53uiE2rZb44,413972,421212,7240
emmachamberlain_53uiE2rZb44_421316_428844.wav,emmachamberlain_53uiE2rZb44,421316,428844,7528
emmachamberlain_53uiE2rZb44_428964_429712.wav,emmachamberlain_53uiE2rZb44,428964,429712,748
emmachamberlain_53uiE2rZb44_430040_430200.wav,emmachamberlain_53uiE2rZb44,430040,430200,160
emmachamberlain_53uiE2rZb44_430680_433920.wav,emmachamberlain_53uiE2rZb44,430680,433920,3240
emmachamberlain_53uiE2rZb44_434520_439544.wav,emmachamberlain_53uiE2rZb44,434520,439544,5024
emmachamberlain_53uiE2rZb44_439880_443964.wav,emmachamberlain_53uiE2rZb44,439880,443964,4084
emmachamberlain_53uiE2rZb44_444100_451024.wav,emmachamberlain_53uiE2rZb44,444100,451024,6924
emmachamberlain_53uiE2rZb44_452024_460064.wav,emmachamberlain_53uiE2rZb44,452024,460064,8040
emmachamberlain_53uiE2rZb44_460184_460856.wav,emmachamberlain_53uiE2rZb44,460184,460856,672
emmachamberlain_53uiE2rZb44_461056_466960.wav,emmachamberlain_53uiE2rZb44,461056,466960,5904
emmachamberlain_53uiE2rZb44_467136_469432.wav,emmachamberlain_53uiE2rZb44,467136,469432,2296
emmachamberlain_53uiE2rZb44_469672_474578.wav,emmachamberlain_53uiE2rZb44,469672,474578,4906
emmachamberlain_53uiE2rZb44_474914_476522.wav,emmachamberlain_53uiE2rZb44,474914,476522,1608
emmachamberlain_53uiE2rZb44_476802_481092.wav,emmachamberlain_53uiE2rZb44,476802,481092,4290
emmachamberlain_53uiE2rZb44_481308_483016.wav,emmachamberlain_53uiE2rZb44,481308,483016,1708
emmachamberlain_53uiE2rZb44_483192_487520.wav,emmachamberlain_53uiE2rZb44,483192,487520,4328
emmachamberlain_53uiE2rZb44_488144_496920.wav,emmachamberlain_53uiE2rZb44,488144,496920,8776
emmachamberlain_53uiE2rZb44_497112_505076.wav,emmachamberlain_53uiE2rZb44,497112,505076,7964
emmachamberlain_53uiE2rZb44_505252_509056.wav,emmachamberlain_53uiE2rZb44,505252,509056,3804
emmachamberlain_53uiE2rZb44_509184_516664.wav,emmachamberlain_53uiE2rZb44,509184,516664,7480
emmachamberlain_53uiE2rZb44_516976_517144.wav,emmachamberlain_53uiE2rZb44,516976,517144,168
emmachamberlain_53uiE2rZb44_517304_527184.wav,emmachamberlain_53uiE2rZb44,517304,527184,9880
emmachamberlain_53uiE2rZb44_527520_531722.wav,emmachamberlain_53uiE2rZb44,527520,531722,4202
emmachamberlain_53uiE2rZb44_531874_538026.wav,emmachamberlain_53uiE2rZb44,531874,538026,6152
emmachamberlain_53uiE2rZb44_538508_546100.wav,emmachamberlain_53uiE2rZb44,538508,546100,7592
emmachamberlain_53uiE2rZb44_546396_549156.wav,emmachamberlain_53uiE2rZb44,546396,549156,2760
emmachamberlain_53uiE2rZb44_549628_551788.wav,emmachamberlain_53uiE2rZb44,549628,551788,2160
emmachamberlain_53uiE2rZb44_551900_556484.wav,emmachamberlain_53uiE2rZb44,551900,556484,4584
emmachamberlain_53uiE2rZb44_556636_562756.wav,emmachamberlain_53uiE2rZb44,556636,562756,6120
emmachamberlain_53uiE2rZb44_563084_567612.wav,emmachamberlain_53uiE2rZb44,563084,567612,4528
emmachamberlain_53uiE2rZb44_567764_571092.wav,emmachamberlain_53uiE2rZb44,567764,571092,3328
emmachamberlain_53uiE2rZb44_571196_574244.wav,emmachamberlain_53uiE2rZb44,571196,574244,3048
emmachamberlain_53uiE2rZb44_574632_583344.wav,emmachamberlain_53uiE2rZb44,574632,583344,8712
emmachamberlain_53uiE2rZb44_583472_591352.wav,emmachamberlain_53uiE2rZb44,583472,591352,7880
emmachamberlain_53uiE2rZb44_591744_599368.wav,emmachamberlain_53uiE2rZb44,591744,599368,7624
emmachamberlain_53uiE2rZb44_599496_608728.wav,emmachamberlain_53uiE2rZb44,599496,608728,9232
emmachamberlain_53uiE2rZb44_609112_612120.wav,emmachamberlain_53uiE2rZb44,609112,612120,3008
emmachamberlain_53uiE2rZb44_612432_614200.wav,emmachamberlain_53uiE2rZb44,612432,614200,1768
emmachamberlain_53uiE2rZb44_614632_618332.wav,emmachamberlain_53uiE2rZb44,614632,618332,3700
emmachamberlain_53uiE2rZb44_618468_623068.wav,emmachamberlain_53uiE2rZb44,618468,623068,4600
emmachamberlain_53uiE2rZb44_623236_627180.wav,emmachamberlain_53uiE2rZb44,623236,627180,3944
emmachamberlain_53uiE2rZb44_627316_636056.wav,emmachamberlain_53uiE2rZb44,627316,636056,8740
emmachamberlain_53uiE2rZb44_636592_644712.wav,emmachamberlain_53uiE2rZb44,636592,644712,8120
emmachamberlain_53uiE2rZb44_645096_652800.wav,emmachamberlain_53uiE2rZb44,645096,652800,7704
emmachamberlain_53uiE2rZb44_653120_662200.wav,emmachamberlain_53uiE2rZb44,653120,662200,9080
emmachamberlain_53uiE2rZb44_662304_665960.wav,emmachamberlain_53uiE2rZb44,662304,665960,3656
emmachamberlain_53uiE2rZb44_666360_670296.wav,emmachamberlain_53uiE2rZb44,666360,670296,3936
emmachamberlain_53uiE2rZb44_670568_677048.wav,emmachamberlain_53uiE2rZb44,670568,677048,6480
emmachamberlain_53uiE2rZb44_677664_686976.wav,emmachamberlain_53uiE2rZb44,677664,686976,9312
emmachamberlain_53uiE2rZb44_688368_688544.wav,emmachamberlain_53uiE2rZb44,688368,688544,176
emmachamberlain_53uiE2rZb44_688976_689736.wav,emmachamberlain_53uiE2rZb44,688976,689736,760
emmachamberlain_53uiE2rZb44_690312_695024.wav,emmachamberlain_53uiE2rZb44,690312,695024,4712
emmachamberlain_53uiE2rZb44_695152_697720.wav,emmachamberlain_53uiE2rZb44,695152,697720,2568
emmachamberlain_53uiE2rZb44_697824_700616.wav,emmachamberlain_53uiE2rZb44,697824,700616,2792
emmachamberlain_53uiE2rZb44_700736_702912.wav,emmachamberlain_53uiE2rZb44,700736,702912,2176
emmachamberlain_53uiE2rZb44_703680_707536.wav,emmachamberlain_53uiE2rZb44,703680,707536,3856
emmachamberlain_53uiE2rZb44_707680_710472.wav,emmachamberlain_53uiE2rZb44,707680,710472,2792
emmachamberlain_53uiE2rZb44_710648_714372.wav,emmachamberlain_53uiE2rZb44,710648,714372,3724
emmachamberlain_53uiE2rZb44_714524_722752.wav,emmachamberlain_53uiE2rZb44,714524,722752,8228
emmachamberlain_53uiE2rZb44_722952_724784.wav,emmachamberlain_53uiE2rZb44,722952,724784,1832
emmachamberlain_53uiE2rZb44_725048_732200.wav,emmachamberlain_53uiE2rZb44,725048,732200,7152
emmachamberlain_53uiE2rZb44_732320_738416.wav,emmachamberlain_53uiE2rZb44,732320,738416,6096
emmachamberlain_53uiE2rZb44_738704_742368.wav,emmachamberlain_53uiE2rZb44,738704,742368,3664
emmachamberlain_53uiE2rZb44_742512_744520.wav,emmachamberlain_53uiE2rZb44,742512,744520,2008
emmachamberlain_53uiE2rZb44_745040_753113.wav,emmachamberlain_53uiE2rZb44,745040,753113,8073
emmachamberlain_53uiE2rZb44_753585_754185.wav,emmachamberlain_53uiE2rZb44,753585,754185,600
emmachamberlain_53uiE2rZb44_754489_755145.wav,emmachamberlain_53uiE2rZb44,754489,755145,656
emmachamberlain_53uiE2rZb44_755361_757145.wav,emmachamberlain_53uiE2rZb44,755361,757145,1784
emmachamberlain_53uiE2rZb44_757457_766706.wav,emmachamberlain_53uiE2rZb44,757457,766706,9249
emmachamberlain_53uiE2rZb44_766946_775434.wav,emmachamberlain_53uiE2rZb44,766946,775434,8488
emmachamberlain_53uiE2rZb44_775642_777506.wav,emmachamberlain_53uiE2rZb44,775642,777506,1864
emmachamberlain_53uiE2rZb44_777730_781642.wav,emmachamberlain_53uiE2rZb44,777730,781642,3912
emmachamberlain_53uiE2rZb44_781794_785228.wav,emmachamberlain_53uiE2rZb44,781794,785228,3434
emmachamberlain_53uiE2rZb44_785484_791012.wav,emmachamberlain_53uiE2rZb44,785484,791012,5528
emmachamberlain_53uiE2rZb44_791164_792764.wav,emmachamberlain_53uiE2rZb44,791164,792764,1600
emmachamberlain_53uiE2rZb44_792892_793124.wav,emmachamberlain_53uiE2rZb44,792892,793124,232
emmachamberlain_53uiE2rZb44_793244_794096.wav,emmachamberlain_53uiE2rZb44,793244,794096,852
emmachamberlain_53uiE2rZb44_794856_799528.wav,emmachamberlain_53uiE2rZb44,794856,799528,4672
emmachamberlain_53uiE2rZb44_799824_800376.wav,emmachamberlain_53uiE2rZb44,799824,800376,552
emmachamberlain_53uiE2rZb44_800536_801760.wav,emmachamberlain_53uiE2rZb44,800536,801760,1224
emmachamberlain_53uiE2rZb44_801968_808472.wav,emmachamberlain_53uiE2rZb44,801968,808472,6504
emmachamberlain_53uiE2rZb44_808720_811872.wav,emmachamberlain_53uiE2rZb44,808720,811872,3152
emmachamberlain_53uiE2rZb44_812056_816072.wav,emmachamberlain_53uiE2rZb44,812056,816072,4016
emmachamberlain_53uiE2rZb44_816224_816832.wav,emmachamberlain_53uiE2rZb44,816224,816832,608
emmachamberlain_53uiE2rZb44_817496_826192.wav,emmachamberlain_53uiE2rZb44,817496,826192,8696
emmachamberlain_53uiE2rZb44_826376_827704.wav,emmachamberlain_53uiE2rZb44,826376,827704,1328
emmachamberlain_53uiE2rZb44_827880_833440.wav,emmachamberlain_53uiE2rZb44,827880,833440,5560
emmachamberlain_53uiE2rZb44_833928_840952.wav,emmachamberlain_53uiE2rZb44,833928,840952,7024
emmachamberlain_53uiE2rZb44_842696_845560.wav,emmachamberlain_53uiE2rZb44,842696,845560,2864
emmachamberlain_53uiE2rZb44_846888_850272.wav,emmachamberlain_53uiE2rZb44,846888,850272,3384
emmachamberlain_53uiE2rZb44_850624_852280.wav,emmachamberlain_53uiE2rZb44,850624,852280,1656
emmachamberlain_53uiE2rZb44_853928_861964.wav,emmachamberlain_53uiE2rZb44,853928,861964,8036
emmachamberlain_53uiE2rZb44_862092_864492.wav,emmachamberlain_53uiE2rZb44,862092,864492,2400
emmachamberlain_53uiE2rZb44_864612_867336.wav,emmachamberlain_53uiE2rZb44,864612,867336,2724
emmachamberlain_53uiE2rZb44_868360_872848.wav,emmachamberlain_53uiE2rZb44,868360,872848,4488
emmachamberlain_53uiE2rZb44_873272_877072.wav,emmachamberlain_53uiE2rZb44,873272,877072,3800
emmachamberlain_53uiE2rZb44_877584_878352.wav,emmachamberlain_53uiE2rZb44,877584,878352,768
emmachamberlain_53uiE2rZb44_878896_888896.wav,emmachamberlain_53uiE2rZb44,878896,888896,10000
emmachamberlain_53uiE2rZb44_889072_891368.wav,emmachamberlain_53uiE2rZb44,889072,891368,2296
emmachamberlain_53uiE2rZb44_891648_899018.wav,emmachamberlain_53uiE2rZb44,891648,899018,7370
emmachamberlain_53uiE2rZb44_899170_902602.wav,emmachamberlain_53uiE2rZb44,899170,902602,3432
emmachamberlain_53uiE2rZb44_903228_905984.wav,emmachamberlain_53uiE2rZb44,903228,905984,2756
emmachamberlain_53uiE2rZb44_906648_909200.wav,emmachamberlain_53uiE2rZb44,906648,909200,2552
emmachamberlain_53uiE2rZb44_909968_910128.wav,emmachamberlain_53uiE2rZb44,909968,910128,160
emmachamberlain_53uiE2rZb44_910584_917192.wav,emmachamberlain_53uiE2rZb44,910584,917192,6608
emmachamberlain_53uiE2rZb44_917400_918824.wav,emmachamberlain_53uiE2rZb44,917400,918824,1424
emmachamberlain_53uiE2rZb44_919024_924888.wav,emmachamberlain_53uiE2rZb44,919024,924888,5864
emmachamberlain_53uiE2rZb44_925176_929440.wav,emmachamberlain_53uiE2rZb44,925176,929440,4264
emmachamberlain_53uiE2rZb44_930080_939648.wav,emmachamberlain_53uiE2rZb44,930080,939648,9568
emmachamberlain_53uiE2rZb44_940240_948194.wav,emmachamberlain_53uiE2rZb44,940240,948194,7954
emmachamberlain_53uiE2rZb44_948354_953796.wav,emmachamberlain_53uiE2rZb44,948354,953796,5442
emmachamberlain_53uiE2rZb44_953900_956096.wav,emmachamberlain_53uiE2rZb44,953900,956096,2196
emmachamberlain_53uiE2rZb44_956560_966188.wav,emmachamberlain_53uiE2rZb44,956560,966188,9628
emmachamberlain_53uiE2rZb44_966316_967032.wav,emmachamberlain_53uiE2rZb44,966316,967032,716
emmachamberlain_53uiE2rZb44_967688_976257.wav,emmachamberlain_53uiE2rZb44,967688,976257,8569
emmachamberlain_53uiE2rZb44_976569_978465.wav,emmachamberlain_53uiE2rZb44,976569,978465,1896
emmachamberlain_53uiE2rZb44_978777_982730.wav,emmachamberlain_53uiE2rZb44,978777,982730,3953
emmachamberlain_53uiE2rZb44_982994_985636.wav,emmachamberlain_53uiE2rZb44,982994,985636,2642
emmachamberlain_53uiE2rZb44_985748_987052.wav,emmachamberlain_53uiE2rZb44,985748,987052,1304
emmachamberlain_53uiE2rZb44_987228_996860.wav,emmachamberlain_53uiE2rZb44,987228,996860,9632
emmachamberlain_53uiE2rZb44_997028_998184.wav,emmachamberlain_53uiE2rZb44,997028,998184,1156
emmachamberlain_53uiE2rZb44_998752_1000224.wav,emmachamberlain_53uiE2rZb44,998752,1000224,1472
emmachamberlain_53uiE2rZb44_1000912_1001800.wav,emmachamberlain_53uiE2rZb44,1000912,1001800,888
emmachamberlain_53uiE2rZb44_1002240_1007992.wav,emmachamberlain_53uiE2rZb44,1002240,1007992,5752
emmachamberlain_53uiE2rZb44_1008392_1018064.wav,emmachamberlain_53uiE2rZb44,1008392,1018064,9672
emmachamberlain_53uiE2rZb44_1018464_1025388.wav,emmachamberlain_53uiE2rZb44,1018464,1025388,6924
emmachamberlain_53uiE2rZb44_1025628_1034396.wav,emmachamberlain_53uiE2rZb44,1025628,1034396,8768
emmachamberlain_53uiE2rZb44_1034524_1038068.wav,emmachamberlain_53uiE2rZb44,1034524,1038068,3544
emmachamberlain_53uiE2rZb44_1038180_1039616.wav,emmachamberlain_53uiE2rZb44,1038180,1039616,1436
emmachamberlain_53uiE2rZb44_1040128_1041836.wav,emmachamberlain_53uiE2rZb44,1040128,1041836,1708
emmachamberlain_53uiE2rZb44_1041988_1043508.wav,emmachamberlain_53uiE2rZb44,1041988,1043508,1520
emmachamberlain_53uiE2rZb44_1043684_1050308.wav,emmachamberlain_53uiE2rZb44,1043684,1050308,6624
emmachamberlain_53uiE2rZb44_1050532_1059764.wav,emmachamberlain_53uiE2rZb44,1050532,1059764,9232
emmachamberlain_53uiE2rZb44_1059956_1069708.wav,emmachamberlain_53uiE2rZb44,1059956,1069708,9752
emmachamberlain_53uiE2rZb44_1069908_1074568.wav,emmachamberlain_53uiE2rZb44,1069908,1074568,4660
emmachamberlain_53uiE2rZb44_1074720_1079744.wav,emmachamberlain_53uiE2rZb44,1074720,1079744,5024
emmachamberlain_53uiE2rZb44_1080148_1082612.wav,emmachamberlain_53uiE2rZb44,1080148,1082612,2464
emmachamberlain_53uiE2rZb44_1082804_1087152.wav,emmachamberlain_53uiE2rZb44,1082804,1087152,4348
emmachamberlain_53uiE2rZb44_1087632_1087912.wav,emmachamberlain_53uiE2rZb44,1087632,1087912,280
emmachamberlain_53uiE2rZb44_1088072_1096930.wav,emmachamberlain_53uiE2rZb44,1088072,1096930,8858
emmachamberlain_53uiE2rZb44_1097210_1098988.wav,emmachamberlain_53uiE2rZb44,1097210,1098988,1778
emmachamberlain_53uiE2rZb44_1099164_1101264.wav,emmachamberlain_53uiE2rZb44,1099164,1101264,2100
emmachamberlain_53uiE2rZb44_1101424_1104488.wav,emmachamberlain_53uiE2rZb44,1101424,1104488,3064
emmachamberlain_53uiE2rZb44_1104704_1109908.wav,emmachamberlain_53uiE2rZb44,1104704,1109908,5204
emmachamberlain_53uiE2rZb44_1110060_1114816.wav,emmachamberlain_53uiE2rZb44,1110060,1114816,4756
emmachamberlain_53uiE2rZb44_1115048_1120684.wav,emmachamberlain_53uiE2rZb44,1115048,1120684,5636
emmachamberlain_53uiE2rZb44_1120900_1126512.wav,emmachamberlain_53uiE2rZb44,1120900,1126512,5612
emmachamberlain_53uiE2rZb44_1126912_1132420.wav,emmachamberlain_53uiE2rZb44,1126912,1132420,5508
emmachamberlain_53uiE2rZb44_1132876_1138344.wav,emmachamberlain_53uiE2rZb44,1132876,1138344,5468
emmachamberlain_53uiE2rZb44_1138496_1140632.wav,emmachamberlain_53uiE2rZb44,1138496,1140632,2136
emmachamberlain_53uiE2rZb44_1140784_1146552.wav,emmachamberlain_53uiE2rZb44,1140784,1146552,5768
emmachamberlain_53uiE2rZb44_1146664_1147832.wav,emmachamberlain_53uiE2rZb44,1146664,1147832,1168
emmachamberlain_53uiE2rZb44_1148872_1155072.wav,emmachamberlain_53uiE2rZb44,1148872,1155072,6200
emmachamberlain_53uiE2rZb44_1155776_1158080.wav,emmachamberlain_53uiE2rZb44,1155776,1158080,2304
emmachamberlain_53uiE2rZb44_1158200_1162128.wav,emmachamberlain_53uiE2rZb44,1158200,1162128,3928
emmachamberlain_53uiE2rZb44_1162448_1165080.wav,emmachamberlain_53uiE2rZb44,1162448,1165080,2632
emmachamberlain_53uiE2rZb44_1165192_1172780.wav,emmachamberlain_53uiE2rZb44,1165192,1172780,7588
emmachamberlain_53uiE2rZb44_1172948_1178376.wav,emmachamberlain_53uiE2rZb44,1172948,1178376,5428
emmachamberlain_53uiE2rZb44_1179260_1179868.wav,emmachamberlain_53uiE2rZb44,1179260,1179868,608
emmachamberlain_53uiE2rZb44_1180004_1187356.wav,emmachamberlain_53uiE2rZb44,1180004,1187356,7352
emmachamberlain_53uiE2rZb44_1187460_1190616.wav,emmachamberlain_53uiE2rZb44,1187460,1190616,3156
emmachamberlain_53uiE2rZb44_1190824_1194824.wav,emmachamberlain_53uiE2rZb44,1190824,1194824,4000
emmachamberlain_53uiE2rZb44_1195048_1199664.wav,emmachamberlain_53uiE2rZb44,1195048,1199664,4616
emmachamberlain_53uiE2rZb44_1200028_1201744.wav,emmachamberlain_53uiE2rZb44,1200028,1201744,1716
emmachamberlain_53uiE2rZb44_1202488_1202596.wav,emmachamberlain_53uiE2rZb44,1202488,1202596,108
emmachamberlain_53uiE2rZb44_1202740_1207780.wav,emmachamberlain_53uiE2rZb44,1202740,1207780,5040
emmachamberlain_53uiE2rZb44_1207908_1209382.wav,emmachamberlain_53uiE2rZb44,1207908,1209382,1474
emmachamberlain_53uiE2rZb44_1209582_1218488.wav,emmachamberlain_53uiE2rZb44,1209582,1218488,8906
emmachamberlain_53uiE2rZb44_1218688_1218940.wav,emmachamberlain_53uiE2rZb44,1218688,1218940,252
emmachamberlain_53uiE2rZb44_1219052_1222028.wav,emmachamberlain_53uiE2rZb44,1219052,1222028,2976
emmachamberlain_53uiE2rZb44_1222132_1223016.wav,emmachamberlain_53uiE2rZb44,1222132,1223016,884
emmachamberlain_53uiE2rZb44_1223456_1223584.wav,emmachamberlain_53uiE2rZb44,1223456,1223584,128
emmachamberlain_53uiE2rZb44_1223816_1231272.wav,emmachamberlain_53uiE2rZb44,1223816,1231272,7456
emmachamberlain_53uiE2rZb44_1231432_1239384.wav,emmachamberlain_53uiE2rZb44,1231432,1239384,7952
emmachamberlain_53uiE2rZb44_1239680_1240976.wav,emmachamberlain_53uiE2rZb44,1239680,1240976,1296
emmachamberlain_53uiE2rZb44_1241232_1244496.wav,emmachamberlain_53uiE2rZb44,1241232,1244496,3264
emmachamberlain_53uiE2rZb44_1244776_1245160.wav,emmachamberlain_53uiE2rZb44,1244776,1245160,384
emmachamberlain_53uiE2rZb44_1245416_1246880.wav,emmachamberlain_53uiE2rZb44,1245416,1246880,1464
emmachamberlain_53uiE2rZb44_1247136_1251480.wav,emmachamberlain_53uiE2rZb44,1247136,1251480,4344
emmachamberlain_53uiE2rZb44_1251856_1252880.wav,emmachamberlain_53uiE2rZb44,1251856,1252880,1024
emmachamberlain_53uiE2rZb44_1253000_1261024.wav,emmachamberlain_53uiE2rZb44,1253000,1261024,8024
emmachamberlain_53uiE2rZb44_1261136_1261528.wav,emmachamberlain_53uiE2rZb44,1261136,1261528,392
emmachamberlain_53uiE2rZb44_1261752_1264008.wav,emmachamberlain_53uiE2rZb44,1261752,1264008,2256
emmachamberlain_53uiE2rZb44_1264272_1268688.wav,emmachamberlain_53uiE2rZb44,1264272,1268688,4416
emmachamberlain_53uiE2rZb44_1268840_1269680.wav,emmachamberlain_53uiE2rZb44,1268840,1269680,840
emmachamberlain_53uiE2rZb44_1269832_1276472.wav,emmachamberlain_53uiE2rZb44,1269832,1276472,6640
emmachamberlain_53uiE2rZb44_1276616_1278704.wav,emmachamberlain_53uiE2rZb44,1276616,1278704,2088
emmachamberlain_53uiE2rZb44_1278824_1278968.wav,emmachamberlain_53uiE2rZb44,1278824,1278968,144
emmachamberlain_53uiE2rZb44_1279240_1287624.wav,emmachamberlain_53uiE2rZb44,1279240,1287624,8384
emmachamberlain_53uiE2rZb44_1287840_1293240.wav,emmachamberlain_53uiE2rZb44,1287840,1293240,5400
emmachamberlain_53uiE2rZb44_1293416_1296040.wav,emmachamberlain_53uiE2rZb44,1293416,1296040,2624
emmachamberlain_53uiE2rZb44_1296472_1297264.wav,emmachamberlain_53uiE2rZb44,1296472,1297264,792
emmachamberlain_53uiE2rZb44_1297568_1303592.wav,emmachamberlain_53uiE2rZb44,1297568,1303592,6024
emmachamberlain_53uiE2rZb44_1303712_1312288.wav,emmachamberlain_53uiE2rZb44,1303712,1312288,8576
emmachamberlain_53uiE2rZb44_1312752_1314976.wav,emmachamberlain_53uiE2rZb44,1312752,1314976,2224
emmachamberlain_53uiE2rZb44_1315360_1319036.wav,emmachamberlain_53uiE2rZb44,1315360,1319036,3676
emmachamberlain_53uiE2rZb44_1319228_1326152.wav,emmachamberlain_53uiE2rZb44,1319228,1326152,6924
emmachamberlain_53uiE2rZb44_1326888_1334481.wav,emmachamberlain_53uiE2rZb44,1326888,1334481,7593
emmachamberlain_53uiE2rZb44_1334585_1334745.wav,emmachamberlain_53uiE2rZb44,1334585,1334745,160
emmachamberlain_53uiE2rZb44_1334881_1340409.wav,emmachamberlain_53uiE2rZb44,1334881,1340409,5528
emmachamberlain_53uiE2rZb44_1340529_1347337.wav,emmachamberlain_53uiE2rZb44,1340529,1347337,6808
emmachamberlain_53uiE2rZb44_1347457_1349435.wav,emmachamberlain_53uiE2rZb44,1347457,1349435,1978
emmachamberlain_53uiE2rZb44_1349675_1358133.wav,emmachamberlain_53uiE2rZb44,1349675,1358133,8458
emmachamberlain_53uiE2rZb44_1358365_1358509.wav,emmachamberlain_53uiE2rZb44,1358365,1358509,144
emmachamberlain_53uiE2rZb44_1358661_1362601.wav,emmachamberlain_53uiE2rZb44,1358661,1362601,3940
