filename,video_id,start_time,end_time,duration
emmachamberlain_UC78cxCAcp7JfQPgKxYdyGrg_53uiE2rZb44_0_336.wav,emmachamberlain_UC78cxCAcp7JfQPgKxYdyGrg_53uiE2rZb44,0,336,336
emmachamberlain_UC78cxCAcp7JfQPgKxYdyGrg_53uiE2rZb44_912_1024.wav,emmachamberlain_UC78cxCAcp7JfQPgKxYdyGrg_53uiE2rZb44,912,1024,112
emmachamberlain_UC78cxCAcp7JfQPgKxYdyGrg_53uiE2rZb44_1600_1720.wav,emmachamberlain_UC78cxCAcp7JfQPgKxYdyGrg_53uiE2rZb44,1600,1720,120
emmachamberlain_UC78cxCAcp7JfQPgKxYdyGrg_53uiE2rZb44_3048_10314.wav,emmachamberlain_UC78cxCAcp7JfQPgKxYdyGrg_53uiE2rZb44,3048,10314,7266
emmachamberlain_UC78cxCAcp7JfQPgKxYdyGrg_53uiE2rZb44_10474_17604.wav,emmachamberlain_UC78cxCAcp7JfQPgKxYdyGrg_53uiE2rZb44,10474,17604,7130
emmachamberlain_UC78cxCAcp7JfQPgKxYdyGrg_53uiE2rZb44_17788_22400.wav,emmachamberlain_UC78cxCAcp7JfQPgKxYdyGrg_53uiE2rZb44,17788,22400,4612
emmachamberlain_UC78cxCAcp7JfQPgKxYdyGrg_53uiE2rZb44_23720_27304.wav,emmachamberlain_UC78cxCAcp7JfQPgKxYdyGrg_53uiE2rZb44,23720,27304,3584
emmachamberlain_UC78cxCAcp7JfQPgKxYdyGrg_53uiE2rZb44_27496_34736.wav,emmachamberlain_UC78cxCAcp7JfQPgKxYdyGrg_53uiE2rZb44,27496,34736,7240
emmachamberlain_UC78cxCAcp7JfQPgKxYdyGrg_53uiE2rZb44_34888_41728.wav,emmachamberlain_UC78cxCAcp7JfQPgKxYdyGrg_53uiE2rZb44,34888,41728,6840
emmachamberlain_UC78cxCAcp7JfQPgKxYdyGrg_53uiE2rZb44_42080_52224.wav,emmachamberlain_UC78cxCAcp7JfQPgKxYdyGrg_53uiE2rZb44,42080,52224,10144
emmachamberlain_UC78cxCAcp7JfQPgKxYdyGrg_53uiE2rZb44_52392_55416.wav,emmachamberlain_UC78cxCAcp7JfQPgKxYdyGrg_53uiE2rZb44,52392,55416,3024
emmachamberlain_UC78cxCAcp7JfQPgKxYdyGrg_53uiE2rZb44_55792_59976.wav,emmachamberlain_UC78cxCAcp7JfQPgKxYdyGrg_53uiE2rZb44,55792,59976,4184
emmachamberlain_UC78cxCAcp7JfQPgKxYdyGrg_53uiE2rZb44_62520_62772.wav,emmachamberlain_UC78cxCAcp7JfQPgKxYdyGrg_53uiE2rZb44,62520,62772,252
emmachamberlain_UC78cxCAcp7JfQPgKxYdyGrg_53uiE2rZb44_62772_70622.wav,emmachamberlain_UC78cxCAcp7JfQPgKxYdyGrg_53uiE2rZb44,62772,70622,7850
emmachamberlain_UC78cxCAcp7JfQPgKxYdyGrg_53uiE2rZb44_70758_84158.wav,emmachamberlain_UC78cxCAcp7JfQPgKxYdyGrg_53uiE2rZb44,70758,84158,13400
emmachamberlain_UC78cxCAcp7JfQPgKxYdyGrg_53uiE2rZb44_84736_90800.wav,emmachamberlain_UC78cxCAcp7JfQPgKxYdyGrg_53uiE2rZb44,84736,90800,6064
emmachamberlain_UC78cxCAcp7JfQPgKxYdyGrg_53uiE2rZb44_91064_95088.wav,emmachamberlain_UC78cxCAcp7JfQPgKxYdyGrg_53uiE2rZb44,91064,95088,4024
emmachamberlain_UC78cxCAcp7JfQPgKxYdyGrg_53uiE2rZb44_95920_97044.wav,emmachamberlain_UC78cxCAcp7JfQPgKxYdyGrg_53uiE2rZb44,95920,97044,1124
emmachamberlain_UC78cxCAcp7JfQPgKxYdyGrg_53uiE2rZb44_97236_104148.wav,emmachamberlain_UC78cxCAcp7JfQPgKxYdyGrg_53uiE2rZb44,97236,104148,6912
emmachamberlain_UC78cxCAcp7JfQPgKxYdyGrg_53uiE2rZb44_104276_106756.wav,emmachamberlain_UC78cxCAcp7JfQPgKxYdyGrg_53uiE2rZb44,104276,106756,2480
emmachamberlain_UC78cxCAcp7JfQPgKxYdyGrg_53uiE2rZb44_106900_107396.wav,emmachamberlain_UC78cxCAcp7JfQPgKxYdyGrg_53uiE2rZb44,106900,107396,496
emmachamberlain_UC78cxCAcp7JfQPgKxYdyGrg_53uiE2rZb44_107564_109136.wav,emmachamberlain_UC78cxCAcp7JfQPgKxYdyGrg_53uiE2rZb44,107564,109136,1572
emmachamberlain_UC78cxCAcp7JfQPgKxYdyGrg_53uiE2rZb44_109504_115914.wav,emmachamberlain_UC78cxCAcp7JfQPgKxYdyGrg_53uiE2rZb44,109504,115914,6410
emmachamberlain_UC78cxCAcp7JfQPgKxYdyGrg_53uiE2rZb44_116170_118244.wav,emmachamberlain_UC78cxCAcp7JfQPgKxYdyGrg_53uiE2rZb44,116170,118244,2074
emmachamberlain_UC78cxCAcp7JfQPgKxYdyGrg_53uiE2rZb44_118404_125176.wav,emmachamberlain_UC78cxCAcp7JfQPgKxYdyGrg_53uiE2rZb44,118404,125176,6772
emmachamberlain_UC78cxCAcp7JfQPgKxYdyGrg_53uiE2rZb44_125368_131024.wav,emmachamberlain_UC78cxCAcp7JfQPgKxYdyGrg_53uiE2rZb44,125368,131024,5656
emmachamberlain_UC78cxCAcp7JfQPgKxYdyGrg_53uiE2rZb44_131152_138384.wav,emmachamberlain_UC78cxCAcp7JfQPgKxYdyGrg_53uiE2rZb44,131152,138384,7232
emmachamberlain_UC78cxCAcp7JfQPgKxYdyGrg_53uiE2rZb44_138472_141080.wav,emmachamberlain_UC78cxCAcp7JfQPgKxYdyGrg_53uiE2rZb44,138472,141080,2608
emmachamberlain_UC78cxCAcp7JfQPgKxYdyGrg_53uiE2rZb44_141176_142792.wav,emmachamberlain_UC78cxCAcp7JfQPgKxYdyGrg_53uiE2rZb44,141176,142792,1616
emmachamberlain_UC78cxCAcp7JfQPgKxYdyGrg_53uiE2rZb44_142872_149808.wav,emmachamberlain_UC78cxCAcp7JfQPgKxYdyGrg_53uiE2rZb44,142872,149808,6936
emmachamberlain_UC78cxCAcp7JfQPgKxYdyGrg_53uiE2rZb44_149888_150736.wav,emmachamberlain_UC78cxCAcp7JfQPgKxYdyGrg_53uiE2rZb44,149888,150736,848
emmachamberlain_UC78cxCAcp7JfQPgKxYdyGrg_53uiE2rZb44_150888_163024.wav,emmachamberlain_UC78cxCAcp7JfQPgKxYdyGrg_53uiE2rZb44,150888,163024,12136
emmachamberlain_UC78cxCAcp7JfQPgKxYdyGrg_53uiE2rZb44_163320_171874.wav,emmachamberlain_UC78cxCAcp7JfQPgKxYdyGrg_53uiE2rZb44,163320,171874,8554
emmachamberlain_UC78cxCAcp7JfQPgKxYdyGrg_53uiE2rZb44_172066_175324.wav,emmachamberlain_UC78cxCAcp7JfQPgKxYdyGrg_53uiE2rZb44,172066,175324,3258
emmachamberlain_UC78cxCAcp7JfQPgKxYdyGrg_53uiE2rZb44_175492_183904.wav,emmachamberlain_UC78cxCAcp7JfQPgKxYdyGrg_53uiE2rZb44,175492,183904,8412
emmachamberlain_UC78cxCAcp7JfQPgKxYdyGrg_53uiE2rZb44_186152_195088.wav,emmachamberlain_UC78cxCAcp7JfQPgKxYdyGrg_53uiE2rZb44,186152,195088,8936
emmachamberlain_UC78cxCAcp7JfQPgKxYdyGrg_53uiE2rZb44_195224_196368.wav,emmachamberlain_UC78cxCAcp7JfQPgKxYdyGrg_53uiE2rZb44,195224,196368,1144
emmachamberlain_UC78cxCAcp7JfQPgKxYdyGrg_53uiE2rZb44_196824_197344.wav,emmachamberlain_UC78cxCAcp7JfQPgKxYdyGrg_53uiE2rZb44,196824,197344,520
emmachamberlain_UC78cxCAcp7JfQPgKxYdyGrg_53uiE2rZb44_197488_208440.wav,emmachamberlain_UC78cxCAcp7JfQPgKxYdyGrg_53uiE2rZb44,197488,208440,10952
emmachamberlain_UC78cxCAcp7JfQPgKxYdyGrg_53uiE2rZb44_208568_212624.wav,emmachamberlain_UC78cxCAcp7JfQPgKxYdyGrg_53uiE2rZb44,208568,212624,4056
emmachamberlain_UC78cxCAcp7JfQPgKxYdyGrg_53uiE2rZb44_213648_218228.wav,emmachamberlain_UC78cxCAcp7JfQPgKxYdyGrg_53uiE2rZb44,213648,218228,4580
emmachamberlain_UC78cxCAcp7JfQPgKxYdyGrg_53uiE2rZb44_218404_226622.wav,emmachamberlain_UC78cxCAcp7JfQPgKxYdyGrg_53uiE2rZb44,218404,226622,8218
emmachamberlain_UC78cxCAcp7JfQPgKxYdyGrg_53uiE2rZb44_226806_237432.wav,emmachamberlain_UC78cxCAcp7JfQPgKxYdyGrg_53uiE2rZb44,226806,237432,10626
emmachamberlain_UC78cxCAcp7JfQPgKxYdyGrg_53uiE2rZb44_237608_238120.wav,emmachamberlain_UC78cxCAcp7JfQPgKxYdyGrg_53uiE2rZb44,237608,238120,512
emmachamberlain_UC78cxCAcp7JfQPgKxYdyGrg_53uiE2rZb44_238304_239168.wav,emmachamberlain_UC78cxCAcp7JfQPgKxYdyGrg_53uiE2rZb44,238304,239168,864
emmachamberlain_UC78cxCAcp7JfQPgKxYdyGrg_53uiE2rZb44_239800_248884.wav,emmachamberlain_UC78cxCAcp7JfQPgKxYdyGrg_53uiE2rZb44,239800,248884,9084
emmachamberlain_UC78cxCAcp7JfQPgKxYdyGrg_53uiE2rZb44_249124_249672.wav,emmachamberlain_UC78cxCAcp7JfQPgKxYdyGrg_53uiE2rZb44,249124,249672,548
emmachamberlain_UC78cxCAcp7JfQPgKxYdyGrg_53uiE2rZb44_249952_250576.wav,emmachamberlain_UC78cxCAcp7JfQPgKxYdyGrg_53uiE2rZb44,249952,250576,624
emmachamberlain_UC78cxCAcp7JfQPgKxYdyGrg_53uiE2rZb44_250792_256328.wav,emmachamberlain_UC78cxCAcp7JfQPgKxYdyGrg_53uiE2rZb44,250792,256328,5536
emmachamberlain_UC78cxCAcp7JfQPgKxYdyGrg_53uiE2rZb44_256472_264320.wav,emmachamberlain_UC78cxCAcp7JfQPgKxYdyGrg_53uiE2rZb44,256472,264320,7848
emmachamberlain_UC78cxCAcp7JfQPgKxYdyGrg_53uiE2rZb44_264528_271640.wav,emmachamberlain_UC78cxCAcp7JfQPgKxYdyGrg_53uiE2rZb44,264528,271640,7112
emmachamberlain_UC78cxCAcp7JfQPgKxYdyGrg_53uiE2rZb44_272408_282236.wav,emmachamberlain_UC78cxCAcp7JfQPgKxYdyGrg_53uiE2rZb44,272408,282236,9828
emmachamberlain_UC78cxCAcp7JfQPgKxYdyGrg_53uiE2rZb44_282372_295680.wav,emmachamberlain_UC78cxCAcp7JfQPgKxYdyGrg_53uiE2rZb44,282372,295680,13308
emmachamberlain_UC78cxCAcp7JfQPgKxYdyGrg_53uiE2rZb44_295864_300024.wav,emmachamberlain_UC78cxCAcp7JfQPgKxYdyGrg_53uiE2rZb44,295864,300024,4160
emmachamberlain_UC78cxCAcp7JfQPgKxYdyGrg_53uiE2rZb44_300200_300328.wav,emmachamberlain_UC78cxCAcp7JfQPgKxYdyGrg_53uiE2rZb44,300200,300328,128
emmachamberlain_UC78cxCAcp7JfQPgKxYdyGrg_53uiE2rZb44_300480_300888.wav,emmachamberlain_UC78cxCAcp7JfQPgKxYdyGrg_53uiE2rZb44,300480,300888,408
emmachamberlain_UC78cxCAcp7JfQPgKxYdyGrg_53uiE2rZb44_301080_301568.wav,emmachamberlain_UC78cxCAcp7JfQPgKxYdyGrg_53uiE2rZb44,301080,301568,488
emmachamberlain_UC78cxCAcp7JfQPgKxYdyGrg_53uiE2rZb44_301960_306300.wav,emmachamberlain_UC78cxCAcp7JfQPgKxYdyGrg_53uiE2rZb44,301960,306300,4340
emmachamberlain_UC78cxCAcp7JfQPgKxYdyGrg_53uiE2rZb44_306524_314086.wav,emmachamberlain_UC78cxCAcp7JfQPgKxYdyGrg_53uiE2rZb44,306524,314086,7562
emmachamberlain_UC78cxCAcp7JfQPgKxYdyGrg_53uiE2rZb44_314286_320096.wav,emmachamberlain_UC78cxCAcp7JfQPgKxYdyGrg_53uiE2rZb44,314286,320096,5810
emmachamberlain_UC78cxCAcp7JfQPgKxYdyGrg_53uiE2rZb44_320488_321496.wav,emmachamberlain_UC78cxCAcp7JfQPgKxYdyGrg_53uiE2rZb44,320488,321496,1008
emmachamberlain_UC78cxCAcp7JfQPgKxYdyGrg_53uiE2rZb44_321632_335144.wav,emmachamberlain_UC78cxCAcp7JfQPgKxYdyGrg_53uiE2rZb44,321632,335144,13512
emmachamberlain_UC78cxCAcp7JfQPgKxYdyGrg_53uiE2rZb44_335336_340984.wav,emmachamberlain_UC78cxCAcp7JfQPgKxYdyGrg_53uiE2rZb44,335336,340984,5648
emmachamberlain_UC78cxCAcp7JfQPgKxYdyGrg_53uiE2rZb44_341176_350056.wav,emmachamberlain_UC78cxCAcp7JfQPgKxYdyGrg_53uiE2rZb44,341176,350056,8880
emmachamberlain_UC78cxCAcp7JfQPgKxYdyGrg_53uiE2rZb44_350264_357768.wav,emmachamberlain_UC78cxCAcp7JfQPgKxYdyGrg_53uiE2rZb44,350264,357768,7504
emmachamberlain_UC78cxCAcp7JfQPgKxYdyGrg_53uiE2rZb44_358056_365864.wav,emmachamberlain_UC78cxCAcp7JfQPgKxYdyGrg_53uiE2rZb44,358056,365864,7808
emmachamberlain_UC78cxCAcp7JfQPgKxYdyGrg_53uiE2rZb44_366040_372744.wav,emmachamberlain_UC78cxCAcp7JfQPgKxYdyGrg_53uiE2rZb44,366040,372744,6704
emmachamberlain_UC78cxCAcp7JfQPgKxYdyGrg_53uiE2rZb44_372904_383112.wav,emmachamberlain_UC78cxCAcp7JfQPgKxYdyGrg_53uiE2rZb44,372904,383112,10208
emmachamberlain_UC78cxCAcp7JfQPgKxYdyGrg_53uiE2rZb44_383296_384016.wav,emmachamberlain_UC78cxCAcp7JfQPgKxYdyGrg_53uiE2rZb44,383296,384016,720
emmachamberlain_UC78cxCAcp7JfQPgKxYdyGrg_53uiE2rZb44_384424_387832.wav,emmachamberlain_UC78cxCAcp7JfQPgKxYdyGrg_53uiE2rZb44,384424,387832,3408
emmachamberlain_UC78cxCAcp7JfQPgKxYdyGrg_53uiE2rZb44_388200_391388.wav,emmachamberlain_UC78cxCAcp7JfQPgKxYdyGrg_53uiE2rZb44,388200,391388,3188
emmachamberlain_UC78cxCAcp7JfQPgKxYdyGrg_53uiE2rZb44_391644_397357.wav,emmachamberlain_UC78cxCAcp7JfQPgKxYdyGrg_53uiE2rZb44,391644,397357,5713
emmachamberlain_UC78cxCAcp7JfQPgKxYdyGrg_53uiE2rZb44_397549_397902.wav,emmachamberlain_UC78cxCAcp7JfQPgKxYdyGrg_53uiE2rZb44,397549,397902,353
emmachamberlain_UC78cxCAcp7JfQPgKxYdyGrg_53uiE2rZb44_398054_398518.wav,emmachamberlain_UC78cxCAcp7JfQPgKxYdyGrg_53uiE2rZb44,398054,398518,464
emmachamberlain_UC78cxCAcp7JfQPgKxYdyGrg_53uiE2rZb44_398734_406054.wav,emmachamberlain_UC78cxCAcp7JfQPgKxYdyGrg_53uiE2rZb44,398734,406054,7320
emmachamberlain_UC78cxCAcp7JfQPgKxYdyGrg_53uiE2rZb44_406238_413766.wav,emmachamberlain_UC78cxCAcp7JfQPgKxYdyGrg_53uiE2rZb44,406238,413766,7528
emmachamberlain_UC78cxCAcp7JfQPgKxYdyGrg_53uiE2rZb44_413974_417367.wav,emmachamberlain_UC78cxCAcp7JfQPgKxYdyGrg_53uiE2rZb44,413974,417367,3393
emmachamberlain_UC78cxCAcp7JfQPgKxYdyGrg_53uiE2rZb44_417535_421191.wav,emmachamberlain_UC78cxCAcp7JfQPgKxYdyGrg_53uiE2rZb44,417535,421191,3656
emmachamberlain_UC78cxCAcp7JfQPgKxYdyGrg_53uiE2rZb44_421319_428791.wav,emmachamberlain_UC78cxCAcp7JfQPgKxYdyGrg_53uiE2rZb44,421319,428791,7472
emmachamberlain_UC78cxCAcp7JfQPgKxYdyGrg_53uiE2rZb44_428967_429712.wav,emmachamberlain_UC78cxCAcp7JfQPgKxYdyGrg_53uiE2rZb44,428967,429712,745
emmachamberlain_UC78cxCAcp7JfQPgKxYdyGrg_53uiE2rZb44_430040_430200.wav,emmachamberlain_UC78cxCAcp7JfQPgKxYdyGrg_53uiE2rZb44,430040,430200,160
emmachamberlain_UC78cxCAcp7JfQPgKxYdyGrg_53uiE2rZb44_430680_433920.wav,emmachamberlain_UC78cxCAcp7JfQPgKxYdyGrg_53uiE2rZb44,430680,433920,3240
emmachamberlain_UC78cxCAcp7JfQPgKxYdyGrg_53uiE2rZb44_434520_439544.wav,emmachamberlain_UC78cxCAcp7JfQPgKxYdyGrg_53uiE2rZb44,434520,439544,5024
emmachamberlain_UC78cxCAcp7JfQPgKxYdyGrg_53uiE2rZb44_439880_443964.wav,emmachamberlain_UC78cxCAcp7JfQPgKxYdyGrg_53uiE2rZb44,439880,443964,4084
emmachamberlain_UC78cxCAcp7JfQPgKxYdyGrg_53uiE2rZb44_444100_451024.wav,emmachamberlain_UC78cxCAcp7JfQPgKxYdyGrg_53uiE2rZb44,444100,451024,6924
emmachamberlain_UC78cxCAcp7JfQPgKxYdyGrg_53uiE2rZb44_452024_460856.wav,emmachamberlain_UC78cxCAcp7JfQPgKxYdyGrg_53uiE2rZb44,452024,460856,8832
emmachamberlain_UC78cxCAcp7JfQPgKxYdyGrg_53uiE2rZb44_461056_466960.wav,emmachamberlain_UC78cxCAcp7JfQPgKxYdyGrg_53uiE2rZb44,461056,466960,5904
emmachamberlain_UC78cxCAcp7JfQPgKxYdyGrg_53uiE2rZb44_467136_469552.wav,emmachamberlain_UC78cxCAcp7JfQPgKxYdyGrg_53uiE2rZb44,467136,469552,2416
emmachamberlain_UC78cxCAcp7JfQPgKxYdyGrg_53uiE2rZb44_469672_476680.wav,emmachamberlain_UC78cxCAcp7JfQPgKxYdyGrg_53uiE2rZb44,469672,476680,7008
emmachamberlain_UC78cxCAcp7JfQPgKxYdyGrg_53uiE2rZb44_476784_483048.wav,emmachamberlain_UC78cxCAcp7JfQPgKxYdyGrg_53uiE2rZb44,476784,483048,6264
emmachamberlain_UC78cxCAcp7JfQPgKxYdyGrg_53uiE2rZb44_483184_487520.wav,emmachamberlain_UC78cxCAcp7JfQPgKxYdyGrg_53uiE2rZb44,483184,487520,4336
emmachamberlain_UC78cxCAcp7JfQPgKxYdyGrg_53uiE2rZb44_488144_496920.wav,emmachamberlain_UC78cxCAcp7JfQPgKxYdyGrg_53uiE2rZb44,488144,496920,8776
emmachamberlain_UC78cxCAcp7JfQPgKxYdyGrg_53uiE2rZb44_497112_509052.wav,emmachamberlain_UC78cxCAcp7JfQPgKxYdyGrg_53uiE2rZb44,497112,509052,11940
emmachamberlain_UC78cxCAcp7JfQPgKxYdyGrg_53uiE2rZb44_509188_514836.wav,emmachamberlain_UC78cxCAcp7JfQPgKxYdyGrg_53uiE2rZb44,509188,514836,5648
emmachamberlain_UC78cxCAcp7JfQPgKxYdyGrg_53uiE2rZb44_514980_516664.wav,emmachamberlain_UC78cxCAcp7JfQPgKxYdyGrg_53uiE2rZb44,514980,516664,1684
emmachamberlain_UC78cxCAcp7JfQPgKxYdyGrg_53uiE2rZb44_516976_517144.wav,emmachamberlain_UC78cxCAcp7JfQPgKxYdyGrg_53uiE2rZb44,516976,517144,168
emmachamberlain_UC78cxCAcp7JfQPgKxYdyGrg_53uiE2rZb44_517304_527184.wav,emmachamberlain_UC78cxCAcp7JfQPgKxYdyGrg_53uiE2rZb44,517304,527184,9880
emmachamberlain_UC78cxCAcp7JfQPgKxYdyGrg_53uiE2rZb44_527520_538266.wav,emmachamberlain_UC78cxCAcp7JfQPgKxYdyGrg_53uiE2rZb44,527520,538266,10746
emmachamberlain_UC78cxCAcp7JfQPgKxYdyGrg_53uiE2rZb44_538514_546100.wav,emmachamberlain_UC78cxCAcp7JfQPgKxYdyGrg_53uiE2rZb44,538514,546100,7586
emmachamberlain_UC78cxCAcp7JfQPgKxYdyGrg_53uiE2rZb44_546396_549156.wav,emmachamberlain_UC78cxCAcp7JfQPgKxYdyGrg_53uiE2rZb44,546396,549156,2760
emmachamberlain_UC78cxCAcp7JfQPgKxYdyGrg_53uiE2rZb44_549628_556478.wav,emmachamberlain_UC78cxCAcp7JfQPgKxYdyGrg_53uiE2rZb44,549628,556478,6850
emmachamberlain_UC78cxCAcp7JfQPgKxYdyGrg_53uiE2rZb44_556638_567631.wav,emmachamberlain_UC78cxCAcp7JfQPgKxYdyGrg_53uiE2rZb44,556638,567631,10993
emmachamberlain_UC78cxCAcp7JfQPgKxYdyGrg_53uiE2rZb44_567759_574344.wav,emmachamberlain_UC78cxCAcp7JfQPgKxYdyGrg_53uiE2rZb44,567759,574344,6585
emmachamberlain_UC78cxCAcp7JfQPgKxYdyGrg_53uiE2rZb44_574632_583312.wav,emmachamberlain_UC78cxCAcp7JfQPgKxYdyGrg_53uiE2rZb44,574632,583312,8680
emmachamberlain_UC78cxCAcp7JfQPgKxYdyGrg_53uiE2rZb44_583512_588120.wav,emmachamberlain_UC78cxCAcp7JfQPgKxYdyGrg_53uiE2rZb44,583512,588120,4608
emmachamberlain_UC78cxCAcp7JfQPgKxYdyGrg_53uiE2rZb44_588320_591352.wav,emmachamberlain_UC78cxCAcp7JfQPgKxYdyGrg_53uiE2rZb44,588320,591352,3032
emmachamberlain_UC78cxCAcp7JfQPgKxYdyGrg_53uiE2rZb44_591744_599240.wav,emmachamberlain_UC78cxCAcp7JfQPgKxYdyGrg_53uiE2rZb44,591744,599240,7496
emmachamberlain_UC78cxCAcp7JfQPgKxYdyGrg_53uiE2rZb44_599496_614200.wav,emmachamberlain_UC78cxCAcp7JfQPgKxYdyGrg_53uiE2rZb44,599496,614200,14704
emmachamberlain_UC78cxCAcp7JfQPgKxYdyGrg_53uiE2rZb44_614632_618322.wav,emmachamberlain_UC78cxCAcp7JfQPgKxYdyGrg_53uiE2rZb44,614632,618322,3690
emmachamberlain_UC78cxCAcp7JfQPgKxYdyGrg_53uiE2rZb44_618474_623068.wav,emmachamberlain_UC78cxCAcp7JfQPgKxYdyGrg_53uiE2rZb44,618474,623068,4594
emmachamberlain_UC78cxCAcp7JfQPgKxYdyGrg_53uiE2rZb44_623236_627166.wav,emmachamberlain_UC78cxCAcp7JfQPgKxYdyGrg_53uiE2rZb44,623236,627166,3930
emmachamberlain_UC78cxCAcp7JfQPgKxYdyGrg_53uiE2rZb44_627310_636056.wav,emmachamberlain_UC78cxCAcp7JfQPgKxYdyGrg_53uiE2rZb44,627310,636056,8746
emmachamberlain_UC78cxCAcp7JfQPgKxYdyGrg_53uiE2rZb44_636592_644712.wav,emmachamberlain_UC78cxCAcp7JfQPgKxYdyGrg_53uiE2rZb44,636592,644712,8120
emmachamberlain_UC78cxCAcp7JfQPgKxYdyGrg_53uiE2rZb44_645096_652800.wav,emmachamberlain_UC78cxCAcp7JfQPgKxYdyGrg_53uiE2rZb44,645096,652800,7704
emmachamberlain_UC78cxCAcp7JfQPgKxYdyGrg_53uiE2rZb44_653120_665960.wav,emmachamberlain_UC78cxCAcp7JfQPgKxYdyGrg_53uiE2rZb44,653120,665960,12840
emmachamberlain_UC78cxCAcp7JfQPgKxYdyGrg_53uiE2rZb44_666360_670296.wav,emmachamberlain_UC78cxCAcp7JfQPgKxYdyGrg_53uiE2rZb44,666360,670296,3936
emmachamberlain_UC78cxCAcp7JfQPgKxYdyGrg_53uiE2rZb44_670568_677048.wav,emmachamberlain_UC78cxCAcp7JfQPgKxYdyGrg_53uiE2rZb44,670568,677048,6480
emmachamberlain_UC78cxCAcp7JfQPgKxYdyGrg_53uiE2rZb44_677664_686976.wav,emmachamberlain_UC78cxCAcp7JfQPgKxYdyGrg_53uiE2rZb44,677664,686976,9312
emmachamberlain_UC78cxCAcp7JfQPgKxYdyGrg_53uiE2rZb44_688368_688544.wav,emmachamberlain_UC78cxCAcp7JfQPgKxYdyGrg_53uiE2rZb44,688368,688544,176
emmachamberlain_UC78cxCAcp7JfQPgKxYdyGrg_53uiE2rZb44_688976_689736.wav,emmachamberlain_UC78cxCAcp7JfQPgKxYdyGrg_53uiE2rZb44,688976,689736,760
emmachamberlain_UC78cxCAcp7JfQPgKxYdyGrg_53uiE2rZb44_690312_695024.wav,emmachamberlain_UC78cxCAcp7JfQPgKxYdyGrg_53uiE2rZb44,690312,695024,4712
emmachamberlain_UC78cxCAcp7JfQPgKxYdyGrg_53uiE2rZb44_695152_702912.wav,emmachamberlain_UC78cxCAcp7JfQPgKxYdyGrg_53uiE2rZb44,695152,702912,7760
emmachamberlain_UC78cxCAcp7JfQPgKxYdyGrg_53uiE2rZb44_703680_710444.wav,emmachamberlain_UC78cxCAcp7JfQPgKxYdyGrg_53uiE2rZb44,703680,710444,6764
emmachamberlain_UC78cxCAcp7JfQPgKxYdyGrg_53uiE2rZb44_710644_714392.wav,emmachamberlain_UC78cxCAcp7JfQPgKxYdyGrg_53uiE2rZb44,710644,714392,3748
emmachamberlain_UC78cxCAcp7JfQPgKxYdyGrg_53uiE2rZb44_714520_722756.wav,emmachamberlain_UC78cxCAcp7JfQPgKxYdyGrg_53uiE2rZb44,714520,722756,8236
emmachamberlain_UC78cxCAcp7JfQPgKxYdyGrg_53uiE2rZb44_722956_724784.wav,emmachamberlain_UC78cxCAcp7JfQPgKxYdyGrg_53uiE2rZb44,722956,724784,1828
emmachamberlain_UC78cxCAcp7JfQPgKxYdyGrg_53uiE2rZb44_725048_732154.wav,emmachamberlain_UC78cxCAcp7JfQPgKxYdyGrg_53uiE2rZb44,725048,732154,7106
emmachamberlain_UC78cxCAcp7JfQPgKxYdyGrg_53uiE2rZb44_732330_742356.wav,emmachamberlain_UC78cxCAcp7JfQPgKxYdyGrg_53uiE2rZb44,732330,742356,10026
emmachamberlain_UC78cxCAcp7JfQPgKxYdyGrg_53uiE2rZb44_742516_744520.wav,emmachamberlain_UC78cxCAcp7JfQPgKxYdyGrg_53uiE2rZb44,742516,744520,2004
emmachamberlain_UC78cxCAcp7JfQPgKxYdyGrg_53uiE2rZb44_745040_755233.wav,emmachamberlain_UC78cxCAcp7JfQPgKxYdyGrg_53uiE2rZb44,745040,755233,10193
emmachamberlain_UC78cxCAcp7JfQPgKxYdyGrg_53uiE2rZb44_755345_766802.wav,emmachamberlain_UC78cxCAcp7JfQPgKxYdyGrg_53uiE2rZb44,755345,766802,11457
emmachamberlain_UC78cxCAcp7JfQPgKxYdyGrg_53uiE2rZb44_766938_777578.wav,emmachamberlain_UC78cxCAcp7JfQPgKxYdyGrg_53uiE2rZb44,766938,777578,10640
emmachamberlain_UC78cxCAcp7JfQPgKxYdyGrg_53uiE2rZb44_777722_785228.wav,emmachamberlain_UC78cxCAcp7JfQPgKxYdyGrg_53uiE2rZb44,777722,785228,7506
emmachamberlain_UC78cxCAcp7JfQPgKxYdyGrg_53uiE2rZb44_785484_794096.wav,emmachamberlain_UC78cxCAcp7JfQPgKxYdyGrg_53uiE2rZb44,785484,794096,8612
emmachamberlain_UC78cxCAcp7JfQPgKxYdyGrg_53uiE2rZb44_794856_799528.wav,emmachamberlain_UC78cxCAcp7JfQPgKxYdyGrg_53uiE2rZb44,794856,799528,4672
emmachamberlain_UC78cxCAcp7JfQPgKxYdyGrg_53uiE2rZb44_799824_800376.wav,emmachamberlain_UC78cxCAcp7JfQPgKxYdyGrg_53uiE2rZb44,799824,800376,552
emmachamberlain_UC78cxCAcp7JfQPgKxYdyGrg_53uiE2rZb44_800536_816072.wav,emmachamberlain_UC78cxCAcp7JfQPgKxYdyGrg_53uiE2rZb44,800536,816072,15536
emmachamberlain_UC78cxCAcp7JfQPgKxYdyGrg_53uiE2rZb44_816224_816832.wav,emmachamberlain_UC78cxCAcp7JfQPgKxYdyGrg_53uiE2rZb44,816224,816832,608
emmachamberlain_UC78cxCAcp7JfQPgKxYdyGrg_53uiE2rZb44_817496_826192.wav,emmachamberlain_UC78cxCAcp7JfQPgKxYdyGrg_53uiE2rZb44,817496,826192,8696
emmachamberlain_UC78cxCAcp7JfQPgKxYdyGrg_53uiE2rZb44_826376_827704.wav,emmachamberlain_UC78cxCAcp7JfQPgKxYdyGrg_53uiE2rZb44,826376,827704,1328
emmachamberlain_UC78cxCAcp7JfQPgKxYdyGrg_53uiE2rZb44_827880_833440.wav,emmachamberlain_UC78cxCAcp7JfQPgKxYdyGrg_53uiE2rZb44,827880,833440,5560
emmachamberlain_UC78cxCAcp7JfQPgKxYdyGrg_53uiE2rZb44_833928_840952.wav,emmachamberlain_UC78cxCAcp7JfQPgKxYdyGrg_53uiE2rZb44,833928,840952,7024
emmachamberlain_UC78cxCAcp7JfQPgKxYdyGrg_53uiE2rZb44_842696_845560.wav,emmachamberlain_UC78cxCAcp7JfQPgKxYdyGrg_53uiE2rZb44,842696,845560,2864
emmachamberlain_UC78cxCAcp7JfQPgKxYdyGrg_53uiE2rZb44_846888_850272.wav,emmachamberlain_UC78cxCAcp7JfQPgKxYdyGrg_53uiE2rZb44,846888,850272,3384
emmachamberlain_UC78cxCAcp7JfQPgKxYdyGrg_53uiE2rZb44_850624_852280.wav,emmachamberlain_UC78cxCAcp7JfQPgKxYdyGrg_53uiE2rZb44,850624,852280,1656
emmachamberlain_UC78cxCAcp7JfQPgKxYdyGrg_53uiE2rZb44_853928_861964.wav,emmachamberlain_UC78cxCAcp7JfQPgKxYdyGrg_53uiE2rZb44,853928,861964,8036
emmachamberlain_UC78cxCAcp7JfQPgKxYdyGrg_53uiE2rZb44_862092_867336.wav,emmachamberlain_UC78cxCAcp7JfQPgKxYdyGrg_53uiE2rZb44,862092,867336,5244
emmachamberlain_UC78cxCAcp7JfQPgKxYdyGrg_53uiE2rZb44_868360_872848.wav,emmachamberlain_UC78cxCAcp7JfQPgKxYdyGrg_53uiE2rZb44,868360,872848,4488
emmachamberlain_UC78cxCAcp7JfQPgKxYdyGrg_53uiE2rZb44_873272_877072.wav,emmachamberlain_UC78cxCAcp7JfQPgKxYdyGrg_53uiE2rZb44,873272,877072,3800
emmachamberlain_UC78cxCAcp7JfQPgKxYdyGrg_53uiE2rZb44_877584_878352.wav,emmachamberlain_UC78cxCAcp7JfQPgKxYdyGrg_53uiE2rZb44,877584,878352,768
emmachamberlain_UC78cxCAcp7JfQPgKxYdyGrg_53uiE2rZb44_878896_888896.wav,emmachamberlain_UC78cxCAcp7JfQPgKxYdyGrg_53uiE2rZb44,878896,888896,10000
emmachamberlain_UC78cxCAcp7JfQPgKxYdyGrg_53uiE2rZb44_889072_891368.wav,emmachamberlain_UC78cxCAcp7JfQPgKxYdyGrg_53uiE2rZb44,889072,891368,2296
emmachamberlain_UC78cxCAcp7JfQPgKxYdyGrg_53uiE2rZb44_891648_902940.wav,emmachamberlain_UC78cxCAcp7JfQPgKxYdyGrg_53uiE2rZb44,891648,902940,11292
emmachamberlain_UC78cxCAcp7JfQPgKxYdyGrg_53uiE2rZb44_903228_905984.wav,emmachamberlain_UC78cxCAcp7JfQPgKxYdyGrg_53uiE2rZb44,903228,905984,2756
emmachamberlain_UC78cxCAcp7JfQPgKxYdyGrg_53uiE2rZb44_906648_909200.wav,emmachamberlain_UC78cxCAcp7JfQPgKxYdyGrg_53uiE2rZb44,906648,909200,2552
emmachamberlain_UC78cxCAcp7JfQPgKxYdyGrg_53uiE2rZb44_909968_910128.wav,emmachamberlain_UC78cxCAcp7JfQPgKxYdyGrg_53uiE2rZb44,909968,910128,160
emmachamberlain_UC78cxCAcp7JfQPgKxYdyGrg_53uiE2rZb44_910584_917192.wav,emmachamberlain_UC78cxCAcp7JfQPgKxYdyGrg_53uiE2rZb44,910584,917192,6608
emmachamberlain_UC78cxCAcp7JfQPgKxYdyGrg_53uiE2rZb44_917400_918824.wav,emmachamberlain_UC78cxCAcp7JfQPgKxYdyGrg_53uiE2rZb44,917400,918824,1424
emmachamberlain_UC78cxCAcp7JfQPgKxYdyGrg_53uiE2rZb44_919024_924888.wav,emmachamberlain_UC78cxCAcp7JfQPgKxYdyGrg_53uiE2rZb44,919024,924888,5864
emmachamberlain_UC78cxCAcp7JfQPgKxYdyGrg_53uiE2rZb44_925176_929440.wav,emmachamberlain_UC78cxCAcp7JfQPgKxYdyGrg_53uiE2rZb44,925176,929440,4264
emmachamberlain_UC78cxCAcp7JfQPgKxYdyGrg_53uiE2rZb44_930080_930752.wav,emmachamberlain_UC78cxCAcp7JfQPgKxYdyGrg_53uiE2rZb44,930080,930752,672
emmachamberlain_UC78cxCAcp7JfQPgKxYdyGrg_53uiE2rZb44_930944_938336.wav,emmachamberlain_UC78cxCAcp7JfQPgKxYdyGrg_53uiE2rZb44,930944,938336,7392
emmachamberlain_UC78cxCAcp7JfQPgKxYdyGrg_53uiE2rZb44_938512_939648.wav,emmachamberlain_UC78cxCAcp7JfQPgKxYdyGrg_53uiE2rZb44,938512,939648,1136
emmachamberlain_UC78cxCAcp7JfQPgKxYdyGrg_53uiE2rZb44_940240_953796.wav,emmachamberlain_UC78cxCAcp7JfQPgKxYdyGrg_53uiE2rZb44,940240,953796,13556
emmachamberlain_UC78cxCAcp7JfQPgKxYdyGrg_53uiE2rZb44_953900_956096.wav,emmachamberlain_UC78cxCAcp7JfQPgKxYdyGrg_53uiE2rZb44,953900,956096,2196
emmachamberlain_UC78cxCAcp7JfQPgKxYdyGrg_53uiE2rZb44_956560_966188.wav,emmachamberlain_UC78cxCAcp7JfQPgKxYdyGrg_53uiE2rZb44,956560,966188,9628
emmachamberlain_UC78cxCAcp7JfQPgKxYdyGrg_53uiE2rZb44_966316_967032.wav,emmachamberlain_UC78cxCAcp7JfQPgKxYdyGrg_53uiE2rZb44,966316,967032,716
emmachamberlain_UC78cxCAcp7JfQPgKxYdyGrg_53uiE2rZb44_967688_977473.wav,emmachamberlain_UC78cxCAcp7JfQPgKxYdyGrg_53uiE2rZb44,967688,977473,9785
emmachamberlain_UC78cxCAcp7JfQPgKxYdyGrg_53uiE2rZb44_977569_978513.wav,emmachamberlain_UC78cxCAcp7JfQPgKxYdyGrg_53uiE2rZb44,977569,978513,944
emmachamberlain_UC78cxCAcp7JfQPgKxYdyGrg_53uiE2rZb44_978609_982738.wav,emmachamberlain_UC78cxCAcp7JfQPgKxYdyGrg_53uiE2rZb44,978609,982738,4129
emmachamberlain_UC78cxCAcp7JfQPgKxYdyGrg_53uiE2rZb44_982994_987052.wav,emmachamberlain_UC78cxCAcp7JfQPgKxYdyGrg_53uiE2rZb44,982994,987052,4058
emmachamberlain_UC78cxCAcp7JfQPgKxYdyGrg_53uiE2rZb44_987228_988800.wav,emmachamberlain_UC78cxCAcp7JfQPgKxYdyGrg_53uiE2rZb44,987228,988800,1572
emmachamberlain_UC78cxCAcp7JfQPgKxYdyGrg_53uiE2rZb44_988992_996860.wav,emmachamberlain_UC78cxCAcp7JfQPgKxYdyGrg_53uiE2rZb44,988992,996860,7868
emmachamberlain_UC78cxCAcp7JfQPgKxYdyGrg_53uiE2rZb44_997028_998184.wav,emmachamberlain_UC78cxCAcp7JfQPgKxYdyGrg_53uiE2rZb44,997028,998184,1156
emmachamberlain_UC78cxCAcp7JfQPgKxYdyGrg_53uiE2rZb44_998752_1000224.wav,emmachamberlain_UC78cxCAcp7JfQPgKxYdyGrg_53uiE2rZb44,998752,1000224,1472
emmachamberlain_UC78cxCAcp7JfQPgKxYdyGrg_53uiE2rZb44_1000912_1001800.wav,emmachamberlain_UC78cxCAcp7JfQPgKxYdyGrg_53uiE2rZb44,1000912,1001800,888
emmachamberlain_UC78cxCAcp7JfQPgKxYdyGrg_53uiE2rZb44_1002240_1007992.wav,emmachamberlain_UC78cxCAcp7JfQPgKxYdyGrg_53uiE2rZb44,1002240,1007992,5752
emmachamberlain_UC78cxCAcp7JfQPgKxYdyGrg_53uiE2rZb44_1008392_1018064.wav,emmachamberlain_UC78cxCAcp7JfQPgKxYdyGrg_53uiE2rZb44,1008392,1018064,9672
emmachamberlain_UC78cxCAcp7JfQPgKxYdyGrg_53uiE2rZb44_1018464_1025388.wav,emmachamberlain_UC78cxCAcp7JfQPgKxYdyGrg_53uiE2rZb44,1018464,1025388,6924
emmachamberlain_UC78cxCAcp7JfQPgKxYdyGrg_53uiE2rZb44_1025628_1034382.wav,emmachamberlain_UC78cxCAcp7JfQPgKxYdyGrg_53uiE2rZb44,1025628,1034382,8754
emmachamberlain_UC78cxCAcp7JfQPgKxYdyGrg_53uiE2rZb44_1034526_1039616.wav,emmachamberlain_UC78cxCAcp7JfQPgKxYdyGrg_53uiE2rZb44,1034526,1039616,5090
emmachamberlain_UC78cxCAcp7JfQPgKxYdyGrg_53uiE2rZb44_1040128_1041836.wav,emmachamberlain_UC78cxCAcp7JfQPgKxYdyGrg_53uiE2rZb44,1040128,1041836,1708
emmachamberlain_UC78cxCAcp7JfQPgKxYdyGrg_53uiE2rZb44_1041988_1043508.wav,emmachamberlain_UC78cxCAcp7JfQPgKxYdyGrg_53uiE2rZb44,1041988,1043508,1520
emmachamberlain_UC78cxCAcp7JfQPgKxYdyGrg_53uiE2rZb44_1043684_1046060.wav,emmachamberlain_UC78cxCAcp7JfQPgKxYdyGrg_53uiE2rZb44,1043684,1046060,2376
emmachamberlain_UC78cxCAcp7JfQPgKxYdyGrg_53uiE2rZb44_1046140_1051892.wav,emmachamberlain_UC78cxCAcp7JfQPgKxYdyGrg_53uiE2rZb44,1046140,1051892,5752
emmachamberlain_UC78cxCAcp7JfQPgKxYdyGrg_53uiE2rZb44_1051988_1057236.wav,emmachamberlain_UC78cxCAcp7JfQPgKxYdyGrg_53uiE2rZb44,1051988,1057236,5248
emmachamberlain_UC78cxCAcp7JfQPgKxYdyGrg_53uiE2rZb44_1057316_1059772.wav,emmachamberlain_UC78cxCAcp7JfQPgKxYdyGrg_53uiE2rZb44,1057316,1059772,2456
emmachamberlain_UC78cxCAcp7JfQPgKxYdyGrg_53uiE2rZb44_1059956_1069708.wav,emmachamberlain_UC78cxCAcp7JfQPgKxYdyGrg_53uiE2rZb44,1059956,1069708,9752
emmachamberlain_UC78cxCAcp7JfQPgKxYdyGrg_53uiE2rZb44_1069908_1079792.wav,emmachamberlain_UC78cxCAcp7JfQPgKxYdyGrg_53uiE2rZb44,1069908,1079792,9884
emmachamberlain_UC78cxCAcp7JfQPgKxYdyGrg_53uiE2rZb44_1080152_1082612.wav,emmachamberlain_UC78cxCAcp7JfQPgKxYdyGrg_53uiE2rZb44,1080152,1082612,2460
emmachamberlain_UC78cxCAcp7JfQPgKxYdyGrg_53uiE2rZb44_1082804_1087152.wav,emmachamberlain_UC78cxCAcp7JfQPgKxYdyGrg_53uiE2rZb44,1082804,1087152,4348
emmachamberlain_UC78cxCAcp7JfQPgKxYdyGrg_53uiE2rZb44_1087632_1087912.wav,emmachamberlain_UC78cxCAcp7JfQPgKxYdyGrg_53uiE2rZb44,1087632,1087912,280
emmachamberlain_UC78cxCAcp7JfQPgKxYdyGrg_53uiE2rZb44_1088072_1097066.wav,emmachamberlain_UC78cxCAcp7JfQPgKxYdyGrg_53uiE2rZb44,1088072,1097066,8994
emmachamberlain_UC78cxCAcp7JfQPgKxYdyGrg_53uiE2rZb44_1097202_1098988.wav,emmachamberlain_UC78cxCAcp7JfQPgKxYdyGrg_53uiE2rZb44,1097202,1098988,1786
emmachamberlain_UC78cxCAcp7JfQPgKxYdyGrg_53uiE2rZb44_1099164_1101264.wav,emmachamberlain_UC78cxCAcp7JfQPgKxYdyGrg_53uiE2rZb44,1099164,1101264,2100
emmachamberlain_UC78cxCAcp7JfQPgKxYdyGrg_53uiE2rZb44_1101424_1104488.wav,emmachamberlain_UC78cxCAcp7JfQPgKxYdyGrg_53uiE2rZb44,1101424,1104488,3064
emmachamberlain_UC78cxCAcp7JfQPgKxYdyGrg_53uiE2rZb44_1104704_1114816.wav,emmachamberlain_UC78cxCAcp7JfQPgKxYdyGrg_53uiE2rZb44,1104704,1114816,10112
emmachamberlain_UC78cxCAcp7JfQPgKxYdyGrg_53uiE2rZb44_1115048_1120684.wav,emmachamberlain_UC78cxCAcp7JfQPgKxYdyGrg_53uiE2rZb44,1115048,1120684,5636
emmachamberlain_UC78cxCAcp7JfQPgKxYdyGrg_53uiE2rZb44_1120900_1126512.wav,emmachamberlain_UC78cxCAcp7JfQPgKxYdyGrg_53uiE2rZb44,1120900,1126512,5612
emmachamberlain_UC78cxCAcp7JfQPgKxYdyGrg_53uiE2rZb44_1126912_1128724.wav,emmachamberlain_UC78cxCAcp7JfQPgKxYdyGrg_53uiE2rZb44,1126912,1128724,1812
emmachamberlain_UC78cxCAcp7JfQPgKxYdyGrg_53uiE2rZb44_1128884_1138344.wav,emmachamberlain_UC78cxCAcp7JfQPgKxYdyGrg_53uiE2rZb44,1128884,1138344,9460
emmachamberlain_UC78cxCAcp7JfQPgKxYdyGrg_53uiE2rZb44_1138496_1140632.wav,emmachamberlain_UC78cxCAcp7JfQPgKxYdyGrg_53uiE2rZb44,1138496,1140632,2136
emmachamberlain_UC78cxCAcp7JfQPgKxYdyGrg_53uiE2rZb44_1140784_1147832.wav,emmachamberlain_UC78cxCAcp7JfQPgKxYdyGrg_53uiE2rZb44,1140784,1147832,7048
emmachamberlain_UC78cxCAcp7JfQPgKxYdyGrg_53uiE2rZb44_1148872_1155072.wav,emmachamberlain_UC78cxCAcp7JfQPgKxYdyGrg_53uiE2rZb44,1148872,1155072,6200
emmachamberlain_UC78cxCAcp7JfQPgKxYdyGrg_53uiE2rZb44_1155776_1162128.wav,emmachamberlain_UC78cxCAcp7JfQPgKxYdyGrg_53uiE2rZb44,1155776,1162128,6352
emmachamberlain_UC78cxCAcp7JfQPgKxYdyGrg_53uiE2rZb44_1162448_1165032.wav,emmachamberlain_UC78cxCAcp7JfQPgKxYdyGrg_53uiE2rZb44,1162448,1165032,2584
emmachamberlain_UC78cxCAcp7JfQPgKxYdyGrg_53uiE2rZb44_1165192_1178376.wav,emmachamberlain_UC78cxCAcp7JfQPgKxYdyGrg_53uiE2rZb44,1165192,1178376,13184
emmachamberlain_UC78cxCAcp7JfQPgKxYdyGrg_53uiE2rZb44_1179160_1179868.wav,emmachamberlain_UC78cxCAcp7JfQPgKxYdyGrg_53uiE2rZb44,1179160,1179868,708
emmachamberlain_UC78cxCAcp7JfQPgKxYdyGrg_53uiE2rZb44_1180004_1184500.wav,emmachamberlain_UC78cxCAcp7JfQPgKxYdyGrg_53uiE2rZb44,1180004,1184500,4496
emmachamberlain_UC78cxCAcp7JfQPgKxYdyGrg_53uiE2rZb44_1184636_1187348.wav,emmachamberlain_UC78cxCAcp7JfQPgKxYdyGrg_53uiE2rZb44,1184636,1187348,2712
emmachamberlain_UC78cxCAcp7JfQPgKxYdyGrg_53uiE2rZb44_1187460_1192124.wav,emmachamberlain_UC78cxCAcp7JfQPgKxYdyGrg_53uiE2rZb44,1187460,1192124,4664
emmachamberlain_UC78cxCAcp7JfQPgKxYdyGrg_53uiE2rZb44_1192228_1199884.wav,emmachamberlain_UC78cxCAcp7JfQPgKxYdyGrg_53uiE2rZb44,1192228,1199884,7656
emmachamberlain_UC78cxCAcp7JfQPgKxYdyGrg_53uiE2rZb44_1200028_1201744.wav,emmachamberlain_UC78cxCAcp7JfQPgKxYdyGrg_53uiE2rZb44,1200028,1201744,1716
emmachamberlain_UC78cxCAcp7JfQPgKxYdyGrg_53uiE2rZb44_1202488_1202596.wav,emmachamberlain_UC78cxCAcp7JfQPgKxYdyGrg_53uiE2rZb44,1202488,1202596,108
emmachamberlain_UC78cxCAcp7JfQPgKxYdyGrg_53uiE2rZb44_1202740_1207780.wav,emmachamberlain_UC78cxCAcp7JfQPgKxYdyGrg_53uiE2rZb44,1202740,1207780,5040
emmachamberlain_UC78cxCAcp7JfQPgKxYdyGrg_53uiE2rZb44_1207908_1218934.wav,emmachamberlain_UC78cxCAcp7JfQPgKxYdyGrg_53uiE2rZb44,1207908,1218934,11026
emmachamberlain_UC78cxCAcp7JfQPgKxYdyGrg_53uiE2rZb44_1219054_1222022.wav,emmachamberlain_UC78cxCAcp7JfQPgKxYdyGrg_53uiE2rZb44,1219054,1222022,2968
emmachamberlain_UC78cxCAcp7JfQPgKxYdyGrg_53uiE2rZb44_1222134_1223016.wav,emmachamberlain_UC78cxCAcp7JfQPgKxYdyGrg_53uiE2rZb44,1222134,1223016,882
emmachamberlain_UC78cxCAcp7JfQPgKxYdyGrg_53uiE2rZb44_1223456_1223584.wav,emmachamberlain_UC78cxCAcp7JfQPgKxYdyGrg_53uiE2rZb44,1223456,1223584,128
emmachamberlain_UC78cxCAcp7JfQPgKxYdyGrg_53uiE2rZb44_1223816_1226992.wav,emmachamberlain_UC78cxCAcp7JfQPgKxYdyGrg_53uiE2rZb44,1223816,1226992,3176
emmachamberlain_UC78cxCAcp7JfQPgKxYdyGrg_53uiE2rZb44_1227208_1231232.wav,emmachamberlain_UC78cxCAcp7JfQPgKxYdyGrg_53uiE2rZb44,1227208,1231232,4024
emmachamberlain_UC78cxCAcp7JfQPgKxYdyGrg_53uiE2rZb44_1231432_1239384.wav,emmachamberlain_UC78cxCAcp7JfQPgKxYdyGrg_53uiE2rZb44,1231432,1239384,7952
emmachamberlain_UC78cxCAcp7JfQPgKxYdyGrg_53uiE2rZb44_1239680_1251632.wav,emmachamberlain_UC78cxCAcp7JfQPgKxYdyGrg_53uiE2rZb44,1239680,1251632,11952
emmachamberlain_UC78cxCAcp7JfQPgKxYdyGrg_53uiE2rZb44_1251856_1252840.wav,emmachamberlain_UC78cxCAcp7JfQPgKxYdyGrg_53uiE2rZb44,1251856,1252840,984
emmachamberlain_UC78cxCAcp7JfQPgKxYdyGrg_53uiE2rZb44_1253040_1260944.wav,emmachamberlain_UC78cxCAcp7JfQPgKxYdyGrg_53uiE2rZb44,1253040,1260944,7904
emmachamberlain_UC78cxCAcp7JfQPgKxYdyGrg_53uiE2rZb44_1261152_1261528.wav,emmachamberlain_UC78cxCAcp7JfQPgKxYdyGrg_53uiE2rZb44,1261152,1261528,376
emmachamberlain_UC78cxCAcp7JfQPgKxYdyGrg_53uiE2rZb44_1261752_1264008.wav,emmachamberlain_UC78cxCAcp7JfQPgKxYdyGrg_53uiE2rZb44,1261752,1264008,2256
emmachamberlain_UC78cxCAcp7JfQPgKxYdyGrg_53uiE2rZb44_1264272_1268688.wav,emmachamberlain_UC78cxCAcp7JfQPgKxYdyGrg_53uiE2rZb44,1264272,1268688,4416
emmachamberlain_UC78cxCAcp7JfQPgKxYdyGrg_53uiE2rZb44_1268840_1269680.wav,emmachamberlain_UC78cxCAcp7JfQPgKxYdyGrg_53uiE2rZb44,1268840,1269680,840
emmachamberlain_UC78cxCAcp7JfQPgKxYdyGrg_53uiE2rZb44_1269832_1276472.wav,emmachamberlain_UC78cxCAcp7JfQPgKxYdyGrg_53uiE2rZb44,1269832,1276472,6640
emmachamberlain_UC78cxCAcp7JfQPgKxYdyGrg_53uiE2rZb44_1276616_1278968.wav,emmachamberlain_UC78cxCAcp7JfQPgKxYdyGrg_53uiE2rZb44,1276616,1278968,2352
emmachamberlain_UC78cxCAcp7JfQPgKxYdyGrg_53uiE2rZb44_1279240_1293240.wav,emmachamberlain_UC78cxCAcp7JfQPgKxYdyGrg_53uiE2rZb44,1279240,1293240,14000
emmachamberlain_UC78cxCAcp7JfQPgKxYdyGrg_53uiE2rZb44_1293416_1296040.wav,emmachamberlain_UC78cxCAcp7JfQPgKxYdyGrg_53uiE2rZb44,1293416,1296040,2624
emmachamberlain_UC78cxCAcp7JfQPgKxYdyGrg_53uiE2rZb44_1296472_1297264.wav,emmachamberlain_UC78cxCAcp7JfQPgKxYdyGrg_53uiE2rZb44,1296472,1297264,792
emmachamberlain_UC78cxCAcp7JfQPgKxYdyGrg_53uiE2rZb44_1297568_1303368.wav,emmachamberlain_UC78cxCAcp7JfQPgKxYdyGrg_53uiE2rZb44,1297568,1303368,5800
emmachamberlain_UC78cxCAcp7JfQPgKxYdyGrg_53uiE2rZb44_1303720_1312288.wav,emmachamberlain_UC78cxCAcp7JfQPgKxYdyGrg_53uiE2rZb44,1303720,1312288,8568
emmachamberlain_UC78cxCAcp7JfQPgKxYdyGrg_53uiE2rZb44_1312752_1314976.wav,emmachamberlain_UC78cxCAcp7JfQPgKxYdyGrg_53uiE2rZb44,1312752,1314976,2224
emmachamberlain_UC78cxCAcp7JfQPgKxYdyGrg_53uiE2rZb44_1315360_1319036.wav,emmachamberlain_UC78cxCAcp7JfQPgKxYdyGrg_53uiE2rZb44,1315360,1319036,3676
emmachamberlain_UC78cxCAcp7JfQPgKxYdyGrg_53uiE2rZb44_1319228_1326152.wav,emmachamberlain_UC78cxCAcp7JfQPgKxYdyGrg_53uiE2rZb44,1319228,1326152,6924
emmachamberlain_UC78cxCAcp7JfQPgKxYdyGrg_53uiE2rZb44_1326888_1334464.wav,emmachamberlain_UC78cxCAcp7JfQPgKxYdyGrg_53uiE2rZb44,1326888,1334464,7576
emmachamberlain_UC78cxCAcp7JfQPgKxYdyGrg_53uiE2rZb44_1334592_1334736.wav,emmachamberlain_UC78cxCAcp7JfQPgKxYdyGrg_53uiE2rZb44,1334592,1334736,144
emmachamberlain_UC78cxCAcp7JfQPgKxYdyGrg_53uiE2rZb44_1334880_1340400.wav,emmachamberlain_UC78cxCAcp7JfQPgKxYdyGrg_53uiE2rZb44,1334880,1340400,5520
emmachamberlain_UC78cxCAcp7JfQPgKxYdyGrg_53uiE2rZb44_1340528_1347328.wav,emmachamberlain_UC78cxCAcp7JfQPgKxYdyGrg_53uiE2rZb44,1340528,1347328,6800
emmachamberlain_UC78cxCAcp7JfQPgKxYdyGrg_53uiE2rZb44_1347464_1358561.wav,emmachamberlain_UC78cxCAcp7JfQPgKxYdyGrg_53uiE2rZb44,1347464,1358561,11097
emmachamberlain_UC78cxCAcp7JfQPgKxYdyGrg_53uiE2rZb44_1358649_1358945.wav,emmachamberlain_UC78cxCAcp7JfQPgKxYdyGrg_53uiE2rZb44,1358649,1358945,296
emmachamberlain_UC78cxCAcp7JfQPgKxYdyGrg_53uiE2rZb44_1359033_1362265.wav,emmachamberlain_UC78cxCAcp7JfQPgKxYdyGrg_53uiE2rZb44,1359033,1362265,3232
emmachamberlain_UC78cxCAcp7JfQPgKxYdyGrg_53uiE2rZb44_1362345_1362601.wav,emmachamberlain_UC78cxCAcp7JfQPgKxYdyGrg_53uiE2rZb44,1362345,1362601,256
