filename,video_id,start_time,end_time,duration
CynthiaHuang黃馨儀_UCZdzsYnuVXCEFr1fg8l9Sg_xUEwfoyX2A_312_6888.wav,CynthiaHuang黃馨儀_UCZdzsYnuVXCEFr1fg8l9Sg_xUEwfoyX2A,312,6888,6576
CynthiaHuang黃馨儀_UCZdzsYnuVXCEFr1fg8l9Sg_xUEwfoyX2A_7112_9048.wav,CynthiaHuang黃馨儀_UCZdzsYnuVXCEFr1fg8l9Sg_xUEwfoyX2A,7112,9048,1936
CynthiaHuang黃馨儀_UCZdzsYnuVXCEFr1fg8l9Sg_xUEwfoyX2A_9328_10441.wav,CynthiaHuang黃馨儀_UCZdzsYnuVXCEFr1fg8l9Sg_xUEwfoyX2A,9328,10441,1113
CynthiaHuang黃馨儀_UCZdzsYnuVXCEFr1fg8l9Sg_xUEwfoyX2A_10569_18761.wav,CynthiaHuang黃馨儀_UCZdzsYnuVXCEFr1fg8l9Sg_xUEwfoyX2A,10569,18761,8192
CynthiaHuang黃馨儀_UCZdzsYnuVXCEFr1fg8l9Sg_xUEwfoyX2A_18873_23530.wav,CynthiaHuang黃馨儀_UCZdzsYnuVXCEFr1fg8l9Sg_xUEwfoyX2A,18873,23530,4657
CynthiaHuang黃馨儀_UCZdzsYnuVXCEFr1fg8l9Sg_xUEwfoyX2A_23802_26226.wav,CynthiaHuang黃馨儀_UCZdzsYnuVXCEFr1fg8l9Sg_xUEwfoyX2A,23802,26226,2424
CynthiaHuang黃馨儀_UCZdzsYnuVXCEFr1fg8l9Sg_xUEwfoyX2A_26394_31354.wav,CynthiaHuang黃馨儀_UCZdzsYnuVXCEFr1fg8l9Sg_xUEwfoyX2A,26394,31354,4960
CynthiaHuang黃馨儀_UCZdzsYnuVXCEFr1fg8l9Sg_xUEwfoyX2A_31530_36234.wav,CynthiaHuang黃馨儀_UCZdzsYnuVXCEFr1fg8l9Sg_xUEwfoyX2A,31530,36234,4704
CynthiaHuang黃馨儀_UCZdzsYnuVXCEFr1fg8l9Sg_xUEwfoyX2A_37138_38970.wav,CynthiaHuang黃馨儀_UCZdzsYnuVXCEFr1fg8l9Sg_xUEwfoyX2A,37138,38970,1832
CynthiaHuang黃馨儀_UCZdzsYnuVXCEFr1fg8l9Sg_xUEwfoyX2A_39354_47636.wav,CynthiaHuang黃馨儀_UCZdzsYnuVXCEFr1fg8l9Sg_xUEwfoyX2A,39354,47636,8282
CynthiaHuang黃馨儀_UCZdzsYnuVXCEFr1fg8l9Sg_xUEwfoyX2A_47876_48036.wav,CynthiaHuang黃馨儀_UCZdzsYnuVXCEFr1fg8l9Sg_xUEwfoyX2A,47876,48036,160
CynthiaHuang黃馨儀_UCZdzsYnuVXCEFr1fg8l9Sg_xUEwfoyX2A_48244_51662.wav,CynthiaHuang黃馨儀_UCZdzsYnuVXCEFr1fg8l9Sg_xUEwfoyX2A,48244,51662,3418
CynthiaHuang黃馨儀_UCZdzsYnuVXCEFr1fg8l9Sg_xUEwfoyX2A_51870_55686.wav,CynthiaHuang黃馨儀_UCZdzsYnuVXCEFr1fg8l9Sg_xUEwfoyX2A,51870,55686,3816
CynthiaHuang黃馨儀_UCZdzsYnuVXCEFr1fg8l9Sg_xUEwfoyX2A_55862_58322.wav,CynthiaHuang黃馨儀_UCZdzsYnuVXCEFr1fg8l9Sg_xUEwfoyX2A,55862,58322,2460
CynthiaHuang黃馨儀_UCZdzsYnuVXCEFr1fg8l9Sg_xUEwfoyX2A_59346_69106.wav,CynthiaHuang黃馨儀_UCZdzsYnuVXCEFr1fg8l9Sg_xUEwfoyX2A,59346,69106,9760
CynthiaHuang黃馨儀_UCZdzsYnuVXCEFr1fg8l9Sg_xUEwfoyX2A_69610_76378.wav,CynthiaHuang黃馨儀_UCZdzsYnuVXCEFr1fg8l9Sg_xUEwfoyX2A,69610,76378,6768
CynthiaHuang黃馨儀_UCZdzsYnuVXCEFr1fg8l9Sg_xUEwfoyX2A_76762_83346.wav,CynthiaHuang黃馨儀_UCZdzsYnuVXCEFr1fg8l9Sg_xUEwfoyX2A,76762,83346,6584
CynthiaHuang黃馨儀_UCZdzsYnuVXCEFr1fg8l9Sg_xUEwfoyX2A_83650_83986.wav,CynthiaHuang黃馨儀_UCZdzsYnuVXCEFr1fg8l9Sg_xUEwfoyX2A,83650,83986,336
CynthiaHuang黃馨儀_UCZdzsYnuVXCEFr1fg8l9Sg_xUEwfoyX2A_84418_86298.wav,CynthiaHuang黃馨儀_UCZdzsYnuVXCEFr1fg8l9Sg_xUEwfoyX2A,84418,86298,1880
CynthiaHuang黃馨儀_UCZdzsYnuVXCEFr1fg8l9Sg_xUEwfoyX2A_87498_90386.wav,CynthiaHuang黃馨儀_UCZdzsYnuVXCEFr1fg8l9Sg_xUEwfoyX2A,87498,90386,2888
CynthiaHuang黃馨儀_UCZdzsYnuVXCEFr1fg8l9Sg_xUEwfoyX2A_90506_93594.wav,CynthiaHuang黃馨儀_UCZdzsYnuVXCEFr1fg8l9Sg_xUEwfoyX2A,90506,93594,3088
CynthiaHuang黃馨儀_UCZdzsYnuVXCEFr1fg8l9Sg_xUEwfoyX2A_93714_100650.wav,CynthiaHuang黃馨儀_UCZdzsYnuVXCEFr1fg8l9Sg_xUEwfoyX2A,93714,100650,6936
CynthiaHuang黃馨儀_UCZdzsYnuVXCEFr1fg8l9Sg_xUEwfoyX2A_100858_101426.wav,CynthiaHuang黃馨儀_UCZdzsYnuVXCEFr1fg8l9Sg_xUEwfoyX2A,100858,101426,568
CynthiaHuang黃馨儀_UCZdzsYnuVXCEFr1fg8l9Sg_xUEwfoyX2A_101714_103762.wav,CynthiaHuang黃馨儀_UCZdzsYnuVXCEFr1fg8l9Sg_xUEwfoyX2A,101714,103762,2048
CynthiaHuang黃馨儀_UCZdzsYnuVXCEFr1fg8l9Sg_xUEwfoyX2A_104122_107898.wav,CynthiaHuang黃馨儀_UCZdzsYnuVXCEFr1fg8l9Sg_xUEwfoyX2A,104122,107898,3776
CynthiaHuang黃馨儀_UCZdzsYnuVXCEFr1fg8l9Sg_xUEwfoyX2A_108570_111674.wav,CynthiaHuang黃馨儀_UCZdzsYnuVXCEFr1fg8l9Sg_xUEwfoyX2A,108570,111674,3104
CynthiaHuang黃馨儀_UCZdzsYnuVXCEFr1fg8l9Sg_xUEwfoyX2A_112362_115874.wav,CynthiaHuang黃馨儀_UCZdzsYnuVXCEFr1fg8l9Sg_xUEwfoyX2A,112362,115874,3512
CynthiaHuang黃馨儀_UCZdzsYnuVXCEFr1fg8l9Sg_xUEwfoyX2A_116186_121938.wav,CynthiaHuang黃馨儀_UCZdzsYnuVXCEFr1fg8l9Sg_xUEwfoyX2A,116186,121938,5752
CynthiaHuang黃馨儀_UCZdzsYnuVXCEFr1fg8l9Sg_xUEwfoyX2A_122282_127282.wav,CynthiaHuang黃馨儀_UCZdzsYnuVXCEFr1fg8l9Sg_xUEwfoyX2A,122282,127282,5000
CynthiaHuang黃馨儀_UCZdzsYnuVXCEFr1fg8l9Sg_xUEwfoyX2A_127754_137130.wav,CynthiaHuang黃馨儀_UCZdzsYnuVXCEFr1fg8l9Sg_xUEwfoyX2A,127754,137130,9376
CynthiaHuang黃馨儀_UCZdzsYnuVXCEFr1fg8l9Sg_xUEwfoyX2A_137842_141778.wav,CynthiaHuang黃馨儀_UCZdzsYnuVXCEFr1fg8l9Sg_xUEwfoyX2A,137842,141778,3936
CynthiaHuang黃馨儀_UCZdzsYnuVXCEFr1fg8l9Sg_xUEwfoyX2A_141882_145706.wav,CynthiaHuang黃馨儀_UCZdzsYnuVXCEFr1fg8l9Sg_xUEwfoyX2A,141882,145706,3824
CynthiaHuang黃馨儀_UCZdzsYnuVXCEFr1fg8l9Sg_xUEwfoyX2A_145810_150530.wav,CynthiaHuang黃馨儀_UCZdzsYnuVXCEFr1fg8l9Sg_xUEwfoyX2A,145810,150530,4720
CynthiaHuang黃馨儀_UCZdzsYnuVXCEFr1fg8l9Sg_xUEwfoyX2A_150682_155066.wav,CynthiaHuang黃馨儀_UCZdzsYnuVXCEFr1fg8l9Sg_xUEwfoyX2A,150682,155066,4384
CynthiaHuang黃馨儀_UCZdzsYnuVXCEFr1fg8l9Sg_xUEwfoyX2A_155490_155842.wav,CynthiaHuang黃馨儀_UCZdzsYnuVXCEFr1fg8l9Sg_xUEwfoyX2A,155490,155842,352
CynthiaHuang黃馨儀_UCZdzsYnuVXCEFr1fg8l9Sg_xUEwfoyX2A_156042_159482.wav,CynthiaHuang黃馨儀_UCZdzsYnuVXCEFr1fg8l9Sg_xUEwfoyX2A,156042,159482,3440
CynthiaHuang黃馨儀_UCZdzsYnuVXCEFr1fg8l9Sg_xUEwfoyX2A_159714_168106.wav,CynthiaHuang黃馨儀_UCZdzsYnuVXCEFr1fg8l9Sg_xUEwfoyX2A,159714,168106,8392
CynthiaHuang黃馨儀_UCZdzsYnuVXCEFr1fg8l9Sg_xUEwfoyX2A_168650_176154.wav,CynthiaHuang黃馨儀_UCZdzsYnuVXCEFr1fg8l9Sg_xUEwfoyX2A,168650,176154,7504
CynthiaHuang黃馨儀_UCZdzsYnuVXCEFr1fg8l9Sg_xUEwfoyX2A_176338_176938.wav,CynthiaHuang黃馨儀_UCZdzsYnuVXCEFr1fg8l9Sg_xUEwfoyX2A,176338,176938,600
CynthiaHuang黃馨儀_UCZdzsYnuVXCEFr1fg8l9Sg_xUEwfoyX2A_177066_178834.wav,CynthiaHuang黃馨儀_UCZdzsYnuVXCEFr1fg8l9Sg_xUEwfoyX2A,177066,178834,1768
CynthiaHuang黃馨儀_UCZdzsYnuVXCEFr1fg8l9Sg_xUEwfoyX2A_179122_183058.wav,CynthiaHuang黃馨儀_UCZdzsYnuVXCEFr1fg8l9Sg_xUEwfoyX2A,179122,183058,3936
CynthiaHuang黃馨儀_UCZdzsYnuVXCEFr1fg8l9Sg_xUEwfoyX2A_183762_184994.wav,CynthiaHuang黃馨儀_UCZdzsYnuVXCEFr1fg8l9Sg_xUEwfoyX2A,183762,184994,1232
CynthiaHuang黃馨儀_UCZdzsYnuVXCEFr1fg8l9Sg_xUEwfoyX2A_185914_193138.wav,CynthiaHuang黃馨儀_UCZdzsYnuVXCEFr1fg8l9Sg_xUEwfoyX2A,185914,193138,7224
CynthiaHuang黃馨儀_UCZdzsYnuVXCEFr1fg8l9Sg_xUEwfoyX2A_193402_198978.wav,CynthiaHuang黃馨儀_UCZdzsYnuVXCEFr1fg8l9Sg_xUEwfoyX2A,193402,198978,5576
CynthiaHuang黃馨儀_UCZdzsYnuVXCEFr1fg8l9Sg_xUEwfoyX2A_199090_204218.wav,CynthiaHuang黃馨儀_UCZdzsYnuVXCEFr1fg8l9Sg_xUEwfoyX2A,199090,204218,5128
CynthiaHuang黃馨儀_UCZdzsYnuVXCEFr1fg8l9Sg_xUEwfoyX2A_205010_207618.wav,CynthiaHuang黃馨儀_UCZdzsYnuVXCEFr1fg8l9Sg_xUEwfoyX2A,205010,207618,2608
CynthiaHuang黃馨儀_UCZdzsYnuVXCEFr1fg8l9Sg_xUEwfoyX2A_207922_212686.wav,CynthiaHuang黃馨儀_UCZdzsYnuVXCEFr1fg8l9Sg_xUEwfoyX2A,207922,212686,4764
CynthiaHuang黃馨儀_UCZdzsYnuVXCEFr1fg8l9Sg_xUEwfoyX2A_212838_214582.wav,CynthiaHuang黃馨儀_UCZdzsYnuVXCEFr1fg8l9Sg_xUEwfoyX2A,212838,214582,1744
CynthiaHuang黃馨儀_UCZdzsYnuVXCEFr1fg8l9Sg_xUEwfoyX2A_214718_218374.wav,CynthiaHuang黃馨儀_UCZdzsYnuVXCEFr1fg8l9Sg_xUEwfoyX2A,214718,218374,3656
CynthiaHuang黃馨儀_UCZdzsYnuVXCEFr1fg8l9Sg_xUEwfoyX2A_218526_220214.wav,CynthiaHuang黃馨儀_UCZdzsYnuVXCEFr1fg8l9Sg_xUEwfoyX2A,218526,220214,1688
CynthiaHuang黃馨儀_UCZdzsYnuVXCEFr1fg8l9Sg_xUEwfoyX2A_220894_223890.wav,CynthiaHuang黃馨儀_UCZdzsYnuVXCEFr1fg8l9Sg_xUEwfoyX2A,220894,223890,2996
CynthiaHuang黃馨儀_UCZdzsYnuVXCEFr1fg8l9Sg_xUEwfoyX2A_224194_229514.wav,CynthiaHuang黃馨儀_UCZdzsYnuVXCEFr1fg8l9Sg_xUEwfoyX2A,224194,229514,5320
CynthiaHuang黃馨儀_UCZdzsYnuVXCEFr1fg8l9Sg_xUEwfoyX2A_229706_232258.wav,CynthiaHuang黃馨儀_UCZdzsYnuVXCEFr1fg8l9Sg_xUEwfoyX2A,229706,232258,2552
CynthiaHuang黃馨儀_UCZdzsYnuVXCEFr1fg8l9Sg_xUEwfoyX2A_232566_233150.wav,CynthiaHuang黃馨儀_UCZdzsYnuVXCEFr1fg8l9Sg_xUEwfoyX2A,232566,233150,584
CynthiaHuang黃馨儀_UCZdzsYnuVXCEFr1fg8l9Sg_xUEwfoyX2A_233478_236966.wav,CynthiaHuang黃馨儀_UCZdzsYnuVXCEFr1fg8l9Sg_xUEwfoyX2A,233478,236966,3488
CynthiaHuang黃馨儀_UCZdzsYnuVXCEFr1fg8l9Sg_xUEwfoyX2A_237110_238642.wav,CynthiaHuang黃馨儀_UCZdzsYnuVXCEFr1fg8l9Sg_xUEwfoyX2A,237110,238642,1532
CynthiaHuang黃馨儀_UCZdzsYnuVXCEFr1fg8l9Sg_xUEwfoyX2A_239082_241778.wav,CynthiaHuang黃馨儀_UCZdzsYnuVXCEFr1fg8l9Sg_xUEwfoyX2A,239082,241778,2696
CynthiaHuang黃馨儀_UCZdzsYnuVXCEFr1fg8l9Sg_xUEwfoyX2A_242122_243690.wav,CynthiaHuang黃馨儀_UCZdzsYnuVXCEFr1fg8l9Sg_xUEwfoyX2A,242122,243690,1568
CynthiaHuang黃馨儀_UCZdzsYnuVXCEFr1fg8l9Sg_xUEwfoyX2A_244010_245786.wav,CynthiaHuang黃馨儀_UCZdzsYnuVXCEFr1fg8l9Sg_xUEwfoyX2A,244010,245786,1776
CynthiaHuang黃馨儀_UCZdzsYnuVXCEFr1fg8l9Sg_xUEwfoyX2A_246050_246330.wav,CynthiaHuang黃馨儀_UCZdzsYnuVXCEFr1fg8l9Sg_xUEwfoyX2A,246050,246330,280
CynthiaHuang黃馨儀_UCZdzsYnuVXCEFr1fg8l9Sg_xUEwfoyX2A_246690_250066.wav,CynthiaHuang黃馨儀_UCZdzsYnuVXCEFr1fg8l9Sg_xUEwfoyX2A,246690,250066,3376
CynthiaHuang黃馨儀_UCZdzsYnuVXCEFr1fg8l9Sg_xUEwfoyX2A_250554_251114.wav,CynthiaHuang黃馨儀_UCZdzsYnuVXCEFr1fg8l9Sg_xUEwfoyX2A,250554,251114,560
CynthiaHuang黃馨儀_UCZdzsYnuVXCEFr1fg8l9Sg_xUEwfoyX2A_251282_252706.wav,CynthiaHuang黃馨儀_UCZdzsYnuVXCEFr1fg8l9Sg_xUEwfoyX2A,251282,252706,1424
CynthiaHuang黃馨儀_UCZdzsYnuVXCEFr1fg8l9Sg_xUEwfoyX2A_252834_254930.wav,CynthiaHuang黃馨儀_UCZdzsYnuVXCEFr1fg8l9Sg_xUEwfoyX2A,252834,254930,2096
CynthiaHuang黃馨儀_UCZdzsYnuVXCEFr1fg8l9Sg_xUEwfoyX2A_255242_257930.wav,CynthiaHuang黃馨儀_UCZdzsYnuVXCEFr1fg8l9Sg_xUEwfoyX2A,255242,257930,2688
CynthiaHuang黃馨儀_UCZdzsYnuVXCEFr1fg8l9Sg_xUEwfoyX2A_258186_259450.wav,CynthiaHuang黃馨儀_UCZdzsYnuVXCEFr1fg8l9Sg_xUEwfoyX2A,258186,259450,1264
CynthiaHuang黃馨儀_UCZdzsYnuVXCEFr1fg8l9Sg_xUEwfoyX2A_260250_263330.wav,CynthiaHuang黃馨儀_UCZdzsYnuVXCEFr1fg8l9Sg_xUEwfoyX2A,260250,263330,3080
CynthiaHuang黃馨儀_UCZdzsYnuVXCEFr1fg8l9Sg_xUEwfoyX2A_263618_265426.wav,CynthiaHuang黃馨儀_UCZdzsYnuVXCEFr1fg8l9Sg_xUEwfoyX2A,263618,265426,1808
CynthiaHuang黃馨儀_UCZdzsYnuVXCEFr1fg8l9Sg_xUEwfoyX2A_265746_272274.wav,CynthiaHuang黃馨儀_UCZdzsYnuVXCEFr1fg8l9Sg_xUEwfoyX2A,265746,272274,6528
CynthiaHuang黃馨儀_UCZdzsYnuVXCEFr1fg8l9Sg_xUEwfoyX2A_272642_275802.wav,CynthiaHuang黃馨儀_UCZdzsYnuVXCEFr1fg8l9Sg_xUEwfoyX2A,272642,275802,3160
CynthiaHuang黃馨儀_UCZdzsYnuVXCEFr1fg8l9Sg_xUEwfoyX2A_276138_281706.wav,CynthiaHuang黃馨儀_UCZdzsYnuVXCEFr1fg8l9Sg_xUEwfoyX2A,276138,281706,5568
CynthiaHuang黃馨儀_UCZdzsYnuVXCEFr1fg8l9Sg_xUEwfoyX2A_282082_285266.wav,CynthiaHuang黃馨儀_UCZdzsYnuVXCEFr1fg8l9Sg_xUEwfoyX2A,282082,285266,3184
CynthiaHuang黃馨儀_UCZdzsYnuVXCEFr1fg8l9Sg_xUEwfoyX2A_286042_286370.wav,CynthiaHuang黃馨儀_UCZdzsYnuVXCEFr1fg8l9Sg_xUEwfoyX2A,286042,286370,328
CynthiaHuang黃馨儀_UCZdzsYnuVXCEFr1fg8l9Sg_xUEwfoyX2A_286826_293722.wav,CynthiaHuang黃馨儀_UCZdzsYnuVXCEFr1fg8l9Sg_xUEwfoyX2A,286826,293722,6896
CynthiaHuang黃馨儀_UCZdzsYnuVXCEFr1fg8l9Sg_xUEwfoyX2A_294002_295802.wav,CynthiaHuang黃馨儀_UCZdzsYnuVXCEFr1fg8l9Sg_xUEwfoyX2A,294002,295802,1800
CynthiaHuang黃馨儀_UCZdzsYnuVXCEFr1fg8l9Sg_xUEwfoyX2A_296162_300722.wav,CynthiaHuang黃馨儀_UCZdzsYnuVXCEFr1fg8l9Sg_xUEwfoyX2A,296162,300722,4560
CynthiaHuang黃馨儀_UCZdzsYnuVXCEFr1fg8l9Sg_xUEwfoyX2A_300866_302418.wav,CynthiaHuang黃馨儀_UCZdzsYnuVXCEFr1fg8l9Sg_xUEwfoyX2A,300866,302418,1552
CynthiaHuang黃馨儀_UCZdzsYnuVXCEFr1fg8l9Sg_xUEwfoyX2A_302754_305906.wav,CynthiaHuang黃馨儀_UCZdzsYnuVXCEFr1fg8l9Sg_xUEwfoyX2A,302754,305906,3152
CynthiaHuang黃馨儀_UCZdzsYnuVXCEFr1fg8l9Sg_xUEwfoyX2A_306362_310610.wav,CynthiaHuang黃馨儀_UCZdzsYnuVXCEFr1fg8l9Sg_xUEwfoyX2A,306362,310610,4248
CynthiaHuang黃馨儀_UCZdzsYnuVXCEFr1fg8l9Sg_xUEwfoyX2A_310778_312290.wav,CynthiaHuang黃馨儀_UCZdzsYnuVXCEFr1fg8l9Sg_xUEwfoyX2A,310778,312290,1512
CynthiaHuang黃馨儀_UCZdzsYnuVXCEFr1fg8l9Sg_xUEwfoyX2A_312394_316474.wav,CynthiaHuang黃馨儀_UCZdzsYnuVXCEFr1fg8l9Sg_xUEwfoyX2A,312394,316474,4080
CynthiaHuang黃馨儀_UCZdzsYnuVXCEFr1fg8l9Sg_xUEwfoyX2A_316690_319642.wav,CynthiaHuang黃馨儀_UCZdzsYnuVXCEFr1fg8l9Sg_xUEwfoyX2A,316690,319642,2952
CynthiaHuang黃馨儀_UCZdzsYnuVXCEFr1fg8l9Sg_xUEwfoyX2A_319794_322330.wav,CynthiaHuang黃馨儀_UCZdzsYnuVXCEFr1fg8l9Sg_xUEwfoyX2A,319794,322330,2536
CynthiaHuang黃馨儀_UCZdzsYnuVXCEFr1fg8l9Sg_xUEwfoyX2A_322690_323138.wav,CynthiaHuang黃馨儀_UCZdzsYnuVXCEFr1fg8l9Sg_xUEwfoyX2A,322690,323138,448
CynthiaHuang黃馨儀_UCZdzsYnuVXCEFr1fg8l9Sg_xUEwfoyX2A_323338_324458.wav,CynthiaHuang黃馨儀_UCZdzsYnuVXCEFr1fg8l9Sg_xUEwfoyX2A,323338,324458,1120
CynthiaHuang黃馨儀_UCZdzsYnuVXCEFr1fg8l9Sg_xUEwfoyX2A_324794_328442.wav,CynthiaHuang黃馨儀_UCZdzsYnuVXCEFr1fg8l9Sg_xUEwfoyX2A,324794,328442,3648
CynthiaHuang黃馨儀_UCZdzsYnuVXCEFr1fg8l9Sg_xUEwfoyX2A_328610_331986.wav,CynthiaHuang黃馨儀_UCZdzsYnuVXCEFr1fg8l9Sg_xUEwfoyX2A,328610,331986,3376
CynthiaHuang黃馨儀_UCZdzsYnuVXCEFr1fg8l9Sg_xUEwfoyX2A_332130_340746.wav,CynthiaHuang黃馨儀_UCZdzsYnuVXCEFr1fg8l9Sg_xUEwfoyX2A,332130,340746,8616
CynthiaHuang黃馨儀_UCZdzsYnuVXCEFr1fg8l9Sg_xUEwfoyX2A_340922_350450.wav,CynthiaHuang黃馨儀_UCZdzsYnuVXCEFr1fg8l9Sg_xUEwfoyX2A,340922,350450,9528
CynthiaHuang黃馨儀_UCZdzsYnuVXCEFr1fg8l9Sg_xUEwfoyX2A_350826_354138.wav,CynthiaHuang黃馨儀_UCZdzsYnuVXCEFr1fg8l9Sg_xUEwfoyX2A,350826,354138,3312
CynthiaHuang黃馨儀_UCZdzsYnuVXCEFr1fg8l9Sg_xUEwfoyX2A_354258_358594.wav,CynthiaHuang黃馨儀_UCZdzsYnuVXCEFr1fg8l9Sg_xUEwfoyX2A,354258,358594,4336
CynthiaHuang黃馨儀_UCZdzsYnuVXCEFr1fg8l9Sg_xUEwfoyX2A_358778_360130.wav,CynthiaHuang黃馨儀_UCZdzsYnuVXCEFr1fg8l9Sg_xUEwfoyX2A,358778,360130,1352
CynthiaHuang黃馨儀_UCZdzsYnuVXCEFr1fg8l9Sg_xUEwfoyX2A_360506_364138.wav,CynthiaHuang黃馨儀_UCZdzsYnuVXCEFr1fg8l9Sg_xUEwfoyX2A,360506,364138,3632
CynthiaHuang黃馨儀_UCZdzsYnuVXCEFr1fg8l9Sg_xUEwfoyX2A_364362_370898.wav,CynthiaHuang黃馨儀_UCZdzsYnuVXCEFr1fg8l9Sg_xUEwfoyX2A,364362,370898,6536
CynthiaHuang黃馨儀_UCZdzsYnuVXCEFr1fg8l9Sg_xUEwfoyX2A_371074_372522.wav,CynthiaHuang黃馨儀_UCZdzsYnuVXCEFr1fg8l9Sg_xUEwfoyX2A,371074,372522,1448
CynthiaHuang黃馨儀_UCZdzsYnuVXCEFr1fg8l9Sg_xUEwfoyX2A_372666_372882.wav,CynthiaHuang黃馨儀_UCZdzsYnuVXCEFr1fg8l9Sg_xUEwfoyX2A,372666,372882,216
CynthiaHuang黃馨儀_UCZdzsYnuVXCEFr1fg8l9Sg_xUEwfoyX2A_372986_377770.wav,CynthiaHuang黃馨儀_UCZdzsYnuVXCEFr1fg8l9Sg_xUEwfoyX2A,372986,377770,4784
CynthiaHuang黃馨儀_UCZdzsYnuVXCEFr1fg8l9Sg_xUEwfoyX2A_378610_378890.wav,CynthiaHuang黃馨儀_UCZdzsYnuVXCEFr1fg8l9Sg_xUEwfoyX2A,378610,378890,280
CynthiaHuang黃馨儀_UCZdzsYnuVXCEFr1fg8l9Sg_xUEwfoyX2A_379026_381042.wav,CynthiaHuang黃馨儀_UCZdzsYnuVXCEFr1fg8l9Sg_xUEwfoyX2A,379026,381042,2016
CynthiaHuang黃馨儀_UCZdzsYnuVXCEFr1fg8l9Sg_xUEwfoyX2A_381218_388018.wav,CynthiaHuang黃馨儀_UCZdzsYnuVXCEFr1fg8l9Sg_xUEwfoyX2A,381218,388018,6800
CynthiaHuang黃馨儀_UCZdzsYnuVXCEFr1fg8l9Sg_xUEwfoyX2A_388930_394802.wav,CynthiaHuang黃馨儀_UCZdzsYnuVXCEFr1fg8l9Sg_xUEwfoyX2A,388930,394802,5872
CynthiaHuang黃馨儀_UCZdzsYnuVXCEFr1fg8l9Sg_xUEwfoyX2A_395546_397030.wav,CynthiaHuang黃馨儀_UCZdzsYnuVXCEFr1fg8l9Sg_xUEwfoyX2A,395546,397030,1484
CynthiaHuang黃馨儀_UCZdzsYnuVXCEFr1fg8l9Sg_xUEwfoyX2A_397238_398710.wav,CynthiaHuang黃馨儀_UCZdzsYnuVXCEFr1fg8l9Sg_xUEwfoyX2A,397238,398710,1472
CynthiaHuang黃馨儀_UCZdzsYnuVXCEFr1fg8l9Sg_xUEwfoyX2A_398982_406670.wav,CynthiaHuang黃馨儀_UCZdzsYnuVXCEFr1fg8l9Sg_xUEwfoyX2A,398982,406670,7688
CynthiaHuang黃馨儀_UCZdzsYnuVXCEFr1fg8l9Sg_xUEwfoyX2A_406926_408574.wav,CynthiaHuang黃馨儀_UCZdzsYnuVXCEFr1fg8l9Sg_xUEwfoyX2A,406926,408574,1648
CynthiaHuang黃馨儀_UCZdzsYnuVXCEFr1fg8l9Sg_xUEwfoyX2A_408758_410198.wav,CynthiaHuang黃馨儀_UCZdzsYnuVXCEFr1fg8l9Sg_xUEwfoyX2A,408758,410198,1440
CynthiaHuang黃馨儀_UCZdzsYnuVXCEFr1fg8l9Sg_xUEwfoyX2A_410478_411006.wav,CynthiaHuang黃馨儀_UCZdzsYnuVXCEFr1fg8l9Sg_xUEwfoyX2A,410478,411006,528
CynthiaHuang黃馨儀_UCZdzsYnuVXCEFr1fg8l9Sg_xUEwfoyX2A_412114_413294.wav,CynthiaHuang黃馨儀_UCZdzsYnuVXCEFr1fg8l9Sg_xUEwfoyX2A,412114,413294,1180
CynthiaHuang黃馨儀_UCZdzsYnuVXCEFr1fg8l9Sg_xUEwfoyX2A_413494_414934.wav,CynthiaHuang黃馨儀_UCZdzsYnuVXCEFr1fg8l9Sg_xUEwfoyX2A,413494,414934,1440
CynthiaHuang黃馨儀_UCZdzsYnuVXCEFr1fg8l9Sg_xUEwfoyX2A_415134_417686.wav,CynthiaHuang黃馨儀_UCZdzsYnuVXCEFr1fg8l9Sg_xUEwfoyX2A,415134,417686,2552
CynthiaHuang黃馨儀_UCZdzsYnuVXCEFr1fg8l9Sg_xUEwfoyX2A_417798_418886.wav,CynthiaHuang黃馨儀_UCZdzsYnuVXCEFr1fg8l9Sg_xUEwfoyX2A,417798,418886,1088
CynthiaHuang黃馨儀_UCZdzsYnuVXCEFr1fg8l9Sg_xUEwfoyX2A_419046_422302.wav,CynthiaHuang黃馨儀_UCZdzsYnuVXCEFr1fg8l9Sg_xUEwfoyX2A,419046,422302,3256
CynthiaHuang黃馨儀_UCZdzsYnuVXCEFr1fg8l9Sg_xUEwfoyX2A_422542_423170.wav,CynthiaHuang黃馨儀_UCZdzsYnuVXCEFr1fg8l9Sg_xUEwfoyX2A,422542,423170,628
CynthiaHuang黃馨儀_UCZdzsYnuVXCEFr1fg8l9Sg_xUEwfoyX2A_423810_427810.wav,CynthiaHuang黃馨儀_UCZdzsYnuVXCEFr1fg8l9Sg_xUEwfoyX2A,423810,427810,4000
CynthiaHuang黃馨儀_UCZdzsYnuVXCEFr1fg8l9Sg_xUEwfoyX2A_428146_429310.wav,CynthiaHuang黃馨儀_UCZdzsYnuVXCEFr1fg8l9Sg_xUEwfoyX2A,428146,429310,1164
CynthiaHuang黃馨儀_UCZdzsYnuVXCEFr1fg8l9Sg_xUEwfoyX2A_429470_433862.wav,CynthiaHuang黃馨儀_UCZdzsYnuVXCEFr1fg8l9Sg_xUEwfoyX2A,429470,433862,4392
CynthiaHuang黃馨儀_UCZdzsYnuVXCEFr1fg8l9Sg_xUEwfoyX2A_433998_439008.wav,CynthiaHuang黃馨儀_UCZdzsYnuVXCEFr1fg8l9Sg_xUEwfoyX2A,433998,439008,5010
CynthiaHuang黃馨儀_UCZdzsYnuVXCEFr1fg8l9Sg_xUEwfoyX2A_439160_443144.wav,CynthiaHuang黃馨儀_UCZdzsYnuVXCEFr1fg8l9Sg_xUEwfoyX2A,439160,443144,3984
CynthiaHuang黃馨儀_UCZdzsYnuVXCEFr1fg8l9Sg_xUEwfoyX2A_443304_445320.wav,CynthiaHuang黃馨儀_UCZdzsYnuVXCEFr1fg8l9Sg_xUEwfoyX2A,443304,445320,2016
CynthiaHuang黃馨儀_UCZdzsYnuVXCEFr1fg8l9Sg_xUEwfoyX2A_445472_447002.wav,CynthiaHuang黃馨儀_UCZdzsYnuVXCEFr1fg8l9Sg_xUEwfoyX2A,445472,447002,1530
CynthiaHuang黃馨儀_UCZdzsYnuVXCEFr1fg8l9Sg_xUEwfoyX2A_447578_456450.wav,CynthiaHuang黃馨儀_UCZdzsYnuVXCEFr1fg8l9Sg_xUEwfoyX2A,447578,456450,8872
CynthiaHuang黃馨儀_UCZdzsYnuVXCEFr1fg8l9Sg_xUEwfoyX2A_456562_460706.wav,CynthiaHuang黃馨儀_UCZdzsYnuVXCEFr1fg8l9Sg_xUEwfoyX2A,456562,460706,4144
CynthiaHuang黃馨儀_UCZdzsYnuVXCEFr1fg8l9Sg_xUEwfoyX2A_460834_466194.wav,CynthiaHuang黃馨儀_UCZdzsYnuVXCEFr1fg8l9Sg_xUEwfoyX2A,460834,466194,5360
CynthiaHuang黃馨儀_UCZdzsYnuVXCEFr1fg8l9Sg_xUEwfoyX2A_466330_470434.wav,CynthiaHuang黃馨儀_UCZdzsYnuVXCEFr1fg8l9Sg_xUEwfoyX2A,466330,470434,4104
CynthiaHuang黃馨儀_UCZdzsYnuVXCEFr1fg8l9Sg_xUEwfoyX2A_470586_472306.wav,CynthiaHuang黃馨儀_UCZdzsYnuVXCEFr1fg8l9Sg_xUEwfoyX2A,470586,472306,1720
CynthiaHuang黃馨儀_UCZdzsYnuVXCEFr1fg8l9Sg_xUEwfoyX2A_472658_479084.wav,CynthiaHuang黃馨儀_UCZdzsYnuVXCEFr1fg8l9Sg_xUEwfoyX2A,472658,479084,6426
CynthiaHuang黃馨儀_UCZdzsYnuVXCEFr1fg8l9Sg_xUEwfoyX2A_479244_480300.wav,CynthiaHuang黃馨儀_UCZdzsYnuVXCEFr1fg8l9Sg_xUEwfoyX2A,479244,480300,1056
CynthiaHuang黃馨儀_UCZdzsYnuVXCEFr1fg8l9Sg_xUEwfoyX2A_480460_488916.wav,CynthiaHuang黃馨儀_UCZdzsYnuVXCEFr1fg8l9Sg_xUEwfoyX2A,480460,488916,8456
CynthiaHuang黃馨儀_UCZdzsYnuVXCEFr1fg8l9Sg_xUEwfoyX2A_489228_491630.wav,CynthiaHuang黃馨儀_UCZdzsYnuVXCEFr1fg8l9Sg_xUEwfoyX2A,489228,491630,2402
CynthiaHuang黃馨儀_UCZdzsYnuVXCEFr1fg8l9Sg_xUEwfoyX2A_491982_493162.wav,CynthiaHuang黃馨儀_UCZdzsYnuVXCEFr1fg8l9Sg_xUEwfoyX2A,491982,493162,1180
CynthiaHuang黃馨儀_UCZdzsYnuVXCEFr1fg8l9Sg_xUEwfoyX2A_494058_497074.wav,CynthiaHuang黃馨儀_UCZdzsYnuVXCEFr1fg8l9Sg_xUEwfoyX2A,494058,497074,3016
CynthiaHuang黃馨儀_UCZdzsYnuVXCEFr1fg8l9Sg_xUEwfoyX2A_497282_502122.wav,CynthiaHuang黃馨儀_UCZdzsYnuVXCEFr1fg8l9Sg_xUEwfoyX2A,497282,502122,4840
CynthiaHuang黃馨儀_UCZdzsYnuVXCEFr1fg8l9Sg_xUEwfoyX2A_502362_511346.wav,CynthiaHuang黃馨儀_UCZdzsYnuVXCEFr1fg8l9Sg_xUEwfoyX2A,502362,511346,8984
CynthiaHuang黃馨儀_UCZdzsYnuVXCEFr1fg8l9Sg_xUEwfoyX2A_511594_516988.wav,CynthiaHuang黃馨儀_UCZdzsYnuVXCEFr1fg8l9Sg_xUEwfoyX2A,511594,516988,5394
CynthiaHuang黃馨儀_UCZdzsYnuVXCEFr1fg8l9Sg_xUEwfoyX2A_517244_523126.wav,CynthiaHuang黃馨儀_UCZdzsYnuVXCEFr1fg8l9Sg_xUEwfoyX2A,517244,523126,5882
CynthiaHuang黃馨儀_UCZdzsYnuVXCEFr1fg8l9Sg_xUEwfoyX2A_523390_528266.wav,CynthiaHuang黃馨儀_UCZdzsYnuVXCEFr1fg8l9Sg_xUEwfoyX2A,523390,528266,4876
CynthiaHuang黃馨儀_UCZdzsYnuVXCEFr1fg8l9Sg_xUEwfoyX2A_528802_537874.wav,CynthiaHuang黃馨儀_UCZdzsYnuVXCEFr1fg8l9Sg_xUEwfoyX2A,528802,537874,9072
CynthiaHuang黃馨儀_UCZdzsYnuVXCEFr1fg8l9Sg_xUEwfoyX2A_538322_538922.wav,CynthiaHuang黃馨儀_UCZdzsYnuVXCEFr1fg8l9Sg_xUEwfoyX2A,538322,538922,600
CynthiaHuang黃馨儀_UCZdzsYnuVXCEFr1fg8l9Sg_xUEwfoyX2A_539090_542394.wav,CynthiaHuang黃馨儀_UCZdzsYnuVXCEFr1fg8l9Sg_xUEwfoyX2A,539090,542394,3304
