filename,video_id,start_time,end_time,duration
CynthiaHuang黃馨儀_UCZdzsYnuVXCEFr1fg8l9Sg_xUEwfoyX2A_0_10441.wav,CynthiaHuang黃馨儀_UCZdzsYnuVXCEFr1fg8l9Sg_xUEwfoyX2A,0,10441,10441
CynthiaHuang黃馨儀_UCZdzsYnuVXCEFr1fg8l9Sg_xUEwfoyX2A_10569_23530.wav,CynthiaHuang黃馨儀_UCZdzsYnuVXCEFr1fg8l9Sg_xUEwfoyX2A,10569,23530,12961
CynthiaHuang黃馨儀_UCZdzsYnuVXCEFr1fg8l9Sg_xUEwfoyX2A_23802_26226.wav,CynthiaHuang黃馨儀_UCZdzsYnuVXCEFr1fg8l9Sg_xUEwfoyX2A,23802,26226,2424
CynthiaHuang黃馨儀_UCZdzsYnuVXCEFr1fg8l9Sg_xUEwfoyX2A_26394_31354.wav,CynthiaHuang黃馨儀_UCZdzsYnuVXCEFr1fg8l9Sg_xUEwfoyX2A,26394,31354,4960
CynthiaHuang黃馨儀_UCZdzsYnuVXCEFr1fg8l9Sg_xUEwfoyX2A_31530_36234.wav,CynthiaHuang黃馨儀_UCZdzsYnuVXCEFr1fg8l9Sg_xUEwfoyX2A,31530,36234,4704
CynthiaHuang黃馨儀_UCZdzsYnuVXCEFr1fg8l9Sg_xUEwfoyX2A_37138_38970.wav,CynthiaHuang黃馨儀_UCZdzsYnuVXCEFr1fg8l9Sg_xUEwfoyX2A,37138,38970,1832
CynthiaHuang黃馨儀_UCZdzsYnuVXCEFr1fg8l9Sg_xUEwfoyX2A_39354_47644.wav,CynthiaHuang黃馨儀_UCZdzsYnuVXCEFr1fg8l9Sg_xUEwfoyX2A,39354,47644,8290
CynthiaHuang黃馨儀_UCZdzsYnuVXCEFr1fg8l9Sg_xUEwfoyX2A_47788_48100.wav,CynthiaHuang黃馨儀_UCZdzsYnuVXCEFr1fg8l9Sg_xUEwfoyX2A,47788,48100,312
CynthiaHuang黃馨儀_UCZdzsYnuVXCEFr1fg8l9Sg_xUEwfoyX2A_48236_51662.wav,CynthiaHuang黃馨儀_UCZdzsYnuVXCEFr1fg8l9Sg_xUEwfoyX2A,48236,51662,3426
CynthiaHuang黃馨儀_UCZdzsYnuVXCEFr1fg8l9Sg_xUEwfoyX2A_51870_58322.wav,CynthiaHuang黃馨儀_UCZdzsYnuVXCEFr1fg8l9Sg_xUEwfoyX2A,51870,58322,6452
CynthiaHuang黃馨儀_UCZdzsYnuVXCEFr1fg8l9Sg_xUEwfoyX2A_59346_62650.wav,CynthiaHuang黃馨儀_UCZdzsYnuVXCEFr1fg8l9Sg_xUEwfoyX2A,59346,62650,3304
CynthiaHuang黃馨儀_UCZdzsYnuVXCEFr1fg8l9Sg_xUEwfoyX2A_62826_69106.wav,CynthiaHuang黃馨儀_UCZdzsYnuVXCEFr1fg8l9Sg_xUEwfoyX2A,62826,69106,6280
CynthiaHuang黃馨儀_UCZdzsYnuVXCEFr1fg8l9Sg_xUEwfoyX2A_69610_76378.wav,CynthiaHuang黃馨儀_UCZdzsYnuVXCEFr1fg8l9Sg_xUEwfoyX2A,69610,76378,6768
CynthiaHuang黃馨儀_UCZdzsYnuVXCEFr1fg8l9Sg_xUEwfoyX2A_76762_83346.wav,CynthiaHuang黃馨儀_UCZdzsYnuVXCEFr1fg8l9Sg_xUEwfoyX2A,76762,83346,6584
CynthiaHuang黃馨儀_UCZdzsYnuVXCEFr1fg8l9Sg_xUEwfoyX2A_83650_83986.wav,CynthiaHuang黃馨儀_UCZdzsYnuVXCEFr1fg8l9Sg_xUEwfoyX2A,83650,83986,336
CynthiaHuang黃馨儀_UCZdzsYnuVXCEFr1fg8l9Sg_xUEwfoyX2A_84418_86298.wav,CynthiaHuang黃馨儀_UCZdzsYnuVXCEFr1fg8l9Sg_xUEwfoyX2A,84418,86298,1880
CynthiaHuang黃馨儀_UCZdzsYnuVXCEFr1fg8l9Sg_xUEwfoyX2A_87498_93526.wav,CynthiaHuang黃馨儀_UCZdzsYnuVXCEFr1fg8l9Sg_xUEwfoyX2A,87498,93526,6028
CynthiaHuang黃馨儀_UCZdzsYnuVXCEFr1fg8l9Sg_xUEwfoyX2A_93718_100650.wav,CynthiaHuang黃馨儀_UCZdzsYnuVXCEFr1fg8l9Sg_xUEwfoyX2A,93718,100650,6932
CynthiaHuang黃馨儀_UCZdzsYnuVXCEFr1fg8l9Sg_xUEwfoyX2A_100858_101426.wav,CynthiaHuang黃馨儀_UCZdzsYnuVXCEFr1fg8l9Sg_xUEwfoyX2A,100858,101426,568
CynthiaHuang黃馨儀_UCZdzsYnuVXCEFr1fg8l9Sg_xUEwfoyX2A_101714_103762.wav,CynthiaHuang黃馨儀_UCZdzsYnuVXCEFr1fg8l9Sg_xUEwfoyX2A,101714,103762,2048
CynthiaHuang黃馨儀_UCZdzsYnuVXCEFr1fg8l9Sg_xUEwfoyX2A_104122_107898.wav,CynthiaHuang黃馨儀_UCZdzsYnuVXCEFr1fg8l9Sg_xUEwfoyX2A,104122,107898,3776
CynthiaHuang黃馨儀_UCZdzsYnuVXCEFr1fg8l9Sg_xUEwfoyX2A_108570_111674.wav,CynthiaHuang黃馨儀_UCZdzsYnuVXCEFr1fg8l9Sg_xUEwfoyX2A,108570,111674,3104
CynthiaHuang黃馨儀_UCZdzsYnuVXCEFr1fg8l9Sg_xUEwfoyX2A_112362_115874.wav,CynthiaHuang黃馨儀_UCZdzsYnuVXCEFr1fg8l9Sg_xUEwfoyX2A,112362,115874,3512
CynthiaHuang黃馨儀_UCZdzsYnuVXCEFr1fg8l9Sg_xUEwfoyX2A_116186_121938.wav,CynthiaHuang黃馨儀_UCZdzsYnuVXCEFr1fg8l9Sg_xUEwfoyX2A,116186,121938,5752
CynthiaHuang黃馨儀_UCZdzsYnuVXCEFr1fg8l9Sg_xUEwfoyX2A_122282_127282.wav,CynthiaHuang黃馨儀_UCZdzsYnuVXCEFr1fg8l9Sg_xUEwfoyX2A,122282,127282,5000
CynthiaHuang黃馨儀_UCZdzsYnuVXCEFr1fg8l9Sg_xUEwfoyX2A_127754_135190.wav,CynthiaHuang黃馨儀_UCZdzsYnuVXCEFr1fg8l9Sg_xUEwfoyX2A,127754,135190,7436
CynthiaHuang黃馨儀_UCZdzsYnuVXCEFr1fg8l9Sg_xUEwfoyX2A_135430_137130.wav,CynthiaHuang黃馨儀_UCZdzsYnuVXCEFr1fg8l9Sg_xUEwfoyX2A,135430,137130,1700
CynthiaHuang黃馨儀_UCZdzsYnuVXCEFr1fg8l9Sg_xUEwfoyX2A_137842_150530.wav,CynthiaHuang黃馨儀_UCZdzsYnuVXCEFr1fg8l9Sg_xUEwfoyX2A,137842,150530,12688
CynthiaHuang黃馨儀_UCZdzsYnuVXCEFr1fg8l9Sg_xUEwfoyX2A_150682_155066.wav,CynthiaHuang黃馨儀_UCZdzsYnuVXCEFr1fg8l9Sg_xUEwfoyX2A,150682,155066,4384
CynthiaHuang黃馨儀_UCZdzsYnuVXCEFr1fg8l9Sg_xUEwfoyX2A_155490_155842.wav,CynthiaHuang黃馨儀_UCZdzsYnuVXCEFr1fg8l9Sg_xUEwfoyX2A,155490,155842,352
CynthiaHuang黃馨儀_UCZdzsYnuVXCEFr1fg8l9Sg_xUEwfoyX2A_156042_159482.wav,CynthiaHuang黃馨儀_UCZdzsYnuVXCEFr1fg8l9Sg_xUEwfoyX2A,156042,159482,3440
CynthiaHuang黃馨儀_UCZdzsYnuVXCEFr1fg8l9Sg_xUEwfoyX2A_159714_163774.wav,CynthiaHuang黃馨儀_UCZdzsYnuVXCEFr1fg8l9Sg_xUEwfoyX2A,159714,163774,4060
CynthiaHuang黃馨儀_UCZdzsYnuVXCEFr1fg8l9Sg_xUEwfoyX2A_163942_168106.wav,CynthiaHuang黃馨儀_UCZdzsYnuVXCEFr1fg8l9Sg_xUEwfoyX2A,163942,168106,4164
CynthiaHuang黃馨儀_UCZdzsYnuVXCEFr1fg8l9Sg_xUEwfoyX2A_168650_176154.wav,CynthiaHuang黃馨儀_UCZdzsYnuVXCEFr1fg8l9Sg_xUEwfoyX2A,168650,176154,7504
CynthiaHuang黃馨儀_UCZdzsYnuVXCEFr1fg8l9Sg_xUEwfoyX2A_176338_178834.wav,CynthiaHuang黃馨儀_UCZdzsYnuVXCEFr1fg8l9Sg_xUEwfoyX2A,176338,178834,2496
CynthiaHuang黃馨儀_UCZdzsYnuVXCEFr1fg8l9Sg_xUEwfoyX2A_179122_183058.wav,CynthiaHuang黃馨儀_UCZdzsYnuVXCEFr1fg8l9Sg_xUEwfoyX2A,179122,183058,3936
CynthiaHuang黃馨儀_UCZdzsYnuVXCEFr1fg8l9Sg_xUEwfoyX2A_183762_184994.wav,CynthiaHuang黃馨儀_UCZdzsYnuVXCEFr1fg8l9Sg_xUEwfoyX2A,183762,184994,1232
CynthiaHuang黃馨儀_UCZdzsYnuVXCEFr1fg8l9Sg_xUEwfoyX2A_185914_193138.wav,CynthiaHuang黃馨儀_UCZdzsYnuVXCEFr1fg8l9Sg_xUEwfoyX2A,185914,193138,7224
CynthiaHuang黃馨儀_UCZdzsYnuVXCEFr1fg8l9Sg_xUEwfoyX2A_193402_204218.wav,CynthiaHuang黃馨儀_UCZdzsYnuVXCEFr1fg8l9Sg_xUEwfoyX2A,193402,204218,10816
CynthiaHuang黃馨儀_UCZdzsYnuVXCEFr1fg8l9Sg_xUEwfoyX2A_205010_207618.wav,CynthiaHuang黃馨儀_UCZdzsYnuVXCEFr1fg8l9Sg_xUEwfoyX2A,205010,207618,2608
CynthiaHuang黃馨儀_UCZdzsYnuVXCEFr1fg8l9Sg_xUEwfoyX2A_207922_212683.wav,CynthiaHuang黃馨儀_UCZdzsYnuVXCEFr1fg8l9Sg_xUEwfoyX2A,207922,212683,4761
CynthiaHuang黃馨儀_UCZdzsYnuVXCEFr1fg8l9Sg_xUEwfoyX2A_212835_218372.wav,CynthiaHuang黃馨儀_UCZdzsYnuVXCEFr1fg8l9Sg_xUEwfoyX2A,212835,218372,5537
CynthiaHuang黃馨儀_UCZdzsYnuVXCEFr1fg8l9Sg_xUEwfoyX2A_218524_220214.wav,CynthiaHuang黃馨儀_UCZdzsYnuVXCEFr1fg8l9Sg_xUEwfoyX2A,218524,220214,1690
CynthiaHuang黃馨儀_UCZdzsYnuVXCEFr1fg8l9Sg_xUEwfoyX2A_220894_223886.wav,CynthiaHuang黃馨儀_UCZdzsYnuVXCEFr1fg8l9Sg_xUEwfoyX2A,220894,223886,2992
CynthiaHuang黃馨儀_UCZdzsYnuVXCEFr1fg8l9Sg_xUEwfoyX2A_224198_229510.wav,CynthiaHuang黃馨儀_UCZdzsYnuVXCEFr1fg8l9Sg_xUEwfoyX2A,224198,229510,5312
CynthiaHuang黃馨儀_UCZdzsYnuVXCEFr1fg8l9Sg_xUEwfoyX2A_229710_232262.wav,CynthiaHuang黃馨儀_UCZdzsYnuVXCEFr1fg8l9Sg_xUEwfoyX2A,229710,232262,2552
CynthiaHuang黃馨儀_UCZdzsYnuVXCEFr1fg8l9Sg_xUEwfoyX2A_232574_233150.wav,CynthiaHuang黃馨儀_UCZdzsYnuVXCEFr1fg8l9Sg_xUEwfoyX2A,232574,233150,576
CynthiaHuang黃馨儀_UCZdzsYnuVXCEFr1fg8l9Sg_xUEwfoyX2A_233478_236776.wav,CynthiaHuang黃馨儀_UCZdzsYnuVXCEFr1fg8l9Sg_xUEwfoyX2A,233478,236776,3298
CynthiaHuang黃馨儀_UCZdzsYnuVXCEFr1fg8l9Sg_xUEwfoyX2A_237128_238642.wav,CynthiaHuang黃馨儀_UCZdzsYnuVXCEFr1fg8l9Sg_xUEwfoyX2A,237128,238642,1514
CynthiaHuang黃馨儀_UCZdzsYnuVXCEFr1fg8l9Sg_xUEwfoyX2A_239082_241778.wav,CynthiaHuang黃馨儀_UCZdzsYnuVXCEFr1fg8l9Sg_xUEwfoyX2A,239082,241778,2696
CynthiaHuang黃馨儀_UCZdzsYnuVXCEFr1fg8l9Sg_xUEwfoyX2A_242122_243690.wav,CynthiaHuang黃馨儀_UCZdzsYnuVXCEFr1fg8l9Sg_xUEwfoyX2A,242122,243690,1568
CynthiaHuang黃馨儀_UCZdzsYnuVXCEFr1fg8l9Sg_xUEwfoyX2A_244010_245786.wav,CynthiaHuang黃馨儀_UCZdzsYnuVXCEFr1fg8l9Sg_xUEwfoyX2A,244010,245786,1776
CynthiaHuang黃馨儀_UCZdzsYnuVXCEFr1fg8l9Sg_xUEwfoyX2A_246050_246330.wav,CynthiaHuang黃馨儀_UCZdzsYnuVXCEFr1fg8l9Sg_xUEwfoyX2A,246050,246330,280
CynthiaHuang黃馨儀_UCZdzsYnuVXCEFr1fg8l9Sg_xUEwfoyX2A_246690_250066.wav,CynthiaHuang黃馨儀_UCZdzsYnuVXCEFr1fg8l9Sg_xUEwfoyX2A,246690,250066,3376
CynthiaHuang黃馨儀_UCZdzsYnuVXCEFr1fg8l9Sg_xUEwfoyX2A_250554_254930.wav,CynthiaHuang黃馨儀_UCZdzsYnuVXCEFr1fg8l9Sg_xUEwfoyX2A,250554,254930,4376
CynthiaHuang黃馨儀_UCZdzsYnuVXCEFr1fg8l9Sg_xUEwfoyX2A_255242_257930.wav,CynthiaHuang黃馨儀_UCZdzsYnuVXCEFr1fg8l9Sg_xUEwfoyX2A,255242,257930,2688
CynthiaHuang黃馨儀_UCZdzsYnuVXCEFr1fg8l9Sg_xUEwfoyX2A_258186_259450.wav,CynthiaHuang黃馨儀_UCZdzsYnuVXCEFr1fg8l9Sg_xUEwfoyX2A,258186,259450,1264
CynthiaHuang黃馨儀_UCZdzsYnuVXCEFr1fg8l9Sg_xUEwfoyX2A_260250_263330.wav,CynthiaHuang黃馨儀_UCZdzsYnuVXCEFr1fg8l9Sg_xUEwfoyX2A,260250,263330,3080
CynthiaHuang黃馨儀_UCZdzsYnuVXCEFr1fg8l9Sg_xUEwfoyX2A_263618_265426.wav,CynthiaHuang黃馨儀_UCZdzsYnuVXCEFr1fg8l9Sg_xUEwfoyX2A,263618,265426,1808
CynthiaHuang黃馨儀_UCZdzsYnuVXCEFr1fg8l9Sg_xUEwfoyX2A_265746_271258.wav,CynthiaHuang黃馨儀_UCZdzsYnuVXCEFr1fg8l9Sg_xUEwfoyX2A,265746,271258,5512
CynthiaHuang黃馨儀_UCZdzsYnuVXCEFr1fg8l9Sg_xUEwfoyX2A_271642_272274.wav,CynthiaHuang黃馨儀_UCZdzsYnuVXCEFr1fg8l9Sg_xUEwfoyX2A,271642,272274,632
CynthiaHuang黃馨儀_UCZdzsYnuVXCEFr1fg8l9Sg_xUEwfoyX2A_272642_275802.wav,CynthiaHuang黃馨儀_UCZdzsYnuVXCEFr1fg8l9Sg_xUEwfoyX2A,272642,275802,3160
CynthiaHuang黃馨儀_UCZdzsYnuVXCEFr1fg8l9Sg_xUEwfoyX2A_276138_281706.wav,CynthiaHuang黃馨儀_UCZdzsYnuVXCEFr1fg8l9Sg_xUEwfoyX2A,276138,281706,5568
CynthiaHuang黃馨儀_UCZdzsYnuVXCEFr1fg8l9Sg_xUEwfoyX2A_282082_285266.wav,CynthiaHuang黃馨儀_UCZdzsYnuVXCEFr1fg8l9Sg_xUEwfoyX2A,282082,285266,3184
CynthiaHuang黃馨儀_UCZdzsYnuVXCEFr1fg8l9Sg_xUEwfoyX2A_286042_286370.wav,CynthiaHuang黃馨儀_UCZdzsYnuVXCEFr1fg8l9Sg_xUEwfoyX2A,286042,286370,328
CynthiaHuang黃馨儀_UCZdzsYnuVXCEFr1fg8l9Sg_xUEwfoyX2A_286826_290798.wav,CynthiaHuang黃馨儀_UCZdzsYnuVXCEFr1fg8l9Sg_xUEwfoyX2A,286826,290798,3972
CynthiaHuang黃馨儀_UCZdzsYnuVXCEFr1fg8l9Sg_xUEwfoyX2A_291070_293722.wav,CynthiaHuang黃馨儀_UCZdzsYnuVXCEFr1fg8l9Sg_xUEwfoyX2A,291070,293722,2652
CynthiaHuang黃馨儀_UCZdzsYnuVXCEFr1fg8l9Sg_xUEwfoyX2A_294002_295802.wav,CynthiaHuang黃馨儀_UCZdzsYnuVXCEFr1fg8l9Sg_xUEwfoyX2A,294002,295802,1800
CynthiaHuang黃馨儀_UCZdzsYnuVXCEFr1fg8l9Sg_xUEwfoyX2A_296162_300482.wav,CynthiaHuang黃馨儀_UCZdzsYnuVXCEFr1fg8l9Sg_xUEwfoyX2A,296162,300482,4320
CynthiaHuang黃馨儀_UCZdzsYnuVXCEFr1fg8l9Sg_xUEwfoyX2A_300866_302418.wav,CynthiaHuang黃馨儀_UCZdzsYnuVXCEFr1fg8l9Sg_xUEwfoyX2A,300866,302418,1552
CynthiaHuang黃馨儀_UCZdzsYnuVXCEFr1fg8l9Sg_xUEwfoyX2A_302754_305906.wav,CynthiaHuang黃馨儀_UCZdzsYnuVXCEFr1fg8l9Sg_xUEwfoyX2A,302754,305906,3152
CynthiaHuang黃馨儀_UCZdzsYnuVXCEFr1fg8l9Sg_xUEwfoyX2A_306362_310598.wav,CynthiaHuang黃馨儀_UCZdzsYnuVXCEFr1fg8l9Sg_xUEwfoyX2A,306362,310598,4236
CynthiaHuang黃馨儀_UCZdzsYnuVXCEFr1fg8l9Sg_xUEwfoyX2A_310774_316466.wav,CynthiaHuang黃馨儀_UCZdzsYnuVXCEFr1fg8l9Sg_xUEwfoyX2A,310774,316466,5692
CynthiaHuang黃馨儀_UCZdzsYnuVXCEFr1fg8l9Sg_xUEwfoyX2A_316690_319522.wav,CynthiaHuang黃馨儀_UCZdzsYnuVXCEFr1fg8l9Sg_xUEwfoyX2A,316690,319522,2832
CynthiaHuang黃馨儀_UCZdzsYnuVXCEFr1fg8l9Sg_xUEwfoyX2A_319802_322330.wav,CynthiaHuang黃馨儀_UCZdzsYnuVXCEFr1fg8l9Sg_xUEwfoyX2A,319802,322330,2528
CynthiaHuang黃馨儀_UCZdzsYnuVXCEFr1fg8l9Sg_xUEwfoyX2A_322690_324458.wav,CynthiaHuang黃馨儀_UCZdzsYnuVXCEFr1fg8l9Sg_xUEwfoyX2A,322690,324458,1768
CynthiaHuang黃馨儀_UCZdzsYnuVXCEFr1fg8l9Sg_xUEwfoyX2A_324794_328210.wav,CynthiaHuang黃馨儀_UCZdzsYnuVXCEFr1fg8l9Sg_xUEwfoyX2A,324794,328210,3416
CynthiaHuang黃馨儀_UCZdzsYnuVXCEFr1fg8l9Sg_xUEwfoyX2A_328610_331762.wav,CynthiaHuang黃馨儀_UCZdzsYnuVXCEFr1fg8l9Sg_xUEwfoyX2A,328610,331762,3152
CynthiaHuang黃馨儀_UCZdzsYnuVXCEFr1fg8l9Sg_xUEwfoyX2A_332130_340746.wav,CynthiaHuang黃馨儀_UCZdzsYnuVXCEFr1fg8l9Sg_xUEwfoyX2A,332130,340746,8616
CynthiaHuang黃馨儀_UCZdzsYnuVXCEFr1fg8l9Sg_xUEwfoyX2A_340922_350450.wav,CynthiaHuang黃馨儀_UCZdzsYnuVXCEFr1fg8l9Sg_xUEwfoyX2A,340922,350450,9528
CynthiaHuang黃馨儀_UCZdzsYnuVXCEFr1fg8l9Sg_xUEwfoyX2A_350826_353892.wav,CynthiaHuang黃馨儀_UCZdzsYnuVXCEFr1fg8l9Sg_xUEwfoyX2A,350826,353892,3066
CynthiaHuang黃馨儀_UCZdzsYnuVXCEFr1fg8l9Sg_xUEwfoyX2A_354260_358462.wav,CynthiaHuang黃馨儀_UCZdzsYnuVXCEFr1fg8l9Sg_xUEwfoyX2A,354260,358462,4202
CynthiaHuang黃馨儀_UCZdzsYnuVXCEFr1fg8l9Sg_xUEwfoyX2A_358782_360130.wav,CynthiaHuang黃馨儀_UCZdzsYnuVXCEFr1fg8l9Sg_xUEwfoyX2A,358782,360130,1348
CynthiaHuang黃馨儀_UCZdzsYnuVXCEFr1fg8l9Sg_xUEwfoyX2A_360506_364118.wav,CynthiaHuang黃馨儀_UCZdzsYnuVXCEFr1fg8l9Sg_xUEwfoyX2A,360506,364118,3612
CynthiaHuang黃馨儀_UCZdzsYnuVXCEFr1fg8l9Sg_xUEwfoyX2A_364366_367448.wav,CynthiaHuang黃馨儀_UCZdzsYnuVXCEFr1fg8l9Sg_xUEwfoyX2A,364366,367448,3082
CynthiaHuang黃馨儀_UCZdzsYnuVXCEFr1fg8l9Sg_xUEwfoyX2A_367664_370889.wav,CynthiaHuang黃馨儀_UCZdzsYnuVXCEFr1fg8l9Sg_xUEwfoyX2A,367664,370889,3225
CynthiaHuang黃馨儀_UCZdzsYnuVXCEFr1fg8l9Sg_xUEwfoyX2A_371073_372513.wav,CynthiaHuang黃馨儀_UCZdzsYnuVXCEFr1fg8l9Sg_xUEwfoyX2A,371073,372513,1440
CynthiaHuang黃馨儀_UCZdzsYnuVXCEFr1fg8l9Sg_xUEwfoyX2A_372681_377770.wav,CynthiaHuang黃馨儀_UCZdzsYnuVXCEFr1fg8l9Sg_xUEwfoyX2A,372681,377770,5089
CynthiaHuang黃馨儀_UCZdzsYnuVXCEFr1fg8l9Sg_xUEwfoyX2A_378610_381034.wav,CynthiaHuang黃馨儀_UCZdzsYnuVXCEFr1fg8l9Sg_xUEwfoyX2A,378610,381034,2424
CynthiaHuang黃馨儀_UCZdzsYnuVXCEFr1fg8l9Sg_xUEwfoyX2A_381218_386466.wav,CynthiaHuang黃馨儀_UCZdzsYnuVXCEFr1fg8l9Sg_xUEwfoyX2A,381218,386466,5248
CynthiaHuang黃馨儀_UCZdzsYnuVXCEFr1fg8l9Sg_xUEwfoyX2A_386634_388018.wav,CynthiaHuang黃馨儀_UCZdzsYnuVXCEFr1fg8l9Sg_xUEwfoyX2A,386634,388018,1384
CynthiaHuang黃馨儀_UCZdzsYnuVXCEFr1fg8l9Sg_xUEwfoyX2A_388930_389270.wav,CynthiaHuang黃馨儀_UCZdzsYnuVXCEFr1fg8l9Sg_xUEwfoyX2A,388930,389270,340
CynthiaHuang黃馨儀_UCZdzsYnuVXCEFr1fg8l9Sg_xUEwfoyX2A_389526_394802.wav,CynthiaHuang黃馨儀_UCZdzsYnuVXCEFr1fg8l9Sg_xUEwfoyX2A,389526,394802,5276
CynthiaHuang黃馨儀_UCZdzsYnuVXCEFr1fg8l9Sg_xUEwfoyX2A_395546_398710.wav,CynthiaHuang黃馨儀_UCZdzsYnuVXCEFr1fg8l9Sg_xUEwfoyX2A,395546,398710,3164
CynthiaHuang黃馨儀_UCZdzsYnuVXCEFr1fg8l9Sg_xUEwfoyX2A_398982_406670.wav,CynthiaHuang黃馨儀_UCZdzsYnuVXCEFr1fg8l9Sg_xUEwfoyX2A,398982,406670,7688
CynthiaHuang黃馨儀_UCZdzsYnuVXCEFr1fg8l9Sg_xUEwfoyX2A_406926_410198.wav,CynthiaHuang黃馨儀_UCZdzsYnuVXCEFr1fg8l9Sg_xUEwfoyX2A,406926,410198,3272
CynthiaHuang黃馨儀_UCZdzsYnuVXCEFr1fg8l9Sg_xUEwfoyX2A_410478_411122.wav,CynthiaHuang黃馨儀_UCZdzsYnuVXCEFr1fg8l9Sg_xUEwfoyX2A,410478,411122,644
CynthiaHuang黃馨儀_UCZdzsYnuVXCEFr1fg8l9Sg_xUEwfoyX2A_412114_413292.wav,CynthiaHuang黃馨儀_UCZdzsYnuVXCEFr1fg8l9Sg_xUEwfoyX2A,412114,413292,1178
CynthiaHuang黃馨儀_UCZdzsYnuVXCEFr1fg8l9Sg_xUEwfoyX2A_413500_417516.wav,CynthiaHuang黃馨儀_UCZdzsYnuVXCEFr1fg8l9Sg_xUEwfoyX2A,413500,417516,4016
CynthiaHuang黃馨儀_UCZdzsYnuVXCEFr1fg8l9Sg_xUEwfoyX2A_417956_418820.wav,CynthiaHuang黃馨儀_UCZdzsYnuVXCEFr1fg8l9Sg_xUEwfoyX2A,417956,418820,864
CynthiaHuang黃馨儀_UCZdzsYnuVXCEFr1fg8l9Sg_xUEwfoyX2A_419044_422302.wav,CynthiaHuang黃馨儀_UCZdzsYnuVXCEFr1fg8l9Sg_xUEwfoyX2A,419044,422302,3258
CynthiaHuang黃馨儀_UCZdzsYnuVXCEFr1fg8l9Sg_xUEwfoyX2A_422542_423170.wav,CynthiaHuang黃馨儀_UCZdzsYnuVXCEFr1fg8l9Sg_xUEwfoyX2A,422542,423170,628
CynthiaHuang黃馨儀_UCZdzsYnuVXCEFr1fg8l9Sg_xUEwfoyX2A_423810_427810.wav,CynthiaHuang黃馨儀_UCZdzsYnuVXCEFr1fg8l9Sg_xUEwfoyX2A,423810,427810,4000
CynthiaHuang黃馨儀_UCZdzsYnuVXCEFr1fg8l9Sg_xUEwfoyX2A_428146_429310.wav,CynthiaHuang黃馨儀_UCZdzsYnuVXCEFr1fg8l9Sg_xUEwfoyX2A,428146,429310,1164
CynthiaHuang黃馨儀_UCZdzsYnuVXCEFr1fg8l9Sg_xUEwfoyX2A_429470_433856.wav,CynthiaHuang黃馨儀_UCZdzsYnuVXCEFr1fg8l9Sg_xUEwfoyX2A,429470,433856,4386
CynthiaHuang黃馨儀_UCZdzsYnuVXCEFr1fg8l9Sg_xUEwfoyX2A_434000_447002.wav,CynthiaHuang黃馨儀_UCZdzsYnuVXCEFr1fg8l9Sg_xUEwfoyX2A,434000,447002,13002
CynthiaHuang黃馨儀_UCZdzsYnuVXCEFr1fg8l9Sg_xUEwfoyX2A_447578_450898.wav,CynthiaHuang黃馨儀_UCZdzsYnuVXCEFr1fg8l9Sg_xUEwfoyX2A,447578,450898,3320
CynthiaHuang黃馨儀_UCZdzsYnuVXCEFr1fg8l9Sg_xUEwfoyX2A_451026_456426.wav,CynthiaHuang黃馨儀_UCZdzsYnuVXCEFr1fg8l9Sg_xUEwfoyX2A,451026,456426,5400
CynthiaHuang黃馨儀_UCZdzsYnuVXCEFr1fg8l9Sg_xUEwfoyX2A_456562_460690.wav,CynthiaHuang黃馨儀_UCZdzsYnuVXCEFr1fg8l9Sg_xUEwfoyX2A,456562,460690,4128
CynthiaHuang黃馨儀_UCZdzsYnuVXCEFr1fg8l9Sg_xUEwfoyX2A_460834_466186.wav,CynthiaHuang黃馨儀_UCZdzsYnuVXCEFr1fg8l9Sg_xUEwfoyX2A,460834,466186,5352
CynthiaHuang黃馨儀_UCZdzsYnuVXCEFr1fg8l9Sg_xUEwfoyX2A_466330_470434.wav,CynthiaHuang黃馨儀_UCZdzsYnuVXCEFr1fg8l9Sg_xUEwfoyX2A,466330,470434,4104
CynthiaHuang黃馨儀_UCZdzsYnuVXCEFr1fg8l9Sg_xUEwfoyX2A_470586_472306.wav,CynthiaHuang黃馨儀_UCZdzsYnuVXCEFr1fg8l9Sg_xUEwfoyX2A,470586,472306,1720
CynthiaHuang黃馨儀_UCZdzsYnuVXCEFr1fg8l9Sg_xUEwfoyX2A_472658_485795.wav,CynthiaHuang黃馨儀_UCZdzsYnuVXCEFr1fg8l9Sg_xUEwfoyX2A,472658,485795,13137
CynthiaHuang黃馨儀_UCZdzsYnuVXCEFr1fg8l9Sg_xUEwfoyX2A_485899_489116.wav,CynthiaHuang黃馨儀_UCZdzsYnuVXCEFr1fg8l9Sg_xUEwfoyX2A,485899,489116,3217
CynthiaHuang黃馨儀_UCZdzsYnuVXCEFr1fg8l9Sg_xUEwfoyX2A_489220_491630.wav,CynthiaHuang黃馨儀_UCZdzsYnuVXCEFr1fg8l9Sg_xUEwfoyX2A,489220,491630,2410
CynthiaHuang黃馨儀_UCZdzsYnuVXCEFr1fg8l9Sg_xUEwfoyX2A_491982_493162.wav,CynthiaHuang黃馨儀_UCZdzsYnuVXCEFr1fg8l9Sg_xUEwfoyX2A,491982,493162,1180
CynthiaHuang黃馨儀_UCZdzsYnuVXCEFr1fg8l9Sg_xUEwfoyX2A_494058_497074.wav,CynthiaHuang黃馨儀_UCZdzsYnuVXCEFr1fg8l9Sg_xUEwfoyX2A,494058,497074,3016
CynthiaHuang黃馨儀_UCZdzsYnuVXCEFr1fg8l9Sg_xUEwfoyX2A_497282_502122.wav,CynthiaHuang黃馨儀_UCZdzsYnuVXCEFr1fg8l9Sg_xUEwfoyX2A,497282,502122,4840
CynthiaHuang黃馨儀_UCZdzsYnuVXCEFr1fg8l9Sg_xUEwfoyX2A_502362_511346.wav,CynthiaHuang黃馨儀_UCZdzsYnuVXCEFr1fg8l9Sg_xUEwfoyX2A,502362,511346,8984
CynthiaHuang黃馨儀_UCZdzsYnuVXCEFr1fg8l9Sg_xUEwfoyX2A_511594_517130.wav,CynthiaHuang黃馨儀_UCZdzsYnuVXCEFr1fg8l9Sg_xUEwfoyX2A,511594,517130,5536
CynthiaHuang黃馨儀_UCZdzsYnuVXCEFr1fg8l9Sg_xUEwfoyX2A_517242_528242.wav,CynthiaHuang黃馨儀_UCZdzsYnuVXCEFr1fg8l9Sg_xUEwfoyX2A,517242,528242,11000
CynthiaHuang黃馨儀_UCZdzsYnuVXCEFr1fg8l9Sg_xUEwfoyX2A_528474_542394.wav,CynthiaHuang黃馨儀_UCZdzsYnuVXCEFr1fg8l9Sg_xUEwfoyX2A,528474,542394,13920
