filename,video_id,start_time,end_time,duration
CameronCao_UCR3iEpRZDhavOacxel3hbA_eMgynE62qmw_0_8472.wav,CameronCao_UCR3iEpRZDhavOacxel3hbA_eMgynE62qmw,0,8472,8472
CameronCao_UCR3iEpRZDhavOacxel3hbA_eMgynE62qmw_8616_12632.wav,CameronCao_UCR3iEpRZDhavOacxel3hbA_eMgynE62qmw,8616,12632,4016
CameronCao_UCR3iEpRZDhavOacxel3hbA_eMgynE62qmw_12880_13248.wav,CameronCao_UCR3iEpRZDhavOacxel3hbA_eMgynE62qmw,12880,13248,368
CameronCao_UCR3iEpRZDhavOacxel3hbA_eMgynE62qmw_13536_16676.wav,CameronCao_UCR3iEpRZDhavOacxel3hbA_eMgynE62qmw,13536,16676,3140
CameronCao_UCR3iEpRZDhavOacxel3hbA_eMgynE62qmw_16932_19968.wav,CameronCao_UCR3iEpRZDhavOacxel3hbA_eMgynE62qmw,16932,19968,3036
CameronCao_UCR3iEpRZDhavOacxel3hbA_eMgynE62qmw_20592_24304.wav,CameronCao_UCR3iEpRZDhavOacxel3hbA_eMgynE62qmw,20592,24304,3712
CameronCao_UCR3iEpRZDhavOacxel3hbA_eMgynE62qmw_24920_27760.wav,CameronCao_UCR3iEpRZDhavOacxel3hbA_eMgynE62qmw,24920,27760,2840
CameronCao_UCR3iEpRZDhavOacxel3hbA_eMgynE62qmw_28600_30376.wav,CameronCao_UCR3iEpRZDhavOacxel3hbA_eMgynE62qmw,28600,30376,1776
CameronCao_UCR3iEpRZDhavOacxel3hbA_eMgynE62qmw_31024_37264.wav,CameronCao_UCR3iEpRZDhavOacxel3hbA_eMgynE62qmw,31024,37264,6240
CameronCao_UCR3iEpRZDhavOacxel3hbA_eMgynE62qmw_37920_45840.wav,CameronCao_UCR3iEpRZDhavOacxel3hbA_eMgynE62qmw,37920,45840,7920
CameronCao_UCR3iEpRZDhavOacxel3hbA_eMgynE62qmw_46696_52180.wav,CameronCao_UCR3iEpRZDhavOacxel3hbA_eMgynE62qmw,46696,52180,5484
CameronCao_UCR3iEpRZDhavOacxel3hbA_eMgynE62qmw_52332_55128.wav,CameronCao_UCR3iEpRZDhavOacxel3hbA_eMgynE62qmw,52332,55128,2796
CameronCao_UCR3iEpRZDhavOacxel3hbA_eMgynE62qmw_55672_57192.wav,CameronCao_UCR3iEpRZDhavOacxel3hbA_eMgynE62qmw,55672,57192,1520
CameronCao_UCR3iEpRZDhavOacxel3hbA_eMgynE62qmw_57640_65952.wav,CameronCao_UCR3iEpRZDhavOacxel3hbA_eMgynE62qmw,57640,65952,8312
CameronCao_UCR3iEpRZDhavOacxel3hbA_eMgynE62qmw_66112_67120.wav,CameronCao_UCR3iEpRZDhavOacxel3hbA_eMgynE62qmw,66112,67120,1008
CameronCao_UCR3iEpRZDhavOacxel3hbA_eMgynE62qmw_67480_74200.wav,CameronCao_UCR3iEpRZDhavOacxel3hbA_eMgynE62qmw,67480,74200,6720
CameronCao_UCR3iEpRZDhavOacxel3hbA_eMgynE62qmw_74496_78392.wav,CameronCao_UCR3iEpRZDhavOacxel3hbA_eMgynE62qmw,74496,78392,3896
CameronCao_UCR3iEpRZDhavOacxel3hbA_eMgynE62qmw_78656_84072.wav,CameronCao_UCR3iEpRZDhavOacxel3hbA_eMgynE62qmw,78656,84072,5416
CameronCao_UCR3iEpRZDhavOacxel3hbA_eMgynE62qmw_84480_88156.wav,CameronCao_UCR3iEpRZDhavOacxel3hbA_eMgynE62qmw,84480,88156,3676
CameronCao_UCR3iEpRZDhavOacxel3hbA_eMgynE62qmw_88308_89292.wav,CameronCao_UCR3iEpRZDhavOacxel3hbA_eMgynE62qmw,88308,89292,984
CameronCao_UCR3iEpRZDhavOacxel3hbA_eMgynE62qmw_89444_94342.wav,CameronCao_UCR3iEpRZDhavOacxel3hbA_eMgynE62qmw,89444,94342,4898
CameronCao_UCR3iEpRZDhavOacxel3hbA_eMgynE62qmw_94574_99967.wav,CameronCao_UCR3iEpRZDhavOacxel3hbA_eMgynE62qmw,94574,99967,5393
CameronCao_UCR3iEpRZDhavOacxel3hbA_eMgynE62qmw_100087_113792.wav,CameronCao_UCR3iEpRZDhavOacxel3hbA_eMgynE62qmw,100087,113792,13705
CameronCao_UCR3iEpRZDhavOacxel3hbA_eMgynE62qmw_114120_115488.wav,CameronCao_UCR3iEpRZDhavOacxel3hbA_eMgynE62qmw,114120,115488,1368
CameronCao_UCR3iEpRZDhavOacxel3hbA_eMgynE62qmw_115848_121072.wav,CameronCao_UCR3iEpRZDhavOacxel3hbA_eMgynE62qmw,115848,121072,5224
CameronCao_UCR3iEpRZDhavOacxel3hbA_eMgynE62qmw_121472_121672.wav,CameronCao_UCR3iEpRZDhavOacxel3hbA_eMgynE62qmw,121472,121672,200
CameronCao_UCR3iEpRZDhavOacxel3hbA_eMgynE62qmw_121952_126504.wav,CameronCao_UCR3iEpRZDhavOacxel3hbA_eMgynE62qmw,121952,126504,4552
CameronCao_UCR3iEpRZDhavOacxel3hbA_eMgynE62qmw_127080_129816.wav,CameronCao_UCR3iEpRZDhavOacxel3hbA_eMgynE62qmw,127080,129816,2736
CameronCao_UCR3iEpRZDhavOacxel3hbA_eMgynE62qmw_130272_130408.wav,CameronCao_UCR3iEpRZDhavOacxel3hbA_eMgynE62qmw,130272,130408,136
CameronCao_UCR3iEpRZDhavOacxel3hbA_eMgynE62qmw_130752_135068.wav,CameronCao_UCR3iEpRZDhavOacxel3hbA_eMgynE62qmw,130752,135068,4316
CameronCao_UCR3iEpRZDhavOacxel3hbA_eMgynE62qmw_135268_147944.wav,CameronCao_UCR3iEpRZDhavOacxel3hbA_eMgynE62qmw,135268,147944,12676
CameronCao_UCR3iEpRZDhavOacxel3hbA_eMgynE62qmw_148208_154440.wav,CameronCao_UCR3iEpRZDhavOacxel3hbA_eMgynE62qmw,148208,154440,6232
CameronCao_UCR3iEpRZDhavOacxel3hbA_eMgynE62qmw_154576_166856.wav,CameronCao_UCR3iEpRZDhavOacxel3hbA_eMgynE62qmw,154576,166856,12280
CameronCao_UCR3iEpRZDhavOacxel3hbA_eMgynE62qmw_167776_168296.wav,CameronCao_UCR3iEpRZDhavOacxel3hbA_eMgynE62qmw,167776,168296,520
CameronCao_UCR3iEpRZDhavOacxel3hbA_eMgynE62qmw_168456_175392.wav,CameronCao_UCR3iEpRZDhavOacxel3hbA_eMgynE62qmw,168456,175392,6936
CameronCao_UCR3iEpRZDhavOacxel3hbA_eMgynE62qmw_175496_188680.wav,CameronCao_UCR3iEpRZDhavOacxel3hbA_eMgynE62qmw,175496,188680,13184
CameronCao_UCR3iEpRZDhavOacxel3hbA_eMgynE62qmw_188800_190616.wav,CameronCao_UCR3iEpRZDhavOacxel3hbA_eMgynE62qmw,188800,190616,1816
CameronCao_UCR3iEpRZDhavOacxel3hbA_eMgynE62qmw_190984_194480.wav,CameronCao_UCR3iEpRZDhavOacxel3hbA_eMgynE62qmw,190984,194480,3496
CameronCao_UCR3iEpRZDhavOacxel3hbA_eMgynE62qmw_194744_202472.wav,CameronCao_UCR3iEpRZDhavOacxel3hbA_eMgynE62qmw,194744,202472,7728
CameronCao_UCR3iEpRZDhavOacxel3hbA_eMgynE62qmw_202736_212320.wav,CameronCao_UCR3iEpRZDhavOacxel3hbA_eMgynE62qmw,202736,212320,9584
CameronCao_UCR3iEpRZDhavOacxel3hbA_eMgynE62qmw_212624_214648.wav,CameronCao_UCR3iEpRZDhavOacxel3hbA_eMgynE62qmw,212624,214648,2024
CameronCao_UCR3iEpRZDhavOacxel3hbA_eMgynE62qmw_214944_218024.wav,CameronCao_UCR3iEpRZDhavOacxel3hbA_eMgynE62qmw,214944,218024,3080
CameronCao_UCR3iEpRZDhavOacxel3hbA_eMgynE62qmw_218304_218560.wav,CameronCao_UCR3iEpRZDhavOacxel3hbA_eMgynE62qmw,218304,218560,256
CameronCao_UCR3iEpRZDhavOacxel3hbA_eMgynE62qmw_218816_223672.wav,CameronCao_UCR3iEpRZDhavOacxel3hbA_eMgynE62qmw,218816,223672,4856
CameronCao_UCR3iEpRZDhavOacxel3hbA_eMgynE62qmw_225328_229792.wav,CameronCao_UCR3iEpRZDhavOacxel3hbA_eMgynE62qmw,225328,229792,4464
CameronCao_UCR3iEpRZDhavOacxel3hbA_eMgynE62qmw_229928_238696.wav,CameronCao_UCR3iEpRZDhavOacxel3hbA_eMgynE62qmw,229928,238696,8768
CameronCao_UCR3iEpRZDhavOacxel3hbA_eMgynE62qmw_238840_248400.wav,CameronCao_UCR3iEpRZDhavOacxel3hbA_eMgynE62qmw,238840,248400,9560
CameronCao_UCR3iEpRZDhavOacxel3hbA_eMgynE62qmw_248880_254898.wav,CameronCao_UCR3iEpRZDhavOacxel3hbA_eMgynE62qmw,248880,254898,6018
CameronCao_UCR3iEpRZDhavOacxel3hbA_eMgynE62qmw_255066_260124.wav,CameronCao_UCR3iEpRZDhavOacxel3hbA_eMgynE62qmw,255066,260124,5058
CameronCao_UCR3iEpRZDhavOacxel3hbA_eMgynE62qmw_260420_266973.wav,CameronCao_UCR3iEpRZDhavOacxel3hbA_eMgynE62qmw,260420,266973,6553
CameronCao_UCR3iEpRZDhavOacxel3hbA_eMgynE62qmw_267125_272974.wav,CameronCao_UCR3iEpRZDhavOacxel3hbA_eMgynE62qmw,267125,272974,5849
CameronCao_UCR3iEpRZDhavOacxel3hbA_eMgynE62qmw_273158_275664.wav,CameronCao_UCR3iEpRZDhavOacxel3hbA_eMgynE62qmw,273158,275664,2506
CameronCao_UCR3iEpRZDhavOacxel3hbA_eMgynE62qmw_276296_278512.wav,CameronCao_UCR3iEpRZDhavOacxel3hbA_eMgynE62qmw,276296,278512,2216
CameronCao_UCR3iEpRZDhavOacxel3hbA_eMgynE62qmw_279280_287762.wav,CameronCao_UCR3iEpRZDhavOacxel3hbA_eMgynE62qmw,279280,287762,8482
CameronCao_UCR3iEpRZDhavOacxel3hbA_eMgynE62qmw_287914_297420.wav,CameronCao_UCR3iEpRZDhavOacxel3hbA_eMgynE62qmw,287914,297420,9506
CameronCao_UCR3iEpRZDhavOacxel3hbA_eMgynE62qmw_297974_306232.wav,CameronCao_UCR3iEpRZDhavOacxel3hbA_eMgynE62qmw,297974,306232,8258
CameronCao_UCR3iEpRZDhavOacxel3hbA_eMgynE62qmw_306472_307848.wav,CameronCao_UCR3iEpRZDhavOacxel3hbA_eMgynE62qmw,306472,307848,1376
CameronCao_UCR3iEpRZDhavOacxel3hbA_eMgynE62qmw_308072_316708.wav,CameronCao_UCR3iEpRZDhavOacxel3hbA_eMgynE62qmw,308072,316708,8636
CameronCao_UCR3iEpRZDhavOacxel3hbA_eMgynE62qmw_316972_321928.wav,CameronCao_UCR3iEpRZDhavOacxel3hbA_eMgynE62qmw,316972,321928,4956
CameronCao_UCR3iEpRZDhavOacxel3hbA_eMgynE62qmw_322208_332322.wav,CameronCao_UCR3iEpRZDhavOacxel3hbA_eMgynE62qmw,322208,332322,10114
CameronCao_UCR3iEpRZDhavOacxel3hbA_eMgynE62qmw_332506_333906.wav,CameronCao_UCR3iEpRZDhavOacxel3hbA_eMgynE62qmw,332506,333906,1400
CameronCao_UCR3iEpRZDhavOacxel3hbA_eMgynE62qmw_334058_338948.wav,CameronCao_UCR3iEpRZDhavOacxel3hbA_eMgynE62qmw,334058,338948,4890
CameronCao_UCR3iEpRZDhavOacxel3hbA_eMgynE62qmw_339108_345668.wav,CameronCao_UCR3iEpRZDhavOacxel3hbA_eMgynE62qmw,339108,345668,6560
CameronCao_UCR3iEpRZDhavOacxel3hbA_eMgynE62qmw_345836_351160.wav,CameronCao_UCR3iEpRZDhavOacxel3hbA_eMgynE62qmw,345836,351160,5324
CameronCao_UCR3iEpRZDhavOacxel3hbA_eMgynE62qmw_352536_357312.wav,CameronCao_UCR3iEpRZDhavOacxel3hbA_eMgynE62qmw,352536,357312,4776
CameronCao_UCR3iEpRZDhavOacxel3hbA_eMgynE62qmw_358224_366592.wav,CameronCao_UCR3iEpRZDhavOacxel3hbA_eMgynE62qmw,358224,366592,8368
CameronCao_UCR3iEpRZDhavOacxel3hbA_eMgynE62qmw_366912_370656.wav,CameronCao_UCR3iEpRZDhavOacxel3hbA_eMgynE62qmw,366912,370656,3744
CameronCao_UCR3iEpRZDhavOacxel3hbA_eMgynE62qmw_371056_372040.wav,CameronCao_UCR3iEpRZDhavOacxel3hbA_eMgynE62qmw,371056,372040,984
CameronCao_UCR3iEpRZDhavOacxel3hbA_eMgynE62qmw_372724_372900.wav,CameronCao_UCR3iEpRZDhavOacxel3hbA_eMgynE62qmw,372724,372900,176
CameronCao_UCR3iEpRZDhavOacxel3hbA_eMgynE62qmw_373172_381758.wav,CameronCao_UCR3iEpRZDhavOacxel3hbA_eMgynE62qmw,373172,381758,8586
CameronCao_UCR3iEpRZDhavOacxel3hbA_eMgynE62qmw_381918_391999.wav,CameronCao_UCR3iEpRZDhavOacxel3hbA_eMgynE62qmw,381918,391999,10081
CameronCao_UCR3iEpRZDhavOacxel3hbA_eMgynE62qmw_392127_395176.wav,CameronCao_UCR3iEpRZDhavOacxel3hbA_eMgynE62qmw,392127,395176,3049
CameronCao_UCR3iEpRZDhavOacxel3hbA_eMgynE62qmw_395641_403803.wav,CameronCao_UCR3iEpRZDhavOacxel3hbA_eMgynE62qmw,395641,403803,8162
CameronCao_UCR3iEpRZDhavOacxel3hbA_eMgynE62qmw_404292_407072.wav,CameronCao_UCR3iEpRZDhavOacxel3hbA_eMgynE62qmw,404292,407072,2780
CameronCao_UCR3iEpRZDhavOacxel3hbA_eMgynE62qmw_407456_412312.wav,CameronCao_UCR3iEpRZDhavOacxel3hbA_eMgynE62qmw,407456,412312,4856
CameronCao_UCR3iEpRZDhavOacxel3hbA_eMgynE62qmw_412704_417352.wav,CameronCao_UCR3iEpRZDhavOacxel3hbA_eMgynE62qmw,412704,417352,4648
CameronCao_UCR3iEpRZDhavOacxel3hbA_eMgynE62qmw_417944_418312.wav,CameronCao_UCR3iEpRZDhavOacxel3hbA_eMgynE62qmw,417944,418312,368
CameronCao_UCR3iEpRZDhavOacxel3hbA_eMgynE62qmw_418864_420320.wav,CameronCao_UCR3iEpRZDhavOacxel3hbA_eMgynE62qmw,418864,420320,1456
CameronCao_UCR3iEpRZDhavOacxel3hbA_eMgynE62qmw_420448_428984.wav,CameronCao_UCR3iEpRZDhavOacxel3hbA_eMgynE62qmw,420448,428984,8536
CameronCao_UCR3iEpRZDhavOacxel3hbA_eMgynE62qmw_429808_433104.wav,CameronCao_UCR3iEpRZDhavOacxel3hbA_eMgynE62qmw,429808,433104,3296
CameronCao_UCR3iEpRZDhavOacxel3hbA_eMgynE62qmw_433360_441130.wav,CameronCao_UCR3iEpRZDhavOacxel3hbA_eMgynE62qmw,433360,441130,7770
CameronCao_UCR3iEpRZDhavOacxel3hbA_eMgynE62qmw_441282_442924.wav,CameronCao_UCR3iEpRZDhavOacxel3hbA_eMgynE62qmw,441282,442924,1642
CameronCao_UCR3iEpRZDhavOacxel3hbA_eMgynE62qmw_443084_443828.wav,CameronCao_UCR3iEpRZDhavOacxel3hbA_eMgynE62qmw,443084,443828,744
CameronCao_UCR3iEpRZDhavOacxel3hbA_eMgynE62qmw_444028_446144.wav,CameronCao_UCR3iEpRZDhavOacxel3hbA_eMgynE62qmw,444028,446144,2116
CameronCao_UCR3iEpRZDhavOacxel3hbA_eMgynE62qmw_446832_448912.wav,CameronCao_UCR3iEpRZDhavOacxel3hbA_eMgynE62qmw,446832,448912,2080
CameronCao_UCR3iEpRZDhavOacxel3hbA_eMgynE62qmw_449544_452832.wav,CameronCao_UCR3iEpRZDhavOacxel3hbA_eMgynE62qmw,449544,452832,3288
CameronCao_UCR3iEpRZDhavOacxel3hbA_eMgynE62qmw_453272_454120.wav,CameronCao_UCR3iEpRZDhavOacxel3hbA_eMgynE62qmw,453272,454120,848
CameronCao_UCR3iEpRZDhavOacxel3hbA_eMgynE62qmw_454648_455104.wav,CameronCao_UCR3iEpRZDhavOacxel3hbA_eMgynE62qmw,454648,455104,456
CameronCao_UCR3iEpRZDhavOacxel3hbA_eMgynE62qmw_455856_456688.wav,CameronCao_UCR3iEpRZDhavOacxel3hbA_eMgynE62qmw,455856,456688,832
CameronCao_UCR3iEpRZDhavOacxel3hbA_eMgynE62qmw_456944_457112.wav,CameronCao_UCR3iEpRZDhavOacxel3hbA_eMgynE62qmw,456944,457112,168
CameronCao_UCR3iEpRZDhavOacxel3hbA_eMgynE62qmw_457296_463792.wav,CameronCao_UCR3iEpRZDhavOacxel3hbA_eMgynE62qmw,457296,463792,6496
CameronCao_UCR3iEpRZDhavOacxel3hbA_eMgynE62qmw_463976_469144.wav,CameronCao_UCR3iEpRZDhavOacxel3hbA_eMgynE62qmw,463976,469144,5168
CameronCao_UCR3iEpRZDhavOacxel3hbA_eMgynE62qmw_469312_469744.wav,CameronCao_UCR3iEpRZDhavOacxel3hbA_eMgynE62qmw,469312,469744,432
CameronCao_UCR3iEpRZDhavOacxel3hbA_eMgynE62qmw_470072_471676.wav,CameronCao_UCR3iEpRZDhavOacxel3hbA_eMgynE62qmw,470072,471676,1604
CameronCao_UCR3iEpRZDhavOacxel3hbA_eMgynE62qmw_471956_475884.wav,CameronCao_UCR3iEpRZDhavOacxel3hbA_eMgynE62qmw,471956,475884,3928
CameronCao_UCR3iEpRZDhavOacxel3hbA_eMgynE62qmw_476236_476956.wav,CameronCao_UCR3iEpRZDhavOacxel3hbA_eMgynE62qmw,476236,476956,720
CameronCao_UCR3iEpRZDhavOacxel3hbA_eMgynE62qmw_477204_482540.wav,CameronCao_UCR3iEpRZDhavOacxel3hbA_eMgynE62qmw,477204,482540,5336
CameronCao_UCR3iEpRZDhavOacxel3hbA_eMgynE62qmw_482692_482948.wav,CameronCao_UCR3iEpRZDhavOacxel3hbA_eMgynE62qmw,482692,482948,256
CameronCao_UCR3iEpRZDhavOacxel3hbA_eMgynE62qmw_483124_492048.wav,CameronCao_UCR3iEpRZDhavOacxel3hbA_eMgynE62qmw,483124,492048,8924
CameronCao_UCR3iEpRZDhavOacxel3hbA_eMgynE62qmw_492176_494588.wav,CameronCao_UCR3iEpRZDhavOacxel3hbA_eMgynE62qmw,492176,494588,2412
CameronCao_UCR3iEpRZDhavOacxel3hbA_eMgynE62qmw_494748_495004.wav,CameronCao_UCR3iEpRZDhavOacxel3hbA_eMgynE62qmw,494748,495004,256
CameronCao_UCR3iEpRZDhavOacxel3hbA_eMgynE62qmw_495244_498804.wav,CameronCao_UCR3iEpRZDhavOacxel3hbA_eMgynE62qmw,495244,498804,3560
CameronCao_UCR3iEpRZDhavOacxel3hbA_eMgynE62qmw_499068_501724.wav,CameronCao_UCR3iEpRZDhavOacxel3hbA_eMgynE62qmw,499068,501724,2656
CameronCao_UCR3iEpRZDhavOacxel3hbA_eMgynE62qmw_502012_504888.wav,CameronCao_UCR3iEpRZDhavOacxel3hbA_eMgynE62qmw,502012,504888,2876
CameronCao_UCR3iEpRZDhavOacxel3hbA_eMgynE62qmw_505424_509664.wav,CameronCao_UCR3iEpRZDhavOacxel3hbA_eMgynE62qmw,505424,509664,4240
CameronCao_UCR3iEpRZDhavOacxel3hbA_eMgynE62qmw_510552_511216.wav,CameronCao_UCR3iEpRZDhavOacxel3hbA_eMgynE62qmw,510552,511216,664
CameronCao_UCR3iEpRZDhavOacxel3hbA_eMgynE62qmw_511472_513176.wav,CameronCao_UCR3iEpRZDhavOacxel3hbA_eMgynE62qmw,511472,513176,1704
CameronCao_UCR3iEpRZDhavOacxel3hbA_eMgynE62qmw_513432_515824.wav,CameronCao_UCR3iEpRZDhavOacxel3hbA_eMgynE62qmw,513432,515824,2392
CameronCao_UCR3iEpRZDhavOacxel3hbA_eMgynE62qmw_516120_523108.wav,CameronCao_UCR3iEpRZDhavOacxel3hbA_eMgynE62qmw,516120,523108,6988
CameronCao_UCR3iEpRZDhavOacxel3hbA_eMgynE62qmw_523452_523776.wav,CameronCao_UCR3iEpRZDhavOacxel3hbA_eMgynE62qmw,523452,523776,324
CameronCao_UCR3iEpRZDhavOacxel3hbA_eMgynE62qmw_524168_524704.wav,CameronCao_UCR3iEpRZDhavOacxel3hbA_eMgynE62qmw,524168,524704,536
CameronCao_UCR3iEpRZDhavOacxel3hbA_eMgynE62qmw_525080_526440.wav,CameronCao_UCR3iEpRZDhavOacxel3hbA_eMgynE62qmw,525080,526440,1360
CameronCao_UCR3iEpRZDhavOacxel3hbA_eMgynE62qmw_526752_531480.wav,CameronCao_UCR3iEpRZDhavOacxel3hbA_eMgynE62qmw,526752,531480,4728
CameronCao_UCR3iEpRZDhavOacxel3hbA_eMgynE62qmw_531760_532864.wav,CameronCao_UCR3iEpRZDhavOacxel3hbA_eMgynE62qmw,531760,532864,1104
CameronCao_UCR3iEpRZDhavOacxel3hbA_eMgynE62qmw_533840_537856.wav,CameronCao_UCR3iEpRZDhavOacxel3hbA_eMgynE62qmw,533840,537856,4016
CameronCao_UCR3iEpRZDhavOacxel3hbA_eMgynE62qmw_538128_538864.wav,CameronCao_UCR3iEpRZDhavOacxel3hbA_eMgynE62qmw,538128,538864,736
CameronCao_UCR3iEpRZDhavOacxel3hbA_eMgynE62qmw_539312_544276.wav,CameronCao_UCR3iEpRZDhavOacxel3hbA_eMgynE62qmw,539312,544276,4964
CameronCao_UCR3iEpRZDhavOacxel3hbA_eMgynE62qmw_544476_553700.wav,CameronCao_UCR3iEpRZDhavOacxel3hbA_eMgynE62qmw,544476,553700,9224
CameronCao_UCR3iEpRZDhavOacxel3hbA_eMgynE62qmw_553900_558184.wav,CameronCao_UCR3iEpRZDhavOacxel3hbA_eMgynE62qmw,553900,558184,4284
CameronCao_UCR3iEpRZDhavOacxel3hbA_eMgynE62qmw_559072_560224.wav,CameronCao_UCR3iEpRZDhavOacxel3hbA_eMgynE62qmw,559072,560224,1152
CameronCao_UCR3iEpRZDhavOacxel3hbA_eMgynE62qmw_560768_565560.wav,CameronCao_UCR3iEpRZDhavOacxel3hbA_eMgynE62qmw,560768,565560,4792
CameronCao_UCR3iEpRZDhavOacxel3hbA_eMgynE62qmw_565776_569360.wav,CameronCao_UCR3iEpRZDhavOacxel3hbA_eMgynE62qmw,565776,569360,3584
CameronCao_UCR3iEpRZDhavOacxel3hbA_eMgynE62qmw_569560_569888.wav,CameronCao_UCR3iEpRZDhavOacxel3hbA_eMgynE62qmw,569560,569888,328
CameronCao_UCR3iEpRZDhavOacxel3hbA_eMgynE62qmw_570144_571408.wav,CameronCao_UCR3iEpRZDhavOacxel3hbA_eMgynE62qmw,570144,571408,1264
CameronCao_UCR3iEpRZDhavOacxel3hbA_eMgynE62qmw_571664_575448.wav,CameronCao_UCR3iEpRZDhavOacxel3hbA_eMgynE62qmw,571664,575448,3784
CameronCao_UCR3iEpRZDhavOacxel3hbA_eMgynE62qmw_575712_579064.wav,CameronCao_UCR3iEpRZDhavOacxel3hbA_eMgynE62qmw,575712,579064,3352
CameronCao_UCR3iEpRZDhavOacxel3hbA_eMgynE62qmw_579744_584000.wav,CameronCao_UCR3iEpRZDhavOacxel3hbA_eMgynE62qmw,579744,584000,4256
CameronCao_UCR3iEpRZDhavOacxel3hbA_eMgynE62qmw_584248_584525.wav,CameronCao_UCR3iEpRZDhavOacxel3hbA_eMgynE62qmw,584248,584525,277
CameronCao_UCR3iEpRZDhavOacxel3hbA_eMgynE62qmw_584709_585437.wav,CameronCao_UCR3iEpRZDhavOacxel3hbA_eMgynE62qmw,584709,585437,728
CameronCao_UCR3iEpRZDhavOacxel3hbA_eMgynE62qmw_585605_592680.wav,CameronCao_UCR3iEpRZDhavOacxel3hbA_eMgynE62qmw,585605,592680,7075
CameronCao_UCR3iEpRZDhavOacxel3hbA_eMgynE62qmw_593336_598584.wav,CameronCao_UCR3iEpRZDhavOacxel3hbA_eMgynE62qmw,593336,598584,5248
CameronCao_UCR3iEpRZDhavOacxel3hbA_eMgynE62qmw_598840_605872.wav,CameronCao_UCR3iEpRZDhavOacxel3hbA_eMgynE62qmw,598840,605872,7032
CameronCao_UCR3iEpRZDhavOacxel3hbA_eMgynE62qmw_606184_607416.wav,CameronCao_UCR3iEpRZDhavOacxel3hbA_eMgynE62qmw,606184,607416,1232
CameronCao_UCR3iEpRZDhavOacxel3hbA_eMgynE62qmw_607688_614632.wav,CameronCao_UCR3iEpRZDhavOacxel3hbA_eMgynE62qmw,607688,614632,6944
CameronCao_UCR3iEpRZDhavOacxel3hbA_eMgynE62qmw_614944_616800.wav,CameronCao_UCR3iEpRZDhavOacxel3hbA_eMgynE62qmw,614944,616800,1856
CameronCao_UCR3iEpRZDhavOacxel3hbA_eMgynE62qmw_617208_617488.wav,CameronCao_UCR3iEpRZDhavOacxel3hbA_eMgynE62qmw,617208,617488,280
CameronCao_UCR3iEpRZDhavOacxel3hbA_eMgynE62qmw_617784_619024.wav,CameronCao_UCR3iEpRZDhavOacxel3hbA_eMgynE62qmw,617784,619024,1240
CameronCao_UCR3iEpRZDhavOacxel3hbA_eMgynE62qmw_619688_620040.wav,CameronCao_UCR3iEpRZDhavOacxel3hbA_eMgynE62qmw,619688,620040,352
CameronCao_UCR3iEpRZDhavOacxel3hbA_eMgynE62qmw_620592_620768.wav,CameronCao_UCR3iEpRZDhavOacxel3hbA_eMgynE62qmw,620592,620768,176
CameronCao_UCR3iEpRZDhavOacxel3hbA_eMgynE62qmw_621168_626776.wav,CameronCao_UCR3iEpRZDhavOacxel3hbA_eMgynE62qmw,621168,626776,5608
CameronCao_UCR3iEpRZDhavOacxel3hbA_eMgynE62qmw_627048_628368.wav,CameronCao_UCR3iEpRZDhavOacxel3hbA_eMgynE62qmw,627048,628368,1320
CameronCao_UCR3iEpRZDhavOacxel3hbA_eMgynE62qmw_628584_635304.wav,CameronCao_UCR3iEpRZDhavOacxel3hbA_eMgynE62qmw,628584,635304,6720
CameronCao_UCR3iEpRZDhavOacxel3hbA_eMgynE62qmw_636480_641556.wav,CameronCao_UCR3iEpRZDhavOacxel3hbA_eMgynE62qmw,636480,641556,5076
CameronCao_UCR3iEpRZDhavOacxel3hbA_eMgynE62qmw_641772_648252.wav,CameronCao_UCR3iEpRZDhavOacxel3hbA_eMgynE62qmw,641772,648252,6480
CameronCao_UCR3iEpRZDhavOacxel3hbA_eMgynE62qmw_648500_650104.wav,CameronCao_UCR3iEpRZDhavOacxel3hbA_eMgynE62qmw,648500,650104,1604
CameronCao_UCR3iEpRZDhavOacxel3hbA_eMgynE62qmw_650544_652800.wav,CameronCao_UCR3iEpRZDhavOacxel3hbA_eMgynE62qmw,650544,652800,2256
CameronCao_UCR3iEpRZDhavOacxel3hbA_eMgynE62qmw_653448_655272.wav,CameronCao_UCR3iEpRZDhavOacxel3hbA_eMgynE62qmw,653448,655272,1824
CameronCao_UCR3iEpRZDhavOacxel3hbA_eMgynE62qmw_655472_666192.wav,CameronCao_UCR3iEpRZDhavOacxel3hbA_eMgynE62qmw,655472,666192,10720
CameronCao_UCR3iEpRZDhavOacxel3hbA_eMgynE62qmw_666576_671480.wav,CameronCao_UCR3iEpRZDhavOacxel3hbA_eMgynE62qmw,666576,671480,4904
CameronCao_UCR3iEpRZDhavOacxel3hbA_eMgynE62qmw_671832_677920.wav,CameronCao_UCR3iEpRZDhavOacxel3hbA_eMgynE62qmw,671832,677920,6088
CameronCao_UCR3iEpRZDhavOacxel3hbA_eMgynE62qmw_678200_680466.wav,CameronCao_UCR3iEpRZDhavOacxel3hbA_eMgynE62qmw,678200,680466,2266
CameronCao_UCR3iEpRZDhavOacxel3hbA_eMgynE62qmw_680610_680914.wav,CameronCao_UCR3iEpRZDhavOacxel3hbA_eMgynE62qmw,680610,680914,304
CameronCao_UCR3iEpRZDhavOacxel3hbA_eMgynE62qmw_681050_688396.wav,CameronCao_UCR3iEpRZDhavOacxel3hbA_eMgynE62qmw,681050,688396,7346
CameronCao_UCR3iEpRZDhavOacxel3hbA_eMgynE62qmw_688564_690316.wav,CameronCao_UCR3iEpRZDhavOacxel3hbA_eMgynE62qmw,688564,690316,1752
CameronCao_UCR3iEpRZDhavOacxel3hbA_eMgynE62qmw_690484_690976.wav,CameronCao_UCR3iEpRZDhavOacxel3hbA_eMgynE62qmw,690484,690976,492
CameronCao_UCR3iEpRZDhavOacxel3hbA_eMgynE62qmw_691456_692264.wav,CameronCao_UCR3iEpRZDhavOacxel3hbA_eMgynE62qmw,691456,692264,808
CameronCao_UCR3iEpRZDhavOacxel3hbA_eMgynE62qmw_692656_696368.wav,CameronCao_UCR3iEpRZDhavOacxel3hbA_eMgynE62qmw,692656,696368,3712
CameronCao_UCR3iEpRZDhavOacxel3hbA_eMgynE62qmw_696672_698136.wav,CameronCao_UCR3iEpRZDhavOacxel3hbA_eMgynE62qmw,696672,698136,1464
CameronCao_UCR3iEpRZDhavOacxel3hbA_eMgynE62qmw_698624_699392.wav,CameronCao_UCR3iEpRZDhavOacxel3hbA_eMgynE62qmw,698624,699392,768
CameronCao_UCR3iEpRZDhavOacxel3hbA_eMgynE62qmw_699592_703024.wav,CameronCao_UCR3iEpRZDhavOacxel3hbA_eMgynE62qmw,699592,703024,3432
CameronCao_UCR3iEpRZDhavOacxel3hbA_eMgynE62qmw_703248_704976.wav,CameronCao_UCR3iEpRZDhavOacxel3hbA_eMgynE62qmw,703248,704976,1728
CameronCao_UCR3iEpRZDhavOacxel3hbA_eMgynE62qmw_705184_707424.wav,CameronCao_UCR3iEpRZDhavOacxel3hbA_eMgynE62qmw,705184,707424,2240
CameronCao_UCR3iEpRZDhavOacxel3hbA_eMgynE62qmw_708184_711152.wav,CameronCao_UCR3iEpRZDhavOacxel3hbA_eMgynE62qmw,708184,711152,2968
CameronCao_UCR3iEpRZDhavOacxel3hbA_eMgynE62qmw_711496_713522.wav,CameronCao_UCR3iEpRZDhavOacxel3hbA_eMgynE62qmw,711496,713522,2026
CameronCao_UCR3iEpRZDhavOacxel3hbA_eMgynE62qmw_713738_720628.wav,CameronCao_UCR3iEpRZDhavOacxel3hbA_eMgynE62qmw,713738,720628,6890
CameronCao_UCR3iEpRZDhavOacxel3hbA_eMgynE62qmw_720964_724168.wav,CameronCao_UCR3iEpRZDhavOacxel3hbA_eMgynE62qmw,720964,724168,3204
CameronCao_UCR3iEpRZDhavOacxel3hbA_eMgynE62qmw_724744_724896.wav,CameronCao_UCR3iEpRZDhavOacxel3hbA_eMgynE62qmw,724744,724896,152
CameronCao_UCR3iEpRZDhavOacxel3hbA_eMgynE62qmw_725168_726768.wav,CameronCao_UCR3iEpRZDhavOacxel3hbA_eMgynE62qmw,725168,726768,1600
CameronCao_UCR3iEpRZDhavOacxel3hbA_eMgynE62qmw_727128_730672.wav,CameronCao_UCR3iEpRZDhavOacxel3hbA_eMgynE62qmw,727128,730672,3544
CameronCao_UCR3iEpRZDhavOacxel3hbA_eMgynE62qmw_731008_734328.wav,CameronCao_UCR3iEpRZDhavOacxel3hbA_eMgynE62qmw,731008,734328,3320
CameronCao_UCR3iEpRZDhavOacxel3hbA_eMgynE62qmw_735002_735634.wav,CameronCao_UCR3iEpRZDhavOacxel3hbA_eMgynE62qmw,735002,735634,632
CameronCao_UCR3iEpRZDhavOacxel3hbA_eMgynE62qmw_735786_736930.wav,CameronCao_UCR3iEpRZDhavOacxel3hbA_eMgynE62qmw,735786,736930,1144
CameronCao_UCR3iEpRZDhavOacxel3hbA_eMgynE62qmw_737098_740402.wav,CameronCao_UCR3iEpRZDhavOacxel3hbA_eMgynE62qmw,737098,740402,3304
CameronCao_UCR3iEpRZDhavOacxel3hbA_eMgynE62qmw_740586_743187.wav,CameronCao_UCR3iEpRZDhavOacxel3hbA_eMgynE62qmw,740586,743187,2601
CameronCao_UCR3iEpRZDhavOacxel3hbA_eMgynE62qmw_743507_748404.wav,CameronCao_UCR3iEpRZDhavOacxel3hbA_eMgynE62qmw,743507,748404,4897
CameronCao_UCR3iEpRZDhavOacxel3hbA_eMgynE62qmw_748612_750464.wav,CameronCao_UCR3iEpRZDhavOacxel3hbA_eMgynE62qmw,748612,750464,1852
CameronCao_UCR3iEpRZDhavOacxel3hbA_eMgynE62qmw_750928_754168.wav,CameronCao_UCR3iEpRZDhavOacxel3hbA_eMgynE62qmw,750928,754168,3240
CameronCao_UCR3iEpRZDhavOacxel3hbA_eMgynE62qmw_754344_755176.wav,CameronCao_UCR3iEpRZDhavOacxel3hbA_eMgynE62qmw,754344,755176,832
CameronCao_UCR3iEpRZDhavOacxel3hbA_eMgynE62qmw_755376_761872.wav,CameronCao_UCR3iEpRZDhavOacxel3hbA_eMgynE62qmw,755376,761872,6496
CameronCao_UCR3iEpRZDhavOacxel3hbA_eMgynE62qmw_762024_762960.wav,CameronCao_UCR3iEpRZDhavOacxel3hbA_eMgynE62qmw,762024,762960,936
CameronCao_UCR3iEpRZDhavOacxel3hbA_eMgynE62qmw_763120_763872.wav,CameronCao_UCR3iEpRZDhavOacxel3hbA_eMgynE62qmw,763120,763872,752
CameronCao_UCR3iEpRZDhavOacxel3hbA_eMgynE62qmw_764312_767436.wav,CameronCao_UCR3iEpRZDhavOacxel3hbA_eMgynE62qmw,764312,767436,3124
CameronCao_UCR3iEpRZDhavOacxel3hbA_eMgynE62qmw_767660_773888.wav,CameronCao_UCR3iEpRZDhavOacxel3hbA_eMgynE62qmw,767660,773888,6228
CameronCao_UCR3iEpRZDhavOacxel3hbA_eMgynE62qmw_775544_775984.wav,CameronCao_UCR3iEpRZDhavOacxel3hbA_eMgynE62qmw,775544,775984,440
CameronCao_UCR3iEpRZDhavOacxel3hbA_eMgynE62qmw_777512_781424.wav,CameronCao_UCR3iEpRZDhavOacxel3hbA_eMgynE62qmw,777512,781424,3912
CameronCao_UCR3iEpRZDhavOacxel3hbA_eMgynE62qmw_783752_788096.wav,CameronCao_UCR3iEpRZDhavOacxel3hbA_eMgynE62qmw,783752,788096,4344
CameronCao_UCR3iEpRZDhavOacxel3hbA_eMgynE62qmw_788520_792404.wav,CameronCao_UCR3iEpRZDhavOacxel3hbA_eMgynE62qmw,788520,792404,3884
CameronCao_UCR3iEpRZDhavOacxel3hbA_eMgynE62qmw_792540_798536.wav,CameronCao_UCR3iEpRZDhavOacxel3hbA_eMgynE62qmw,792540,798536,5996
CameronCao_UCR3iEpRZDhavOacxel3hbA_eMgynE62qmw_798824_806728.wav,CameronCao_UCR3iEpRZDhavOacxel3hbA_eMgynE62qmw,798824,806728,7904
CameronCao_UCR3iEpRZDhavOacxel3hbA_eMgynE62qmw_806864_808688.wav,CameronCao_UCR3iEpRZDhavOacxel3hbA_eMgynE62qmw,806864,808688,1824
CameronCao_UCR3iEpRZDhavOacxel3hbA_eMgynE62qmw_808824_811440.wav,CameronCao_UCR3iEpRZDhavOacxel3hbA_eMgynE62qmw,808824,811440,2616
CameronCao_UCR3iEpRZDhavOacxel3hbA_eMgynE62qmw_811704_816344.wav,CameronCao_UCR3iEpRZDhavOacxel3hbA_eMgynE62qmw,811704,816344,4640
CameronCao_UCR3iEpRZDhavOacxel3hbA_eMgynE62qmw_816680_817104.wav,CameronCao_UCR3iEpRZDhavOacxel3hbA_eMgynE62qmw,816680,817104,424
CameronCao_UCR3iEpRZDhavOacxel3hbA_eMgynE62qmw_817480_822000.wav,CameronCao_UCR3iEpRZDhavOacxel3hbA_eMgynE62qmw,817480,822000,4520
CameronCao_UCR3iEpRZDhavOacxel3hbA_eMgynE62qmw_822360_824496.wav,CameronCao_UCR3iEpRZDhavOacxel3hbA_eMgynE62qmw,822360,824496,2136
CameronCao_UCR3iEpRZDhavOacxel3hbA_eMgynE62qmw_824784_830296.wav,CameronCao_UCR3iEpRZDhavOacxel3hbA_eMgynE62qmw,824784,830296,5512
CameronCao_UCR3iEpRZDhavOacxel3hbA_eMgynE62qmw_830656_836200.wav,CameronCao_UCR3iEpRZDhavOacxel3hbA_eMgynE62qmw,830656,836200,5544
CameronCao_UCR3iEpRZDhavOacxel3hbA_eMgynE62qmw_837016_838152.wav,CameronCao_UCR3iEpRZDhavOacxel3hbA_eMgynE62qmw,837016,838152,1136
CameronCao_UCR3iEpRZDhavOacxel3hbA_eMgynE62qmw_838696_845664.wav,CameronCao_UCR3iEpRZDhavOacxel3hbA_eMgynE62qmw,838696,845664,6968
CameronCao_UCR3iEpRZDhavOacxel3hbA_eMgynE62qmw_845816_847680.wav,CameronCao_UCR3iEpRZDhavOacxel3hbA_eMgynE62qmw,845816,847680,1864
CameronCao_UCR3iEpRZDhavOacxel3hbA_eMgynE62qmw_847952_850620.wav,CameronCao_UCR3iEpRZDhavOacxel3hbA_eMgynE62qmw,847952,850620,2668
CameronCao_UCR3iEpRZDhavOacxel3hbA_eMgynE62qmw_850836_859976.wav,CameronCao_UCR3iEpRZDhavOacxel3hbA_eMgynE62qmw,850836,859976,9140
CameronCao_UCR3iEpRZDhavOacxel3hbA_eMgynE62qmw_860296_861232.wav,CameronCao_UCR3iEpRZDhavOacxel3hbA_eMgynE62qmw,860296,861232,936
CameronCao_UCR3iEpRZDhavOacxel3hbA_eMgynE62qmw_861912_865440.wav,CameronCao_UCR3iEpRZDhavOacxel3hbA_eMgynE62qmw,861912,865440,3528
CameronCao_UCR3iEpRZDhavOacxel3hbA_eMgynE62qmw_865912_866768.wav,CameronCao_UCR3iEpRZDhavOacxel3hbA_eMgynE62qmw,865912,866768,856
CameronCao_UCR3iEpRZDhavOacxel3hbA_eMgynE62qmw_867064_867472.wav,CameronCao_UCR3iEpRZDhavOacxel3hbA_eMgynE62qmw,867064,867472,408
CameronCao_UCR3iEpRZDhavOacxel3hbA_eMgynE62qmw_867688_876400.wav,CameronCao_UCR3iEpRZDhavOacxel3hbA_eMgynE62qmw,867688,876400,8712
CameronCao_UCR3iEpRZDhavOacxel3hbA_eMgynE62qmw_877064_880680.wav,CameronCao_UCR3iEpRZDhavOacxel3hbA_eMgynE62qmw,877064,880680,3616
CameronCao_UCR3iEpRZDhavOacxel3hbA_eMgynE62qmw_882072_882624.wav,CameronCao_UCR3iEpRZDhavOacxel3hbA_eMgynE62qmw,882072,882624,552
CameronCao_UCR3iEpRZDhavOacxel3hbA_eMgynE62qmw_883024_883768.wav,CameronCao_UCR3iEpRZDhavOacxel3hbA_eMgynE62qmw,883024,883768,744
CameronCao_UCR3iEpRZDhavOacxel3hbA_eMgynE62qmw_884200_885784.wav,CameronCao_UCR3iEpRZDhavOacxel3hbA_eMgynE62qmw,884200,885784,1584
CameronCao_UCR3iEpRZDhavOacxel3hbA_eMgynE62qmw_886848_889968.wav,CameronCao_UCR3iEpRZDhavOacxel3hbA_eMgynE62qmw,886848,889968,3120
CameronCao_UCR3iEpRZDhavOacxel3hbA_eMgynE62qmw_891280_891824.wav,CameronCao_UCR3iEpRZDhavOacxel3hbA_eMgynE62qmw,891280,891824,544
CameronCao_UCR3iEpRZDhavOacxel3hbA_eMgynE62qmw_892136_895968.wav,CameronCao_UCR3iEpRZDhavOacxel3hbA_eMgynE62qmw,892136,895968,3832
CameronCao_UCR3iEpRZDhavOacxel3hbA_eMgynE62qmw_896384_898896.wav,CameronCao_UCR3iEpRZDhavOacxel3hbA_eMgynE62qmw,896384,898896,2512
CameronCao_UCR3iEpRZDhavOacxel3hbA_eMgynE62qmw_899464_899768.wav,CameronCao_UCR3iEpRZDhavOacxel3hbA_eMgynE62qmw,899464,899768,304
CameronCao_UCR3iEpRZDhavOacxel3hbA_eMgynE62qmw_900976_902352.wav,CameronCao_UCR3iEpRZDhavOacxel3hbA_eMgynE62qmw,900976,902352,1376
CameronCao_UCR3iEpRZDhavOacxel3hbA_eMgynE62qmw_902800_908544.wav,CameronCao_UCR3iEpRZDhavOacxel3hbA_eMgynE62qmw,902800,908544,5744
CameronCao_UCR3iEpRZDhavOacxel3hbA_eMgynE62qmw_909032_909864.wav,CameronCao_UCR3iEpRZDhavOacxel3hbA_eMgynE62qmw,909032,909864,832
CameronCao_UCR3iEpRZDhavOacxel3hbA_eMgynE62qmw_910200_916432.wav,CameronCao_UCR3iEpRZDhavOacxel3hbA_eMgynE62qmw,910200,916432,6232
CameronCao_UCR3iEpRZDhavOacxel3hbA_eMgynE62qmw_917056_919304.wav,CameronCao_UCR3iEpRZDhavOacxel3hbA_eMgynE62qmw,917056,919304,2248
CameronCao_UCR3iEpRZDhavOacxel3hbA_eMgynE62qmw_920328_921416.wav,CameronCao_UCR3iEpRZDhavOacxel3hbA_eMgynE62qmw,920328,921416,1088
CameronCao_UCR3iEpRZDhavOacxel3hbA_eMgynE62qmw_921696_924256.wav,CameronCao_UCR3iEpRZDhavOacxel3hbA_eMgynE62qmw,921696,924256,2560
CameronCao_UCR3iEpRZDhavOacxel3hbA_eMgynE62qmw_924712_929040.wav,CameronCao_UCR3iEpRZDhavOacxel3hbA_eMgynE62qmw,924712,929040,4328
CameronCao_UCR3iEpRZDhavOacxel3hbA_eMgynE62qmw_929192_929464.wav,CameronCao_UCR3iEpRZDhavOacxel3hbA_eMgynE62qmw,929192,929464,272
CameronCao_UCR3iEpRZDhavOacxel3hbA_eMgynE62qmw_929640_933224.wav,CameronCao_UCR3iEpRZDhavOacxel3hbA_eMgynE62qmw,929640,933224,3584
CameronCao_UCR3iEpRZDhavOacxel3hbA_eMgynE62qmw_933568_937040.wav,CameronCao_UCR3iEpRZDhavOacxel3hbA_eMgynE62qmw,933568,937040,3472
CameronCao_UCR3iEpRZDhavOacxel3hbA_eMgynE62qmw_937752_938548.wav,CameronCao_UCR3iEpRZDhavOacxel3hbA_eMgynE62qmw,937752,938548,796
CameronCao_UCR3iEpRZDhavOacxel3hbA_eMgynE62qmw_938724_941268.wav,CameronCao_UCR3iEpRZDhavOacxel3hbA_eMgynE62qmw,938724,941268,2544
CameronCao_UCR3iEpRZDhavOacxel3hbA_eMgynE62qmw_941460_947224.wav,CameronCao_UCR3iEpRZDhavOacxel3hbA_eMgynE62qmw,941460,947224,5764
CameronCao_UCR3iEpRZDhavOacxel3hbA_eMgynE62qmw_947488_955496.wav,CameronCao_UCR3iEpRZDhavOacxel3hbA_eMgynE62qmw,947488,955496,8008
CameronCao_UCR3iEpRZDhavOacxel3hbA_eMgynE62qmw_955632_957600.wav,CameronCao_UCR3iEpRZDhavOacxel3hbA_eMgynE62qmw,955632,957600,1968
CameronCao_UCR3iEpRZDhavOacxel3hbA_eMgynE62qmw_957736_962688.wav,CameronCao_UCR3iEpRZDhavOacxel3hbA_eMgynE62qmw,957736,962688,4952
CameronCao_UCR3iEpRZDhavOacxel3hbA_eMgynE62qmw_962840_964024.wav,CameronCao_UCR3iEpRZDhavOacxel3hbA_eMgynE62qmw,962840,964024,1184
CameronCao_UCR3iEpRZDhavOacxel3hbA_eMgynE62qmw_964472_965680.wav,CameronCao_UCR3iEpRZDhavOacxel3hbA_eMgynE62qmw,964472,965680,1208
CameronCao_UCR3iEpRZDhavOacxel3hbA_eMgynE62qmw_966136_968848.wav,CameronCao_UCR3iEpRZDhavOacxel3hbA_eMgynE62qmw,966136,968848,2712
CameronCao_UCR3iEpRZDhavOacxel3hbA_eMgynE62qmw_969656_971256.wav,CameronCao_UCR3iEpRZDhavOacxel3hbA_eMgynE62qmw,969656,971256,1600
CameronCao_UCR3iEpRZDhavOacxel3hbA_eMgynE62qmw_971552_972216.wav,CameronCao_UCR3iEpRZDhavOacxel3hbA_eMgynE62qmw,971552,972216,664
CameronCao_UCR3iEpRZDhavOacxel3hbA_eMgynE62qmw_972584_973728.wav,CameronCao_UCR3iEpRZDhavOacxel3hbA_eMgynE62qmw,972584,973728,1144
CameronCao_UCR3iEpRZDhavOacxel3hbA_eMgynE62qmw_974256_977672.wav,CameronCao_UCR3iEpRZDhavOacxel3hbA_eMgynE62qmw,974256,977672,3416
CameronCao_UCR3iEpRZDhavOacxel3hbA_eMgynE62qmw_978672_979912.wav,CameronCao_UCR3iEpRZDhavOacxel3hbA_eMgynE62qmw,978672,979912,1240
CameronCao_UCR3iEpRZDhavOacxel3hbA_eMgynE62qmw_980288_982064.wav,CameronCao_UCR3iEpRZDhavOacxel3hbA_eMgynE62qmw,980288,982064,1776
CameronCao_UCR3iEpRZDhavOacxel3hbA_eMgynE62qmw_982896_983464.wav,CameronCao_UCR3iEpRZDhavOacxel3hbA_eMgynE62qmw,982896,983464,568
CameronCao_UCR3iEpRZDhavOacxel3hbA_eMgynE62qmw_983736_984152.wav,CameronCao_UCR3iEpRZDhavOacxel3hbA_eMgynE62qmw,983736,984152,416
CameronCao_UCR3iEpRZDhavOacxel3hbA_eMgynE62qmw_984432_984576.wav,CameronCao_UCR3iEpRZDhavOacxel3hbA_eMgynE62qmw,984432,984576,144
CameronCao_UCR3iEpRZDhavOacxel3hbA_eMgynE62qmw_984968_986288.wav,CameronCao_UCR3iEpRZDhavOacxel3hbA_eMgynE62qmw,984968,986288,1320
CameronCao_UCR3iEpRZDhavOacxel3hbA_eMgynE62qmw_986816_987712.wav,CameronCao_UCR3iEpRZDhavOacxel3hbA_eMgynE62qmw,986816,987712,896
CameronCao_UCR3iEpRZDhavOacxel3hbA_eMgynE62qmw_988240_992128.wav,CameronCao_UCR3iEpRZDhavOacxel3hbA_eMgynE62qmw,988240,992128,3888
CameronCao_UCR3iEpRZDhavOacxel3hbA_eMgynE62qmw_993392_1000112.wav,CameronCao_UCR3iEpRZDhavOacxel3hbA_eMgynE62qmw,993392,1000112,6720
CameronCao_UCR3iEpRZDhavOacxel3hbA_eMgynE62qmw_1000400_1004080.wav,CameronCao_UCR3iEpRZDhavOacxel3hbA_eMgynE62qmw,1000400,1004080,3680
CameronCao_UCR3iEpRZDhavOacxel3hbA_eMgynE62qmw_1004776_1005120.wav,CameronCao_UCR3iEpRZDhavOacxel3hbA_eMgynE62qmw,1004776,1005120,344
CameronCao_UCR3iEpRZDhavOacxel3hbA_eMgynE62qmw_1005384_1006876.wav,CameronCao_UCR3iEpRZDhavOacxel3hbA_eMgynE62qmw,1005384,1006876,1492
CameronCao_UCR3iEpRZDhavOacxel3hbA_eMgynE62qmw_1007084_1009116.wav,CameronCao_UCR3iEpRZDhavOacxel3hbA_eMgynE62qmw,1007084,1009116,2032
CameronCao_UCR3iEpRZDhavOacxel3hbA_eMgynE62qmw_1009348_1012676.wav,CameronCao_UCR3iEpRZDhavOacxel3hbA_eMgynE62qmw,1009348,1012676,3328
CameronCao_UCR3iEpRZDhavOacxel3hbA_eMgynE62qmw_1012916_1017688.wav,CameronCao_UCR3iEpRZDhavOacxel3hbA_eMgynE62qmw,1012916,1017688,4772
CameronCao_UCR3iEpRZDhavOacxel3hbA_eMgynE62qmw_1017952_1020104.wav,CameronCao_UCR3iEpRZDhavOacxel3hbA_eMgynE62qmw,1017952,1020104,2152
CameronCao_UCR3iEpRZDhavOacxel3hbA_eMgynE62qmw_1020696_1028112.wav,CameronCao_UCR3iEpRZDhavOacxel3hbA_eMgynE62qmw,1020696,1028112,7416
CameronCao_UCR3iEpRZDhavOacxel3hbA_eMgynE62qmw_1028696_1036080.wav,CameronCao_UCR3iEpRZDhavOacxel3hbA_eMgynE62qmw,1028696,1036080,7384
CameronCao_UCR3iEpRZDhavOacxel3hbA_eMgynE62qmw_1036248_1036952.wav,CameronCao_UCR3iEpRZDhavOacxel3hbA_eMgynE62qmw,1036248,1036952,704
CameronCao_UCR3iEpRZDhavOacxel3hbA_eMgynE62qmw_1037288_1037936.wav,CameronCao_UCR3iEpRZDhavOacxel3hbA_eMgynE62qmw,1037288,1037936,648
CameronCao_UCR3iEpRZDhavOacxel3hbA_eMgynE62qmw_1038264_1045224.wav,CameronCao_UCR3iEpRZDhavOacxel3hbA_eMgynE62qmw,1038264,1045224,6960
CameronCao_UCR3iEpRZDhavOacxel3hbA_eMgynE62qmw_1046400_1047248.wav,CameronCao_UCR3iEpRZDhavOacxel3hbA_eMgynE62qmw,1046400,1047248,848
CameronCao_UCR3iEpRZDhavOacxel3hbA_eMgynE62qmw_1047544_1051328.wav,CameronCao_UCR3iEpRZDhavOacxel3hbA_eMgynE62qmw,1047544,1051328,3784
CameronCao_UCR3iEpRZDhavOacxel3hbA_eMgynE62qmw_1051720_1053320.wav,CameronCao_UCR3iEpRZDhavOacxel3hbA_eMgynE62qmw,1051720,1053320,1600
CameronCao_UCR3iEpRZDhavOacxel3hbA_eMgynE62qmw_1053720_1057592.wav,CameronCao_UCR3iEpRZDhavOacxel3hbA_eMgynE62qmw,1053720,1057592,3872
CameronCao_UCR3iEpRZDhavOacxel3hbA_eMgynE62qmw_1058932_1061220.wav,CameronCao_UCR3iEpRZDhavOacxel3hbA_eMgynE62qmw,1058932,1061220,2288
CameronCao_UCR3iEpRZDhavOacxel3hbA_eMgynE62qmw_1061788_1063676.wav,CameronCao_UCR3iEpRZDhavOacxel3hbA_eMgynE62qmw,1061788,1063676,1888
CameronCao_UCR3iEpRZDhavOacxel3hbA_eMgynE62qmw_1064980_1065820.wav,CameronCao_UCR3iEpRZDhavOacxel3hbA_eMgynE62qmw,1064980,1065820,840
CameronCao_UCR3iEpRZDhavOacxel3hbA_eMgynE62qmw_1066204_1069556.wav,CameronCao_UCR3iEpRZDhavOacxel3hbA_eMgynE62qmw,1066204,1069556,3352
CameronCao_UCR3iEpRZDhavOacxel3hbA_eMgynE62qmw_1070524_1071060.wav,CameronCao_UCR3iEpRZDhavOacxel3hbA_eMgynE62qmw,1070524,1071060,536
CameronCao_UCR3iEpRZDhavOacxel3hbA_eMgynE62qmw_1071324_1075284.wav,CameronCao_UCR3iEpRZDhavOacxel3hbA_eMgynE62qmw,1071324,1075284,3960
CameronCao_UCR3iEpRZDhavOacxel3hbA_eMgynE62qmw_1075612_1076380.wav,CameronCao_UCR3iEpRZDhavOacxel3hbA_eMgynE62qmw,1075612,1076380,768
CameronCao_UCR3iEpRZDhavOacxel3hbA_eMgynE62qmw_1076676_1080988.wav,CameronCao_UCR3iEpRZDhavOacxel3hbA_eMgynE62qmw,1076676,1080988,4312
CameronCao_UCR3iEpRZDhavOacxel3hbA_eMgynE62qmw_1081500_1082856.wav,CameronCao_UCR3iEpRZDhavOacxel3hbA_eMgynE62qmw,1081500,1082856,1356
CameronCao_UCR3iEpRZDhavOacxel3hbA_eMgynE62qmw_1083288_1086840.wav,CameronCao_UCR3iEpRZDhavOacxel3hbA_eMgynE62qmw,1083288,1086840,3552
CameronCao_UCR3iEpRZDhavOacxel3hbA_eMgynE62qmw_1087168_1090368.wav,CameronCao_UCR3iEpRZDhavOacxel3hbA_eMgynE62qmw,1087168,1090368,3200
CameronCao_UCR3iEpRZDhavOacxel3hbA_eMgynE62qmw_1090744_1093512.wav,CameronCao_UCR3iEpRZDhavOacxel3hbA_eMgynE62qmw,1090744,1093512,2768
CameronCao_UCR3iEpRZDhavOacxel3hbA_eMgynE62qmw_1093880_1095128.wav,CameronCao_UCR3iEpRZDhavOacxel3hbA_eMgynE62qmw,1093880,1095128,1248
CameronCao_UCR3iEpRZDhavOacxel3hbA_eMgynE62qmw_1096760_1101027.wav,CameronCao_UCR3iEpRZDhavOacxel3hbA_eMgynE62qmw,1096760,1101027,4267
CameronCao_UCR3iEpRZDhavOacxel3hbA_eMgynE62qmw_1101251_1101779.wav,CameronCao_UCR3iEpRZDhavOacxel3hbA_eMgynE62qmw,1101251,1101779,528
CameronCao_UCR3iEpRZDhavOacxel3hbA_eMgynE62qmw_1102043_1104628.wav,CameronCao_UCR3iEpRZDhavOacxel3hbA_eMgynE62qmw,1102043,1104628,2585
CameronCao_UCR3iEpRZDhavOacxel3hbA_eMgynE62qmw_1104844_1105508.wav,CameronCao_UCR3iEpRZDhavOacxel3hbA_eMgynE62qmw,1104844,1105508,664
CameronCao_UCR3iEpRZDhavOacxel3hbA_eMgynE62qmw_1105732_1108912.wav,CameronCao_UCR3iEpRZDhavOacxel3hbA_eMgynE62qmw,1105732,1108912,3180
CameronCao_UCR3iEpRZDhavOacxel3hbA_eMgynE62qmw_1109192_1109456.wav,CameronCao_UCR3iEpRZDhavOacxel3hbA_eMgynE62qmw,1109192,1109456,264
CameronCao_UCR3iEpRZDhavOacxel3hbA_eMgynE62qmw_1109712_1116440.wav,CameronCao_UCR3iEpRZDhavOacxel3hbA_eMgynE62qmw,1109712,1116440,6728
CameronCao_UCR3iEpRZDhavOacxel3hbA_eMgynE62qmw_1116800_1119128.wav,CameronCao_UCR3iEpRZDhavOacxel3hbA_eMgynE62qmw,1116800,1119128,2328
CameronCao_UCR3iEpRZDhavOacxel3hbA_eMgynE62qmw_1119456_1120984.wav,CameronCao_UCR3iEpRZDhavOacxel3hbA_eMgynE62qmw,1119456,1120984,1528
CameronCao_UCR3iEpRZDhavOacxel3hbA_eMgynE62qmw_1121720_1122752.wav,CameronCao_UCR3iEpRZDhavOacxel3hbA_eMgynE62qmw,1121720,1122752,1032
CameronCao_UCR3iEpRZDhavOacxel3hbA_eMgynE62qmw_1123264_1128016.wav,CameronCao_UCR3iEpRZDhavOacxel3hbA_eMgynE62qmw,1123264,1128016,4752
CameronCao_UCR3iEpRZDhavOacxel3hbA_eMgynE62qmw_1129224_1132000.wav,CameronCao_UCR3iEpRZDhavOacxel3hbA_eMgynE62qmw,1129224,1132000,2776
CameronCao_UCR3iEpRZDhavOacxel3hbA_eMgynE62qmw_1132352_1132480.wav,CameronCao_UCR3iEpRZDhavOacxel3hbA_eMgynE62qmw,1132352,1132480,128
CameronCao_UCR3iEpRZDhavOacxel3hbA_eMgynE62qmw_1133080_1135424.wav,CameronCao_UCR3iEpRZDhavOacxel3hbA_eMgynE62qmw,1133080,1135424,2344
CameronCao_UCR3iEpRZDhavOacxel3hbA_eMgynE62qmw_1135880_1136808.wav,CameronCao_UCR3iEpRZDhavOacxel3hbA_eMgynE62qmw,1135880,1136808,928
CameronCao_UCR3iEpRZDhavOacxel3hbA_eMgynE62qmw_1137216_1139712.wav,CameronCao_UCR3iEpRZDhavOacxel3hbA_eMgynE62qmw,1137216,1139712,2496
CameronCao_UCR3iEpRZDhavOacxel3hbA_eMgynE62qmw_1140176_1141352.wav,CameronCao_UCR3iEpRZDhavOacxel3hbA_eMgynE62qmw,1140176,1141352,1176
CameronCao_UCR3iEpRZDhavOacxel3hbA_eMgynE62qmw_1141832_1143800.wav,CameronCao_UCR3iEpRZDhavOacxel3hbA_eMgynE62qmw,1141832,1143800,1968
CameronCao_UCR3iEpRZDhavOacxel3hbA_eMgynE62qmw_1144200_1147602.wav,CameronCao_UCR3iEpRZDhavOacxel3hbA_eMgynE62qmw,1144200,1147602,3402
CameronCao_UCR3iEpRZDhavOacxel3hbA_eMgynE62qmw_1147922_1152588.wav,CameronCao_UCR3iEpRZDhavOacxel3hbA_eMgynE62qmw,1147922,1152588,4666
CameronCao_UCR3iEpRZDhavOacxel3hbA_eMgynE62qmw_1152788_1155208.wav,CameronCao_UCR3iEpRZDhavOacxel3hbA_eMgynE62qmw,1152788,1155208,2420
CameronCao_UCR3iEpRZDhavOacxel3hbA_eMgynE62qmw_1155480_1156188.wav,CameronCao_UCR3iEpRZDhavOacxel3hbA_eMgynE62qmw,1155480,1156188,708
CameronCao_UCR3iEpRZDhavOacxel3hbA_eMgynE62qmw_1156444_1160872.wav,CameronCao_UCR3iEpRZDhavOacxel3hbA_eMgynE62qmw,1156444,1160872,4428
CameronCao_UCR3iEpRZDhavOacxel3hbA_eMgynE62qmw_1161328_1161968.wav,CameronCao_UCR3iEpRZDhavOacxel3hbA_eMgynE62qmw,1161328,1161968,640
CameronCao_UCR3iEpRZDhavOacxel3hbA_eMgynE62qmw_1162400_1163928.wav,CameronCao_UCR3iEpRZDhavOacxel3hbA_eMgynE62qmw,1162400,1163928,1528
CameronCao_UCR3iEpRZDhavOacxel3hbA_eMgynE62qmw_1165392_1179682.wav,CameronCao_UCR3iEpRZDhavOacxel3hbA_eMgynE62qmw,1165392,1179682,14290
CameronCao_UCR3iEpRZDhavOacxel3hbA_eMgynE62qmw_1179802_1180956.wav,CameronCao_UCR3iEpRZDhavOacxel3hbA_eMgynE62qmw,1179802,1180956,1154
CameronCao_UCR3iEpRZDhavOacxel3hbA_eMgynE62qmw_1181172_1183536.wav,CameronCao_UCR3iEpRZDhavOacxel3hbA_eMgynE62qmw,1181172,1183536,2364
CameronCao_UCR3iEpRZDhavOacxel3hbA_eMgynE62qmw_1183800_1185224.wav,CameronCao_UCR3iEpRZDhavOacxel3hbA_eMgynE62qmw,1183800,1185224,1424
CameronCao_UCR3iEpRZDhavOacxel3hbA_eMgynE62qmw_1185712_1187600.wav,CameronCao_UCR3iEpRZDhavOacxel3hbA_eMgynE62qmw,1185712,1187600,1888
CameronCao_UCR3iEpRZDhavOacxel3hbA_eMgynE62qmw_1188088_1194536.wav,CameronCao_UCR3iEpRZDhavOacxel3hbA_eMgynE62qmw,1188088,1194536,6448
CameronCao_UCR3iEpRZDhavOacxel3hbA_eMgynE62qmw_1194760_1201040.wav,CameronCao_UCR3iEpRZDhavOacxel3hbA_eMgynE62qmw,1194760,1201040,6280
CameronCao_UCR3iEpRZDhavOacxel3hbA_eMgynE62qmw_1201824_1202896.wav,CameronCao_UCR3iEpRZDhavOacxel3hbA_eMgynE62qmw,1201824,1202896,1072
CameronCao_UCR3iEpRZDhavOacxel3hbA_eMgynE62qmw_1203552_1214944.wav,CameronCao_UCR3iEpRZDhavOacxel3hbA_eMgynE62qmw,1203552,1214944,11392
CameronCao_UCR3iEpRZDhavOacxel3hbA_eMgynE62qmw_1215312_1215928.wav,CameronCao_UCR3iEpRZDhavOacxel3hbA_eMgynE62qmw,1215312,1215928,616
CameronCao_UCR3iEpRZDhavOacxel3hbA_eMgynE62qmw_1216328_1221560.wav,CameronCao_UCR3iEpRZDhavOacxel3hbA_eMgynE62qmw,1216328,1221560,5232
CameronCao_UCR3iEpRZDhavOacxel3hbA_eMgynE62qmw_1222592_1223944.wav,CameronCao_UCR3iEpRZDhavOacxel3hbA_eMgynE62qmw,1222592,1223944,1352
CameronCao_UCR3iEpRZDhavOacxel3hbA_eMgynE62qmw_1225648_1227592.wav,CameronCao_UCR3iEpRZDhavOacxel3hbA_eMgynE62qmw,1225648,1227592,1944
CameronCao_UCR3iEpRZDhavOacxel3hbA_eMgynE62qmw_1227776_1234768.wav,CameronCao_UCR3iEpRZDhavOacxel3hbA_eMgynE62qmw,1227776,1234768,6992
CameronCao_UCR3iEpRZDhavOacxel3hbA_eMgynE62qmw_1234928_1237744.wav,CameronCao_UCR3iEpRZDhavOacxel3hbA_eMgynE62qmw,1234928,1237744,2816
CameronCao_UCR3iEpRZDhavOacxel3hbA_eMgynE62qmw_1238224_1244040.wav,CameronCao_UCR3iEpRZDhavOacxel3hbA_eMgynE62qmw,1238224,1244040,5816
CameronCao_UCR3iEpRZDhavOacxel3hbA_eMgynE62qmw_1244584_1245048.wav,CameronCao_UCR3iEpRZDhavOacxel3hbA_eMgynE62qmw,1244584,1245048,464
CameronCao_UCR3iEpRZDhavOacxel3hbA_eMgynE62qmw_1245880_1247816.wav,CameronCao_UCR3iEpRZDhavOacxel3hbA_eMgynE62qmw,1245880,1247816,1936
CameronCao_UCR3iEpRZDhavOacxel3hbA_eMgynE62qmw_1248112_1252576.wav,CameronCao_UCR3iEpRZDhavOacxel3hbA_eMgynE62qmw,1248112,1252576,4464
CameronCao_UCR3iEpRZDhavOacxel3hbA_eMgynE62qmw_1253224_1257728.wav,CameronCao_UCR3iEpRZDhavOacxel3hbA_eMgynE62qmw,1253224,1257728,4504
CameronCao_UCR3iEpRZDhavOacxel3hbA_eMgynE62qmw_1259424_1268536.wav,CameronCao_UCR3iEpRZDhavOacxel3hbA_eMgynE62qmw,1259424,1268536,9112
CameronCao_UCR3iEpRZDhavOacxel3hbA_eMgynE62qmw_1270264_1275848.wav,CameronCao_UCR3iEpRZDhavOacxel3hbA_eMgynE62qmw,1270264,1275848,5584
CameronCao_UCR3iEpRZDhavOacxel3hbA_eMgynE62qmw_1276432_1280936.wav,CameronCao_UCR3iEpRZDhavOacxel3hbA_eMgynE62qmw,1276432,1280936,4504
CameronCao_UCR3iEpRZDhavOacxel3hbA_eMgynE62qmw_1281216_1281560.wav,CameronCao_UCR3iEpRZDhavOacxel3hbA_eMgynE62qmw,1281216,1281560,344
CameronCao_UCR3iEpRZDhavOacxel3hbA_eMgynE62qmw_1282016_1289088.wav,CameronCao_UCR3iEpRZDhavOacxel3hbA_eMgynE62qmw,1282016,1289088,7072
CameronCao_UCR3iEpRZDhavOacxel3hbA_eMgynE62qmw_1289408_1291792.wav,CameronCao_UCR3iEpRZDhavOacxel3hbA_eMgynE62qmw,1289408,1291792,2384
CameronCao_UCR3iEpRZDhavOacxel3hbA_eMgynE62qmw_1293272_1299688.wav,CameronCao_UCR3iEpRZDhavOacxel3hbA_eMgynE62qmw,1293272,1299688,6416
CameronCao_UCR3iEpRZDhavOacxel3hbA_eMgynE62qmw_1300040_1313304.wav,CameronCao_UCR3iEpRZDhavOacxel3hbA_eMgynE62qmw,1300040,1313304,13264
CameronCao_UCR3iEpRZDhavOacxel3hbA_eMgynE62qmw_1313656_1315544.wav,CameronCao_UCR3iEpRZDhavOacxel3hbA_eMgynE62qmw,1313656,1315544,1888
CameronCao_UCR3iEpRZDhavOacxel3hbA_eMgynE62qmw_1317312_1327960.wav,CameronCao_UCR3iEpRZDhavOacxel3hbA_eMgynE62qmw,1317312,1327960,10648
CameronCao_UCR3iEpRZDhavOacxel3hbA_eMgynE62qmw_1328112_1328480.wav,CameronCao_UCR3iEpRZDhavOacxel3hbA_eMgynE62qmw,1328112,1328480,368
CameronCao_UCR3iEpRZDhavOacxel3hbA_eMgynE62qmw_1328704_1330200.wav,CameronCao_UCR3iEpRZDhavOacxel3hbA_eMgynE62qmw,1328704,1330200,1496
CameronCao_UCR3iEpRZDhavOacxel3hbA_eMgynE62qmw_1330656_1334824.wav,CameronCao_UCR3iEpRZDhavOacxel3hbA_eMgynE62qmw,1330656,1334824,4168
CameronCao_UCR3iEpRZDhavOacxel3hbA_eMgynE62qmw_1335656_1338808.wav,CameronCao_UCR3iEpRZDhavOacxel3hbA_eMgynE62qmw,1335656,1338808,3152
CameronCao_UCR3iEpRZDhavOacxel3hbA_eMgynE62qmw_1339152_1340896.wav,CameronCao_UCR3iEpRZDhavOacxel3hbA_eMgynE62qmw,1339152,1340896,1744
CameronCao_UCR3iEpRZDhavOacxel3hbA_eMgynE62qmw_1341424_1348808.wav,CameronCao_UCR3iEpRZDhavOacxel3hbA_eMgynE62qmw,1341424,1348808,7384
CameronCao_UCR3iEpRZDhavOacxel3hbA_eMgynE62qmw_1349064_1351912.wav,CameronCao_UCR3iEpRZDhavOacxel3hbA_eMgynE62qmw,1349064,1351912,2848
CameronCao_UCR3iEpRZDhavOacxel3hbA_eMgynE62qmw_1352752_1354676.wav,CameronCao_UCR3iEpRZDhavOacxel3hbA_eMgynE62qmw,1352752,1354676,1924
CameronCao_UCR3iEpRZDhavOacxel3hbA_eMgynE62qmw_1354828_1361376.wav,CameronCao_UCR3iEpRZDhavOacxel3hbA_eMgynE62qmw,1354828,1361376,6548
CameronCao_UCR3iEpRZDhavOacxel3hbA_eMgynE62qmw_1361896_1362256.wav,CameronCao_UCR3iEpRZDhavOacxel3hbA_eMgynE62qmw,1361896,1362256,360
CameronCao_UCR3iEpRZDhavOacxel3hbA_eMgynE62qmw_1362592_1365204.wav,CameronCao_UCR3iEpRZDhavOacxel3hbA_eMgynE62qmw,1362592,1365204,2612
CameronCao_UCR3iEpRZDhavOacxel3hbA_eMgynE62qmw_1365388_1367596.wav,CameronCao_UCR3iEpRZDhavOacxel3hbA_eMgynE62qmw,1365388,1367596,2208
CameronCao_UCR3iEpRZDhavOacxel3hbA_eMgynE62qmw_1367788_1374864.wav,CameronCao_UCR3iEpRZDhavOacxel3hbA_eMgynE62qmw,1367788,1374864,7076
CameronCao_UCR3iEpRZDhavOacxel3hbA_eMgynE62qmw_1375152_1377160.wav,CameronCao_UCR3iEpRZDhavOacxel3hbA_eMgynE62qmw,1375152,1377160,2008
CameronCao_UCR3iEpRZDhavOacxel3hbA_eMgynE62qmw_1379096_1380936.wav,CameronCao_UCR3iEpRZDhavOacxel3hbA_eMgynE62qmw,1379096,1380936,1840
CameronCao_UCR3iEpRZDhavOacxel3hbA_eMgynE62qmw_1383112_1383448.wav,CameronCao_UCR3iEpRZDhavOacxel3hbA_eMgynE62qmw,1383112,1383448,336
CameronCao_UCR3iEpRZDhavOacxel3hbA_eMgynE62qmw_1383968_1390200.wav,CameronCao_UCR3iEpRZDhavOacxel3hbA_eMgynE62qmw,1383968,1390200,6232
CameronCao_UCR3iEpRZDhavOacxel3hbA_eMgynE62qmw_1390568_1392592.wav,CameronCao_UCR3iEpRZDhavOacxel3hbA_eMgynE62qmw,1390568,1392592,2024
CameronCao_UCR3iEpRZDhavOacxel3hbA_eMgynE62qmw_1393416_1397976.wav,CameronCao_UCR3iEpRZDhavOacxel3hbA_eMgynE62qmw,1393416,1397976,4560
CameronCao_UCR3iEpRZDhavOacxel3hbA_eMgynE62qmw_1398740_1411896.wav,CameronCao_UCR3iEpRZDhavOacxel3hbA_eMgynE62qmw,1398740,1411896,13156
CameronCao_UCR3iEpRZDhavOacxel3hbA_eMgynE62qmw_1412512_1412856.wav,CameronCao_UCR3iEpRZDhavOacxel3hbA_eMgynE62qmw,1412512,1412856,344
CameronCao_UCR3iEpRZDhavOacxel3hbA_eMgynE62qmw_1413224_1413768.wav,CameronCao_UCR3iEpRZDhavOacxel3hbA_eMgynE62qmw,1413224,1413768,544
CameronCao_UCR3iEpRZDhavOacxel3hbA_eMgynE62qmw_1414152_1420456.wav,CameronCao_UCR3iEpRZDhavOacxel3hbA_eMgynE62qmw,1414152,1420456,6304
CameronCao_UCR3iEpRZDhavOacxel3hbA_eMgynE62qmw_1421144_1424160.wav,CameronCao_UCR3iEpRZDhavOacxel3hbA_eMgynE62qmw,1421144,1424160,3016
CameronCao_UCR3iEpRZDhavOacxel3hbA_eMgynE62qmw_1424504_1428576.wav,CameronCao_UCR3iEpRZDhavOacxel3hbA_eMgynE62qmw,1424504,1428576,4072
CameronCao_UCR3iEpRZDhavOacxel3hbA_eMgynE62qmw_1429016_1429152.wav,CameronCao_UCR3iEpRZDhavOacxel3hbA_eMgynE62qmw,1429016,1429152,136
CameronCao_UCR3iEpRZDhavOacxel3hbA_eMgynE62qmw_1429504_1430984.wav,CameronCao_UCR3iEpRZDhavOacxel3hbA_eMgynE62qmw,1429504,1430984,1480
CameronCao_UCR3iEpRZDhavOacxel3hbA_eMgynE62qmw_1431440_1432672.wav,CameronCao_UCR3iEpRZDhavOacxel3hbA_eMgynE62qmw,1431440,1432672,1232
CameronCao_UCR3iEpRZDhavOacxel3hbA_eMgynE62qmw_1433904_1434016.wav,CameronCao_UCR3iEpRZDhavOacxel3hbA_eMgynE62qmw,1433904,1434016,112
CameronCao_UCR3iEpRZDhavOacxel3hbA_eMgynE62qmw_1435704_1436008.wav,CameronCao_UCR3iEpRZDhavOacxel3hbA_eMgynE62qmw,1435704,1436008,304
CameronCao_UCR3iEpRZDhavOacxel3hbA_eMgynE62qmw_1437248_1438456.wav,CameronCao_UCR3iEpRZDhavOacxel3hbA_eMgynE62qmw,1437248,1438456,1208
CameronCao_UCR3iEpRZDhavOacxel3hbA_eMgynE62qmw_1439008_1439992.wav,CameronCao_UCR3iEpRZDhavOacxel3hbA_eMgynE62qmw,1439008,1439992,984
CameronCao_UCR3iEpRZDhavOacxel3hbA_eMgynE62qmw_1440928_1447224.wav,CameronCao_UCR3iEpRZDhavOacxel3hbA_eMgynE62qmw,1440928,1447224,6296
CameronCao_UCR3iEpRZDhavOacxel3hbA_eMgynE62qmw_1447744_1448712.wav,CameronCao_UCR3iEpRZDhavOacxel3hbA_eMgynE62qmw,1447744,1448712,968
CameronCao_UCR3iEpRZDhavOacxel3hbA_eMgynE62qmw_1449728_1451488.wav,CameronCao_UCR3iEpRZDhavOacxel3hbA_eMgynE62qmw,1449728,1451488,1760
CameronCao_UCR3iEpRZDhavOacxel3hbA_eMgynE62qmw_1451848_1453248.wav,CameronCao_UCR3iEpRZDhavOacxel3hbA_eMgynE62qmw,1451848,1453248,1400
CameronCao_UCR3iEpRZDhavOacxel3hbA_eMgynE62qmw_1454080_1455312.wav,CameronCao_UCR3iEpRZDhavOacxel3hbA_eMgynE62qmw,1454080,1455312,1232
CameronCao_UCR3iEpRZDhavOacxel3hbA_eMgynE62qmw_1455816_1461144.wav,CameronCao_UCR3iEpRZDhavOacxel3hbA_eMgynE62qmw,1455816,1461144,5328
CameronCao_UCR3iEpRZDhavOacxel3hbA_eMgynE62qmw_1461800_1461920.wav,CameronCao_UCR3iEpRZDhavOacxel3hbA_eMgynE62qmw,1461800,1461920,120
CameronCao_UCR3iEpRZDhavOacxel3hbA_eMgynE62qmw_1462808_1464928.wav,CameronCao_UCR3iEpRZDhavOacxel3hbA_eMgynE62qmw,1462808,1464928,2120
CameronCao_UCR3iEpRZDhavOacxel3hbA_eMgynE62qmw_1465248_1470064.wav,CameronCao_UCR3iEpRZDhavOacxel3hbA_eMgynE62qmw,1465248,1470064,4816
CameronCao_UCR3iEpRZDhavOacxel3hbA_eMgynE62qmw_1470272_1477544.wav,CameronCao_UCR3iEpRZDhavOacxel3hbA_eMgynE62qmw,1470272,1477544,7272
CameronCao_UCR3iEpRZDhavOacxel3hbA_eMgynE62qmw_1477960_1479812.wav,CameronCao_UCR3iEpRZDhavOacxel3hbA_eMgynE62qmw,1477960,1479812,1852
CameronCao_UCR3iEpRZDhavOacxel3hbA_eMgynE62qmw_1479988_1487750.wav,CameronCao_UCR3iEpRZDhavOacxel3hbA_eMgynE62qmw,1479988,1487750,7762
CameronCao_UCR3iEpRZDhavOacxel3hbA_eMgynE62qmw_1487886_1492376.wav,CameronCao_UCR3iEpRZDhavOacxel3hbA_eMgynE62qmw,1487886,1492376,4490
CameronCao_UCR3iEpRZDhavOacxel3hbA_eMgynE62qmw_1492936_1499832.wav,CameronCao_UCR3iEpRZDhavOacxel3hbA_eMgynE62qmw,1492936,1499832,6896
CameronCao_UCR3iEpRZDhavOacxel3hbA_eMgynE62qmw_1500568_1504072.wav,CameronCao_UCR3iEpRZDhavOacxel3hbA_eMgynE62qmw,1500568,1504072,3504
CameronCao_UCR3iEpRZDhavOacxel3hbA_eMgynE62qmw_1504416_1508952.wav,CameronCao_UCR3iEpRZDhavOacxel3hbA_eMgynE62qmw,1504416,1508952,4536
CameronCao_UCR3iEpRZDhavOacxel3hbA_eMgynE62qmw_1509560_1511228.wav,CameronCao_UCR3iEpRZDhavOacxel3hbA_eMgynE62qmw,1509560,1511228,1668
CameronCao_UCR3iEpRZDhavOacxel3hbA_eMgynE62qmw_1511428_1518414.wav,CameronCao_UCR3iEpRZDhavOacxel3hbA_eMgynE62qmw,1511428,1518414,6986
CameronCao_UCR3iEpRZDhavOacxel3hbA_eMgynE62qmw_1518598_1519406.wav,CameronCao_UCR3iEpRZDhavOacxel3hbA_eMgynE62qmw,1518598,1519406,808
CameronCao_UCR3iEpRZDhavOacxel3hbA_eMgynE62qmw_1519590_1522584.wav,CameronCao_UCR3iEpRZDhavOacxel3hbA_eMgynE62qmw,1519590,1522584,2994
CameronCao_UCR3iEpRZDhavOacxel3hbA_eMgynE62qmw_1523160_1523736.wav,CameronCao_UCR3iEpRZDhavOacxel3hbA_eMgynE62qmw,1523160,1523736,576
CameronCao_UCR3iEpRZDhavOacxel3hbA_eMgynE62qmw_1526392_1531720.wav,CameronCao_UCR3iEpRZDhavOacxel3hbA_eMgynE62qmw,1526392,1531720,5328
CameronCao_UCR3iEpRZDhavOacxel3hbA_eMgynE62qmw_1532104_1532984.wav,CameronCao_UCR3iEpRZDhavOacxel3hbA_eMgynE62qmw,1532104,1532984,880
CameronCao_UCR3iEpRZDhavOacxel3hbA_eMgynE62qmw_1533344_1540656.wav,CameronCao_UCR3iEpRZDhavOacxel3hbA_eMgynE62qmw,1533344,1540656,7312
CameronCao_UCR3iEpRZDhavOacxel3hbA_eMgynE62qmw_1540856_1542360.wav,CameronCao_UCR3iEpRZDhavOacxel3hbA_eMgynE62qmw,1540856,1542360,1504
CameronCao_UCR3iEpRZDhavOacxel3hbA_eMgynE62qmw_1542952_1544000.wav,CameronCao_UCR3iEpRZDhavOacxel3hbA_eMgynE62qmw,1542952,1544000,1048
CameronCao_UCR3iEpRZDhavOacxel3hbA_eMgynE62qmw_1544864_1545016.wav,CameronCao_UCR3iEpRZDhavOacxel3hbA_eMgynE62qmw,1544864,1545016,152
CameronCao_UCR3iEpRZDhavOacxel3hbA_eMgynE62qmw_1545632_1546864.wav,CameronCao_UCR3iEpRZDhavOacxel3hbA_eMgynE62qmw,1545632,1546864,1232
CameronCao_UCR3iEpRZDhavOacxel3hbA_eMgynE62qmw_1547400_1547992.wav,CameronCao_UCR3iEpRZDhavOacxel3hbA_eMgynE62qmw,1547400,1547992,592
CameronCao_UCR3iEpRZDhavOacxel3hbA_eMgynE62qmw_1548568_1550600.wav,CameronCao_UCR3iEpRZDhavOacxel3hbA_eMgynE62qmw,1548568,1550600,2032
CameronCao_UCR3iEpRZDhavOacxel3hbA_eMgynE62qmw_1551512_1552672.wav,CameronCao_UCR3iEpRZDhavOacxel3hbA_eMgynE62qmw,1551512,1552672,1160
CameronCao_UCR3iEpRZDhavOacxel3hbA_eMgynE62qmw_1553224_1556200.wav,CameronCao_UCR3iEpRZDhavOacxel3hbA_eMgynE62qmw,1553224,1556200,2976
CameronCao_UCR3iEpRZDhavOacxel3hbA_eMgynE62qmw_1556912_1557792.wav,CameronCao_UCR3iEpRZDhavOacxel3hbA_eMgynE62qmw,1556912,1557792,880
CameronCao_UCR3iEpRZDhavOacxel3hbA_eMgynE62qmw_1558120_1558456.wav,CameronCao_UCR3iEpRZDhavOacxel3hbA_eMgynE62qmw,1558120,1558456,336
CameronCao_UCR3iEpRZDhavOacxel3hbA_eMgynE62qmw_1558960_1561784.wav,CameronCao_UCR3iEpRZDhavOacxel3hbA_eMgynE62qmw,1558960,1561784,2824
CameronCao_UCR3iEpRZDhavOacxel3hbA_eMgynE62qmw_1562040_1562200.wav,CameronCao_UCR3iEpRZDhavOacxel3hbA_eMgynE62qmw,1562040,1562200,160
CameronCao_UCR3iEpRZDhavOacxel3hbA_eMgynE62qmw_1562512_1563296.wav,CameronCao_UCR3iEpRZDhavOacxel3hbA_eMgynE62qmw,1562512,1563296,784
CameronCao_UCR3iEpRZDhavOacxel3hbA_eMgynE62qmw_1563576_1563984.wav,CameronCao_UCR3iEpRZDhavOacxel3hbA_eMgynE62qmw,1563576,1563984,408
CameronCao_UCR3iEpRZDhavOacxel3hbA_eMgynE62qmw_1564296_1565208.wav,CameronCao_UCR3iEpRZDhavOacxel3hbA_eMgynE62qmw,1564296,1565208,912
CameronCao_UCR3iEpRZDhavOacxel3hbA_eMgynE62qmw_1565664_1566760.wav,CameronCao_UCR3iEpRZDhavOacxel3hbA_eMgynE62qmw,1565664,1566760,1096
CameronCao_UCR3iEpRZDhavOacxel3hbA_eMgynE62qmw_1567856_1568984.wav,CameronCao_UCR3iEpRZDhavOacxel3hbA_eMgynE62qmw,1567856,1568984,1128
CameronCao_UCR3iEpRZDhavOacxel3hbA_eMgynE62qmw_1569520_1570896.wav,CameronCao_UCR3iEpRZDhavOacxel3hbA_eMgynE62qmw,1569520,1570896,1376
CameronCao_UCR3iEpRZDhavOacxel3hbA_eMgynE62qmw_1571824_1573016.wav,CameronCao_UCR3iEpRZDhavOacxel3hbA_eMgynE62qmw,1571824,1573016,1192
CameronCao_UCR3iEpRZDhavOacxel3hbA_eMgynE62qmw_1573448_1578208.wav,CameronCao_UCR3iEpRZDhavOacxel3hbA_eMgynE62qmw,1573448,1578208,4760
CameronCao_UCR3iEpRZDhavOacxel3hbA_eMgynE62qmw_1578480_1579416.wav,CameronCao_UCR3iEpRZDhavOacxel3hbA_eMgynE62qmw,1578480,1579416,936
CameronCao_UCR3iEpRZDhavOacxel3hbA_eMgynE62qmw_1580000_1580200.wav,CameronCao_UCR3iEpRZDhavOacxel3hbA_eMgynE62qmw,1580000,1580200,200
CameronCao_UCR3iEpRZDhavOacxel3hbA_eMgynE62qmw_1580960_1582632.wav,CameronCao_UCR3iEpRZDhavOacxel3hbA_eMgynE62qmw,1580960,1582632,1672
CameronCao_UCR3iEpRZDhavOacxel3hbA_eMgynE62qmw_1583128_1584752.wav,CameronCao_UCR3iEpRZDhavOacxel3hbA_eMgynE62qmw,1583128,1584752,1624
CameronCao_UCR3iEpRZDhavOacxel3hbA_eMgynE62qmw_1585136_1585264.wav,CameronCao_UCR3iEpRZDhavOacxel3hbA_eMgynE62qmw,1585136,1585264,128
CameronCao_UCR3iEpRZDhavOacxel3hbA_eMgynE62qmw_1585808_1587872.wav,CameronCao_UCR3iEpRZDhavOacxel3hbA_eMgynE62qmw,1585808,1587872,2064
CameronCao_UCR3iEpRZDhavOacxel3hbA_eMgynE62qmw_1588128_1594112.wav,CameronCao_UCR3iEpRZDhavOacxel3hbA_eMgynE62qmw,1588128,1594112,5984
CameronCao_UCR3iEpRZDhavOacxel3hbA_eMgynE62qmw_1594408_1594616.wav,CameronCao_UCR3iEpRZDhavOacxel3hbA_eMgynE62qmw,1594408,1594616,208
CameronCao_UCR3iEpRZDhavOacxel3hbA_eMgynE62qmw_1594872_1596076.wav,CameronCao_UCR3iEpRZDhavOacxel3hbA_eMgynE62qmw,1594872,1596076,1204
CameronCao_UCR3iEpRZDhavOacxel3hbA_eMgynE62qmw_1596428_1601686.wav,CameronCao_UCR3iEpRZDhavOacxel3hbA_eMgynE62qmw,1596428,1601686,5258
CameronCao_UCR3iEpRZDhavOacxel3hbA_eMgynE62qmw_1601926_1605304.wav,CameronCao_UCR3iEpRZDhavOacxel3hbA_eMgynE62qmw,1601926,1605304,3378
CameronCao_UCR3iEpRZDhavOacxel3hbA_eMgynE62qmw_1605568_1612584.wav,CameronCao_UCR3iEpRZDhavOacxel3hbA_eMgynE62qmw,1605568,1612584,7016
CameronCao_UCR3iEpRZDhavOacxel3hbA_eMgynE62qmw_1614184_1619216.wav,CameronCao_UCR3iEpRZDhavOacxel3hbA_eMgynE62qmw,1614184,1619216,5032
CameronCao_UCR3iEpRZDhavOacxel3hbA_eMgynE62qmw_1619600_1621456.wav,CameronCao_UCR3iEpRZDhavOacxel3hbA_eMgynE62qmw,1619600,1621456,1856
CameronCao_UCR3iEpRZDhavOacxel3hbA_eMgynE62qmw_1622008_1628552.wav,CameronCao_UCR3iEpRZDhavOacxel3hbA_eMgynE62qmw,1622008,1628552,6544
CameronCao_UCR3iEpRZDhavOacxel3hbA_eMgynE62qmw_1628832_1629704.wav,CameronCao_UCR3iEpRZDhavOacxel3hbA_eMgynE62qmw,1628832,1629704,872
CameronCao_UCR3iEpRZDhavOacxel3hbA_eMgynE62qmw_1630448_1636124.wav,CameronCao_UCR3iEpRZDhavOacxel3hbA_eMgynE62qmw,1630448,1636124,5676
CameronCao_UCR3iEpRZDhavOacxel3hbA_eMgynE62qmw_1636396_1639100.wav,CameronCao_UCR3iEpRZDhavOacxel3hbA_eMgynE62qmw,1636396,1639100,2704
CameronCao_UCR3iEpRZDhavOacxel3hbA_eMgynE62qmw_1639372_1641160.wav,CameronCao_UCR3iEpRZDhavOacxel3hbA_eMgynE62qmw,1639372,1641160,1788
CameronCao_UCR3iEpRZDhavOacxel3hbA_eMgynE62qmw_1641496_1644488.wav,CameronCao_UCR3iEpRZDhavOacxel3hbA_eMgynE62qmw,1641496,1644488,2992
CameronCao_UCR3iEpRZDhavOacxel3hbA_eMgynE62qmw_1645576_1653704.wav,CameronCao_UCR3iEpRZDhavOacxel3hbA_eMgynE62qmw,1645576,1653704,8128
CameronCao_UCR3iEpRZDhavOacxel3hbA_eMgynE62qmw_1654704_1654856.wav,CameronCao_UCR3iEpRZDhavOacxel3hbA_eMgynE62qmw,1654704,1654856,152
CameronCao_UCR3iEpRZDhavOacxel3hbA_eMgynE62qmw_1655256_1657224.wav,CameronCao_UCR3iEpRZDhavOacxel3hbA_eMgynE62qmw,1655256,1657224,1968
CameronCao_UCR3iEpRZDhavOacxel3hbA_eMgynE62qmw_1658696_1662640.wav,CameronCao_UCR3iEpRZDhavOacxel3hbA_eMgynE62qmw,1658696,1662640,3944
CameronCao_UCR3iEpRZDhavOacxel3hbA_eMgynE62qmw_1663152_1663776.wav,CameronCao_UCR3iEpRZDhavOacxel3hbA_eMgynE62qmw,1663152,1663776,624
CameronCao_UCR3iEpRZDhavOacxel3hbA_eMgynE62qmw_1664176_1665376.wav,CameronCao_UCR3iEpRZDhavOacxel3hbA_eMgynE62qmw,1664176,1665376,1200
CameronCao_UCR3iEpRZDhavOacxel3hbA_eMgynE62qmw_1665712_1667376.wav,CameronCao_UCR3iEpRZDhavOacxel3hbA_eMgynE62qmw,1665712,1667376,1664
CameronCao_UCR3iEpRZDhavOacxel3hbA_eMgynE62qmw_1667728_1669832.wav,CameronCao_UCR3iEpRZDhavOacxel3hbA_eMgynE62qmw,1667728,1669832,2104
CameronCao_UCR3iEpRZDhavOacxel3hbA_eMgynE62qmw_1670216_1672240.wav,CameronCao_UCR3iEpRZDhavOacxel3hbA_eMgynE62qmw,1670216,1672240,2024
CameronCao_UCR3iEpRZDhavOacxel3hbA_eMgynE62qmw_1672752_1677442.wav,CameronCao_UCR3iEpRZDhavOacxel3hbA_eMgynE62qmw,1672752,1677442,4690
CameronCao_UCR3iEpRZDhavOacxel3hbA_eMgynE62qmw_1677594_1677914.wav,CameronCao_UCR3iEpRZDhavOacxel3hbA_eMgynE62qmw,1677594,1677914,320
CameronCao_UCR3iEpRZDhavOacxel3hbA_eMgynE62qmw_1678090_1680740.wav,CameronCao_UCR3iEpRZDhavOacxel3hbA_eMgynE62qmw,1678090,1680740,2650
CameronCao_UCR3iEpRZDhavOacxel3hbA_eMgynE62qmw_1680980_1682304.wav,CameronCao_UCR3iEpRZDhavOacxel3hbA_eMgynE62qmw,1680980,1682304,1324
CameronCao_UCR3iEpRZDhavOacxel3hbA_eMgynE62qmw_1683560_1684536.wav,CameronCao_UCR3iEpRZDhavOacxel3hbA_eMgynE62qmw,1683560,1684536,976
CameronCao_UCR3iEpRZDhavOacxel3hbA_eMgynE62qmw_1684840_1690640.wav,CameronCao_UCR3iEpRZDhavOacxel3hbA_eMgynE62qmw,1684840,1690640,5800
CameronCao_UCR3iEpRZDhavOacxel3hbA_eMgynE62qmw_1691312_1697504.wav,CameronCao_UCR3iEpRZDhavOacxel3hbA_eMgynE62qmw,1691312,1697504,6192
CameronCao_UCR3iEpRZDhavOacxel3hbA_eMgynE62qmw_1698280_1699536.wav,CameronCao_UCR3iEpRZDhavOacxel3hbA_eMgynE62qmw,1698280,1699536,1256
CameronCao_UCR3iEpRZDhavOacxel3hbA_eMgynE62qmw_1699800_1700288.wav,CameronCao_UCR3iEpRZDhavOacxel3hbA_eMgynE62qmw,1699800,1700288,488
CameronCao_UCR3iEpRZDhavOacxel3hbA_eMgynE62qmw_1700672_1703736.wav,CameronCao_UCR3iEpRZDhavOacxel3hbA_eMgynE62qmw,1700672,1703736,3064
CameronCao_UCR3iEpRZDhavOacxel3hbA_eMgynE62qmw_1704808_1705112.wav,CameronCao_UCR3iEpRZDhavOacxel3hbA_eMgynE62qmw,1704808,1705112,304
CameronCao_UCR3iEpRZDhavOacxel3hbA_eMgynE62qmw_1706240_1706720.wav,CameronCao_UCR3iEpRZDhavOacxel3hbA_eMgynE62qmw,1706240,1706720,480
CameronCao_UCR3iEpRZDhavOacxel3hbA_eMgynE62qmw_1707216_1708600.wav,CameronCao_UCR3iEpRZDhavOacxel3hbA_eMgynE62qmw,1707216,1708600,1384
CameronCao_UCR3iEpRZDhavOacxel3hbA_eMgynE62qmw_1709520_1710128.wav,CameronCao_UCR3iEpRZDhavOacxel3hbA_eMgynE62qmw,1709520,1710128,608
CameronCao_UCR3iEpRZDhavOacxel3hbA_eMgynE62qmw_1710384_1711984.wav,CameronCao_UCR3iEpRZDhavOacxel3hbA_eMgynE62qmw,1710384,1711984,1600
CameronCao_UCR3iEpRZDhavOacxel3hbA_eMgynE62qmw_1712656_1713896.wav,CameronCao_UCR3iEpRZDhavOacxel3hbA_eMgynE62qmw,1712656,1713896,1240
CameronCao_UCR3iEpRZDhavOacxel3hbA_eMgynE62qmw_1714472_1717544.wav,CameronCao_UCR3iEpRZDhavOacxel3hbA_eMgynE62qmw,1714472,1717544,3072
CameronCao_UCR3iEpRZDhavOacxel3hbA_eMgynE62qmw_1718472_1721496.wav,CameronCao_UCR3iEpRZDhavOacxel3hbA_eMgynE62qmw,1718472,1721496,3024
CameronCao_UCR3iEpRZDhavOacxel3hbA_eMgynE62qmw_1722176_1723080.wav,CameronCao_UCR3iEpRZDhavOacxel3hbA_eMgynE62qmw,1722176,1723080,904
CameronCao_UCR3iEpRZDhavOacxel3hbA_eMgynE62qmw_1723496_1728352.wav,CameronCao_UCR3iEpRZDhavOacxel3hbA_eMgynE62qmw,1723496,1728352,4856
CameronCao_UCR3iEpRZDhavOacxel3hbA_eMgynE62qmw_1728728_1730072.wav,CameronCao_UCR3iEpRZDhavOacxel3hbA_eMgynE62qmw,1728728,1730072,1344
CameronCao_UCR3iEpRZDhavOacxel3hbA_eMgynE62qmw_1730528_1734400.wav,CameronCao_UCR3iEpRZDhavOacxel3hbA_eMgynE62qmw,1730528,1734400,3872
CameronCao_UCR3iEpRZDhavOacxel3hbA_eMgynE62qmw_1734904_1742088.wav,CameronCao_UCR3iEpRZDhavOacxel3hbA_eMgynE62qmw,1734904,1742088,7184
CameronCao_UCR3iEpRZDhavOacxel3hbA_eMgynE62qmw_1742456_1743464.wav,CameronCao_UCR3iEpRZDhavOacxel3hbA_eMgynE62qmw,1742456,1743464,1008
CameronCao_UCR3iEpRZDhavOacxel3hbA_eMgynE62qmw_1743928_1745816.wav,CameronCao_UCR3iEpRZDhavOacxel3hbA_eMgynE62qmw,1743928,1745816,1888
CameronCao_UCR3iEpRZDhavOacxel3hbA_eMgynE62qmw_1746088_1750224.wav,CameronCao_UCR3iEpRZDhavOacxel3hbA_eMgynE62qmw,1746088,1750224,4136
CameronCao_UCR3iEpRZDhavOacxel3hbA_eMgynE62qmw_1750488_1752352.wav,CameronCao_UCR3iEpRZDhavOacxel3hbA_eMgynE62qmw,1750488,1752352,1864
CameronCao_UCR3iEpRZDhavOacxel3hbA_eMgynE62qmw_1754128_1754456.wav,CameronCao_UCR3iEpRZDhavOacxel3hbA_eMgynE62qmw,1754128,1754456,328
CameronCao_UCR3iEpRZDhavOacxel3hbA_eMgynE62qmw_1755840_1756672.wav,CameronCao_UCR3iEpRZDhavOacxel3hbA_eMgynE62qmw,1755840,1756672,832
CameronCao_UCR3iEpRZDhavOacxel3hbA_eMgynE62qmw_1757296_1757696.wav,CameronCao_UCR3iEpRZDhavOacxel3hbA_eMgynE62qmw,1757296,1757696,400
CameronCao_UCR3iEpRZDhavOacxel3hbA_eMgynE62qmw_1758640_1765280.wav,CameronCao_UCR3iEpRZDhavOacxel3hbA_eMgynE62qmw,1758640,1765280,6640
CameronCao_UCR3iEpRZDhavOacxel3hbA_eMgynE62qmw_1765584_1767184.wav,CameronCao_UCR3iEpRZDhavOacxel3hbA_eMgynE62qmw,1765584,1767184,1600
CameronCao_UCR3iEpRZDhavOacxel3hbA_eMgynE62qmw_1767640_1769712.wav,CameronCao_UCR3iEpRZDhavOacxel3hbA_eMgynE62qmw,1767640,1769712,2072
CameronCao_UCR3iEpRZDhavOacxel3hbA_eMgynE62qmw_1770264_1771680.wav,CameronCao_UCR3iEpRZDhavOacxel3hbA_eMgynE62qmw,1770264,1771680,1416
CameronCao_UCR3iEpRZDhavOacxel3hbA_eMgynE62qmw_1772144_1774424.wav,CameronCao_UCR3iEpRZDhavOacxel3hbA_eMgynE62qmw,1772144,1774424,2280
CameronCao_UCR3iEpRZDhavOacxel3hbA_eMgynE62qmw_1774840_1782916.wav,CameronCao_UCR3iEpRZDhavOacxel3hbA_eMgynE62qmw,1774840,1782916,8076
CameronCao_UCR3iEpRZDhavOacxel3hbA_eMgynE62qmw_1783132_1790804.wav,CameronCao_UCR3iEpRZDhavOacxel3hbA_eMgynE62qmw,1783132,1790804,7672
CameronCao_UCR3iEpRZDhavOacxel3hbA_eMgynE62qmw_1791020_1793448.wav,CameronCao_UCR3iEpRZDhavOacxel3hbA_eMgynE62qmw,1791020,1793448,2428
CameronCao_UCR3iEpRZDhavOacxel3hbA_eMgynE62qmw_1794008_1795664.wav,CameronCao_UCR3iEpRZDhavOacxel3hbA_eMgynE62qmw,1794008,1795664,1656
CameronCao_UCR3iEpRZDhavOacxel3hbA_eMgynE62qmw_1796488_1801880.wav,CameronCao_UCR3iEpRZDhavOacxel3hbA_eMgynE62qmw,1796488,1801880,5392
CameronCao_UCR3iEpRZDhavOacxel3hbA_eMgynE62qmw_1802088_1806672.wav,CameronCao_UCR3iEpRZDhavOacxel3hbA_eMgynE62qmw,1802088,1806672,4584
CameronCao_UCR3iEpRZDhavOacxel3hbA_eMgynE62qmw_1806928_1813304.wav,CameronCao_UCR3iEpRZDhavOacxel3hbA_eMgynE62qmw,1806928,1813304,6376
CameronCao_UCR3iEpRZDhavOacxel3hbA_eMgynE62qmw_1813888_1814000.wav,CameronCao_UCR3iEpRZDhavOacxel3hbA_eMgynE62qmw,1813888,1814000,112
CameronCao_UCR3iEpRZDhavOacxel3hbA_eMgynE62qmw_1814272_1819032.wav,CameronCao_UCR3iEpRZDhavOacxel3hbA_eMgynE62qmw,1814272,1819032,4760
CameronCao_UCR3iEpRZDhavOacxel3hbA_eMgynE62qmw_1820032_1821176.wav,CameronCao_UCR3iEpRZDhavOacxel3hbA_eMgynE62qmw,1820032,1821176,1144
CameronCao_UCR3iEpRZDhavOacxel3hbA_eMgynE62qmw_1821824_1823328.wav,CameronCao_UCR3iEpRZDhavOacxel3hbA_eMgynE62qmw,1821824,1823328,1504
CameronCao_UCR3iEpRZDhavOacxel3hbA_eMgynE62qmw_1823608_1825176.wav,CameronCao_UCR3iEpRZDhavOacxel3hbA_eMgynE62qmw,1823608,1825176,1568
CameronCao_UCR3iEpRZDhavOacxel3hbA_eMgynE62qmw_1825504_1827040.wav,CameronCao_UCR3iEpRZDhavOacxel3hbA_eMgynE62qmw,1825504,1827040,1536
CameronCao_UCR3iEpRZDhavOacxel3hbA_eMgynE62qmw_1827624_1833236.wav,CameronCao_UCR3iEpRZDhavOacxel3hbA_eMgynE62qmw,1827624,1833236,5612
CameronCao_UCR3iEpRZDhavOacxel3hbA_eMgynE62qmw_1833364_1834540.wav,CameronCao_UCR3iEpRZDhavOacxel3hbA_eMgynE62qmw,1833364,1834540,1176
CameronCao_UCR3iEpRZDhavOacxel3hbA_eMgynE62qmw_1834676_1841764.wav,CameronCao_UCR3iEpRZDhavOacxel3hbA_eMgynE62qmw,1834676,1841764,7088
CameronCao_UCR3iEpRZDhavOacxel3hbA_eMgynE62qmw_1841892_1845528.wav,CameronCao_UCR3iEpRZDhavOacxel3hbA_eMgynE62qmw,1841892,1845528,3636
CameronCao_UCR3iEpRZDhavOacxel3hbA_eMgynE62qmw_1846528_1855848.wav,CameronCao_UCR3iEpRZDhavOacxel3hbA_eMgynE62qmw,1846528,1855848,9320
CameronCao_UCR3iEpRZDhavOacxel3hbA_eMgynE62qmw_1855992_1858168.wav,CameronCao_UCR3iEpRZDhavOacxel3hbA_eMgynE62qmw,1855992,1858168,2176
CameronCao_UCR3iEpRZDhavOacxel3hbA_eMgynE62qmw_1858352_1862152.wav,CameronCao_UCR3iEpRZDhavOacxel3hbA_eMgynE62qmw,1858352,1862152,3800
CameronCao_UCR3iEpRZDhavOacxel3hbA_eMgynE62qmw_1862520_1863896.wav,CameronCao_UCR3iEpRZDhavOacxel3hbA_eMgynE62qmw,1862520,1863896,1376
CameronCao_UCR3iEpRZDhavOacxel3hbA_eMgynE62qmw_1864232_1865000.wav,CameronCao_UCR3iEpRZDhavOacxel3hbA_eMgynE62qmw,1864232,1865000,768
CameronCao_UCR3iEpRZDhavOacxel3hbA_eMgynE62qmw_1865384_1865952.wav,CameronCao_UCR3iEpRZDhavOacxel3hbA_eMgynE62qmw,1865384,1865952,568
CameronCao_UCR3iEpRZDhavOacxel3hbA_eMgynE62qmw_1866272_1871200.wav,CameronCao_UCR3iEpRZDhavOacxel3hbA_eMgynE62qmw,1866272,1871200,4928
CameronCao_UCR3iEpRZDhavOacxel3hbA_eMgynE62qmw_1871648_1873248.wav,CameronCao_UCR3iEpRZDhavOacxel3hbA_eMgynE62qmw,1871648,1873248,1600
CameronCao_UCR3iEpRZDhavOacxel3hbA_eMgynE62qmw_1873760_1875289.wav,CameronCao_UCR3iEpRZDhavOacxel3hbA_eMgynE62qmw,1873760,1875289,1529
