filename,video_id,start_time,end_time,duration
RowenaTsai_UCaYF1GL5J7sqJzEeBVUDzw_XpN2SMu0hXk_200_7368.wav,RowenaTsai_UCaYF1GL5J7sqJzEeBVUDzw_XpN2SMu0hXk,200,7368,7168
RowenaTsai_UCaYF1GL5J7sqJzEeBVUDzw_XpN2SMu0hXk_7608_18088.wav,RowenaTsai_UCaYF1GL5J7sqJzEeBVUDzw_XpN2SMu0hXk,7608,18088,10480
RowenaTsai_UCaYF1GL5J7sqJzEeBVUDzw_XpN2SMu0hXk_18672_19816.wav,RowenaTsai_UCaYF1GL5J7sqJzEeBVUDzw_XpN2SMu0hXk,18672,19816,1144
RowenaTsai_UCaYF1GL5J7sqJzEeBVUDzw_XpN2SMu0hXk_20384_34984.wav,RowenaTsai_UCaYF1GL5J7sqJzEeBVUDzw_XpN2SMu0hXk,20384,34984,14600
RowenaTsai_UCaYF1GL5J7sqJzEeBVUDzw_XpN2SMu0hXk_35152_44864.wav,RowenaTsai_UCaYF1GL5J7sqJzEeBVUDzw_XpN2SMu0hXk,35152,44864,9712
RowenaTsai_UCaYF1GL5J7sqJzEeBVUDzw_XpN2SMu0hXk_45592_52928.wav,RowenaTsai_UCaYF1GL5J7sqJzEeBVUDzw_XpN2SMu0hXk,45592,52928,7336
RowenaTsai_UCaYF1GL5J7sqJzEeBVUDzw_XpN2SMu0hXk_53008_54352.wav,RowenaTsai_UCaYF1GL5J7sqJzEeBVUDzw_XpN2SMu0hXk,53008,54352,1344
RowenaTsai_UCaYF1GL5J7sqJzEeBVUDzw_XpN2SMu0hXk_54448_60312.wav,RowenaTsai_UCaYF1GL5J7sqJzEeBVUDzw_XpN2SMu0hXk,54448,60312,5864
RowenaTsai_UCaYF1GL5J7sqJzEeBVUDzw_XpN2SMu0hXk_60408_61288.wav,RowenaTsai_UCaYF1GL5J7sqJzEeBVUDzw_XpN2SMu0hXk,60408,61288,880
RowenaTsai_UCaYF1GL5J7sqJzEeBVUDzw_XpN2SMu0hXk_61400_62360.wav,RowenaTsai_UCaYF1GL5J7sqJzEeBVUDzw_XpN2SMu0hXk,61400,62360,960
RowenaTsai_UCaYF1GL5J7sqJzEeBVUDzw_XpN2SMu0hXk_62696_63936.wav,RowenaTsai_UCaYF1GL5J7sqJzEeBVUDzw_XpN2SMu0hXk,62696,63936,1240
RowenaTsai_UCaYF1GL5J7sqJzEeBVUDzw_XpN2SMu0hXk_64104_64240.wav,RowenaTsai_UCaYF1GL5J7sqJzEeBVUDzw_XpN2SMu0hXk,64104,64240,136
RowenaTsai_UCaYF1GL5J7sqJzEeBVUDzw_XpN2SMu0hXk_64888_75576.wav,RowenaTsai_UCaYF1GL5J7sqJzEeBVUDzw_XpN2SMu0hXk,64888,75576,10688
RowenaTsai_UCaYF1GL5J7sqJzEeBVUDzw_XpN2SMu0hXk_75864_76896.wav,RowenaTsai_UCaYF1GL5J7sqJzEeBVUDzw_XpN2SMu0hXk,75864,76896,1032
RowenaTsai_UCaYF1GL5J7sqJzEeBVUDzw_XpN2SMu0hXk_77216_85440.wav,RowenaTsai_UCaYF1GL5J7sqJzEeBVUDzw_XpN2SMu0hXk,77216,85440,8224
RowenaTsai_UCaYF1GL5J7sqJzEeBVUDzw_XpN2SMu0hXk_85520_87304.wav,RowenaTsai_UCaYF1GL5J7sqJzEeBVUDzw_XpN2SMu0hXk,85520,87304,1784
RowenaTsai_UCaYF1GL5J7sqJzEeBVUDzw_XpN2SMu0hXk_87448_92672.wav,RowenaTsai_UCaYF1GL5J7sqJzEeBVUDzw_XpN2SMu0hXk,87448,92672,5224
RowenaTsai_UCaYF1GL5J7sqJzEeBVUDzw_XpN2SMu0hXk_92768_93744.wav,RowenaTsai_UCaYF1GL5J7sqJzEeBVUDzw_XpN2SMu0hXk,92768,93744,976
RowenaTsai_UCaYF1GL5J7sqJzEeBVUDzw_XpN2SMu0hXk_93824_97840.wav,RowenaTsai_UCaYF1GL5J7sqJzEeBVUDzw_XpN2SMu0hXk,93824,97840,4016
RowenaTsai_UCaYF1GL5J7sqJzEeBVUDzw_XpN2SMu0hXk_98008_100304.wav,RowenaTsai_UCaYF1GL5J7sqJzEeBVUDzw_XpN2SMu0hXk,98008,100304,2296
RowenaTsai_UCaYF1GL5J7sqJzEeBVUDzw_XpN2SMu0hXk_100624_103336.wav,RowenaTsai_UCaYF1GL5J7sqJzEeBVUDzw_XpN2SMu0hXk,100624,103336,2712
RowenaTsai_UCaYF1GL5J7sqJzEeBVUDzw_XpN2SMu0hXk_103900_112733.wav,RowenaTsai_UCaYF1GL5J7sqJzEeBVUDzw_XpN2SMu0hXk,103900,112733,8833
RowenaTsai_UCaYF1GL5J7sqJzEeBVUDzw_XpN2SMu0hXk_112861_120117.wav,RowenaTsai_UCaYF1GL5J7sqJzEeBVUDzw_XpN2SMu0hXk,112861,120117,7256
RowenaTsai_UCaYF1GL5J7sqJzEeBVUDzw_XpN2SMu0hXk_120261_125758.wav,RowenaTsai_UCaYF1GL5J7sqJzEeBVUDzw_XpN2SMu0hXk,120261,125758,5497
RowenaTsai_UCaYF1GL5J7sqJzEeBVUDzw_XpN2SMu0hXk_125910_135102.wav,RowenaTsai_UCaYF1GL5J7sqJzEeBVUDzw_XpN2SMu0hXk,125910,135102,9192
RowenaTsai_UCaYF1GL5J7sqJzEeBVUDzw_XpN2SMu0hXk_135270_137696.wav,RowenaTsai_UCaYF1GL5J7sqJzEeBVUDzw_XpN2SMu0hXk,135270,137696,2426
RowenaTsai_UCaYF1GL5J7sqJzEeBVUDzw_XpN2SMu0hXk_137976_142712.wav,RowenaTsai_UCaYF1GL5J7sqJzEeBVUDzw_XpN2SMu0hXk,137976,142712,4736
RowenaTsai_UCaYF1GL5J7sqJzEeBVUDzw_XpN2SMu0hXk_142872_151820.wav,RowenaTsai_UCaYF1GL5J7sqJzEeBVUDzw_XpN2SMu0hXk,142872,151820,8948
RowenaTsai_UCaYF1GL5J7sqJzEeBVUDzw_XpN2SMu0hXk_152004_155692.wav,RowenaTsai_UCaYF1GL5J7sqJzEeBVUDzw_XpN2SMu0hXk,152004,155692,3688
RowenaTsai_UCaYF1GL5J7sqJzEeBVUDzw_XpN2SMu0hXk_155844_165848.wav,RowenaTsai_UCaYF1GL5J7sqJzEeBVUDzw_XpN2SMu0hXk,155844,165848,10004
RowenaTsai_UCaYF1GL5J7sqJzEeBVUDzw_XpN2SMu0hXk_166032_170296.wav,RowenaTsai_UCaYF1GL5J7sqJzEeBVUDzw_XpN2SMu0hXk,166032,170296,4264
RowenaTsai_UCaYF1GL5J7sqJzEeBVUDzw_XpN2SMu0hXk_170832_183116.wav,RowenaTsai_UCaYF1GL5J7sqJzEeBVUDzw_XpN2SMu0hXk,170832,183116,12284
RowenaTsai_UCaYF1GL5J7sqJzEeBVUDzw_XpN2SMu0hXk_183324_184358.wav,RowenaTsai_UCaYF1GL5J7sqJzEeBVUDzw_XpN2SMu0hXk,183324,184358,1034
RowenaTsai_UCaYF1GL5J7sqJzEeBVUDzw_XpN2SMu0hXk_184502_188623.wav,RowenaTsai_UCaYF1GL5J7sqJzEeBVUDzw_XpN2SMu0hXk,184502,188623,4121
RowenaTsai_UCaYF1GL5J7sqJzEeBVUDzw_XpN2SMu0hXk_188759_195936.wav,RowenaTsai_UCaYF1GL5J7sqJzEeBVUDzw_XpN2SMu0hXk,188759,195936,7177
RowenaTsai_UCaYF1GL5J7sqJzEeBVUDzw_XpN2SMu0hXk_196384_198820.wav,RowenaTsai_UCaYF1GL5J7sqJzEeBVUDzw_XpN2SMu0hXk,196384,198820,2436
RowenaTsai_UCaYF1GL5J7sqJzEeBVUDzw_XpN2SMu0hXk_198972_208060.wav,RowenaTsai_UCaYF1GL5J7sqJzEeBVUDzw_XpN2SMu0hXk,198972,208060,9088
RowenaTsai_UCaYF1GL5J7sqJzEeBVUDzw_XpN2SMu0hXk_208220_213296.wav,RowenaTsai_UCaYF1GL5J7sqJzEeBVUDzw_XpN2SMu0hXk,208220,213296,5076
RowenaTsai_UCaYF1GL5J7sqJzEeBVUDzw_XpN2SMu0hXk_213456_214272.wav,RowenaTsai_UCaYF1GL5J7sqJzEeBVUDzw_XpN2SMu0hXk,213456,214272,816
RowenaTsai_UCaYF1GL5J7sqJzEeBVUDzw_XpN2SMu0hXk_214792_218448.wav,RowenaTsai_UCaYF1GL5J7sqJzEeBVUDzw_XpN2SMu0hXk,214792,218448,3656
RowenaTsai_UCaYF1GL5J7sqJzEeBVUDzw_XpN2SMu0hXk_218912_227920.wav,RowenaTsai_UCaYF1GL5J7sqJzEeBVUDzw_XpN2SMu0hXk,218912,227920,9008
RowenaTsai_UCaYF1GL5J7sqJzEeBVUDzw_XpN2SMu0hXk_228088_232280.wav,RowenaTsai_UCaYF1GL5J7sqJzEeBVUDzw_XpN2SMu0hXk,228088,232280,4192
RowenaTsai_UCaYF1GL5J7sqJzEeBVUDzw_XpN2SMu0hXk_232552_235432.wav,RowenaTsai_UCaYF1GL5J7sqJzEeBVUDzw_XpN2SMu0hXk,232552,235432,2880
RowenaTsai_UCaYF1GL5J7sqJzEeBVUDzw_XpN2SMu0hXk_236072_236296.wav,RowenaTsai_UCaYF1GL5J7sqJzEeBVUDzw_XpN2SMu0hXk,236072,236296,224
RowenaTsai_UCaYF1GL5J7sqJzEeBVUDzw_XpN2SMu0hXk_236624_237360.wav,RowenaTsai_UCaYF1GL5J7sqJzEeBVUDzw_XpN2SMu0hXk,236624,237360,736
RowenaTsai_UCaYF1GL5J7sqJzEeBVUDzw_XpN2SMu0hXk_238272_239116.wav,RowenaTsai_UCaYF1GL5J7sqJzEeBVUDzw_XpN2SMu0hXk,238272,239116,844
RowenaTsai_UCaYF1GL5J7sqJzEeBVUDzw_XpN2SMu0hXk_239284_252766.wav,RowenaTsai_UCaYF1GL5J7sqJzEeBVUDzw_XpN2SMu0hXk,239284,252766,13482
RowenaTsai_UCaYF1GL5J7sqJzEeBVUDzw_XpN2SMu0hXk_252886_267144.wav,RowenaTsai_UCaYF1GL5J7sqJzEeBVUDzw_XpN2SMu0hXk,252886,267144,14258
RowenaTsai_UCaYF1GL5J7sqJzEeBVUDzw_XpN2SMu0hXk_267368_268680.wav,RowenaTsai_UCaYF1GL5J7sqJzEeBVUDzw_XpN2SMu0hXk,267368,268680,1312
RowenaTsai_UCaYF1GL5J7sqJzEeBVUDzw_XpN2SMu0hXk_268920_274688.wav,RowenaTsai_UCaYF1GL5J7sqJzEeBVUDzw_XpN2SMu0hXk,268920,274688,5768
RowenaTsai_UCaYF1GL5J7sqJzEeBVUDzw_XpN2SMu0hXk_274832_281960.wav,RowenaTsai_UCaYF1GL5J7sqJzEeBVUDzw_XpN2SMu0hXk,274832,281960,7128
RowenaTsai_UCaYF1GL5J7sqJzEeBVUDzw_XpN2SMu0hXk_282424_291000.wav,RowenaTsai_UCaYF1GL5J7sqJzEeBVUDzw_XpN2SMu0hXk,282424,291000,8576
RowenaTsai_UCaYF1GL5J7sqJzEeBVUDzw_XpN2SMu0hXk_291152_300664.wav,RowenaTsai_UCaYF1GL5J7sqJzEeBVUDzw_XpN2SMu0hXk,291152,300664,9512
RowenaTsai_UCaYF1GL5J7sqJzEeBVUDzw_XpN2SMu0hXk_301312_311680.wav,RowenaTsai_UCaYF1GL5J7sqJzEeBVUDzw_XpN2SMu0hXk,301312,311680,10368
RowenaTsai_UCaYF1GL5J7sqJzEeBVUDzw_XpN2SMu0hXk_311824_326752.wav,RowenaTsai_UCaYF1GL5J7sqJzEeBVUDzw_XpN2SMu0hXk,311824,326752,14928
RowenaTsai_UCaYF1GL5J7sqJzEeBVUDzw_XpN2SMu0hXk_326856_328992.wav,RowenaTsai_UCaYF1GL5J7sqJzEeBVUDzw_XpN2SMu0hXk,326856,328992,2136
RowenaTsai_UCaYF1GL5J7sqJzEeBVUDzw_XpN2SMu0hXk_329096_330160.wav,RowenaTsai_UCaYF1GL5J7sqJzEeBVUDzw_XpN2SMu0hXk,329096,330160,1064
RowenaTsai_UCaYF1GL5J7sqJzEeBVUDzw_XpN2SMu0hXk_330264_336616.wav,RowenaTsai_UCaYF1GL5J7sqJzEeBVUDzw_XpN2SMu0hXk,330264,336616,6352
RowenaTsai_UCaYF1GL5J7sqJzEeBVUDzw_XpN2SMu0hXk_336720_345592.wav,RowenaTsai_UCaYF1GL5J7sqJzEeBVUDzw_XpN2SMu0hXk,336720,345592,8872
RowenaTsai_UCaYF1GL5J7sqJzEeBVUDzw_XpN2SMu0hXk_345704_348320.wav,RowenaTsai_UCaYF1GL5J7sqJzEeBVUDzw_XpN2SMu0hXk,345704,348320,2616
RowenaTsai_UCaYF1GL5J7sqJzEeBVUDzw_XpN2SMu0hXk_349208_359192.wav,RowenaTsai_UCaYF1GL5J7sqJzEeBVUDzw_XpN2SMu0hXk,349208,359192,9984
RowenaTsai_UCaYF1GL5J7sqJzEeBVUDzw_XpN2SMu0hXk_359912_364264.wav,RowenaTsai_UCaYF1GL5J7sqJzEeBVUDzw_XpN2SMu0hXk,359912,364264,4352
RowenaTsai_UCaYF1GL5J7sqJzEeBVUDzw_XpN2SMu0hXk_365130_367179.wav,RowenaTsai_UCaYF1GL5J7sqJzEeBVUDzw_XpN2SMu0hXk,365130,367179,2049
RowenaTsai_UCaYF1GL5J7sqJzEeBVUDzw_XpN2SMu0hXk_367291_381059.wav,RowenaTsai_UCaYF1GL5J7sqJzEeBVUDzw_XpN2SMu0hXk,367291,381059,13768
RowenaTsai_UCaYF1GL5J7sqJzEeBVUDzw_XpN2SMu0hXk_381171_387683.wav,RowenaTsai_UCaYF1GL5J7sqJzEeBVUDzw_XpN2SMu0hXk,381171,387683,6512
RowenaTsai_UCaYF1GL5J7sqJzEeBVUDzw_XpN2SMu0hXk_387787_391148.wav,RowenaTsai_UCaYF1GL5J7sqJzEeBVUDzw_XpN2SMu0hXk,387787,391148,3361
RowenaTsai_UCaYF1GL5J7sqJzEeBVUDzw_XpN2SMu0hXk_391356_395029.wav,RowenaTsai_UCaYF1GL5J7sqJzEeBVUDzw_XpN2SMu0hXk,391356,395029,3673
RowenaTsai_UCaYF1GL5J7sqJzEeBVUDzw_XpN2SMu0hXk_395165_406118.wav,RowenaTsai_UCaYF1GL5J7sqJzEeBVUDzw_XpN2SMu0hXk,395165,406118,10953
RowenaTsai_UCaYF1GL5J7sqJzEeBVUDzw_XpN2SMu0hXk_406608_409600.wav,RowenaTsai_UCaYF1GL5J7sqJzEeBVUDzw_XpN2SMu0hXk,406608,409600,2992
RowenaTsai_UCaYF1GL5J7sqJzEeBVUDzw_XpN2SMu0hXk_410184_413928.wav,RowenaTsai_UCaYF1GL5J7sqJzEeBVUDzw_XpN2SMu0hXk,410184,413928,3744
RowenaTsai_UCaYF1GL5J7sqJzEeBVUDzw_XpN2SMu0hXk_414496_414648.wav,RowenaTsai_UCaYF1GL5J7sqJzEeBVUDzw_XpN2SMu0hXk,414496,414648,152
RowenaTsai_UCaYF1GL5J7sqJzEeBVUDzw_XpN2SMu0hXk_414848_420328.wav,RowenaTsai_UCaYF1GL5J7sqJzEeBVUDzw_XpN2SMu0hXk,414848,420328,5480
RowenaTsai_UCaYF1GL5J7sqJzEeBVUDzw_XpN2SMu0hXk_420496_427592.wav,RowenaTsai_UCaYF1GL5J7sqJzEeBVUDzw_XpN2SMu0hXk,420496,427592,7096
RowenaTsai_UCaYF1GL5J7sqJzEeBVUDzw_XpN2SMu0hXk_427768_433816.wav,RowenaTsai_UCaYF1GL5J7sqJzEeBVUDzw_XpN2SMu0hXk,427768,433816,6048
RowenaTsai_UCaYF1GL5J7sqJzEeBVUDzw_XpN2SMu0hXk_434104_436896.wav,RowenaTsai_UCaYF1GL5J7sqJzEeBVUDzw_XpN2SMu0hXk,434104,436896,2792
RowenaTsai_UCaYF1GL5J7sqJzEeBVUDzw_XpN2SMu0hXk_437200_441224.wav,RowenaTsai_UCaYF1GL5J7sqJzEeBVUDzw_XpN2SMu0hXk,437200,441224,4024
RowenaTsai_UCaYF1GL5J7sqJzEeBVUDzw_XpN2SMu0hXk_441376_446972.wav,RowenaTsai_UCaYF1GL5J7sqJzEeBVUDzw_XpN2SMu0hXk,441376,446972,5596
RowenaTsai_UCaYF1GL5J7sqJzEeBVUDzw_XpN2SMu0hXk_447100_451840.wav,RowenaTsai_UCaYF1GL5J7sqJzEeBVUDzw_XpN2SMu0hXk,447100,451840,4740
RowenaTsai_UCaYF1GL5J7sqJzEeBVUDzw_XpN2SMu0hXk_452232_462800.wav,RowenaTsai_UCaYF1GL5J7sqJzEeBVUDzw_XpN2SMu0hXk,452232,462800,10568
RowenaTsai_UCaYF1GL5J7sqJzEeBVUDzw_XpN2SMu0hXk_463400_469184.wav,RowenaTsai_UCaYF1GL5J7sqJzEeBVUDzw_XpN2SMu0hXk,463400,469184,5784
RowenaTsai_UCaYF1GL5J7sqJzEeBVUDzw_XpN2SMu0hXk_469576_472192.wav,RowenaTsai_UCaYF1GL5J7sqJzEeBVUDzw_XpN2SMu0hXk,469576,472192,2616
RowenaTsai_UCaYF1GL5J7sqJzEeBVUDzw_XpN2SMu0hXk_472368_474040.wav,RowenaTsai_UCaYF1GL5J7sqJzEeBVUDzw_XpN2SMu0hXk,472368,474040,1672
RowenaTsai_UCaYF1GL5J7sqJzEeBVUDzw_XpN2SMu0hXk_474192_479432.wav,RowenaTsai_UCaYF1GL5J7sqJzEeBVUDzw_XpN2SMu0hXk,474192,479432,5240
RowenaTsai_UCaYF1GL5J7sqJzEeBVUDzw_XpN2SMu0hXk_479632_485468.wav,RowenaTsai_UCaYF1GL5J7sqJzEeBVUDzw_XpN2SMu0hXk,479632,485468,5836
RowenaTsai_UCaYF1GL5J7sqJzEeBVUDzw_XpN2SMu0hXk_485596_491644.wav,RowenaTsai_UCaYF1GL5J7sqJzEeBVUDzw_XpN2SMu0hXk,485596,491644,6048
RowenaTsai_UCaYF1GL5J7sqJzEeBVUDzw_XpN2SMu0hXk_491788_497904.wav,RowenaTsai_UCaYF1GL5J7sqJzEeBVUDzw_XpN2SMu0hXk,491788,497904,6116
RowenaTsai_UCaYF1GL5J7sqJzEeBVUDzw_XpN2SMu0hXk_498120_498744.wav,RowenaTsai_UCaYF1GL5J7sqJzEeBVUDzw_XpN2SMu0hXk,498120,498744,624
RowenaTsai_UCaYF1GL5J7sqJzEeBVUDzw_XpN2SMu0hXk_498976_510876.wav,RowenaTsai_UCaYF1GL5J7sqJzEeBVUDzw_XpN2SMu0hXk,498976,510876,11900
RowenaTsai_UCaYF1GL5J7sqJzEeBVUDzw_XpN2SMu0hXk_511060_518412.wav,RowenaTsai_UCaYF1GL5J7sqJzEeBVUDzw_XpN2SMu0hXk,511060,518412,7352
RowenaTsai_UCaYF1GL5J7sqJzEeBVUDzw_XpN2SMu0hXk_518588_518800.wav,RowenaTsai_UCaYF1GL5J7sqJzEeBVUDzw_XpN2SMu0hXk,518588,518800,212
RowenaTsai_UCaYF1GL5J7sqJzEeBVUDzw_XpN2SMu0hXk_519264_522440.wav,RowenaTsai_UCaYF1GL5J7sqJzEeBVUDzw_XpN2SMu0hXk,519264,522440,3176
RowenaTsai_UCaYF1GL5J7sqJzEeBVUDzw_XpN2SMu0hXk_522600_532000.wav,RowenaTsai_UCaYF1GL5J7sqJzEeBVUDzw_XpN2SMu0hXk,522600,532000,9400
RowenaTsai_UCaYF1GL5J7sqJzEeBVUDzw_XpN2SMu0hXk_532576_536520.wav,RowenaTsai_UCaYF1GL5J7sqJzEeBVUDzw_XpN2SMu0hXk,532576,536520,3944
RowenaTsai_UCaYF1GL5J7sqJzEeBVUDzw_XpN2SMu0hXk_536720_541056.wav,RowenaTsai_UCaYF1GL5J7sqJzEeBVUDzw_XpN2SMu0hXk,536720,541056,4336
RowenaTsai_UCaYF1GL5J7sqJzEeBVUDzw_XpN2SMu0hXk_541312_541424.wav,RowenaTsai_UCaYF1GL5J7sqJzEeBVUDzw_XpN2SMu0hXk,541312,541424,112
RowenaTsai_UCaYF1GL5J7sqJzEeBVUDzw_XpN2SMu0hXk_541704_548332.wav,RowenaTsai_UCaYF1GL5J7sqJzEeBVUDzw_XpN2SMu0hXk,541704,548332,6628
RowenaTsai_UCaYF1GL5J7sqJzEeBVUDzw_XpN2SMu0hXk_548468_555336.wav,RowenaTsai_UCaYF1GL5J7sqJzEeBVUDzw_XpN2SMu0hXk,548468,555336,6868
RowenaTsai_UCaYF1GL5J7sqJzEeBVUDzw_XpN2SMu0hXk_555856_556552.wav,RowenaTsai_UCaYF1GL5J7sqJzEeBVUDzw_XpN2SMu0hXk,555856,556552,696
RowenaTsai_UCaYF1GL5J7sqJzEeBVUDzw_XpN2SMu0hXk_556912_565008.wav,RowenaTsai_UCaYF1GL5J7sqJzEeBVUDzw_XpN2SMu0hXk,556912,565008,8096
RowenaTsai_UCaYF1GL5J7sqJzEeBVUDzw_XpN2SMu0hXk_565376_571500.wav,RowenaTsai_UCaYF1GL5J7sqJzEeBVUDzw_XpN2SMu0hXk,565376,571500,6124
RowenaTsai_UCaYF1GL5J7sqJzEeBVUDzw_XpN2SMu0hXk_571748_575493.wav,RowenaTsai_UCaYF1GL5J7sqJzEeBVUDzw_XpN2SMu0hXk,571748,575493,3745
RowenaTsai_UCaYF1GL5J7sqJzEeBVUDzw_XpN2SMu0hXk_575669_580549.wav,RowenaTsai_UCaYF1GL5J7sqJzEeBVUDzw_XpN2SMu0hXk,575669,580549,4880
RowenaTsai_UCaYF1GL5J7sqJzEeBVUDzw_XpN2SMu0hXk_580677_585965.wav,RowenaTsai_UCaYF1GL5J7sqJzEeBVUDzw_XpN2SMu0hXk,580677,585965,5288
RowenaTsai_UCaYF1GL5J7sqJzEeBVUDzw_XpN2SMu0hXk_586101_598887.wav,RowenaTsai_UCaYF1GL5J7sqJzEeBVUDzw_XpN2SMu0hXk,586101,598887,12786
RowenaTsai_UCaYF1GL5J7sqJzEeBVUDzw_XpN2SMu0hXk_598967_601849.wav,RowenaTsai_UCaYF1GL5J7sqJzEeBVUDzw_XpN2SMu0hXk,598967,601849,2882
RowenaTsai_UCaYF1GL5J7sqJzEeBVUDzw_XpN2SMu0hXk_601969_606213.wav,RowenaTsai_UCaYF1GL5J7sqJzEeBVUDzw_XpN2SMu0hXk,601969,606213,4244
RowenaTsai_UCaYF1GL5J7sqJzEeBVUDzw_XpN2SMu0hXk_606341_607509.wav,RowenaTsai_UCaYF1GL5J7sqJzEeBVUDzw_XpN2SMu0hXk,606341,607509,1168
RowenaTsai_UCaYF1GL5J7sqJzEeBVUDzw_XpN2SMu0hXk_607669_610373.wav,RowenaTsai_UCaYF1GL5J7sqJzEeBVUDzw_XpN2SMu0hXk,607669,610373,2704
RowenaTsai_UCaYF1GL5J7sqJzEeBVUDzw_XpN2SMu0hXk_610565_616734.wav,RowenaTsai_UCaYF1GL5J7sqJzEeBVUDzw_XpN2SMu0hXk,610565,616734,6169
RowenaTsai_UCaYF1GL5J7sqJzEeBVUDzw_XpN2SMu0hXk_616934_627823.wav,RowenaTsai_UCaYF1GL5J7sqJzEeBVUDzw_XpN2SMu0hXk,616934,627823,10889
RowenaTsai_UCaYF1GL5J7sqJzEeBVUDzw_XpN2SMu0hXk_627991_640408.wav,RowenaTsai_UCaYF1GL5J7sqJzEeBVUDzw_XpN2SMu0hXk,627991,640408,12417
RowenaTsai_UCaYF1GL5J7sqJzEeBVUDzw_XpN2SMu0hXk_640664_649120.wav,RowenaTsai_UCaYF1GL5J7sqJzEeBVUDzw_XpN2SMu0hXk,640664,649120,8456
RowenaTsai_UCaYF1GL5J7sqJzEeBVUDzw_XpN2SMu0hXk_649368_649904.wav,RowenaTsai_UCaYF1GL5J7sqJzEeBVUDzw_XpN2SMu0hXk,649368,649904,536
RowenaTsai_UCaYF1GL5J7sqJzEeBVUDzw_XpN2SMu0hXk_650192_655376.wav,RowenaTsai_UCaYF1GL5J7sqJzEeBVUDzw_XpN2SMu0hXk,650192,655376,5184
RowenaTsai_UCaYF1GL5J7sqJzEeBVUDzw_XpN2SMu0hXk_655880_657352.wav,RowenaTsai_UCaYF1GL5J7sqJzEeBVUDzw_XpN2SMu0hXk,655880,657352,1472
RowenaTsai_UCaYF1GL5J7sqJzEeBVUDzw_XpN2SMu0hXk_657712_663456.wav,RowenaTsai_UCaYF1GL5J7sqJzEeBVUDzw_XpN2SMu0hXk,657712,663456,5744
RowenaTsai_UCaYF1GL5J7sqJzEeBVUDzw_XpN2SMu0hXk_664064_676632.wav,RowenaTsai_UCaYF1GL5J7sqJzEeBVUDzw_XpN2SMu0hXk,664064,676632,12568
RowenaTsai_UCaYF1GL5J7sqJzEeBVUDzw_XpN2SMu0hXk_677504_685852.wav,RowenaTsai_UCaYF1GL5J7sqJzEeBVUDzw_XpN2SMu0hXk,677504,685852,8348
RowenaTsai_UCaYF1GL5J7sqJzEeBVUDzw_XpN2SMu0hXk_686400_688048.wav,RowenaTsai_UCaYF1GL5J7sqJzEeBVUDzw_XpN2SMu0hXk,686400,688048,1648
RowenaTsai_UCaYF1GL5J7sqJzEeBVUDzw_XpN2SMu0hXk_688392_692384.wav,RowenaTsai_UCaYF1GL5J7sqJzEeBVUDzw_XpN2SMu0hXk,688392,692384,3992
RowenaTsai_UCaYF1GL5J7sqJzEeBVUDzw_XpN2SMu0hXk_692544_700360.wav,RowenaTsai_UCaYF1GL5J7sqJzEeBVUDzw_XpN2SMu0hXk,692544,700360,7816
RowenaTsai_UCaYF1GL5J7sqJzEeBVUDzw_XpN2SMu0hXk_700896_708240.wav,RowenaTsai_UCaYF1GL5J7sqJzEeBVUDzw_XpN2SMu0hXk,700896,708240,7344
RowenaTsai_UCaYF1GL5J7sqJzEeBVUDzw_XpN2SMu0hXk_708504_713648.wav,RowenaTsai_UCaYF1GL5J7sqJzEeBVUDzw_XpN2SMu0hXk,708504,713648,5144
RowenaTsai_UCaYF1GL5J7sqJzEeBVUDzw_XpN2SMu0hXk_714424_718978.wav,RowenaTsai_UCaYF1GL5J7sqJzEeBVUDzw_XpN2SMu0hXk,714424,718978,4554
RowenaTsai_UCaYF1GL5J7sqJzEeBVUDzw_XpN2SMu0hXk_719114_727372.wav,RowenaTsai_UCaYF1GL5J7sqJzEeBVUDzw_XpN2SMu0hXk,719114,727372,8258
RowenaTsai_UCaYF1GL5J7sqJzEeBVUDzw_XpN2SMu0hXk_727540_730256.wav,RowenaTsai_UCaYF1GL5J7sqJzEeBVUDzw_XpN2SMu0hXk,727540,730256,2716
RowenaTsai_UCaYF1GL5J7sqJzEeBVUDzw_XpN2SMu0hXk_730560_736984.wav,RowenaTsai_UCaYF1GL5J7sqJzEeBVUDzw_XpN2SMu0hXk,730560,736984,6424
RowenaTsai_UCaYF1GL5J7sqJzEeBVUDzw_XpN2SMu0hXk_737520_745096.wav,RowenaTsai_UCaYF1GL5J7sqJzEeBVUDzw_XpN2SMu0hXk,737520,745096,7576
RowenaTsai_UCaYF1GL5J7sqJzEeBVUDzw_XpN2SMu0hXk_745664_746608.wav,RowenaTsai_UCaYF1GL5J7sqJzEeBVUDzw_XpN2SMu0hXk,745664,746608,944
RowenaTsai_UCaYF1GL5J7sqJzEeBVUDzw_XpN2SMu0hXk_746760_754520.wav,RowenaTsai_UCaYF1GL5J7sqJzEeBVUDzw_XpN2SMu0hXk,746760,754520,7760
RowenaTsai_UCaYF1GL5J7sqJzEeBVUDzw_XpN2SMu0hXk_754832_763128.wav,RowenaTsai_UCaYF1GL5J7sqJzEeBVUDzw_XpN2SMu0hXk,754832,763128,8296
RowenaTsai_UCaYF1GL5J7sqJzEeBVUDzw_XpN2SMu0hXk_763544_765192.wav,RowenaTsai_UCaYF1GL5J7sqJzEeBVUDzw_XpN2SMu0hXk,763544,765192,1648
RowenaTsai_UCaYF1GL5J7sqJzEeBVUDzw_XpN2SMu0hXk_766152_769764.wav,RowenaTsai_UCaYF1GL5J7sqJzEeBVUDzw_XpN2SMu0hXk,766152,769764,3612
RowenaTsai_UCaYF1GL5J7sqJzEeBVUDzw_XpN2SMu0hXk_769916_778580.wav,RowenaTsai_UCaYF1GL5J7sqJzEeBVUDzw_XpN2SMu0hXk,769916,778580,8664
RowenaTsai_UCaYF1GL5J7sqJzEeBVUDzw_XpN2SMu0hXk_778732_789288.wav,RowenaTsai_UCaYF1GL5J7sqJzEeBVUDzw_XpN2SMu0hXk,778732,789288,10556
RowenaTsai_UCaYF1GL5J7sqJzEeBVUDzw_XpN2SMu0hXk_789552_794168.wav,RowenaTsai_UCaYF1GL5J7sqJzEeBVUDzw_XpN2SMu0hXk,789552,794168,4616
RowenaTsai_UCaYF1GL5J7sqJzEeBVUDzw_XpN2SMu0hXk_794536_796224.wav,RowenaTsai_UCaYF1GL5J7sqJzEeBVUDzw_XpN2SMu0hXk,794536,796224,1688
RowenaTsai_UCaYF1GL5J7sqJzEeBVUDzw_XpN2SMu0hXk_796512_805633.wav,RowenaTsai_UCaYF1GL5J7sqJzEeBVUDzw_XpN2SMu0hXk,796512,805633,9121
RowenaTsai_UCaYF1GL5J7sqJzEeBVUDzw_XpN2SMu0hXk_805825_806649.wav,RowenaTsai_UCaYF1GL5J7sqJzEeBVUDzw_XpN2SMu0hXk,805825,806649,824
RowenaTsai_UCaYF1GL5J7sqJzEeBVUDzw_XpN2SMu0hXk_807074_807859.wav,RowenaTsai_UCaYF1GL5J7sqJzEeBVUDzw_XpN2SMu0hXk,807074,807859,785
RowenaTsai_UCaYF1GL5J7sqJzEeBVUDzw_XpN2SMu0hXk_808075_818964.wav,RowenaTsai_UCaYF1GL5J7sqJzEeBVUDzw_XpN2SMu0hXk,808075,818964,10889
RowenaTsai_UCaYF1GL5J7sqJzEeBVUDzw_XpN2SMu0hXk_819220_822936.wav,RowenaTsai_UCaYF1GL5J7sqJzEeBVUDzw_XpN2SMu0hXk,819220,822936,3716
RowenaTsai_UCaYF1GL5J7sqJzEeBVUDzw_XpN2SMu0hXk_823280_824336.wav,RowenaTsai_UCaYF1GL5J7sqJzEeBVUDzw_XpN2SMu0hXk,823280,824336,1056
RowenaTsai_UCaYF1GL5J7sqJzEeBVUDzw_XpN2SMu0hXk_824688_830848.wav,RowenaTsai_UCaYF1GL5J7sqJzEeBVUDzw_XpN2SMu0hXk,824688,830848,6160
RowenaTsai_UCaYF1GL5J7sqJzEeBVUDzw_XpN2SMu0hXk_831200_835572.wav,RowenaTsai_UCaYF1GL5J7sqJzEeBVUDzw_XpN2SMu0hXk,831200,835572,4372
RowenaTsai_UCaYF1GL5J7sqJzEeBVUDzw_XpN2SMu0hXk_835748_836933.wav,RowenaTsai_UCaYF1GL5J7sqJzEeBVUDzw_XpN2SMu0hXk,835748,836933,1185
RowenaTsai_UCaYF1GL5J7sqJzEeBVUDzw_XpN2SMu0hXk_837029_846765.wav,RowenaTsai_UCaYF1GL5J7sqJzEeBVUDzw_XpN2SMu0hXk,837029,846765,9736
RowenaTsai_UCaYF1GL5J7sqJzEeBVUDzw_XpN2SMu0hXk_846853_852925.wav,RowenaTsai_UCaYF1GL5J7sqJzEeBVUDzw_XpN2SMu0hXk,846853,852925,6072
RowenaTsai_UCaYF1GL5J7sqJzEeBVUDzw_XpN2SMu0hXk_853013_859686.wav,RowenaTsai_UCaYF1GL5J7sqJzEeBVUDzw_XpN2SMu0hXk,853013,859686,6673
RowenaTsai_UCaYF1GL5J7sqJzEeBVUDzw_XpN2SMu0hXk_860104_865980.wav,RowenaTsai_UCaYF1GL5J7sqJzEeBVUDzw_XpN2SMu0hXk,860104,865980,5876
RowenaTsai_UCaYF1GL5J7sqJzEeBVUDzw_XpN2SMu0hXk_866108_867988.wav,RowenaTsai_UCaYF1GL5J7sqJzEeBVUDzw_XpN2SMu0hXk,866108,867988,1880
RowenaTsai_UCaYF1GL5J7sqJzEeBVUDzw_XpN2SMu0hXk_868124_873976.wav,RowenaTsai_UCaYF1GL5J7sqJzEeBVUDzw_XpN2SMu0hXk,868124,873976,5852
RowenaTsai_UCaYF1GL5J7sqJzEeBVUDzw_XpN2SMu0hXk_874640_876010.wav,RowenaTsai_UCaYF1GL5J7sqJzEeBVUDzw_XpN2SMu0hXk,874640,876010,1370
RowenaTsai_UCaYF1GL5J7sqJzEeBVUDzw_XpN2SMu0hXk_876186_877082.wav,RowenaTsai_UCaYF1GL5J7sqJzEeBVUDzw_XpN2SMu0hXk,876186,877082,896
RowenaTsai_UCaYF1GL5J7sqJzEeBVUDzw_XpN2SMu0hXk_877202_882278.wav,RowenaTsai_UCaYF1GL5J7sqJzEeBVUDzw_XpN2SMu0hXk,877202,882278,5076
RowenaTsai_UCaYF1GL5J7sqJzEeBVUDzw_XpN2SMu0hXk_882414_884438.wav,RowenaTsai_UCaYF1GL5J7sqJzEeBVUDzw_XpN2SMu0hXk,882414,884438,2024
RowenaTsai_UCaYF1GL5J7sqJzEeBVUDzw_XpN2SMu0hXk_884574_885054.wav,RowenaTsai_UCaYF1GL5J7sqJzEeBVUDzw_XpN2SMu0hXk,884574,885054,480
RowenaTsai_UCaYF1GL5J7sqJzEeBVUDzw_XpN2SMu0hXk_885158_893346.wav,RowenaTsai_UCaYF1GL5J7sqJzEeBVUDzw_XpN2SMu0hXk,885158,893346,8188
RowenaTsai_UCaYF1GL5J7sqJzEeBVUDzw_XpN2SMu0hXk_893586_894986.wav,RowenaTsai_UCaYF1GL5J7sqJzEeBVUDzw_XpN2SMu0hXk,893586,894986,1400
RowenaTsai_UCaYF1GL5J7sqJzEeBVUDzw_XpN2SMu0hXk_895146_900444.wav,RowenaTsai_UCaYF1GL5J7sqJzEeBVUDzw_XpN2SMu0hXk,895146,900444,5298
RowenaTsai_UCaYF1GL5J7sqJzEeBVUDzw_XpN2SMu0hXk_901080_905352.wav,RowenaTsai_UCaYF1GL5J7sqJzEeBVUDzw_XpN2SMu0hXk,901080,905352,4272
RowenaTsai_UCaYF1GL5J7sqJzEeBVUDzw_XpN2SMu0hXk_906320_916746.wav,RowenaTsai_UCaYF1GL5J7sqJzEeBVUDzw_XpN2SMu0hXk,906320,916746,10426
RowenaTsai_UCaYF1GL5J7sqJzEeBVUDzw_XpN2SMu0hXk_917002_926355.wav,RowenaTsai_UCaYF1GL5J7sqJzEeBVUDzw_XpN2SMu0hXk,917002,926355,9353
RowenaTsai_UCaYF1GL5J7sqJzEeBVUDzw_XpN2SMu0hXk_926443_926899.wav,RowenaTsai_UCaYF1GL5J7sqJzEeBVUDzw_XpN2SMu0hXk,926443,926899,456
RowenaTsai_UCaYF1GL5J7sqJzEeBVUDzw_XpN2SMu0hXk_926987_927379.wav,RowenaTsai_UCaYF1GL5J7sqJzEeBVUDzw_XpN2SMu0hXk,926987,927379,392
RowenaTsai_UCaYF1GL5J7sqJzEeBVUDzw_XpN2SMu0hXk_927467_938499.wav,RowenaTsai_UCaYF1GL5J7sqJzEeBVUDzw_XpN2SMu0hXk,927467,938499,11032
RowenaTsai_UCaYF1GL5J7sqJzEeBVUDzw_XpN2SMu0hXk_939204_949485.wav,RowenaTsai_UCaYF1GL5J7sqJzEeBVUDzw_XpN2SMu0hXk,939204,949485,10281
RowenaTsai_UCaYF1GL5J7sqJzEeBVUDzw_XpN2SMu0hXk_949613_960638.wav,RowenaTsai_UCaYF1GL5J7sqJzEeBVUDzw_XpN2SMu0hXk,949613,960638,11025
RowenaTsai_UCaYF1GL5J7sqJzEeBVUDzw_XpN2SMu0hXk_960854_970127.wav,RowenaTsai_UCaYF1GL5J7sqJzEeBVUDzw_XpN2SMu0hXk,960854,970127,9273
RowenaTsai_UCaYF1GL5J7sqJzEeBVUDzw_XpN2SMu0hXk_970287_975808.wav,RowenaTsai_UCaYF1GL5J7sqJzEeBVUDzw_XpN2SMu0hXk,970287,975808,5521
RowenaTsai_UCaYF1GL5J7sqJzEeBVUDzw_XpN2SMu0hXk_976480_985408.wav,RowenaTsai_UCaYF1GL5J7sqJzEeBVUDzw_XpN2SMu0hXk,976480,985408,8928
RowenaTsai_UCaYF1GL5J7sqJzEeBVUDzw_XpN2SMu0hXk_985624_988200.wav,RowenaTsai_UCaYF1GL5J7sqJzEeBVUDzw_XpN2SMu0hXk,985624,988200,2576
RowenaTsai_UCaYF1GL5J7sqJzEeBVUDzw_XpN2SMu0hXk_988560_999266.wav,RowenaTsai_UCaYF1GL5J7sqJzEeBVUDzw_XpN2SMu0hXk,988560,999266,10706
RowenaTsai_UCaYF1GL5J7sqJzEeBVUDzw_XpN2SMu0hXk_999458_1004116.wav,RowenaTsai_UCaYF1GL5J7sqJzEeBVUDzw_XpN2SMu0hXk,999458,1004116,4658
RowenaTsai_UCaYF1GL5J7sqJzEeBVUDzw_XpN2SMu0hXk_1004388_1007856.wav,RowenaTsai_UCaYF1GL5J7sqJzEeBVUDzw_XpN2SMu0hXk,1004388,1007856,3468
RowenaTsai_UCaYF1GL5J7sqJzEeBVUDzw_XpN2SMu0hXk_1008360_1010952.wav,RowenaTsai_UCaYF1GL5J7sqJzEeBVUDzw_XpN2SMu0hXk,1008360,1010952,2592
RowenaTsai_UCaYF1GL5J7sqJzEeBVUDzw_XpN2SMu0hXk_1011568_1012320.wav,RowenaTsai_UCaYF1GL5J7sqJzEeBVUDzw_XpN2SMu0hXk,1011568,1012320,752
RowenaTsai_UCaYF1GL5J7sqJzEeBVUDzw_XpN2SMu0hXk_1013320_1016392.wav,RowenaTsai_UCaYF1GL5J7sqJzEeBVUDzw_XpN2SMu0hXk,1013320,1016392,3072
RowenaTsai_UCaYF1GL5J7sqJzEeBVUDzw_XpN2SMu0hXk_1016704_1021313.wav,RowenaTsai_UCaYF1GL5J7sqJzEeBVUDzw_XpN2SMu0hXk,1016704,1021313,4609
RowenaTsai_UCaYF1GL5J7sqJzEeBVUDzw_XpN2SMu0hXk_1021449_1029658.wav,RowenaTsai_UCaYF1GL5J7sqJzEeBVUDzw_XpN2SMu0hXk,1021449,1029658,8209
RowenaTsai_UCaYF1GL5J7sqJzEeBVUDzw_XpN2SMu0hXk_1030020_1034728.wav,RowenaTsai_UCaYF1GL5J7sqJzEeBVUDzw_XpN2SMu0hXk,1030020,1034728,4708
RowenaTsai_UCaYF1GL5J7sqJzEeBVUDzw_XpN2SMu0hXk_1034984_1036140.wav,RowenaTsai_UCaYF1GL5J7sqJzEeBVUDzw_XpN2SMu0hXk,1034984,1036140,1156
RowenaTsai_UCaYF1GL5J7sqJzEeBVUDzw_XpN2SMu0hXk_1036356_1039334.wav,RowenaTsai_UCaYF1GL5J7sqJzEeBVUDzw_XpN2SMu0hXk,1036356,1039334,2978
RowenaTsai_UCaYF1GL5J7sqJzEeBVUDzw_XpN2SMu0hXk_1039462_1049230.wav,RowenaTsai_UCaYF1GL5J7sqJzEeBVUDzw_XpN2SMu0hXk,1039462,1049230,9768
RowenaTsai_UCaYF1GL5J7sqJzEeBVUDzw_XpN2SMu0hXk_1049366_1051576.wav,RowenaTsai_UCaYF1GL5J7sqJzEeBVUDzw_XpN2SMu0hXk,1049366,1051576,2210
RowenaTsai_UCaYF1GL5J7sqJzEeBVUDzw_XpN2SMu0hXk_1052024_1052704.wav,RowenaTsai_UCaYF1GL5J7sqJzEeBVUDzw_XpN2SMu0hXk,1052024,1052704,680
RowenaTsai_UCaYF1GL5J7sqJzEeBVUDzw_XpN2SMu0hXk_1053000_1057700.wav,RowenaTsai_UCaYF1GL5J7sqJzEeBVUDzw_XpN2SMu0hXk,1053000,1057700,4700
RowenaTsai_UCaYF1GL5J7sqJzEeBVUDzw_XpN2SMu0hXk_1057884_1060668.wav,RowenaTsai_UCaYF1GL5J7sqJzEeBVUDzw_XpN2SMu0hXk,1057884,1060668,2784
RowenaTsai_UCaYF1GL5J7sqJzEeBVUDzw_XpN2SMu0hXk_1060820_1064924.wav,RowenaTsai_UCaYF1GL5J7sqJzEeBVUDzw_XpN2SMu0hXk,1060820,1064924,4104
RowenaTsai_UCaYF1GL5J7sqJzEeBVUDzw_XpN2SMu0hXk_1065100_1069997.wav,RowenaTsai_UCaYF1GL5J7sqJzEeBVUDzw_XpN2SMu0hXk,1065100,1069997,4897
RowenaTsai_UCaYF1GL5J7sqJzEeBVUDzw_XpN2SMu0hXk_1070125_1075294.wav,RowenaTsai_UCaYF1GL5J7sqJzEeBVUDzw_XpN2SMu0hXk,1070125,1075294,5169
RowenaTsai_UCaYF1GL5J7sqJzEeBVUDzw_XpN2SMu0hXk_1075486_1077662.wav,RowenaTsai_UCaYF1GL5J7sqJzEeBVUDzw_XpN2SMu0hXk,1075486,1077662,2176
RowenaTsai_UCaYF1GL5J7sqJzEeBVUDzw_XpN2SMu0hXk_1077830_1081608.wav,RowenaTsai_UCaYF1GL5J7sqJzEeBVUDzw_XpN2SMu0hXk,1077830,1081608,3778
RowenaTsai_UCaYF1GL5J7sqJzEeBVUDzw_XpN2SMu0hXk_1082600_1085184.wav,RowenaTsai_UCaYF1GL5J7sqJzEeBVUDzw_XpN2SMu0hXk,1082600,1085184,2584
RowenaTsai_UCaYF1GL5J7sqJzEeBVUDzw_XpN2SMu0hXk_1085720_1093313.wav,RowenaTsai_UCaYF1GL5J7sqJzEeBVUDzw_XpN2SMu0hXk,1085720,1093313,7593
RowenaTsai_UCaYF1GL5J7sqJzEeBVUDzw_XpN2SMu0hXk_1093916_1098288.wav,RowenaTsai_UCaYF1GL5J7sqJzEeBVUDzw_XpN2SMu0hXk,1093916,1098288,4372
RowenaTsai_UCaYF1GL5J7sqJzEeBVUDzw_XpN2SMu0hXk_1098936_1102784.wav,RowenaTsai_UCaYF1GL5J7sqJzEeBVUDzw_XpN2SMu0hXk,1098936,1102784,3848
RowenaTsai_UCaYF1GL5J7sqJzEeBVUDzw_XpN2SMu0hXk_1103592_1104952.wav,RowenaTsai_UCaYF1GL5J7sqJzEeBVUDzw_XpN2SMu0hXk,1103592,1104952,1360
RowenaTsai_UCaYF1GL5J7sqJzEeBVUDzw_XpN2SMu0hXk_1105296_1108392.wav,RowenaTsai_UCaYF1GL5J7sqJzEeBVUDzw_XpN2SMu0hXk,1105296,1108392,3096
RowenaTsai_UCaYF1GL5J7sqJzEeBVUDzw_XpN2SMu0hXk_1108608_1123480.wav,RowenaTsai_UCaYF1GL5J7sqJzEeBVUDzw_XpN2SMu0hXk,1108608,1123480,14872
RowenaTsai_UCaYF1GL5J7sqJzEeBVUDzw_XpN2SMu0hXk_1123592_1128256.wav,RowenaTsai_UCaYF1GL5J7sqJzEeBVUDzw_XpN2SMu0hXk,1123592,1128256,4664
RowenaTsai_UCaYF1GL5J7sqJzEeBVUDzw_XpN2SMu0hXk_1128448_1131064.wav,RowenaTsai_UCaYF1GL5J7sqJzEeBVUDzw_XpN2SMu0hXk,1128448,1131064,2616
RowenaTsai_UCaYF1GL5J7sqJzEeBVUDzw_XpN2SMu0hXk_1131344_1134360.wav,RowenaTsai_UCaYF1GL5J7sqJzEeBVUDzw_XpN2SMu0hXk,1131344,1134360,3016
RowenaTsai_UCaYF1GL5J7sqJzEeBVUDzw_XpN2SMu0hXk_1134512_1142312.wav,RowenaTsai_UCaYF1GL5J7sqJzEeBVUDzw_XpN2SMu0hXk,1134512,1142312,7800
RowenaTsai_UCaYF1GL5J7sqJzEeBVUDzw_XpN2SMu0hXk_1142648_1150440.wav,RowenaTsai_UCaYF1GL5J7sqJzEeBVUDzw_XpN2SMu0hXk,1142648,1150440,7792
RowenaTsai_UCaYF1GL5J7sqJzEeBVUDzw_XpN2SMu0hXk_1151168_1158560.wav,RowenaTsai_UCaYF1GL5J7sqJzEeBVUDzw_XpN2SMu0hXk,1151168,1158560,7392
RowenaTsai_UCaYF1GL5J7sqJzEeBVUDzw_XpN2SMu0hXk_1161064_1163704.wav,RowenaTsai_UCaYF1GL5J7sqJzEeBVUDzw_XpN2SMu0hXk,1161064,1163704,2640
RowenaTsai_UCaYF1GL5J7sqJzEeBVUDzw_XpN2SMu0hXk_1164288_1170464.wav,RowenaTsai_UCaYF1GL5J7sqJzEeBVUDzw_XpN2SMu0hXk,1164288,1170464,6176
RowenaTsai_UCaYF1GL5J7sqJzEeBVUDzw_XpN2SMu0hXk_1171024_1171732.wav,RowenaTsai_UCaYF1GL5J7sqJzEeBVUDzw_XpN2SMu0hXk,1171024,1171732,708
RowenaTsai_UCaYF1GL5J7sqJzEeBVUDzw_XpN2SMu0hXk_1172004_1179168.wav,RowenaTsai_UCaYF1GL5J7sqJzEeBVUDzw_XpN2SMu0hXk,1172004,1179168,7164
RowenaTsai_UCaYF1GL5J7sqJzEeBVUDzw_XpN2SMu0hXk_1179376_1185676.wav,RowenaTsai_UCaYF1GL5J7sqJzEeBVUDzw_XpN2SMu0hXk,1179376,1185676,6300
RowenaTsai_UCaYF1GL5J7sqJzEeBVUDzw_XpN2SMu0hXk_1186284_1201021.wav,RowenaTsai_UCaYF1GL5J7sqJzEeBVUDzw_XpN2SMu0hXk,1186284,1201021,14737
RowenaTsai_UCaYF1GL5J7sqJzEeBVUDzw_XpN2SMu0hXk_1201333_1211677.wav,RowenaTsai_UCaYF1GL5J7sqJzEeBVUDzw_XpN2SMu0hXk,1201333,1211677,10344
RowenaTsai_UCaYF1GL5J7sqJzEeBVUDzw_XpN2SMu0hXk_1211829_1213005.wav,RowenaTsai_UCaYF1GL5J7sqJzEeBVUDzw_XpN2SMu0hXk,1211829,1213005,1176
RowenaTsai_UCaYF1GL5J7sqJzEeBVUDzw_XpN2SMu0hXk_1213181_1215941.wav,RowenaTsai_UCaYF1GL5J7sqJzEeBVUDzw_XpN2SMu0hXk,1213181,1215941,2760
RowenaTsai_UCaYF1GL5J7sqJzEeBVUDzw_XpN2SMu0hXk_1216117_1222745.wav,RowenaTsai_UCaYF1GL5J7sqJzEeBVUDzw_XpN2SMu0hXk,1216117,1222745,6628
RowenaTsai_UCaYF1GL5J7sqJzEeBVUDzw_XpN2SMu0hXk_1222913_1224381.wav,RowenaTsai_UCaYF1GL5J7sqJzEeBVUDzw_XpN2SMu0hXk,1222913,1224381,1468
RowenaTsai_UCaYF1GL5J7sqJzEeBVUDzw_XpN2SMu0hXk_1224533_1227357.wav,RowenaTsai_UCaYF1GL5J7sqJzEeBVUDzw_XpN2SMu0hXk,1224533,1227357,2824
RowenaTsai_UCaYF1GL5J7sqJzEeBVUDzw_XpN2SMu0hXk_1227549_1229157.wav,RowenaTsai_UCaYF1GL5J7sqJzEeBVUDzw_XpN2SMu0hXk,1227549,1229157,1608
RowenaTsai_UCaYF1GL5J7sqJzEeBVUDzw_XpN2SMu0hXk_1229357_1231310.wav,RowenaTsai_UCaYF1GL5J7sqJzEeBVUDzw_XpN2SMu0hXk,1229357,1231310,1953
RowenaTsai_UCaYF1GL5J7sqJzEeBVUDzw_XpN2SMu0hXk_1231518_1239990.wav,RowenaTsai_UCaYF1GL5J7sqJzEeBVUDzw_XpN2SMu0hXk,1231518,1239990,8472
RowenaTsai_UCaYF1GL5J7sqJzEeBVUDzw_XpN2SMu0hXk_1240912_1242496.wav,RowenaTsai_UCaYF1GL5J7sqJzEeBVUDzw_XpN2SMu0hXk,1240912,1242496,1584
RowenaTsai_UCaYF1GL5J7sqJzEeBVUDzw_XpN2SMu0hXk_1242976_1245248.wav,RowenaTsai_UCaYF1GL5J7sqJzEeBVUDzw_XpN2SMu0hXk,1242976,1245248,2272
RowenaTsai_UCaYF1GL5J7sqJzEeBVUDzw_XpN2SMu0hXk_1245768_1248064.wav,RowenaTsai_UCaYF1GL5J7sqJzEeBVUDzw_XpN2SMu0hXk,1245768,1248064,2296
RowenaTsai_UCaYF1GL5J7sqJzEeBVUDzw_XpN2SMu0hXk_1248328_1249656.wav,RowenaTsai_UCaYF1GL5J7sqJzEeBVUDzw_XpN2SMu0hXk,1248328,1249656,1328
RowenaTsai_UCaYF1GL5J7sqJzEeBVUDzw_XpN2SMu0hXk_1249792_1260216.wav,RowenaTsai_UCaYF1GL5J7sqJzEeBVUDzw_XpN2SMu0hXk,1249792,1260216,10424
RowenaTsai_UCaYF1GL5J7sqJzEeBVUDzw_XpN2SMu0hXk_1260392_1261944.wav,RowenaTsai_UCaYF1GL5J7sqJzEeBVUDzw_XpN2SMu0hXk,1260392,1261944,1552
RowenaTsai_UCaYF1GL5J7sqJzEeBVUDzw_XpN2SMu0hXk_1262112_1266112.wav,RowenaTsai_UCaYF1GL5J7sqJzEeBVUDzw_XpN2SMu0hXk,1262112,1266112,4000
RowenaTsai_UCaYF1GL5J7sqJzEeBVUDzw_XpN2SMu0hXk_1267024_1272784.wav,RowenaTsai_UCaYF1GL5J7sqJzEeBVUDzw_XpN2SMu0hXk,1267024,1272784,5760
RowenaTsai_UCaYF1GL5J7sqJzEeBVUDzw_XpN2SMu0hXk_1273112_1273304.wav,RowenaTsai_UCaYF1GL5J7sqJzEeBVUDzw_XpN2SMu0hXk,1273112,1273304,192
RowenaTsai_UCaYF1GL5J7sqJzEeBVUDzw_XpN2SMu0hXk_1273600_1282804.wav,RowenaTsai_UCaYF1GL5J7sqJzEeBVUDzw_XpN2SMu0hXk,1273600,1282804,9204
RowenaTsai_UCaYF1GL5J7sqJzEeBVUDzw_XpN2SMu0hXk_1283004_1285861.wav,RowenaTsai_UCaYF1GL5J7sqJzEeBVUDzw_XpN2SMu0hXk,1283004,1285861,2857
RowenaTsai_UCaYF1GL5J7sqJzEeBVUDzw_XpN2SMu0hXk_1286005_1297126.wav,RowenaTsai_UCaYF1GL5J7sqJzEeBVUDzw_XpN2SMu0hXk,1286005,1297126,11121
RowenaTsai_UCaYF1GL5J7sqJzEeBVUDzw_XpN2SMu0hXk_1298696_1302760.wav,RowenaTsai_UCaYF1GL5J7sqJzEeBVUDzw_XpN2SMu0hXk,1298696,1302760,4064
RowenaTsai_UCaYF1GL5J7sqJzEeBVUDzw_XpN2SMu0hXk_1303344_1314312.wav,RowenaTsai_UCaYF1GL5J7sqJzEeBVUDzw_XpN2SMu0hXk,1303344,1314312,10968
RowenaTsai_UCaYF1GL5J7sqJzEeBVUDzw_XpN2SMu0hXk_1315088_1322912.wav,RowenaTsai_UCaYF1GL5J7sqJzEeBVUDzw_XpN2SMu0hXk,1315088,1322912,7824
RowenaTsai_UCaYF1GL5J7sqJzEeBVUDzw_XpN2SMu0hXk_1323184_1324184.wav,RowenaTsai_UCaYF1GL5J7sqJzEeBVUDzw_XpN2SMu0hXk,1323184,1324184,1000
RowenaTsai_UCaYF1GL5J7sqJzEeBVUDzw_XpN2SMu0hXk_1324440_1328816.wav,RowenaTsai_UCaYF1GL5J7sqJzEeBVUDzw_XpN2SMu0hXk,1324440,1328816,4376
RowenaTsai_UCaYF1GL5J7sqJzEeBVUDzw_XpN2SMu0hXk_1329400_1334176.wav,RowenaTsai_UCaYF1GL5J7sqJzEeBVUDzw_XpN2SMu0hXk,1329400,1334176,4776
RowenaTsai_UCaYF1GL5J7sqJzEeBVUDzw_XpN2SMu0hXk_1335048_1342240.wav,RowenaTsai_UCaYF1GL5J7sqJzEeBVUDzw_XpN2SMu0hXk,1335048,1342240,7192
RowenaTsai_UCaYF1GL5J7sqJzEeBVUDzw_XpN2SMu0hXk_1342480_1342896.wav,RowenaTsai_UCaYF1GL5J7sqJzEeBVUDzw_XpN2SMu0hXk,1342480,1342896,416
RowenaTsai_UCaYF1GL5J7sqJzEeBVUDzw_XpN2SMu0hXk_1343888_1344640.wav,RowenaTsai_UCaYF1GL5J7sqJzEeBVUDzw_XpN2SMu0hXk,1343888,1344640,752
RowenaTsai_UCaYF1GL5J7sqJzEeBVUDzw_XpN2SMu0hXk_1344920_1353168.wav,RowenaTsai_UCaYF1GL5J7sqJzEeBVUDzw_XpN2SMu0hXk,1344920,1353168,8248
RowenaTsai_UCaYF1GL5J7sqJzEeBVUDzw_XpN2SMu0hXk_1353464_1358896.wav,RowenaTsai_UCaYF1GL5J7sqJzEeBVUDzw_XpN2SMu0hXk,1353464,1358896,5432
RowenaTsai_UCaYF1GL5J7sqJzEeBVUDzw_XpN2SMu0hXk_1359032_1363480.wav,RowenaTsai_UCaYF1GL5J7sqJzEeBVUDzw_XpN2SMu0hXk,1359032,1363480,4448
RowenaTsai_UCaYF1GL5J7sqJzEeBVUDzw_XpN2SMu0hXk_1363608_1372160.wav,RowenaTsai_UCaYF1GL5J7sqJzEeBVUDzw_XpN2SMu0hXk,1363608,1372160,8552
RowenaTsai_UCaYF1GL5J7sqJzEeBVUDzw_XpN2SMu0hXk_1374188_1378828.wav,RowenaTsai_UCaYF1GL5J7sqJzEeBVUDzw_XpN2SMu0hXk,1374188,1378828,4640
RowenaTsai_UCaYF1GL5J7sqJzEeBVUDzw_XpN2SMu0hXk_1379108_1386549.wav,RowenaTsai_UCaYF1GL5J7sqJzEeBVUDzw_XpN2SMu0hXk,1379108,1386549,7441
RowenaTsai_UCaYF1GL5J7sqJzEeBVUDzw_XpN2SMu0hXk_1386677_1392917.wav,RowenaTsai_UCaYF1GL5J7sqJzEeBVUDzw_XpN2SMu0hXk,1386677,1392917,6240
RowenaTsai_UCaYF1GL5J7sqJzEeBVUDzw_XpN2SMu0hXk_1393077_1398469.wav,RowenaTsai_UCaYF1GL5J7sqJzEeBVUDzw_XpN2SMu0hXk,1393077,1398469,5392
RowenaTsai_UCaYF1GL5J7sqJzEeBVUDzw_XpN2SMu0hXk_1398685_1403670.wav,RowenaTsai_UCaYF1GL5J7sqJzEeBVUDzw_XpN2SMu0hXk,1398685,1403670,4985
RowenaTsai_UCaYF1GL5J7sqJzEeBVUDzw_XpN2SMu0hXk_1403822_1407726.wav,RowenaTsai_UCaYF1GL5J7sqJzEeBVUDzw_XpN2SMu0hXk,1403822,1407726,3904
RowenaTsai_UCaYF1GL5J7sqJzEeBVUDzw_XpN2SMu0hXk_1407958_1416431.wav,RowenaTsai_UCaYF1GL5J7sqJzEeBVUDzw_XpN2SMu0hXk,1407958,1416431,8473
RowenaTsai_UCaYF1GL5J7sqJzEeBVUDzw_XpN2SMu0hXk_1416559_1421439.wav,RowenaTsai_UCaYF1GL5J7sqJzEeBVUDzw_XpN2SMu0hXk,1416559,1421439,4880
RowenaTsai_UCaYF1GL5J7sqJzEeBVUDzw_XpN2SMu0hXk_1421976_1425356.wav,RowenaTsai_UCaYF1GL5J7sqJzEeBVUDzw_XpN2SMu0hXk,1421976,1425356,3380
RowenaTsai_UCaYF1GL5J7sqJzEeBVUDzw_XpN2SMu0hXk_1425452_1425860.wav,RowenaTsai_UCaYF1GL5J7sqJzEeBVUDzw_XpN2SMu0hXk,1425452,1425860,408
RowenaTsai_UCaYF1GL5J7sqJzEeBVUDzw_XpN2SMu0hXk_1425948_1435340.wav,RowenaTsai_UCaYF1GL5J7sqJzEeBVUDzw_XpN2SMu0hXk,1425948,1435340,9392
RowenaTsai_UCaYF1GL5J7sqJzEeBVUDzw_XpN2SMu0hXk_1435428_1437040.wav,RowenaTsai_UCaYF1GL5J7sqJzEeBVUDzw_XpN2SMu0hXk,1435428,1437040,1612
RowenaTsai_UCaYF1GL5J7sqJzEeBVUDzw_XpN2SMu0hXk_1437232_1439544.wav,RowenaTsai_UCaYF1GL5J7sqJzEeBVUDzw_XpN2SMu0hXk,1437232,1439544,2312
RowenaTsai_UCaYF1GL5J7sqJzEeBVUDzw_XpN2SMu0hXk_1439696_1442656.wav,RowenaTsai_UCaYF1GL5J7sqJzEeBVUDzw_XpN2SMu0hXk,1439696,1442656,2960
RowenaTsai_UCaYF1GL5J7sqJzEeBVUDzw_XpN2SMu0hXk_1443400_1455896.wav,RowenaTsai_UCaYF1GL5J7sqJzEeBVUDzw_XpN2SMu0hXk,1443400,1455896,12496
RowenaTsai_UCaYF1GL5J7sqJzEeBVUDzw_XpN2SMu0hXk_1456192_1459444.wav,RowenaTsai_UCaYF1GL5J7sqJzEeBVUDzw_XpN2SMu0hXk,1456192,1459444,3252
RowenaTsai_UCaYF1GL5J7sqJzEeBVUDzw_XpN2SMu0hXk_1459596_1461164.wav,RowenaTsai_UCaYF1GL5J7sqJzEeBVUDzw_XpN2SMu0hXk,1459596,1461164,1568
RowenaTsai_UCaYF1GL5J7sqJzEeBVUDzw_XpN2SMu0hXk_1461324_1470968.wav,RowenaTsai_UCaYF1GL5J7sqJzEeBVUDzw_XpN2SMu0hXk,1461324,1470968,9644
RowenaTsai_UCaYF1GL5J7sqJzEeBVUDzw_XpN2SMu0hXk_1471264_1477584.wav,RowenaTsai_UCaYF1GL5J7sqJzEeBVUDzw_XpN2SMu0hXk,1471264,1477584,6320
RowenaTsai_UCaYF1GL5J7sqJzEeBVUDzw_XpN2SMu0hXk_1477744_1481792.wav,RowenaTsai_UCaYF1GL5J7sqJzEeBVUDzw_XpN2SMu0hXk,1477744,1481792,4048
RowenaTsai_UCaYF1GL5J7sqJzEeBVUDzw_XpN2SMu0hXk_1483976_1485456.wav,RowenaTsai_UCaYF1GL5J7sqJzEeBVUDzw_XpN2SMu0hXk,1483976,1485456,1480
RowenaTsai_UCaYF1GL5J7sqJzEeBVUDzw_XpN2SMu0hXk_1487976_1491552.wav,RowenaTsai_UCaYF1GL5J7sqJzEeBVUDzw_XpN2SMu0hXk,1487976,1491552,3576
RowenaTsai_UCaYF1GL5J7sqJzEeBVUDzw_XpN2SMu0hXk_1492056_1497120.wav,RowenaTsai_UCaYF1GL5J7sqJzEeBVUDzw_XpN2SMu0hXk,1492056,1497120,5064
RowenaTsai_UCaYF1GL5J7sqJzEeBVUDzw_XpN2SMu0hXk_1497336_1506360.wav,RowenaTsai_UCaYF1GL5J7sqJzEeBVUDzw_XpN2SMu0hXk,1497336,1506360,9024
RowenaTsai_UCaYF1GL5J7sqJzEeBVUDzw_XpN2SMu0hXk_1506792_1510656.wav,RowenaTsai_UCaYF1GL5J7sqJzEeBVUDzw_XpN2SMu0hXk,1506792,1510656,3864
RowenaTsai_UCaYF1GL5J7sqJzEeBVUDzw_XpN2SMu0hXk_1510864_1514880.wav,RowenaTsai_UCaYF1GL5J7sqJzEeBVUDzw_XpN2SMu0hXk,1510864,1514880,4016
RowenaTsai_UCaYF1GL5J7sqJzEeBVUDzw_XpN2SMu0hXk_1515720_1522456.wav,RowenaTsai_UCaYF1GL5J7sqJzEeBVUDzw_XpN2SMu0hXk,1515720,1522456,6736
RowenaTsai_UCaYF1GL5J7sqJzEeBVUDzw_XpN2SMu0hXk_1525296_1529056.wav,RowenaTsai_UCaYF1GL5J7sqJzEeBVUDzw_XpN2SMu0hXk,1525296,1529056,3760
RowenaTsai_UCaYF1GL5J7sqJzEeBVUDzw_XpN2SMu0hXk_1529320_1531096.wav,RowenaTsai_UCaYF1GL5J7sqJzEeBVUDzw_XpN2SMu0hXk,1529320,1531096,1776
RowenaTsai_UCaYF1GL5J7sqJzEeBVUDzw_XpN2SMu0hXk_1531648_1532672.wav,RowenaTsai_UCaYF1GL5J7sqJzEeBVUDzw_XpN2SMu0hXk,1531648,1532672,1024
RowenaTsai_UCaYF1GL5J7sqJzEeBVUDzw_XpN2SMu0hXk_1533112_1534544.wav,RowenaTsai_UCaYF1GL5J7sqJzEeBVUDzw_XpN2SMu0hXk,1533112,1534544,1432
RowenaTsai_UCaYF1GL5J7sqJzEeBVUDzw_XpN2SMu0hXk_1535096_1536384.wav,RowenaTsai_UCaYF1GL5J7sqJzEeBVUDzw_XpN2SMu0hXk,1535096,1536384,1288
RowenaTsai_UCaYF1GL5J7sqJzEeBVUDzw_XpN2SMu0hXk_1537056_1542744.wav,RowenaTsai_UCaYF1GL5J7sqJzEeBVUDzw_XpN2SMu0hXk,1537056,1542744,5688
RowenaTsai_UCaYF1GL5J7sqJzEeBVUDzw_XpN2SMu0hXk_1543112_1547028.wav,RowenaTsai_UCaYF1GL5J7sqJzEeBVUDzw_XpN2SMu0hXk,1543112,1547028,3916
RowenaTsai_UCaYF1GL5J7sqJzEeBVUDzw_XpN2SMu0hXk_1547252_1549086.wav,RowenaTsai_UCaYF1GL5J7sqJzEeBVUDzw_XpN2SMu0hXk,1547252,1549086,1834
RowenaTsai_UCaYF1GL5J7sqJzEeBVUDzw_XpN2SMu0hXk_1549302_1554976.wav,RowenaTsai_UCaYF1GL5J7sqJzEeBVUDzw_XpN2SMu0hXk,1549302,1554976,5674
RowenaTsai_UCaYF1GL5J7sqJzEeBVUDzw_XpN2SMu0hXk_1555824_1556680.wav,RowenaTsai_UCaYF1GL5J7sqJzEeBVUDzw_XpN2SMu0hXk,1555824,1556680,856
RowenaTsai_UCaYF1GL5J7sqJzEeBVUDzw_XpN2SMu0hXk_1557600_1565376.wav,RowenaTsai_UCaYF1GL5J7sqJzEeBVUDzw_XpN2SMu0hXk,1557600,1565376,7776
RowenaTsai_UCaYF1GL5J7sqJzEeBVUDzw_XpN2SMu0hXk_1565536_1567360.wav,RowenaTsai_UCaYF1GL5J7sqJzEeBVUDzw_XpN2SMu0hXk,1565536,1567360,1824
RowenaTsai_UCaYF1GL5J7sqJzEeBVUDzw_XpN2SMu0hXk_1568048_1575216.wav,RowenaTsai_UCaYF1GL5J7sqJzEeBVUDzw_XpN2SMu0hXk,1568048,1575216,7168
RowenaTsai_UCaYF1GL5J7sqJzEeBVUDzw_XpN2SMu0hXk_1575520_1582100.wav,RowenaTsai_UCaYF1GL5J7sqJzEeBVUDzw_XpN2SMu0hXk,1575520,1582100,6580
RowenaTsai_UCaYF1GL5J7sqJzEeBVUDzw_XpN2SMu0hXk_1582332_1593734.wav,RowenaTsai_UCaYF1GL5J7sqJzEeBVUDzw_XpN2SMu0hXk,1582332,1593734,11402
RowenaTsai_UCaYF1GL5J7sqJzEeBVUDzw_XpN2SMu0hXk_1593974_1599134.wav,RowenaTsai_UCaYF1GL5J7sqJzEeBVUDzw_XpN2SMu0hXk,1593974,1599134,5160
RowenaTsai_UCaYF1GL5J7sqJzEeBVUDzw_XpN2SMu0hXk_1599334_1602736.wav,RowenaTsai_UCaYF1GL5J7sqJzEeBVUDzw_XpN2SMu0hXk,1599334,1602736,3402
RowenaTsai_UCaYF1GL5J7sqJzEeBVUDzw_XpN2SMu0hXk_1603096_1603916.wav,RowenaTsai_UCaYF1GL5J7sqJzEeBVUDzw_XpN2SMu0hXk,1603096,1603916,820
RowenaTsai_UCaYF1GL5J7sqJzEeBVUDzw_XpN2SMu0hXk_1604124_1615888.wav,RowenaTsai_UCaYF1GL5J7sqJzEeBVUDzw_XpN2SMu0hXk,1604124,1615888,11764
RowenaTsai_UCaYF1GL5J7sqJzEeBVUDzw_XpN2SMu0hXk_1616128_1622744.wav,RowenaTsai_UCaYF1GL5J7sqJzEeBVUDzw_XpN2SMu0hXk,1616128,1622744,6616
RowenaTsai_UCaYF1GL5J7sqJzEeBVUDzw_XpN2SMu0hXk_1623224_1623688.wav,RowenaTsai_UCaYF1GL5J7sqJzEeBVUDzw_XpN2SMu0hXk,1623224,1623688,464
RowenaTsai_UCaYF1GL5J7sqJzEeBVUDzw_XpN2SMu0hXk_1624248_1624800.wav,RowenaTsai_UCaYF1GL5J7sqJzEeBVUDzw_XpN2SMu0hXk,1624248,1624800,552
RowenaTsai_UCaYF1GL5J7sqJzEeBVUDzw_XpN2SMu0hXk_1625080_1625489.wav,RowenaTsai_UCaYF1GL5J7sqJzEeBVUDzw_XpN2SMu0hXk,1625080,1625489,409
