filename,video_id,start_time,end_time,duration
BreathofBeauty_UCB9eAHlm3hHwb9T1Dij0EA_iqRx7Sw5Erg_192_7248.wav,BreathofBeauty_UCB9eAHlm3hHwb9T1Dij0EA_iqRx7Sw5Erg,192,7248,7056
BreathofBeauty_UCB9eAHlm3hHwb9T1Dij0EA_iqRx7Sw5Erg_7328_16272.wav,BreathofBeauty_UCB9eAHlm3hHwb9T1Dij0EA_iqRx7Sw5Erg,7328,16272,8944
BreathofBeauty_UCB9eAHlm3hHwb9T1Dij0EA_iqRx7Sw5Erg_16352_23128.wav,BreathofBeauty_UCB9eAHlm3hHwb9T1Dij0EA_iqRx7Sw5Erg,16352,23128,6776
BreathofBeauty_UCB9eAHlm3hHwb9T1Dij0EA_iqRx7Sw5Erg_23208_24768.wav,BreathofBeauty_UCB9eAHlm3hHwb9T1Dij0EA_iqRx7Sw5Erg,23208,24768,1560
BreathofBeauty_UCB9eAHlm3hHwb9T1Dij0EA_iqRx7Sw5Erg_24928_27392.wav,BreathofBeauty_UCB9eAHlm3hHwb9T1Dij0EA_iqRx7Sw5Erg,24928,27392,2464
BreathofBeauty_UCB9eAHlm3hHwb9T1Dij0EA_iqRx7Sw5Erg_27584_38936.wav,BreathofBeauty_UCB9eAHlm3hHwb9T1Dij0EA_iqRx7Sw5Erg,27584,38936,11352
BreathofBeauty_UCB9eAHlm3hHwb9T1Dij0EA_iqRx7Sw5Erg_39320_47936.wav,BreathofBeauty_UCB9eAHlm3hHwb9T1Dij0EA_iqRx7Sw5Erg,39320,47936,8616
BreathofBeauty_UCB9eAHlm3hHwb9T1Dij0EA_iqRx7Sw5Erg_48256_56080.wav,BreathofBeauty_UCB9eAHlm3hHwb9T1Dij0EA_iqRx7Sw5Erg,48256,56080,7824
BreathofBeauty_UCB9eAHlm3hHwb9T1Dij0EA_iqRx7Sw5Erg_56208_56816.wav,BreathofBeauty_UCB9eAHlm3hHwb9T1Dij0EA_iqRx7Sw5Erg,56208,56816,608
BreathofBeauty_UCB9eAHlm3hHwb9T1Dij0EA_iqRx7Sw5Erg_56952_58536.wav,BreathofBeauty_UCB9eAHlm3hHwb9T1Dij0EA_iqRx7Sw5Erg,56952,58536,1584
BreathofBeauty_UCB9eAHlm3hHwb9T1Dij0EA_iqRx7Sw5Erg_58664_71368.wav,BreathofBeauty_UCB9eAHlm3hHwb9T1Dij0EA_iqRx7Sw5Erg,58664,71368,12704
BreathofBeauty_UCB9eAHlm3hHwb9T1Dij0EA_iqRx7Sw5Erg_71672_72832.wav,BreathofBeauty_UCB9eAHlm3hHwb9T1Dij0EA_iqRx7Sw5Erg,71672,72832,1160
BreathofBeauty_UCB9eAHlm3hHwb9T1Dij0EA_iqRx7Sw5Erg_73088_79016.wav,BreathofBeauty_UCB9eAHlm3hHwb9T1Dij0EA_iqRx7Sw5Erg,73088,79016,5928
BreathofBeauty_UCB9eAHlm3hHwb9T1Dij0EA_iqRx7Sw5Erg_79712_80456.wav,BreathofBeauty_UCB9eAHlm3hHwb9T1Dij0EA_iqRx7Sw5Erg,79712,80456,744
BreathofBeauty_UCB9eAHlm3hHwb9T1Dij0EA_iqRx7Sw5Erg_80840_89396.wav,BreathofBeauty_UCB9eAHlm3hHwb9T1Dij0EA_iqRx7Sw5Erg,80840,89396,8556
BreathofBeauty_UCB9eAHlm3hHwb9T1Dij0EA_iqRx7Sw5Erg_89652_89805.wav,BreathofBeauty_UCB9eAHlm3hHwb9T1Dij0EA_iqRx7Sw5Erg,89652,89805,153
BreathofBeauty_UCB9eAHlm3hHwb9T1Dij0EA_iqRx7Sw5Erg_89973_93557.wav,BreathofBeauty_UCB9eAHlm3hHwb9T1Dij0EA_iqRx7Sw5Erg,89973,93557,3584
BreathofBeauty_UCB9eAHlm3hHwb9T1Dij0EA_iqRx7Sw5Erg_93653_94645.wav,BreathofBeauty_UCB9eAHlm3hHwb9T1Dij0EA_iqRx7Sw5Erg,93653,94645,992
BreathofBeauty_UCB9eAHlm3hHwb9T1Dij0EA_iqRx7Sw5Erg_94741_100773.wav,BreathofBeauty_UCB9eAHlm3hHwb9T1Dij0EA_iqRx7Sw5Erg,94741,100773,6032
BreathofBeauty_UCB9eAHlm3hHwb9T1Dij0EA_iqRx7Sw5Erg_100853_114669.wav,BreathofBeauty_UCB9eAHlm3hHwb9T1Dij0EA_iqRx7Sw5Erg,100853,114669,13816
BreathofBeauty_UCB9eAHlm3hHwb9T1Dij0EA_iqRx7Sw5Erg_114781_119285.wav,BreathofBeauty_UCB9eAHlm3hHwb9T1Dij0EA_iqRx7Sw5Erg,114781,119285,4504
BreathofBeauty_UCB9eAHlm3hHwb9T1Dij0EA_iqRx7Sw5Erg_119413_122509.wav,BreathofBeauty_UCB9eAHlm3hHwb9T1Dij0EA_iqRx7Sw5Erg,119413,122509,3096
BreathofBeauty_UCB9eAHlm3hHwb9T1Dij0EA_iqRx7Sw5Erg_122637_136445.wav,BreathofBeauty_UCB9eAHlm3hHwb9T1Dij0EA_iqRx7Sw5Erg,122637,136445,13808
BreathofBeauty_UCB9eAHlm3hHwb9T1Dij0EA_iqRx7Sw5Erg_136605_142885.wav,BreathofBeauty_UCB9eAHlm3hHwb9T1Dij0EA_iqRx7Sw5Erg,136605,142885,6280
BreathofBeauty_UCB9eAHlm3hHwb9T1Dij0EA_iqRx7Sw5Erg_143069_146765.wav,BreathofBeauty_UCB9eAHlm3hHwb9T1Dij0EA_iqRx7Sw5Erg,143069,146765,3696
BreathofBeauty_UCB9eAHlm3hHwb9T1Dij0EA_iqRx7Sw5Erg_146917_148533.wav,BreathofBeauty_UCB9eAHlm3hHwb9T1Dij0EA_iqRx7Sw5Erg,146917,148533,1616
BreathofBeauty_UCB9eAHlm3hHwb9T1Dij0EA_iqRx7Sw5Erg_149038_154782.wav,BreathofBeauty_UCB9eAHlm3hHwb9T1Dij0EA_iqRx7Sw5Erg,149038,154782,5744
BreathofBeauty_UCB9eAHlm3hHwb9T1Dij0EA_iqRx7Sw5Erg_154902_167710.wav,BreathofBeauty_UCB9eAHlm3hHwb9T1Dij0EA_iqRx7Sw5Erg,154902,167710,12808
BreathofBeauty_UCB9eAHlm3hHwb9T1Dij0EA_iqRx7Sw5Erg_167814_170702.wav,BreathofBeauty_UCB9eAHlm3hHwb9T1Dij0EA_iqRx7Sw5Erg,167814,170702,2888
BreathofBeauty_UCB9eAHlm3hHwb9T1Dij0EA_iqRx7Sw5Erg_170822_171942.wav,BreathofBeauty_UCB9eAHlm3hHwb9T1Dij0EA_iqRx7Sw5Erg,170822,171942,1120
BreathofBeauty_UCB9eAHlm3hHwb9T1Dij0EA_iqRx7Sw5Erg_172150_175926.wav,BreathofBeauty_UCB9eAHlm3hHwb9T1Dij0EA_iqRx7Sw5Erg,172150,175926,3776
BreathofBeauty_UCB9eAHlm3hHwb9T1Dij0EA_iqRx7Sw5Erg_176150_186472.wav,BreathofBeauty_UCB9eAHlm3hHwb9T1Dij0EA_iqRx7Sw5Erg,176150,186472,10322
BreathofBeauty_UCB9eAHlm3hHwb9T1Dij0EA_iqRx7Sw5Erg_186776_194296.wav,BreathofBeauty_UCB9eAHlm3hHwb9T1Dij0EA_iqRx7Sw5Erg,186776,194296,7520
BreathofBeauty_UCB9eAHlm3hHwb9T1Dij0EA_iqRx7Sw5Erg_194448_200056.wav,BreathofBeauty_UCB9eAHlm3hHwb9T1Dij0EA_iqRx7Sw5Erg,194448,200056,5608
BreathofBeauty_UCB9eAHlm3hHwb9T1Dij0EA_iqRx7Sw5Erg_200320_210537.wav,BreathofBeauty_UCB9eAHlm3hHwb9T1Dij0EA_iqRx7Sw5Erg,200320,210537,10217
BreathofBeauty_UCB9eAHlm3hHwb9T1Dij0EA_iqRx7Sw5Erg_210641_215025.wav,BreathofBeauty_UCB9eAHlm3hHwb9T1Dij0EA_iqRx7Sw5Erg,210641,215025,4384
BreathofBeauty_UCB9eAHlm3hHwb9T1Dij0EA_iqRx7Sw5Erg_215161_218226.wav,BreathofBeauty_UCB9eAHlm3hHwb9T1Dij0EA_iqRx7Sw5Erg,215161,218226,3065
BreathofBeauty_UCB9eAHlm3hHwb9T1Dij0EA_iqRx7Sw5Erg_218346_218938.wav,BreathofBeauty_UCB9eAHlm3hHwb9T1Dij0EA_iqRx7Sw5Erg,218346,218938,592
BreathofBeauty_UCB9eAHlm3hHwb9T1Dij0EA_iqRx7Sw5Erg_219188_224032.wav,BreathofBeauty_UCB9eAHlm3hHwb9T1Dij0EA_iqRx7Sw5Erg,219188,224032,4844
BreathofBeauty_UCB9eAHlm3hHwb9T1Dij0EA_iqRx7Sw5Erg_225776_228640.wav,BreathofBeauty_UCB9eAHlm3hHwb9T1Dij0EA_iqRx7Sw5Erg,225776,228640,2864
BreathofBeauty_UCB9eAHlm3hHwb9T1Dij0EA_iqRx7Sw5Erg_229120_233074.wav,BreathofBeauty_UCB9eAHlm3hHwb9T1Dij0EA_iqRx7Sw5Erg,229120,233074,3954
BreathofBeauty_UCB9eAHlm3hHwb9T1Dij0EA_iqRx7Sw5Erg_233154_234802.wav,BreathofBeauty_UCB9eAHlm3hHwb9T1Dij0EA_iqRx7Sw5Erg,233154,234802,1648
BreathofBeauty_UCB9eAHlm3hHwb9T1Dij0EA_iqRx7Sw5Erg_234882_247676.wav,BreathofBeauty_UCB9eAHlm3hHwb9T1Dij0EA_iqRx7Sw5Erg,234882,247676,12794
BreathofBeauty_UCB9eAHlm3hHwb9T1Dij0EA_iqRx7Sw5Erg_247892_248512.wav,BreathofBeauty_UCB9eAHlm3hHwb9T1Dij0EA_iqRx7Sw5Erg,247892,248512,620
BreathofBeauty_UCB9eAHlm3hHwb9T1Dij0EA_iqRx7Sw5Erg_248912_255484.wav,BreathofBeauty_UCB9eAHlm3hHwb9T1Dij0EA_iqRx7Sw5Erg,248912,255484,6572
BreathofBeauty_UCB9eAHlm3hHwb9T1Dij0EA_iqRx7Sw5Erg_255684_257384.wav,BreathofBeauty_UCB9eAHlm3hHwb9T1Dij0EA_iqRx7Sw5Erg,255684,257384,1700
BreathofBeauty_UCB9eAHlm3hHwb9T1Dij0EA_iqRx7Sw5Erg_257864_262466.wav,BreathofBeauty_UCB9eAHlm3hHwb9T1Dij0EA_iqRx7Sw5Erg,257864,262466,4602
BreathofBeauty_UCB9eAHlm3hHwb9T1Dij0EA_iqRx7Sw5Erg_262722_264363.wav,BreathofBeauty_UCB9eAHlm3hHwb9T1Dij0EA_iqRx7Sw5Erg,262722,264363,1641
BreathofBeauty_UCB9eAHlm3hHwb9T1Dij0EA_iqRx7Sw5Erg_264523_276899.wav,BreathofBeauty_UCB9eAHlm3hHwb9T1Dij0EA_iqRx7Sw5Erg,264523,276899,12376
BreathofBeauty_UCB9eAHlm3hHwb9T1Dij0EA_iqRx7Sw5Erg_277059_279108.wav,BreathofBeauty_UCB9eAHlm3hHwb9T1Dij0EA_iqRx7Sw5Erg,277059,279108,2049
BreathofBeauty_UCB9eAHlm3hHwb9T1Dij0EA_iqRx7Sw5Erg_279300_279416.wav,BreathofBeauty_UCB9eAHlm3hHwb9T1Dij0EA_iqRx7Sw5Erg,279300,279416,116
BreathofBeauty_UCB9eAHlm3hHwb9T1Dij0EA_iqRx7Sw5Erg_279984_284036.wav,BreathofBeauty_UCB9eAHlm3hHwb9T1Dij0EA_iqRx7Sw5Erg,279984,284036,4052
BreathofBeauty_UCB9eAHlm3hHwb9T1Dij0EA_iqRx7Sw5Erg_284204_289342.wav,BreathofBeauty_UCB9eAHlm3hHwb9T1Dij0EA_iqRx7Sw5Erg,284204,289342,5138
BreathofBeauty_UCB9eAHlm3hHwb9T1Dij0EA_iqRx7Sw5Erg_289542_291936.wav,BreathofBeauty_UCB9eAHlm3hHwb9T1Dij0EA_iqRx7Sw5Erg,289542,291936,2394
BreathofBeauty_UCB9eAHlm3hHwb9T1Dij0EA_iqRx7Sw5Erg_292352_293968.wav,BreathofBeauty_UCB9eAHlm3hHwb9T1Dij0EA_iqRx7Sw5Erg,292352,293968,1616
BreathofBeauty_UCB9eAHlm3hHwb9T1Dij0EA_iqRx7Sw5Erg_294096_296056.wav,BreathofBeauty_UCB9eAHlm3hHwb9T1Dij0EA_iqRx7Sw5Erg,294096,296056,1960
BreathofBeauty_UCB9eAHlm3hHwb9T1Dij0EA_iqRx7Sw5Erg_296144_302436.wav,BreathofBeauty_UCB9eAHlm3hHwb9T1Dij0EA_iqRx7Sw5Erg,296144,302436,6292
BreathofBeauty_UCB9eAHlm3hHwb9T1Dij0EA_iqRx7Sw5Erg_302516_309044.wav,BreathofBeauty_UCB9eAHlm3hHwb9T1Dij0EA_iqRx7Sw5Erg,302516,309044,6528
BreathofBeauty_UCB9eAHlm3hHwb9T1Dij0EA_iqRx7Sw5Erg_309124_318456.wav,BreathofBeauty_UCB9eAHlm3hHwb9T1Dij0EA_iqRx7Sw5Erg,309124,318456,9332
BreathofBeauty_UCB9eAHlm3hHwb9T1Dij0EA_iqRx7Sw5Erg_318536_319720.wav,BreathofBeauty_UCB9eAHlm3hHwb9T1Dij0EA_iqRx7Sw5Erg,318536,319720,1184
BreathofBeauty_UCB9eAHlm3hHwb9T1Dij0EA_iqRx7Sw5Erg_320288_327060.wav,BreathofBeauty_UCB9eAHlm3hHwb9T1Dij0EA_iqRx7Sw5Erg,320288,327060,6772
BreathofBeauty_UCB9eAHlm3hHwb9T1Dij0EA_iqRx7Sw5Erg_327188_332550.wav,BreathofBeauty_UCB9eAHlm3hHwb9T1Dij0EA_iqRx7Sw5Erg,327188,332550,5362
BreathofBeauty_UCB9eAHlm3hHwb9T1Dij0EA_iqRx7Sw5Erg_332630_333246.wav,BreathofBeauty_UCB9eAHlm3hHwb9T1Dij0EA_iqRx7Sw5Erg,332630,333246,616
BreathofBeauty_UCB9eAHlm3hHwb9T1Dij0EA_iqRx7Sw5Erg_333342_343918.wav,BreathofBeauty_UCB9eAHlm3hHwb9T1Dij0EA_iqRx7Sw5Erg,333342,343918,10576
BreathofBeauty_UCB9eAHlm3hHwb9T1Dij0EA_iqRx7Sw5Erg_344014_348192.wav,BreathofBeauty_UCB9eAHlm3hHwb9T1Dij0EA_iqRx7Sw5Erg,344014,348192,4178
BreathofBeauty_UCB9eAHlm3hHwb9T1Dij0EA_iqRx7Sw5Erg_348744_352992.wav,BreathofBeauty_UCB9eAHlm3hHwb9T1Dij0EA_iqRx7Sw5Erg,348744,352992,4248
BreathofBeauty_UCB9eAHlm3hHwb9T1Dij0EA_iqRx7Sw5Erg_353656_354616.wav,BreathofBeauty_UCB9eAHlm3hHwb9T1Dij0EA_iqRx7Sw5Erg,353656,354616,960
BreathofBeauty_UCB9eAHlm3hHwb9T1Dij0EA_iqRx7Sw5Erg_354888_360664.wav,BreathofBeauty_UCB9eAHlm3hHwb9T1Dij0EA_iqRx7Sw5Erg,354888,360664,5776
BreathofBeauty_UCB9eAHlm3hHwb9T1Dij0EA_iqRx7Sw5Erg_362864_365880.wav,BreathofBeauty_UCB9eAHlm3hHwb9T1Dij0EA_iqRx7Sw5Erg,362864,365880,3016
BreathofBeauty_UCB9eAHlm3hHwb9T1Dij0EA_iqRx7Sw5Erg_366152_369616.wav,BreathofBeauty_UCB9eAHlm3hHwb9T1Dij0EA_iqRx7Sw5Erg,366152,369616,3464
BreathofBeauty_UCB9eAHlm3hHwb9T1Dij0EA_iqRx7Sw5Erg_370216_372720.wav,BreathofBeauty_UCB9eAHlm3hHwb9T1Dij0EA_iqRx7Sw5Erg,370216,372720,2504
BreathofBeauty_UCB9eAHlm3hHwb9T1Dij0EA_iqRx7Sw5Erg_373336_374632.wav,BreathofBeauty_UCB9eAHlm3hHwb9T1Dij0EA_iqRx7Sw5Erg,373336,374632,1296
BreathofBeauty_UCB9eAHlm3hHwb9T1Dij0EA_iqRx7Sw5Erg_374848_377320.wav,BreathofBeauty_UCB9eAHlm3hHwb9T1Dij0EA_iqRx7Sw5Erg,374848,377320,2472
BreathofBeauty_UCB9eAHlm3hHwb9T1Dij0EA_iqRx7Sw5Erg_377448_390984.wav,BreathofBeauty_UCB9eAHlm3hHwb9T1Dij0EA_iqRx7Sw5Erg,377448,390984,13536
BreathofBeauty_UCB9eAHlm3hHwb9T1Dij0EA_iqRx7Sw5Erg_391768_392896.wav,BreathofBeauty_UCB9eAHlm3hHwb9T1Dij0EA_iqRx7Sw5Erg,391768,392896,1128
BreathofBeauty_UCB9eAHlm3hHwb9T1Dij0EA_iqRx7Sw5Erg_393768_394784.wav,BreathofBeauty_UCB9eAHlm3hHwb9T1Dij0EA_iqRx7Sw5Erg,393768,394784,1016
BreathofBeauty_UCB9eAHlm3hHwb9T1Dij0EA_iqRx7Sw5Erg_395760_396504.wav,BreathofBeauty_UCB9eAHlm3hHwb9T1Dij0EA_iqRx7Sw5Erg,395760,396504,744
BreathofBeauty_UCB9eAHlm3hHwb9T1Dij0EA_iqRx7Sw5Erg_397320_398336.wav,BreathofBeauty_UCB9eAHlm3hHwb9T1Dij0EA_iqRx7Sw5Erg,397320,398336,1016
BreathofBeauty_UCB9eAHlm3hHwb9T1Dij0EA_iqRx7Sw5Erg_398984_402184.wav,BreathofBeauty_UCB9eAHlm3hHwb9T1Dij0EA_iqRx7Sw5Erg,398984,402184,3200
BreathofBeauty_UCB9eAHlm3hHwb9T1Dij0EA_iqRx7Sw5Erg_402456_403488.wav,BreathofBeauty_UCB9eAHlm3hHwb9T1Dij0EA_iqRx7Sw5Erg,402456,403488,1032
BreathofBeauty_UCB9eAHlm3hHwb9T1Dij0EA_iqRx7Sw5Erg_403648_410600.wav,BreathofBeauty_UCB9eAHlm3hHwb9T1Dij0EA_iqRx7Sw5Erg,403648,410600,6952
BreathofBeauty_UCB9eAHlm3hHwb9T1Dij0EA_iqRx7Sw5Erg_410896_414576.wav,BreathofBeauty_UCB9eAHlm3hHwb9T1Dij0EA_iqRx7Sw5Erg,410896,414576,3680
BreathofBeauty_UCB9eAHlm3hHwb9T1Dij0EA_iqRx7Sw5Erg_414680_422232.wav,BreathofBeauty_UCB9eAHlm3hHwb9T1Dij0EA_iqRx7Sw5Erg,414680,422232,7552
BreathofBeauty_UCB9eAHlm3hHwb9T1Dij0EA_iqRx7Sw5Erg_422344_436080.wav,BreathofBeauty_UCB9eAHlm3hHwb9T1Dij0EA_iqRx7Sw5Erg,422344,436080,13736
BreathofBeauty_UCB9eAHlm3hHwb9T1Dij0EA_iqRx7Sw5Erg_436296_437736.wav,BreathofBeauty_UCB9eAHlm3hHwb9T1Dij0EA_iqRx7Sw5Erg,436296,437736,1440
BreathofBeauty_UCB9eAHlm3hHwb9T1Dij0EA_iqRx7Sw5Erg_437896_440248.wav,BreathofBeauty_UCB9eAHlm3hHwb9T1Dij0EA_iqRx7Sw5Erg,437896,440248,2352
BreathofBeauty_UCB9eAHlm3hHwb9T1Dij0EA_iqRx7Sw5Erg_440408_454488.wav,BreathofBeauty_UCB9eAHlm3hHwb9T1Dij0EA_iqRx7Sw5Erg,440408,454488,14080
BreathofBeauty_UCB9eAHlm3hHwb9T1Dij0EA_iqRx7Sw5Erg_454960_463552.wav,BreathofBeauty_UCB9eAHlm3hHwb9T1Dij0EA_iqRx7Sw5Erg,454960,463552,8592
BreathofBeauty_UCB9eAHlm3hHwb9T1Dij0EA_iqRx7Sw5Erg_463808_465700.wav,BreathofBeauty_UCB9eAHlm3hHwb9T1Dij0EA_iqRx7Sw5Erg,463808,465700,1892
BreathofBeauty_UCB9eAHlm3hHwb9T1Dij0EA_iqRx7Sw5Erg_465852_467532.wav,BreathofBeauty_UCB9eAHlm3hHwb9T1Dij0EA_iqRx7Sw5Erg,465852,467532,1680
BreathofBeauty_UCB9eAHlm3hHwb9T1Dij0EA_iqRx7Sw5Erg_467660_468692.wav,BreathofBeauty_UCB9eAHlm3hHwb9T1Dij0EA_iqRx7Sw5Erg,467660,468692,1032
BreathofBeauty_UCB9eAHlm3hHwb9T1Dij0EA_iqRx7Sw5Erg_468876_483396.wav,BreathofBeauty_UCB9eAHlm3hHwb9T1Dij0EA_iqRx7Sw5Erg,468876,483396,14520
BreathofBeauty_UCB9eAHlm3hHwb9T1Dij0EA_iqRx7Sw5Erg_483524_484668.wav,BreathofBeauty_UCB9eAHlm3hHwb9T1Dij0EA_iqRx7Sw5Erg,483524,484668,1144
BreathofBeauty_UCB9eAHlm3hHwb9T1Dij0EA_iqRx7Sw5Erg_484844_490712.wav,BreathofBeauty_UCB9eAHlm3hHwb9T1Dij0EA_iqRx7Sw5Erg,484844,490712,5868
BreathofBeauty_UCB9eAHlm3hHwb9T1Dij0EA_iqRx7Sw5Erg_491272_496896.wav,BreathofBeauty_UCB9eAHlm3hHwb9T1Dij0EA_iqRx7Sw5Erg,491272,496896,5624
BreathofBeauty_UCB9eAHlm3hHwb9T1Dij0EA_iqRx7Sw5Erg_497000_506920.wav,BreathofBeauty_UCB9eAHlm3hHwb9T1Dij0EA_iqRx7Sw5Erg,497000,506920,9920
BreathofBeauty_UCB9eAHlm3hHwb9T1Dij0EA_iqRx7Sw5Erg_507200_521233.wav,BreathofBeauty_UCB9eAHlm3hHwb9T1Dij0EA_iqRx7Sw5Erg,507200,521233,14033
BreathofBeauty_UCB9eAHlm3hHwb9T1Dij0EA_iqRx7Sw5Erg_521377_529281.wav,BreathofBeauty_UCB9eAHlm3hHwb9T1Dij0EA_iqRx7Sw5Erg,521377,529281,7904
BreathofBeauty_UCB9eAHlm3hHwb9T1Dij0EA_iqRx7Sw5Erg_529441_530394.wav,BreathofBeauty_UCB9eAHlm3hHwb9T1Dij0EA_iqRx7Sw5Erg,529441,530394,953
BreathofBeauty_UCB9eAHlm3hHwb9T1Dij0EA_iqRx7Sw5Erg_530658_532772.wav,BreathofBeauty_UCB9eAHlm3hHwb9T1Dij0EA_iqRx7Sw5Erg,530658,532772,2114
BreathofBeauty_UCB9eAHlm3hHwb9T1Dij0EA_iqRx7Sw5Erg_533036_533776.wav,BreathofBeauty_UCB9eAHlm3hHwb9T1Dij0EA_iqRx7Sw5Erg,533036,533776,740
BreathofBeauty_UCB9eAHlm3hHwb9T1Dij0EA_iqRx7Sw5Erg_534416_542032.wav,BreathofBeauty_UCB9eAHlm3hHwb9T1Dij0EA_iqRx7Sw5Erg,534416,542032,7616
BreathofBeauty_UCB9eAHlm3hHwb9T1Dij0EA_iqRx7Sw5Erg_542208_548848.wav,BreathofBeauty_UCB9eAHlm3hHwb9T1Dij0EA_iqRx7Sw5Erg,542208,548848,6640
BreathofBeauty_UCB9eAHlm3hHwb9T1Dij0EA_iqRx7Sw5Erg_549232_553616.wav,BreathofBeauty_UCB9eAHlm3hHwb9T1Dij0EA_iqRx7Sw5Erg,549232,553616,4384
BreathofBeauty_UCB9eAHlm3hHwb9T1Dij0EA_iqRx7Sw5Erg_553944_559480.wav,BreathofBeauty_UCB9eAHlm3hHwb9T1Dij0EA_iqRx7Sw5Erg,553944,559480,5536
BreathofBeauty_UCB9eAHlm3hHwb9T1Dij0EA_iqRx7Sw5Erg_559808_561584.wav,BreathofBeauty_UCB9eAHlm3hHwb9T1Dij0EA_iqRx7Sw5Erg,559808,561584,1776
BreathofBeauty_UCB9eAHlm3hHwb9T1Dij0EA_iqRx7Sw5Erg_561936_562232.wav,BreathofBeauty_UCB9eAHlm3hHwb9T1Dij0EA_iqRx7Sw5Erg,561936,562232,296
BreathofBeauty_UCB9eAHlm3hHwb9T1Dij0EA_iqRx7Sw5Erg_562848_564140.wav,BreathofBeauty_UCB9eAHlm3hHwb9T1Dij0EA_iqRx7Sw5Erg,562848,564140,1292
BreathofBeauty_UCB9eAHlm3hHwb9T1Dij0EA_iqRx7Sw5Erg_564308_564470.wav,BreathofBeauty_UCB9eAHlm3hHwb9T1Dij0EA_iqRx7Sw5Erg,564308,564470,162
BreathofBeauty_UCB9eAHlm3hHwb9T1Dij0EA_iqRx7Sw5Erg_564590_567294.wav,BreathofBeauty_UCB9eAHlm3hHwb9T1Dij0EA_iqRx7Sw5Erg,564590,567294,2704
BreathofBeauty_UCB9eAHlm3hHwb9T1Dij0EA_iqRx7Sw5Erg_567406_574239.wav,BreathofBeauty_UCB9eAHlm3hHwb9T1Dij0EA_iqRx7Sw5Erg,567406,574239,6833
BreathofBeauty_UCB9eAHlm3hHwb9T1Dij0EA_iqRx7Sw5Erg_574367_588464.wav,BreathofBeauty_UCB9eAHlm3hHwb9T1Dij0EA_iqRx7Sw5Erg,574367,588464,14097
BreathofBeauty_UCB9eAHlm3hHwb9T1Dij0EA_iqRx7Sw5Erg_588864_590128.wav,BreathofBeauty_UCB9eAHlm3hHwb9T1Dij0EA_iqRx7Sw5Erg,588864,590128,1264
BreathofBeauty_UCB9eAHlm3hHwb9T1Dij0EA_iqRx7Sw5Erg_590488_605064.wav,BreathofBeauty_UCB9eAHlm3hHwb9T1Dij0EA_iqRx7Sw5Erg,590488,605064,14576
BreathofBeauty_UCB9eAHlm3hHwb9T1Dij0EA_iqRx7Sw5Erg_605448_607570.wav,BreathofBeauty_UCB9eAHlm3hHwb9T1Dij0EA_iqRx7Sw5Erg,605448,607570,2122
BreathofBeauty_UCB9eAHlm3hHwb9T1Dij0EA_iqRx7Sw5Erg_607706_620092.wav,BreathofBeauty_UCB9eAHlm3hHwb9T1Dij0EA_iqRx7Sw5Erg,607706,620092,12386
BreathofBeauty_UCB9eAHlm3hHwb9T1Dij0EA_iqRx7Sw5Erg_620236_620720.wav,BreathofBeauty_UCB9eAHlm3hHwb9T1Dij0EA_iqRx7Sw5Erg,620236,620720,484
BreathofBeauty_UCB9eAHlm3hHwb9T1Dij0EA_iqRx7Sw5Erg_621168_624892.wav,BreathofBeauty_UCB9eAHlm3hHwb9T1Dij0EA_iqRx7Sw5Erg,621168,624892,3724
BreathofBeauty_UCB9eAHlm3hHwb9T1Dij0EA_iqRx7Sw5Erg_625044_633742.wav,BreathofBeauty_UCB9eAHlm3hHwb9T1Dij0EA_iqRx7Sw5Erg,625044,633742,8698
BreathofBeauty_UCB9eAHlm3hHwb9T1Dij0EA_iqRx7Sw5Erg_633894_635592.wav,BreathofBeauty_UCB9eAHlm3hHwb9T1Dij0EA_iqRx7Sw5Erg,633894,635592,1698
BreathofBeauty_UCB9eAHlm3hHwb9T1Dij0EA_iqRx7Sw5Erg_636048_646866.wav,BreathofBeauty_UCB9eAHlm3hHwb9T1Dij0EA_iqRx7Sw5Erg,636048,646866,10818
BreathofBeauty_UCB9eAHlm3hHwb9T1Dij0EA_iqRx7Sw5Erg_646946_653564.wav,BreathofBeauty_UCB9eAHlm3hHwb9T1Dij0EA_iqRx7Sw5Erg,646946,653564,6618
BreathofBeauty_UCB9eAHlm3hHwb9T1Dij0EA_iqRx7Sw5Erg_653692_660520.wav,BreathofBeauty_UCB9eAHlm3hHwb9T1Dij0EA_iqRx7Sw5Erg,653692,660520,6828
BreathofBeauty_UCB9eAHlm3hHwb9T1Dij0EA_iqRx7Sw5Erg_660848_674738.wav,BreathofBeauty_UCB9eAHlm3hHwb9T1Dij0EA_iqRx7Sw5Erg,660848,674738,13890
BreathofBeauty_UCB9eAHlm3hHwb9T1Dij0EA_iqRx7Sw5Erg_674922_678212.wav,BreathofBeauty_UCB9eAHlm3hHwb9T1Dij0EA_iqRx7Sw5Erg,674922,678212,3290
BreathofBeauty_UCB9eAHlm3hHwb9T1Dij0EA_iqRx7Sw5Erg_678452_683032.wav,BreathofBeauty_UCB9eAHlm3hHwb9T1Dij0EA_iqRx7Sw5Erg,678452,683032,4580
BreathofBeauty_UCB9eAHlm3hHwb9T1Dij0EA_iqRx7Sw5Erg_683512_686520.wav,BreathofBeauty_UCB9eAHlm3hHwb9T1Dij0EA_iqRx7Sw5Erg,683512,686520,3008
BreathofBeauty_UCB9eAHlm3hHwb9T1Dij0EA_iqRx7Sw5Erg_686776_687580.wav,BreathofBeauty_UCB9eAHlm3hHwb9T1Dij0EA_iqRx7Sw5Erg,686776,687580,804
BreathofBeauty_UCB9eAHlm3hHwb9T1Dij0EA_iqRx7Sw5Erg_687676_702348.wav,BreathofBeauty_UCB9eAHlm3hHwb9T1Dij0EA_iqRx7Sw5Erg,687676,702348,14672
BreathofBeauty_UCB9eAHlm3hHwb9T1Dij0EA_iqRx7Sw5Erg_702436_704088.wav,BreathofBeauty_UCB9eAHlm3hHwb9T1Dij0EA_iqRx7Sw5Erg,702436,704088,1652
BreathofBeauty_UCB9eAHlm3hHwb9T1Dij0EA_iqRx7Sw5Erg_704192_707120.wav,BreathofBeauty_UCB9eAHlm3hHwb9T1Dij0EA_iqRx7Sw5Erg,704192,707120,2928
BreathofBeauty_UCB9eAHlm3hHwb9T1Dij0EA_iqRx7Sw5Erg_707240_711064.wav,BreathofBeauty_UCB9eAHlm3hHwb9T1Dij0EA_iqRx7Sw5Erg,707240,711064,3824
BreathofBeauty_UCB9eAHlm3hHwb9T1Dij0EA_iqRx7Sw5Erg_711416_713952.wav,BreathofBeauty_UCB9eAHlm3hHwb9T1Dij0EA_iqRx7Sw5Erg,711416,713952,2536
BreathofBeauty_UCB9eAHlm3hHwb9T1Dij0EA_iqRx7Sw5Erg_714080_715048.wav,BreathofBeauty_UCB9eAHlm3hHwb9T1Dij0EA_iqRx7Sw5Erg,714080,715048,968
BreathofBeauty_UCB9eAHlm3hHwb9T1Dij0EA_iqRx7Sw5Erg_715144_718792.wav,BreathofBeauty_UCB9eAHlm3hHwb9T1Dij0EA_iqRx7Sw5Erg,715144,718792,3648
BreathofBeauty_UCB9eAHlm3hHwb9T1Dij0EA_iqRx7Sw5Erg_718880_720584.wav,BreathofBeauty_UCB9eAHlm3hHwb9T1Dij0EA_iqRx7Sw5Erg,718880,720584,1704
BreathofBeauty_UCB9eAHlm3hHwb9T1Dij0EA_iqRx7Sw5Erg_720672_733016.wav,BreathofBeauty_UCB9eAHlm3hHwb9T1Dij0EA_iqRx7Sw5Erg,720672,733016,12344
BreathofBeauty_UCB9eAHlm3hHwb9T1Dij0EA_iqRx7Sw5Erg_733144_735712.wav,BreathofBeauty_UCB9eAHlm3hHwb9T1Dij0EA_iqRx7Sw5Erg,733144,735712,2568
BreathofBeauty_UCB9eAHlm3hHwb9T1Dij0EA_iqRx7Sw5Erg_736176_741320.wav,BreathofBeauty_UCB9eAHlm3hHwb9T1Dij0EA_iqRx7Sw5Erg,736176,741320,5144
BreathofBeauty_UCB9eAHlm3hHwb9T1Dij0EA_iqRx7Sw5Erg_741744_750616.wav,BreathofBeauty_UCB9eAHlm3hHwb9T1Dij0EA_iqRx7Sw5Erg,741744,750616,8872
BreathofBeauty_UCB9eAHlm3hHwb9T1Dij0EA_iqRx7Sw5Erg_750896_754872.wav,BreathofBeauty_UCB9eAHlm3hHwb9T1Dij0EA_iqRx7Sw5Erg,750896,754872,3976
BreathofBeauty_UCB9eAHlm3hHwb9T1Dij0EA_iqRx7Sw5Erg_754984_756240.wav,BreathofBeauty_UCB9eAHlm3hHwb9T1Dij0EA_iqRx7Sw5Erg,754984,756240,1256
BreathofBeauty_UCB9eAHlm3hHwb9T1Dij0EA_iqRx7Sw5Erg_756352_770048.wav,BreathofBeauty_UCB9eAHlm3hHwb9T1Dij0EA_iqRx7Sw5Erg,756352,770048,13696
BreathofBeauty_UCB9eAHlm3hHwb9T1Dij0EA_iqRx7Sw5Erg_770320_770857.wav,BreathofBeauty_UCB9eAHlm3hHwb9T1Dij0EA_iqRx7Sw5Erg,770320,770857,537
BreathofBeauty_UCB9eAHlm3hHwb9T1Dij0EA_iqRx7Sw5Erg_770977_774081.wav,BreathofBeauty_UCB9eAHlm3hHwb9T1Dij0EA_iqRx7Sw5Erg,770977,774081,3104
BreathofBeauty_UCB9eAHlm3hHwb9T1Dij0EA_iqRx7Sw5Erg_774169_776065.wav,BreathofBeauty_UCB9eAHlm3hHwb9T1Dij0EA_iqRx7Sw5Erg,774169,776065,1896
BreathofBeauty_UCB9eAHlm3hHwb9T1Dij0EA_iqRx7Sw5Erg_776153_780977.wav,BreathofBeauty_UCB9eAHlm3hHwb9T1Dij0EA_iqRx7Sw5Erg,776153,780977,4824
BreathofBeauty_UCB9eAHlm3hHwb9T1Dij0EA_iqRx7Sw5Erg_781105_790017.wav,BreathofBeauty_UCB9eAHlm3hHwb9T1Dij0EA_iqRx7Sw5Erg,781105,790017,8912
