filename,video_id,start_time,end_time,duration
MarisaKay_UCmbl501gsP9eqUL33daWNQ_NUPyCP5B56g_4475_5315.wav,MarisaKay_UCmbl501gsP9eqUL33daWNQ_NUPyCP5B56g,4475,5315,840
MarisaKay_UCmbl501gsP9eqUL33daWNQ_NUPyCP5B56g_5739_14499.wav,MarisaKay_UCmbl501gsP9eqUL33daWNQ_NUPyCP5B56g,5739,14499,8760
MarisaKay_UCmbl501gsP9eqUL33daWNQ_NUPyCP5B56g_14875_20211.wav,MarisaKay_UCmbl501gsP9eqUL33daWNQ_NUPyCP5B56g,14875,20211,5336
MarisaKay_UCmbl501gsP9eqUL33daWNQ_NUPyCP5B56g_20707_25507.wav,MarisaKay_UCmbl501gsP9eqUL33daWNQ_NUPyCP5B56g,20707,25507,4800
MarisaKay_UCmbl501gsP9eqUL33daWNQ_NUPyCP5B56g_25763_27123.wav,MarisaKay_UCmbl501gsP9eqUL33daWNQ_NUPyCP5B56g,25763,27123,1360
MarisaKay_UCmbl501gsP9eqUL33daWNQ_NUPyCP5B56g_27227_30523.wav,MarisaKay_UCmbl501gsP9eqUL33daWNQ_NUPyCP5B56g,27227,30523,3296
MarisaKay_UCmbl501gsP9eqUL33daWNQ_NUPyCP5B56g_30635_35059.wav,MarisaKay_UCmbl501gsP9eqUL33daWNQ_NUPyCP5B56g,30635,35059,4424
MarisaKay_UCmbl501gsP9eqUL33daWNQ_NUPyCP5B56g_35219_36451.wav,MarisaKay_UCmbl501gsP9eqUL33daWNQ_NUPyCP5B56g,35219,36451,1232
MarisaKay_UCmbl501gsP9eqUL33daWNQ_NUPyCP5B56g_36571_36915.wav,MarisaKay_UCmbl501gsP9eqUL33daWNQ_NUPyCP5B56g,36571,36915,344
MarisaKay_UCmbl501gsP9eqUL33daWNQ_NUPyCP5B56g_37235_45451.wav,MarisaKay_UCmbl501gsP9eqUL33daWNQ_NUPyCP5B56g,37235,45451,8216
MarisaKay_UCmbl501gsP9eqUL33daWNQ_NUPyCP5B56g_45803_49763.wav,MarisaKay_UCmbl501gsP9eqUL33daWNQ_NUPyCP5B56g,45803,49763,3960
MarisaKay_UCmbl501gsP9eqUL33daWNQ_NUPyCP5B56g_50211_53035.wav,MarisaKay_UCmbl501gsP9eqUL33daWNQ_NUPyCP5B56g,50211,53035,2824
MarisaKay_UCmbl501gsP9eqUL33daWNQ_NUPyCP5B56g_53187_63123.wav,MarisaKay_UCmbl501gsP9eqUL33daWNQ_NUPyCP5B56g,53187,63123,9936
MarisaKay_UCmbl501gsP9eqUL33daWNQ_NUPyCP5B56g_63531_67475.wav,MarisaKay_UCmbl501gsP9eqUL33daWNQ_NUPyCP5B56g,63531,67475,3944
MarisaKay_UCmbl501gsP9eqUL33daWNQ_NUPyCP5B56g_67643_72331.wav,MarisaKay_UCmbl501gsP9eqUL33daWNQ_NUPyCP5B56g,67643,72331,4688
MarisaKay_UCmbl501gsP9eqUL33daWNQ_NUPyCP5B56g_72507_75963.wav,MarisaKay_UCmbl501gsP9eqUL33daWNQ_NUPyCP5B56g,72507,75963,3456
MarisaKay_UCmbl501gsP9eqUL33daWNQ_NUPyCP5B56g_76091_79227.wav,MarisaKay_UCmbl501gsP9eqUL33daWNQ_NUPyCP5B56g,76091,79227,3136
MarisaKay_UCmbl501gsP9eqUL33daWNQ_NUPyCP5B56g_79715_82703.wav,MarisaKay_UCmbl501gsP9eqUL33daWNQ_NUPyCP5B56g,79715,82703,2988
MarisaKay_UCmbl501gsP9eqUL33daWNQ_NUPyCP5B56g_82831_89015.wav,MarisaKay_UCmbl501gsP9eqUL33daWNQ_NUPyCP5B56g,82831,89015,6184
MarisaKay_UCmbl501gsP9eqUL33daWNQ_NUPyCP5B56g_89151_97183.wav,MarisaKay_UCmbl501gsP9eqUL33daWNQ_NUPyCP5B56g,89151,97183,8032
MarisaKay_UCmbl501gsP9eqUL33daWNQ_NUPyCP5B56g_97295_102295.wav,MarisaKay_UCmbl501gsP9eqUL33daWNQ_NUPyCP5B56g,97295,102295,5000
MarisaKay_UCmbl501gsP9eqUL33daWNQ_NUPyCP5B56g_102407_105353.wav,MarisaKay_UCmbl501gsP9eqUL33daWNQ_NUPyCP5B56g,102407,105353,2946
MarisaKay_UCmbl501gsP9eqUL33daWNQ_NUPyCP5B56g_105513_106417.wav,MarisaKay_UCmbl501gsP9eqUL33daWNQ_NUPyCP5B56g,105513,106417,904
MarisaKay_UCmbl501gsP9eqUL33daWNQ_NUPyCP5B56g_106713_108817.wav,MarisaKay_UCmbl501gsP9eqUL33daWNQ_NUPyCP5B56g,106713,108817,2104
MarisaKay_UCmbl501gsP9eqUL33daWNQ_NUPyCP5B56g_108969_116985.wav,MarisaKay_UCmbl501gsP9eqUL33daWNQ_NUPyCP5B56g,108969,116985,8016
MarisaKay_UCmbl501gsP9eqUL33daWNQ_NUPyCP5B56g_117273_117737.wav,MarisaKay_UCmbl501gsP9eqUL33daWNQ_NUPyCP5B56g,117273,117737,464
MarisaKay_UCmbl501gsP9eqUL33daWNQ_NUPyCP5B56g_117929_118473.wav,MarisaKay_UCmbl501gsP9eqUL33daWNQ_NUPyCP5B56g,117929,118473,544
MarisaKay_UCmbl501gsP9eqUL33daWNQ_NUPyCP5B56g_118633_125531.wav,MarisaKay_UCmbl501gsP9eqUL33daWNQ_NUPyCP5B56g,118633,125531,6898
MarisaKay_UCmbl501gsP9eqUL33daWNQ_NUPyCP5B56g_126235_128511.wav,MarisaKay_UCmbl501gsP9eqUL33daWNQ_NUPyCP5B56g,126235,128511,2276
MarisaKay_UCmbl501gsP9eqUL33daWNQ_NUPyCP5B56g_128743_135519.wav,MarisaKay_UCmbl501gsP9eqUL33daWNQ_NUPyCP5B56g,128743,135519,6776
MarisaKay_UCmbl501gsP9eqUL33daWNQ_NUPyCP5B56g_135671_135927.wav,MarisaKay_UCmbl501gsP9eqUL33daWNQ_NUPyCP5B56g,135671,135927,256
MarisaKay_UCmbl501gsP9eqUL33daWNQ_NUPyCP5B56g_136583_142359.wav,MarisaKay_UCmbl501gsP9eqUL33daWNQ_NUPyCP5B56g,136583,142359,5776
MarisaKay_UCmbl501gsP9eqUL33daWNQ_NUPyCP5B56g_142607_147423.wav,MarisaKay_UCmbl501gsP9eqUL33daWNQ_NUPyCP5B56g,142607,147423,4816
MarisaKay_UCmbl501gsP9eqUL33daWNQ_NUPyCP5B56g_147791_151367.wav,MarisaKay_UCmbl501gsP9eqUL33daWNQ_NUPyCP5B56g,147791,151367,3576
MarisaKay_UCmbl501gsP9eqUL33daWNQ_NUPyCP5B56g_151583_152679.wav,MarisaKay_UCmbl501gsP9eqUL33daWNQ_NUPyCP5B56g,151583,152679,1096
MarisaKay_UCmbl501gsP9eqUL33daWNQ_NUPyCP5B56g_152879_158295.wav,MarisaKay_UCmbl501gsP9eqUL33daWNQ_NUPyCP5B56g,152879,158295,5416
MarisaKay_UCmbl501gsP9eqUL33daWNQ_NUPyCP5B56g_158519_160839.wav,MarisaKay_UCmbl501gsP9eqUL33daWNQ_NUPyCP5B56g,158519,160839,2320
MarisaKay_UCmbl501gsP9eqUL33daWNQ_NUPyCP5B56g_161015_163735.wav,MarisaKay_UCmbl501gsP9eqUL33daWNQ_NUPyCP5B56g,161015,163735,2720
MarisaKay_UCmbl501gsP9eqUL33daWNQ_NUPyCP5B56g_164111_171003.wav,MarisaKay_UCmbl501gsP9eqUL33daWNQ_NUPyCP5B56g,164111,171003,6892
MarisaKay_UCmbl501gsP9eqUL33daWNQ_NUPyCP5B56g_171515_179351.wav,MarisaKay_UCmbl501gsP9eqUL33daWNQ_NUPyCP5B56g,171515,179351,7836
MarisaKay_UCmbl501gsP9eqUL33daWNQ_NUPyCP5B56g_179503_183695.wav,MarisaKay_UCmbl501gsP9eqUL33daWNQ_NUPyCP5B56g,179503,183695,4192
MarisaKay_UCmbl501gsP9eqUL33daWNQ_NUPyCP5B56g_183815_191035.wav,MarisaKay_UCmbl501gsP9eqUL33daWNQ_NUPyCP5B56g,183815,191035,7220
MarisaKay_UCmbl501gsP9eqUL33daWNQ_NUPyCP5B56g_191203_196101.wav,MarisaKay_UCmbl501gsP9eqUL33daWNQ_NUPyCP5B56g,191203,196101,4898
MarisaKay_UCmbl501gsP9eqUL33daWNQ_NUPyCP5B56g_196317_203567.wav,MarisaKay_UCmbl501gsP9eqUL33daWNQ_NUPyCP5B56g,196317,203567,7250
MarisaKay_UCmbl501gsP9eqUL33daWNQ_NUPyCP5B56g_204035_206303.wav,MarisaKay_UCmbl501gsP9eqUL33daWNQ_NUPyCP5B56g,204035,206303,2268
MarisaKay_UCmbl501gsP9eqUL33daWNQ_NUPyCP5B56g_206447_209291.wav,MarisaKay_UCmbl501gsP9eqUL33daWNQ_NUPyCP5B56g,206447,209291,2844
MarisaKay_UCmbl501gsP9eqUL33daWNQ_NUPyCP5B56g_209579_216679.wav,MarisaKay_UCmbl501gsP9eqUL33daWNQ_NUPyCP5B56g,209579,216679,7100
MarisaKay_UCmbl501gsP9eqUL33daWNQ_NUPyCP5B56g_216847_225415.wav,MarisaKay_UCmbl501gsP9eqUL33daWNQ_NUPyCP5B56g,216847,225415,8568
MarisaKay_UCmbl501gsP9eqUL33daWNQ_NUPyCP5B56g_225543_226931.wav,MarisaKay_UCmbl501gsP9eqUL33daWNQ_NUPyCP5B56g,225543,226931,1388
MarisaKay_UCmbl501gsP9eqUL33daWNQ_NUPyCP5B56g_227187_230955.wav,MarisaKay_UCmbl501gsP9eqUL33daWNQ_NUPyCP5B56g,227187,230955,3768
MarisaKay_UCmbl501gsP9eqUL33daWNQ_NUPyCP5B56g_231091_235131.wav,MarisaKay_UCmbl501gsP9eqUL33daWNQ_NUPyCP5B56g,231091,235131,4040
MarisaKay_UCmbl501gsP9eqUL33daWNQ_NUPyCP5B56g_235243_235755.wav,MarisaKay_UCmbl501gsP9eqUL33daWNQ_NUPyCP5B56g,235243,235755,512
MarisaKay_UCmbl501gsP9eqUL33daWNQ_NUPyCP5B56g_235867_243243.wav,MarisaKay_UCmbl501gsP9eqUL33daWNQ_NUPyCP5B56g,235867,243243,7376
MarisaKay_UCmbl501gsP9eqUL33daWNQ_NUPyCP5B56g_243419_252027.wav,MarisaKay_UCmbl501gsP9eqUL33daWNQ_NUPyCP5B56g,243419,252027,8608
MarisaKay_UCmbl501gsP9eqUL33daWNQ_NUPyCP5B56g_252347_256279.wav,MarisaKay_UCmbl501gsP9eqUL33daWNQ_NUPyCP5B56g,252347,256279,3932
MarisaKay_UCmbl501gsP9eqUL33daWNQ_NUPyCP5B56g_256431_266047.wav,MarisaKay_UCmbl501gsP9eqUL33daWNQ_NUPyCP5B56g,256431,266047,9616
MarisaKay_UCmbl501gsP9eqUL33daWNQ_NUPyCP5B56g_266175_267139.wav,MarisaKay_UCmbl501gsP9eqUL33daWNQ_NUPyCP5B56g,266175,267139,964
MarisaKay_UCmbl501gsP9eqUL33daWNQ_NUPyCP5B56g_267427_274787.wav,MarisaKay_UCmbl501gsP9eqUL33daWNQ_NUPyCP5B56g,267427,274787,7360
MarisaKay_UCmbl501gsP9eqUL33daWNQ_NUPyCP5B56g_274947_281035.wav,MarisaKay_UCmbl501gsP9eqUL33daWNQ_NUPyCP5B56g,274947,281035,6088
MarisaKay_UCmbl501gsP9eqUL33daWNQ_NUPyCP5B56g_281139_285027.wav,MarisaKay_UCmbl501gsP9eqUL33daWNQ_NUPyCP5B56g,281139,285027,3888
MarisaKay_UCmbl501gsP9eqUL33daWNQ_NUPyCP5B56g_285291_292639.wav,MarisaKay_UCmbl501gsP9eqUL33daWNQ_NUPyCP5B56g,285291,292639,7348
MarisaKay_UCmbl501gsP9eqUL33daWNQ_NUPyCP5B56g_292743_298167.wav,MarisaKay_UCmbl501gsP9eqUL33daWNQ_NUPyCP5B56g,292743,298167,5424
MarisaKay_UCmbl501gsP9eqUL33daWNQ_NUPyCP5B56g_298391_306043.wav,MarisaKay_UCmbl501gsP9eqUL33daWNQ_NUPyCP5B56g,298391,306043,7652
MarisaKay_UCmbl501gsP9eqUL33daWNQ_NUPyCP5B56g_306515_307995.wav,MarisaKay_UCmbl501gsP9eqUL33daWNQ_NUPyCP5B56g,306515,307995,1480
MarisaKay_UCmbl501gsP9eqUL33daWNQ_NUPyCP5B56g_308371_309563.wav,MarisaKay_UCmbl501gsP9eqUL33daWNQ_NUPyCP5B56g,308371,309563,1192
MarisaKay_UCmbl501gsP9eqUL33daWNQ_NUPyCP5B56g_309675_312099.wav,MarisaKay_UCmbl501gsP9eqUL33daWNQ_NUPyCP5B56g,309675,312099,2424
MarisaKay_UCmbl501gsP9eqUL33daWNQ_NUPyCP5B56g_312227_318979.wav,MarisaKay_UCmbl501gsP9eqUL33daWNQ_NUPyCP5B56g,312227,318979,6752
MarisaKay_UCmbl501gsP9eqUL33daWNQ_NUPyCP5B56g_319259_328535.wav,MarisaKay_UCmbl501gsP9eqUL33daWNQ_NUPyCP5B56g,319259,328535,9276
MarisaKay_UCmbl501gsP9eqUL33daWNQ_NUPyCP5B56g_328663_331771.wav,MarisaKay_UCmbl501gsP9eqUL33daWNQ_NUPyCP5B56g,328663,331771,3108
MarisaKay_UCmbl501gsP9eqUL33daWNQ_NUPyCP5B56g_332171_337347.wav,MarisaKay_UCmbl501gsP9eqUL33daWNQ_NUPyCP5B56g,332171,337347,5176
MarisaKay_UCmbl501gsP9eqUL33daWNQ_NUPyCP5B56g_337483_342451.wav,MarisaKay_UCmbl501gsP9eqUL33daWNQ_NUPyCP5B56g,337483,342451,4968
MarisaKay_UCmbl501gsP9eqUL33daWNQ_NUPyCP5B56g_342579_346491.wav,MarisaKay_UCmbl501gsP9eqUL33daWNQ_NUPyCP5B56g,342579,346491,3912
MarisaKay_UCmbl501gsP9eqUL33daWNQ_NUPyCP5B56g_346595_352307.wav,MarisaKay_UCmbl501gsP9eqUL33daWNQ_NUPyCP5B56g,346595,352307,5712
MarisaKay_UCmbl501gsP9eqUL33daWNQ_NUPyCP5B56g_352523_360715.wav,MarisaKay_UCmbl501gsP9eqUL33daWNQ_NUPyCP5B56g,352523,360715,8192
MarisaKay_UCmbl501gsP9eqUL33daWNQ_NUPyCP5B56g_361051_362491.wav,MarisaKay_UCmbl501gsP9eqUL33daWNQ_NUPyCP5B56g,361051,362491,1440
MarisaKay_UCmbl501gsP9eqUL33daWNQ_NUPyCP5B56g_362715_364579.wav,MarisaKay_UCmbl501gsP9eqUL33daWNQ_NUPyCP5B56g,362715,364579,1864
MarisaKay_UCmbl501gsP9eqUL33daWNQ_NUPyCP5B56g_364787_370179.wav,MarisaKay_UCmbl501gsP9eqUL33daWNQ_NUPyCP5B56g,364787,370179,5392
MarisaKay_UCmbl501gsP9eqUL33daWNQ_NUPyCP5B56g_370347_373155.wav,MarisaKay_UCmbl501gsP9eqUL33daWNQ_NUPyCP5B56g,370347,373155,2808
MarisaKay_UCmbl501gsP9eqUL33daWNQ_NUPyCP5B56g_373387_382043.wav,MarisaKay_UCmbl501gsP9eqUL33daWNQ_NUPyCP5B56g,373387,382043,8656
MarisaKay_UCmbl501gsP9eqUL33daWNQ_NUPyCP5B56g_382283_384395.wav,MarisaKay_UCmbl501gsP9eqUL33daWNQ_NUPyCP5B56g,382283,384395,2112
MarisaKay_UCmbl501gsP9eqUL33daWNQ_NUPyCP5B56g_384691_386019.wav,MarisaKay_UCmbl501gsP9eqUL33daWNQ_NUPyCP5B56g,384691,386019,1328
MarisaKay_UCmbl501gsP9eqUL33daWNQ_NUPyCP5B56g_386139_389715.wav,MarisaKay_UCmbl501gsP9eqUL33daWNQ_NUPyCP5B56g,386139,389715,3576
MarisaKay_UCmbl501gsP9eqUL33daWNQ_NUPyCP5B56g_389827_394427.wav,MarisaKay_UCmbl501gsP9eqUL33daWNQ_NUPyCP5B56g,389827,394427,4600
MarisaKay_UCmbl501gsP9eqUL33daWNQ_NUPyCP5B56g_394531_400843.wav,MarisaKay_UCmbl501gsP9eqUL33daWNQ_NUPyCP5B56g,394531,400843,6312
MarisaKay_UCmbl501gsP9eqUL33daWNQ_NUPyCP5B56g_400979_401531.wav,MarisaKay_UCmbl501gsP9eqUL33daWNQ_NUPyCP5B56g,400979,401531,552
MarisaKay_UCmbl501gsP9eqUL33daWNQ_NUPyCP5B56g_401643_402907.wav,MarisaKay_UCmbl501gsP9eqUL33daWNQ_NUPyCP5B56g,401643,402907,1264
MarisaKay_UCmbl501gsP9eqUL33daWNQ_NUPyCP5B56g_403075_408547.wav,MarisaKay_UCmbl501gsP9eqUL33daWNQ_NUPyCP5B56g,403075,408547,5472
MarisaKay_UCmbl501gsP9eqUL33daWNQ_NUPyCP5B56g_408723_408835.wav,MarisaKay_UCmbl501gsP9eqUL33daWNQ_NUPyCP5B56g,408723,408835,112
MarisaKay_UCmbl501gsP9eqUL33daWNQ_NUPyCP5B56g_408987_418955.wav,MarisaKay_UCmbl501gsP9eqUL33daWNQ_NUPyCP5B56g,408987,418955,9968
MarisaKay_UCmbl501gsP9eqUL33daWNQ_NUPyCP5B56g_419187_421243.wav,MarisaKay_UCmbl501gsP9eqUL33daWNQ_NUPyCP5B56g,419187,421243,2056
MarisaKay_UCmbl501gsP9eqUL33daWNQ_NUPyCP5B56g_421435_430075.wav,MarisaKay_UCmbl501gsP9eqUL33daWNQ_NUPyCP5B56g,421435,430075,8640
MarisaKay_UCmbl501gsP9eqUL33daWNQ_NUPyCP5B56g_430235_436375.wav,MarisaKay_UCmbl501gsP9eqUL33daWNQ_NUPyCP5B56g,430235,436375,6140
MarisaKay_UCmbl501gsP9eqUL33daWNQ_NUPyCP5B56g_436639_437799.wav,MarisaKay_UCmbl501gsP9eqUL33daWNQ_NUPyCP5B56g,436639,437799,1160
MarisaKay_UCmbl501gsP9eqUL33daWNQ_NUPyCP5B56g_438039_440667.wav,MarisaKay_UCmbl501gsP9eqUL33daWNQ_NUPyCP5B56g,438039,440667,2628
MarisaKay_UCmbl501gsP9eqUL33daWNQ_NUPyCP5B56g_441027_445235.wav,MarisaKay_UCmbl501gsP9eqUL33daWNQ_NUPyCP5B56g,441027,445235,4208
MarisaKay_UCmbl501gsP9eqUL33daWNQ_NUPyCP5B56g_445339_448675.wav,MarisaKay_UCmbl501gsP9eqUL33daWNQ_NUPyCP5B56g,445339,448675,3336
MarisaKay_UCmbl501gsP9eqUL33daWNQ_NUPyCP5B56g_448787_456235.wav,MarisaKay_UCmbl501gsP9eqUL33daWNQ_NUPyCP5B56g,448787,456235,7448
MarisaKay_UCmbl501gsP9eqUL33daWNQ_NUPyCP5B56g_456435_459299.wav,MarisaKay_UCmbl501gsP9eqUL33daWNQ_NUPyCP5B56g,456435,459299,2864
MarisaKay_UCmbl501gsP9eqUL33daWNQ_NUPyCP5B56g_459555_467275.wav,MarisaKay_UCmbl501gsP9eqUL33daWNQ_NUPyCP5B56g,459555,467275,7720
MarisaKay_UCmbl501gsP9eqUL33daWNQ_NUPyCP5B56g_467531_468043.wav,MarisaKay_UCmbl501gsP9eqUL33daWNQ_NUPyCP5B56g,467531,468043,512
MarisaKay_UCmbl501gsP9eqUL33daWNQ_NUPyCP5B56g_468243_474375.wav,MarisaKay_UCmbl501gsP9eqUL33daWNQ_NUPyCP5B56g,468243,474375,6132
MarisaKay_UCmbl501gsP9eqUL33daWNQ_NUPyCP5B56g_474551_481939.wav,MarisaKay_UCmbl501gsP9eqUL33daWNQ_NUPyCP5B56g,474551,481939,7388
MarisaKay_UCmbl501gsP9eqUL33daWNQ_NUPyCP5B56g_482067_486603.wav,MarisaKay_UCmbl501gsP9eqUL33daWNQ_NUPyCP5B56g,482067,486603,4536
MarisaKay_UCmbl501gsP9eqUL33daWNQ_NUPyCP5B56g_486739_495587.wav,MarisaKay_UCmbl501gsP9eqUL33daWNQ_NUPyCP5B56g,486739,495587,8848
MarisaKay_UCmbl501gsP9eqUL33daWNQ_NUPyCP5B56g_495739_497155.wav,MarisaKay_UCmbl501gsP9eqUL33daWNQ_NUPyCP5B56g,495739,497155,1416
MarisaKay_UCmbl501gsP9eqUL33daWNQ_NUPyCP5B56g_497451_499331.wav,MarisaKay_UCmbl501gsP9eqUL33daWNQ_NUPyCP5B56g,497451,499331,1880
MarisaKay_UCmbl501gsP9eqUL33daWNQ_NUPyCP5B56g_499515_503155.wav,MarisaKay_UCmbl501gsP9eqUL33daWNQ_NUPyCP5B56g,499515,503155,3640
MarisaKay_UCmbl501gsP9eqUL33daWNQ_NUPyCP5B56g_503403_509475.wav,MarisaKay_UCmbl501gsP9eqUL33daWNQ_NUPyCP5B56g,503403,509475,6072
MarisaKay_UCmbl501gsP9eqUL33daWNQ_NUPyCP5B56g_509779_517299.wav,MarisaKay_UCmbl501gsP9eqUL33daWNQ_NUPyCP5B56g,509779,517299,7520
MarisaKay_UCmbl501gsP9eqUL33daWNQ_NUPyCP5B56g_517507_519859.wav,MarisaKay_UCmbl501gsP9eqUL33daWNQ_NUPyCP5B56g,517507,519859,2352
MarisaKay_UCmbl501gsP9eqUL33daWNQ_NUPyCP5B56g_520019_524931.wav,MarisaKay_UCmbl501gsP9eqUL33daWNQ_NUPyCP5B56g,520019,524931,4912
MarisaKay_UCmbl501gsP9eqUL33daWNQ_NUPyCP5B56g_525043_528683.wav,MarisaKay_UCmbl501gsP9eqUL33daWNQ_NUPyCP5B56g,525043,528683,3640
MarisaKay_UCmbl501gsP9eqUL33daWNQ_NUPyCP5B56g_528835_532819.wav,MarisaKay_UCmbl501gsP9eqUL33daWNQ_NUPyCP5B56g,528835,532819,3984
MarisaKay_UCmbl501gsP9eqUL33daWNQ_NUPyCP5B56g_532955_540363.wav,MarisaKay_UCmbl501gsP9eqUL33daWNQ_NUPyCP5B56g,532955,540363,7408
MarisaKay_UCmbl501gsP9eqUL33daWNQ_NUPyCP5B56g_540483_545947.wav,MarisaKay_UCmbl501gsP9eqUL33daWNQ_NUPyCP5B56g,540483,545947,5464
MarisaKay_UCmbl501gsP9eqUL33daWNQ_NUPyCP5B56g_546051_552051.wav,MarisaKay_UCmbl501gsP9eqUL33daWNQ_NUPyCP5B56g,546051,552051,6000
MarisaKay_UCmbl501gsP9eqUL33daWNQ_NUPyCP5B56g_552355_556671.wav,MarisaKay_UCmbl501gsP9eqUL33daWNQ_NUPyCP5B56g,552355,556671,4316
MarisaKay_UCmbl501gsP9eqUL33daWNQ_NUPyCP5B56g_556807_557961.wav,MarisaKay_UCmbl501gsP9eqUL33daWNQ_NUPyCP5B56g,556807,557961,1154
MarisaKay_UCmbl501gsP9eqUL33daWNQ_NUPyCP5B56g_558145_567907.wav,MarisaKay_UCmbl501gsP9eqUL33daWNQ_NUPyCP5B56g,558145,567907,9762
MarisaKay_UCmbl501gsP9eqUL33daWNQ_NUPyCP5B56g_568195_573189.wav,MarisaKay_UCmbl501gsP9eqUL33daWNQ_NUPyCP5B56g,568195,573189,4994
MarisaKay_UCmbl501gsP9eqUL33daWNQ_NUPyCP5B56g_573349_579567.wav,MarisaKay_UCmbl501gsP9eqUL33daWNQ_NUPyCP5B56g,573349,579567,6218
MarisaKay_UCmbl501gsP9eqUL33daWNQ_NUPyCP5B56g_579767_586167.wav,MarisaKay_UCmbl501gsP9eqUL33daWNQ_NUPyCP5B56g,579767,586167,6400
MarisaKay_UCmbl501gsP9eqUL33daWNQ_NUPyCP5B56g_586287_589959.wav,MarisaKay_UCmbl501gsP9eqUL33daWNQ_NUPyCP5B56g,586287,589959,3672
MarisaKay_UCmbl501gsP9eqUL33daWNQ_NUPyCP5B56g_590063_592923.wav,MarisaKay_UCmbl501gsP9eqUL33daWNQ_NUPyCP5B56g,590063,592923,2860
MarisaKay_UCmbl501gsP9eqUL33daWNQ_NUPyCP5B56g_593507_602587.wav,MarisaKay_UCmbl501gsP9eqUL33daWNQ_NUPyCP5B56g,593507,602587,9080
MarisaKay_UCmbl501gsP9eqUL33daWNQ_NUPyCP5B56g_602915_604011.wav,MarisaKay_UCmbl501gsP9eqUL33daWNQ_NUPyCP5B56g,602915,604011,1096
MarisaKay_UCmbl501gsP9eqUL33daWNQ_NUPyCP5B56g_604283_606171.wav,MarisaKay_UCmbl501gsP9eqUL33daWNQ_NUPyCP5B56g,604283,606171,1888
MarisaKay_UCmbl501gsP9eqUL33daWNQ_NUPyCP5B56g_606427_612731.wav,MarisaKay_UCmbl501gsP9eqUL33daWNQ_NUPyCP5B56g,606427,612731,6304
MarisaKay_UCmbl501gsP9eqUL33daWNQ_NUPyCP5B56g_613091_613419.wav,MarisaKay_UCmbl501gsP9eqUL33daWNQ_NUPyCP5B56g,613091,613419,328
MarisaKay_UCmbl501gsP9eqUL33daWNQ_NUPyCP5B56g_613531_618691.wav,MarisaKay_UCmbl501gsP9eqUL33daWNQ_NUPyCP5B56g,613531,618691,5160
MarisaKay_UCmbl501gsP9eqUL33daWNQ_NUPyCP5B56g_618827_623555.wav,MarisaKay_UCmbl501gsP9eqUL33daWNQ_NUPyCP5B56g,618827,623555,4728
MarisaKay_UCmbl501gsP9eqUL33daWNQ_NUPyCP5B56g_623915_625559.wav,MarisaKay_UCmbl501gsP9eqUL33daWNQ_NUPyCP5B56g,623915,625559,1644
MarisaKay_UCmbl501gsP9eqUL33daWNQ_NUPyCP5B56g_625679_634059.wav,MarisaKay_UCmbl501gsP9eqUL33daWNQ_NUPyCP5B56g,625679,634059,8380
MarisaKay_UCmbl501gsP9eqUL33daWNQ_NUPyCP5B56g_634347_635403.wav,MarisaKay_UCmbl501gsP9eqUL33daWNQ_NUPyCP5B56g,634347,635403,1056
MarisaKay_UCmbl501gsP9eqUL33daWNQ_NUPyCP5B56g_635515_640605.wav,MarisaKay_UCmbl501gsP9eqUL33daWNQ_NUPyCP5B56g,635515,640605,5090
MarisaKay_UCmbl501gsP9eqUL33daWNQ_NUPyCP5B56g_640837_644422.wav,MarisaKay_UCmbl501gsP9eqUL33daWNQ_NUPyCP5B56g,640837,644422,3585
MarisaKay_UCmbl501gsP9eqUL33daWNQ_NUPyCP5B56g_644686_651511.wav,MarisaKay_UCmbl501gsP9eqUL33daWNQ_NUPyCP5B56g,644686,651511,6825
MarisaKay_UCmbl501gsP9eqUL33daWNQ_NUPyCP5B56g_651775_654751.wav,MarisaKay_UCmbl501gsP9eqUL33daWNQ_NUPyCP5B56g,651775,654751,2976
MarisaKay_UCmbl501gsP9eqUL33daWNQ_NUPyCP5B56g_655155_662103.wav,MarisaKay_UCmbl501gsP9eqUL33daWNQ_NUPyCP5B56g,655155,662103,6948
MarisaKay_UCmbl501gsP9eqUL33daWNQ_NUPyCP5B56g_662519_665507.wav,MarisaKay_UCmbl501gsP9eqUL33daWNQ_NUPyCP5B56g,662519,665507,2988
MarisaKay_UCmbl501gsP9eqUL33daWNQ_NUPyCP5B56g_665611_674979.wav,MarisaKay_UCmbl501gsP9eqUL33daWNQ_NUPyCP5B56g,665611,674979,9368
MarisaKay_UCmbl501gsP9eqUL33daWNQ_NUPyCP5B56g_675355_678755.wav,MarisaKay_UCmbl501gsP9eqUL33daWNQ_NUPyCP5B56g,675355,678755,3400
MarisaKay_UCmbl501gsP9eqUL33daWNQ_NUPyCP5B56g_679131_685859.wav,MarisaKay_UCmbl501gsP9eqUL33daWNQ_NUPyCP5B56g,679131,685859,6728
MarisaKay_UCmbl501gsP9eqUL33daWNQ_NUPyCP5B56g_686211_689819.wav,MarisaKay_UCmbl501gsP9eqUL33daWNQ_NUPyCP5B56g,686211,689819,3608
MarisaKay_UCmbl501gsP9eqUL33daWNQ_NUPyCP5B56g_690019_694243.wav,MarisaKay_UCmbl501gsP9eqUL33daWNQ_NUPyCP5B56g,690019,694243,4224
MarisaKay_UCmbl501gsP9eqUL33daWNQ_NUPyCP5B56g_694459_695435.wav,MarisaKay_UCmbl501gsP9eqUL33daWNQ_NUPyCP5B56g,694459,695435,976
MarisaKay_UCmbl501gsP9eqUL33daWNQ_NUPyCP5B56g_695859_700163.wav,MarisaKay_UCmbl501gsP9eqUL33daWNQ_NUPyCP5B56g,695859,700163,4304
MarisaKay_UCmbl501gsP9eqUL33daWNQ_NUPyCP5B56g_700491_705947.wav,MarisaKay_UCmbl501gsP9eqUL33daWNQ_NUPyCP5B56g,700491,705947,5456
MarisaKay_UCmbl501gsP9eqUL33daWNQ_NUPyCP5B56g_706179_709203.wav,MarisaKay_UCmbl501gsP9eqUL33daWNQ_NUPyCP5B56g,706179,709203,3024
MarisaKay_UCmbl501gsP9eqUL33daWNQ_NUPyCP5B56g_709339_709747.wav,MarisaKay_UCmbl501gsP9eqUL33daWNQ_NUPyCP5B56g,709339,709747,408
MarisaKay_UCmbl501gsP9eqUL33daWNQ_NUPyCP5B56g_709899_711875.wav,MarisaKay_UCmbl501gsP9eqUL33daWNQ_NUPyCP5B56g,709899,711875,1976
MarisaKay_UCmbl501gsP9eqUL33daWNQ_NUPyCP5B56g_712171_712483.wav,MarisaKay_UCmbl501gsP9eqUL33daWNQ_NUPyCP5B56g,712171,712483,312
MarisaKay_UCmbl501gsP9eqUL33daWNQ_NUPyCP5B56g_712651_719035.wav,MarisaKay_UCmbl501gsP9eqUL33daWNQ_NUPyCP5B56g,712651,719035,6384
MarisaKay_UCmbl501gsP9eqUL33daWNQ_NUPyCP5B56g_719235_722927.wav,MarisaKay_UCmbl501gsP9eqUL33daWNQ_NUPyCP5B56g,719235,722927,3692
MarisaKay_UCmbl501gsP9eqUL33daWNQ_NUPyCP5B56g_723143_724304.wav,MarisaKay_UCmbl501gsP9eqUL33daWNQ_NUPyCP5B56g,723143,724304,1161
MarisaKay_UCmbl501gsP9eqUL33daWNQ_NUPyCP5B56g_724416_725416.wav,MarisaKay_UCmbl501gsP9eqUL33daWNQ_NUPyCP5B56g,724416,725416,1000
MarisaKay_UCmbl501gsP9eqUL33daWNQ_NUPyCP5B56g_725520_728984.wav,MarisaKay_UCmbl501gsP9eqUL33daWNQ_NUPyCP5B56g,725520,728984,3464
MarisaKay_UCmbl501gsP9eqUL33daWNQ_NUPyCP5B56g_729160_731696.wav,MarisaKay_UCmbl501gsP9eqUL33daWNQ_NUPyCP5B56g,729160,731696,2536
MarisaKay_UCmbl501gsP9eqUL33daWNQ_NUPyCP5B56g_731864_734040.wav,MarisaKay_UCmbl501gsP9eqUL33daWNQ_NUPyCP5B56g,731864,734040,2176
MarisaKay_UCmbl501gsP9eqUL33daWNQ_NUPyCP5B56g_734248_736528.wav,MarisaKay_UCmbl501gsP9eqUL33daWNQ_NUPyCP5B56g,734248,736528,2280
MarisaKay_UCmbl501gsP9eqUL33daWNQ_NUPyCP5B56g_736808_742128.wav,MarisaKay_UCmbl501gsP9eqUL33daWNQ_NUPyCP5B56g,736808,742128,5320
MarisaKay_UCmbl501gsP9eqUL33daWNQ_NUPyCP5B56g_742440_743009.wav,MarisaKay_UCmbl501gsP9eqUL33daWNQ_NUPyCP5B56g,742440,743009,569
MarisaKay_UCmbl501gsP9eqUL33daWNQ_NUPyCP5B56g_743305_750139.wav,MarisaKay_UCmbl501gsP9eqUL33daWNQ_NUPyCP5B56g,743305,750139,6834
MarisaKay_UCmbl501gsP9eqUL33daWNQ_NUPyCP5B56g_750419_753771.wav,MarisaKay_UCmbl501gsP9eqUL33daWNQ_NUPyCP5B56g,750419,753771,3352
MarisaKay_UCmbl501gsP9eqUL33daWNQ_NUPyCP5B56g_754323_762947.wav,MarisaKay_UCmbl501gsP9eqUL33daWNQ_NUPyCP5B56g,754323,762947,8624
MarisaKay_UCmbl501gsP9eqUL33daWNQ_NUPyCP5B56g_763059_770579.wav,MarisaKay_UCmbl501gsP9eqUL33daWNQ_NUPyCP5B56g,763059,770579,7520
MarisaKay_UCmbl501gsP9eqUL33daWNQ_NUPyCP5B56g_770755_773779.wav,MarisaKay_UCmbl501gsP9eqUL33daWNQ_NUPyCP5B56g,770755,773779,3024
MarisaKay_UCmbl501gsP9eqUL33daWNQ_NUPyCP5B56g_773947_782235.wav,MarisaKay_UCmbl501gsP9eqUL33daWNQ_NUPyCP5B56g,773947,782235,8288
MarisaKay_UCmbl501gsP9eqUL33daWNQ_NUPyCP5B56g_782563_785971.wav,MarisaKay_UCmbl501gsP9eqUL33daWNQ_NUPyCP5B56g,782563,785971,3408
MarisaKay_UCmbl501gsP9eqUL33daWNQ_NUPyCP5B56g_786323_790523.wav,MarisaKay_UCmbl501gsP9eqUL33daWNQ_NUPyCP5B56g,786323,790523,4200
MarisaKay_UCmbl501gsP9eqUL33daWNQ_NUPyCP5B56g_790899_798331.wav,MarisaKay_UCmbl501gsP9eqUL33daWNQ_NUPyCP5B56g,790899,798331,7432
MarisaKay_UCmbl501gsP9eqUL33daWNQ_NUPyCP5B56g_798635_800487.wav,MarisaKay_UCmbl501gsP9eqUL33daWNQ_NUPyCP5B56g,798635,800487,1852
MarisaKay_UCmbl501gsP9eqUL33daWNQ_NUPyCP5B56g_800591_801879.wav,MarisaKay_UCmbl501gsP9eqUL33daWNQ_NUPyCP5B56g,800591,801879,1288
MarisaKay_UCmbl501gsP9eqUL33daWNQ_NUPyCP5B56g_802071_803623.wav,MarisaKay_UCmbl501gsP9eqUL33daWNQ_NUPyCP5B56g,802071,803623,1552
MarisaKay_UCmbl501gsP9eqUL33daWNQ_NUPyCP5B56g_803807_813295.wav,MarisaKay_UCmbl501gsP9eqUL33daWNQ_NUPyCP5B56g,803807,813295,9488
MarisaKay_UCmbl501gsP9eqUL33daWNQ_NUPyCP5B56g_813599_818079.wav,MarisaKay_UCmbl501gsP9eqUL33daWNQ_NUPyCP5B56g,813599,818079,4480
MarisaKay_UCmbl501gsP9eqUL33daWNQ_NUPyCP5B56g_818199_819935.wav,MarisaKay_UCmbl501gsP9eqUL33daWNQ_NUPyCP5B56g,818199,819935,1736
MarisaKay_UCmbl501gsP9eqUL33daWNQ_NUPyCP5B56g_820047_823655.wav,MarisaKay_UCmbl501gsP9eqUL33daWNQ_NUPyCP5B56g,820047,823655,3608
MarisaKay_UCmbl501gsP9eqUL33daWNQ_NUPyCP5B56g_823775_833363.wav,MarisaKay_UCmbl501gsP9eqUL33daWNQ_NUPyCP5B56g,823775,833363,9588
MarisaKay_UCmbl501gsP9eqUL33daWNQ_NUPyCP5B56g_833683_835011.wav,MarisaKay_UCmbl501gsP9eqUL33daWNQ_NUPyCP5B56g,833683,835011,1328
MarisaKay_UCmbl501gsP9eqUL33daWNQ_NUPyCP5B56g_835147_841931.wav,MarisaKay_UCmbl501gsP9eqUL33daWNQ_NUPyCP5B56g,835147,841931,6784
MarisaKay_UCmbl501gsP9eqUL33daWNQ_NUPyCP5B56g_842035_842619.wav,MarisaKay_UCmbl501gsP9eqUL33daWNQ_NUPyCP5B56g,842035,842619,584
MarisaKay_UCmbl501gsP9eqUL33daWNQ_NUPyCP5B56g_842803_845699.wav,MarisaKay_UCmbl501gsP9eqUL33daWNQ_NUPyCP5B56g,842803,845699,2896
MarisaKay_UCmbl501gsP9eqUL33daWNQ_NUPyCP5B56g_845811_847339.wav,MarisaKay_UCmbl501gsP9eqUL33daWNQ_NUPyCP5B56g,845811,847339,1528
MarisaKay_UCmbl501gsP9eqUL33daWNQ_NUPyCP5B56g_847451_854651.wav,MarisaKay_UCmbl501gsP9eqUL33daWNQ_NUPyCP5B56g,847451,854651,7200
MarisaKay_UCmbl501gsP9eqUL33daWNQ_NUPyCP5B56g_854827_861347.wav,MarisaKay_UCmbl501gsP9eqUL33daWNQ_NUPyCP5B56g,854827,861347,6520
MarisaKay_UCmbl501gsP9eqUL33daWNQ_NUPyCP5B56g_861667_863411.wav,MarisaKay_UCmbl501gsP9eqUL33daWNQ_NUPyCP5B56g,861667,863411,1744
MarisaKay_UCmbl501gsP9eqUL33daWNQ_NUPyCP5B56g_863579_865203.wav,MarisaKay_UCmbl501gsP9eqUL33daWNQ_NUPyCP5B56g,863579,865203,1624
MarisaKay_UCmbl501gsP9eqUL33daWNQ_NUPyCP5B56g_865371_871747.wav,MarisaKay_UCmbl501gsP9eqUL33daWNQ_NUPyCP5B56g,865371,871747,6376
MarisaKay_UCmbl501gsP9eqUL33daWNQ_NUPyCP5B56g_875107_875907.wav,MarisaKay_UCmbl501gsP9eqUL33daWNQ_NUPyCP5B56g,875107,875907,800
MarisaKay_UCmbl501gsP9eqUL33daWNQ_NUPyCP5B56g_876371_879051.wav,MarisaKay_UCmbl501gsP9eqUL33daWNQ_NUPyCP5B56g,876371,879051,2680
MarisaKay_UCmbl501gsP9eqUL33daWNQ_NUPyCP5B56g_879795_881044.wav,MarisaKay_UCmbl501gsP9eqUL33daWNQ_NUPyCP5B56g,879795,881044,1249
MarisaKay_UCmbl501gsP9eqUL33daWNQ_NUPyCP5B56g_881452_884836.wav,MarisaKay_UCmbl501gsP9eqUL33daWNQ_NUPyCP5B56g,881452,884836,3384
MarisaKay_UCmbl501gsP9eqUL33daWNQ_NUPyCP5B56g_885084_895013.wav,MarisaKay_UCmbl501gsP9eqUL33daWNQ_NUPyCP5B56g,885084,895013,9929
MarisaKay_UCmbl501gsP9eqUL33daWNQ_NUPyCP5B56g_895301_897623.wav,MarisaKay_UCmbl501gsP9eqUL33daWNQ_NUPyCP5B56g,895301,897623,2322
MarisaKay_UCmbl501gsP9eqUL33daWNQ_NUPyCP5B56g_897767_897999.wav,MarisaKay_UCmbl501gsP9eqUL33daWNQ_NUPyCP5B56g,897767,897999,232
MarisaKay_UCmbl501gsP9eqUL33daWNQ_NUPyCP5B56g_898103_900271.wav,MarisaKay_UCmbl501gsP9eqUL33daWNQ_NUPyCP5B56g,898103,900271,2168
MarisaKay_UCmbl501gsP9eqUL33daWNQ_NUPyCP5B56g_900391_905479.wav,MarisaKay_UCmbl501gsP9eqUL33daWNQ_NUPyCP5B56g,900391,905479,5088
MarisaKay_UCmbl501gsP9eqUL33daWNQ_NUPyCP5B56g_905647_913303.wav,MarisaKay_UCmbl501gsP9eqUL33daWNQ_NUPyCP5B56g,905647,913303,7656
MarisaKay_UCmbl501gsP9eqUL33daWNQ_NUPyCP5B56g_913407_918231.wav,MarisaKay_UCmbl501gsP9eqUL33daWNQ_NUPyCP5B56g,913407,918231,4824
MarisaKay_UCmbl501gsP9eqUL33daWNQ_NUPyCP5B56g_918471_927479.wav,MarisaKay_UCmbl501gsP9eqUL33daWNQ_NUPyCP5B56g,918471,927479,9008
MarisaKay_UCmbl501gsP9eqUL33daWNQ_NUPyCP5B56g_927775_930855.wav,MarisaKay_UCmbl501gsP9eqUL33daWNQ_NUPyCP5B56g,927775,930855,3080
MarisaKay_UCmbl501gsP9eqUL33daWNQ_NUPyCP5B56g_931167_935727.wav,MarisaKay_UCmbl501gsP9eqUL33daWNQ_NUPyCP5B56g,931167,935727,4560
MarisaKay_UCmbl501gsP9eqUL33daWNQ_NUPyCP5B56g_935887_940831.wav,MarisaKay_UCmbl501gsP9eqUL33daWNQ_NUPyCP5B56g,935887,940831,4944
MarisaKay_UCmbl501gsP9eqUL33daWNQ_NUPyCP5B56g_940951_945009.wav,MarisaKay_UCmbl501gsP9eqUL33daWNQ_NUPyCP5B56g,940951,945009,4058
MarisaKay_UCmbl501gsP9eqUL33daWNQ_NUPyCP5B56g_945169_946225.wav,MarisaKay_UCmbl501gsP9eqUL33daWNQ_NUPyCP5B56g,945169,946225,1056
MarisaKay_UCmbl501gsP9eqUL33daWNQ_NUPyCP5B56g_946377_946626.wav,MarisaKay_UCmbl501gsP9eqUL33daWNQ_NUPyCP5B56g,946377,946626,249
MarisaKay_UCmbl501gsP9eqUL33daWNQ_NUPyCP5B56g_946914_949842.wav,MarisaKay_UCmbl501gsP9eqUL33daWNQ_NUPyCP5B56g,946914,949842,2928
MarisaKay_UCmbl501gsP9eqUL33daWNQ_NUPyCP5B56g_950194_952458.wav,MarisaKay_UCmbl501gsP9eqUL33daWNQ_NUPyCP5B56g,950194,952458,2264
MarisaKay_UCmbl501gsP9eqUL33daWNQ_NUPyCP5B56g_952658_959802.wav,MarisaKay_UCmbl501gsP9eqUL33daWNQ_NUPyCP5B56g,952658,959802,7144
MarisaKay_UCmbl501gsP9eqUL33daWNQ_NUPyCP5B56g_960002_960738.wav,MarisaKay_UCmbl501gsP9eqUL33daWNQ_NUPyCP5B56g,960002,960738,736
MarisaKay_UCmbl501gsP9eqUL33daWNQ_NUPyCP5B56g_960858_961946.wav,MarisaKay_UCmbl501gsP9eqUL33daWNQ_NUPyCP5B56g,960858,961946,1088
MarisaKay_UCmbl501gsP9eqUL33daWNQ_NUPyCP5B56g_962146_964467.wav,MarisaKay_UCmbl501gsP9eqUL33daWNQ_NUPyCP5B56g,962146,964467,2321
MarisaKay_UCmbl501gsP9eqUL33daWNQ_NUPyCP5B56g_964875_969547.wav,MarisaKay_UCmbl501gsP9eqUL33daWNQ_NUPyCP5B56g,964875,969547,4672
MarisaKay_UCmbl501gsP9eqUL33daWNQ_NUPyCP5B56g_970059_974355.wav,MarisaKay_UCmbl501gsP9eqUL33daWNQ_NUPyCP5B56g,970059,974355,4296
MarisaKay_UCmbl501gsP9eqUL33daWNQ_NUPyCP5B56g_974675_981939.wav,MarisaKay_UCmbl501gsP9eqUL33daWNQ_NUPyCP5B56g,974675,981939,7264
MarisaKay_UCmbl501gsP9eqUL33daWNQ_NUPyCP5B56g_982203_991931.wav,MarisaKay_UCmbl501gsP9eqUL33daWNQ_NUPyCP5B56g,982203,991931,9728
MarisaKay_UCmbl501gsP9eqUL33daWNQ_NUPyCP5B56g_992035_992347.wav,MarisaKay_UCmbl501gsP9eqUL33daWNQ_NUPyCP5B56g,992035,992347,312
MarisaKay_UCmbl501gsP9eqUL33daWNQ_NUPyCP5B56g_992867_998333.wav,MarisaKay_UCmbl501gsP9eqUL33daWNQ_NUPyCP5B56g,992867,998333,5466
MarisaKay_UCmbl501gsP9eqUL33daWNQ_NUPyCP5B56g_998613_1004239.wav,MarisaKay_UCmbl501gsP9eqUL33daWNQ_NUPyCP5B56g,998613,1004239,5626
MarisaKay_UCmbl501gsP9eqUL33daWNQ_NUPyCP5B56g_1004367_1009831.wav,MarisaKay_UCmbl501gsP9eqUL33daWNQ_NUPyCP5B56g,1004367,1009831,5464
MarisaKay_UCmbl501gsP9eqUL33daWNQ_NUPyCP5B56g_1009935_1014495.wav,MarisaKay_UCmbl501gsP9eqUL33daWNQ_NUPyCP5B56g,1009935,1014495,4560
MarisaKay_UCmbl501gsP9eqUL33daWNQ_NUPyCP5B56g_1014607_1015687.wav,MarisaKay_UCmbl501gsP9eqUL33daWNQ_NUPyCP5B56g,1014607,1015687,1080
MarisaKay_UCmbl501gsP9eqUL33daWNQ_NUPyCP5B56g_1015855_1016705.wav,MarisaKay_UCmbl501gsP9eqUL33daWNQ_NUPyCP5B56g,1015855,1016705,850
MarisaKay_UCmbl501gsP9eqUL33daWNQ_NUPyCP5B56g_1016889_1022657.wav,MarisaKay_UCmbl501gsP9eqUL33daWNQ_NUPyCP5B56g,1016889,1022657,5768
MarisaKay_UCmbl501gsP9eqUL33daWNQ_NUPyCP5B56g_1022897_1026377.wav,MarisaKay_UCmbl501gsP9eqUL33daWNQ_NUPyCP5B56g,1022897,1026377,3480
MarisaKay_UCmbl501gsP9eqUL33daWNQ_NUPyCP5B56g_1026553_1033465.wav,MarisaKay_UCmbl501gsP9eqUL33daWNQ_NUPyCP5B56g,1026553,1033465,6912
MarisaKay_UCmbl501gsP9eqUL33daWNQ_NUPyCP5B56g_1033649_1041803.wav,MarisaKay_UCmbl501gsP9eqUL33daWNQ_NUPyCP5B56g,1033649,1041803,8154
MarisaKay_UCmbl501gsP9eqUL33daWNQ_NUPyCP5B56g_1042075_1047583.wav,MarisaKay_UCmbl501gsP9eqUL33daWNQ_NUPyCP5B56g,1042075,1047583,5508
MarisaKay_UCmbl501gsP9eqUL33daWNQ_NUPyCP5B56g_1047703_1054169.wav,MarisaKay_UCmbl501gsP9eqUL33daWNQ_NUPyCP5B56g,1047703,1054169,6466
MarisaKay_UCmbl501gsP9eqUL33daWNQ_NUPyCP5B56g_1054345_1061323.wav,MarisaKay_UCmbl501gsP9eqUL33daWNQ_NUPyCP5B56g,1054345,1061323,6978
MarisaKay_UCmbl501gsP9eqUL33daWNQ_NUPyCP5B56g_1061643_1064891.wav,MarisaKay_UCmbl501gsP9eqUL33daWNQ_NUPyCP5B56g,1061643,1064891,3248
MarisaKay_UCmbl501gsP9eqUL33daWNQ_NUPyCP5B56g_1065395_1069687.wav,MarisaKay_UCmbl501gsP9eqUL33daWNQ_NUPyCP5B56g,1065395,1069687,4292
MarisaKay_UCmbl501gsP9eqUL33daWNQ_NUPyCP5B56g_1069815_1075643.wav,MarisaKay_UCmbl501gsP9eqUL33daWNQ_NUPyCP5B56g,1069815,1075643,5828
MarisaKay_UCmbl501gsP9eqUL33daWNQ_NUPyCP5B56g_1075979_1077331.wav,MarisaKay_UCmbl501gsP9eqUL33daWNQ_NUPyCP5B56g,1075979,1077331,1352
MarisaKay_UCmbl501gsP9eqUL33daWNQ_NUPyCP5B56g_1077515_1087475.wav,MarisaKay_UCmbl501gsP9eqUL33daWNQ_NUPyCP5B56g,1077515,1087475,9960
MarisaKay_UCmbl501gsP9eqUL33daWNQ_NUPyCP5B56g_1087603_1088355.wav,MarisaKay_UCmbl501gsP9eqUL33daWNQ_NUPyCP5B56g,1087603,1088355,752
MarisaKay_UCmbl501gsP9eqUL33daWNQ_NUPyCP5B56g_1088515_1088789.wav,MarisaKay_UCmbl501gsP9eqUL33daWNQ_NUPyCP5B56g,1088515,1088789,274
MarisaKay_UCmbl501gsP9eqUL33daWNQ_NUPyCP5B56g_1089125_1092101.wav,MarisaKay_UCmbl501gsP9eqUL33daWNQ_NUPyCP5B56g,1089125,1092101,2976
MarisaKay_UCmbl501gsP9eqUL33daWNQ_NUPyCP5B56g_1092349_1098581.wav,MarisaKay_UCmbl501gsP9eqUL33daWNQ_NUPyCP5B56g,1092349,1098581,6232
MarisaKay_UCmbl501gsP9eqUL33daWNQ_NUPyCP5B56g_1098877_1108247.wav,MarisaKay_UCmbl501gsP9eqUL33daWNQ_NUPyCP5B56g,1098877,1108247,9370
MarisaKay_UCmbl501gsP9eqUL33daWNQ_NUPyCP5B56g_1108495_1110747.wav,MarisaKay_UCmbl501gsP9eqUL33daWNQ_NUPyCP5B56g,1108495,1110747,2252
MarisaKay_UCmbl501gsP9eqUL33daWNQ_NUPyCP5B56g_1111075_1114719.wav,MarisaKay_UCmbl501gsP9eqUL33daWNQ_NUPyCP5B56g,1111075,1114719,3644
MarisaKay_UCmbl501gsP9eqUL33daWNQ_NUPyCP5B56g_1114823_1116223.wav,MarisaKay_UCmbl501gsP9eqUL33daWNQ_NUPyCP5B56g,1114823,1116223,1400
MarisaKay_UCmbl501gsP9eqUL33daWNQ_NUPyCP5B56g_1116375_1117095.wav,MarisaKay_UCmbl501gsP9eqUL33daWNQ_NUPyCP5B56g,1116375,1117095,720
MarisaKay_UCmbl501gsP9eqUL33daWNQ_NUPyCP5B56g_1117399_1127391.wav,MarisaKay_UCmbl501gsP9eqUL33daWNQ_NUPyCP5B56g,1117399,1127391,9992
MarisaKay_UCmbl501gsP9eqUL33daWNQ_NUPyCP5B56g_1127503_1127807.wav,MarisaKay_UCmbl501gsP9eqUL33daWNQ_NUPyCP5B56g,1127503,1127807,304
MarisaKay_UCmbl501gsP9eqUL33daWNQ_NUPyCP5B56g_1127919_1136847.wav,MarisaKay_UCmbl501gsP9eqUL33daWNQ_NUPyCP5B56g,1127919,1136847,8928
MarisaKay_UCmbl501gsP9eqUL33daWNQ_NUPyCP5B56g_1136959_1141331.wav,MarisaKay_UCmbl501gsP9eqUL33daWNQ_NUPyCP5B56g,1136959,1141331,4372
MarisaKay_UCmbl501gsP9eqUL33daWNQ_NUPyCP5B56g_1141819_1151079.wav,MarisaKay_UCmbl501gsP9eqUL33daWNQ_NUPyCP5B56g,1141819,1151079,9260
MarisaKay_UCmbl501gsP9eqUL33daWNQ_NUPyCP5B56g_1151207_1152199.wav,MarisaKay_UCmbl501gsP9eqUL33daWNQ_NUPyCP5B56g,1151207,1152199,992
MarisaKay_UCmbl501gsP9eqUL33daWNQ_NUPyCP5B56g_1152303_1159663.wav,MarisaKay_UCmbl501gsP9eqUL33daWNQ_NUPyCP5B56g,1152303,1159663,7360
MarisaKay_UCmbl501gsP9eqUL33daWNQ_NUPyCP5B56g_1159823_1163287.wav,MarisaKay_UCmbl501gsP9eqUL33daWNQ_NUPyCP5B56g,1159823,1163287,3464
MarisaKay_UCmbl501gsP9eqUL33daWNQ_NUPyCP5B56g_1163391_1172615.wav,MarisaKay_UCmbl501gsP9eqUL33daWNQ_NUPyCP5B56g,1163391,1172615,9224
MarisaKay_UCmbl501gsP9eqUL33daWNQ_NUPyCP5B56g_1172743_1179615.wav,MarisaKay_UCmbl501gsP9eqUL33daWNQ_NUPyCP5B56g,1172743,1179615,6872
MarisaKay_UCmbl501gsP9eqUL33daWNQ_NUPyCP5B56g_1179959_1184867.wav,MarisaKay_UCmbl501gsP9eqUL33daWNQ_NUPyCP5B56g,1179959,1184867,4908
MarisaKay_UCmbl501gsP9eqUL33daWNQ_NUPyCP5B56g_1185163_1190063.wav,MarisaKay_UCmbl501gsP9eqUL33daWNQ_NUPyCP5B56g,1185163,1190063,4900
MarisaKay_UCmbl501gsP9eqUL33daWNQ_NUPyCP5B56g_1190295_1192663.wav,MarisaKay_UCmbl501gsP9eqUL33daWNQ_NUPyCP5B56g,1190295,1192663,2368
MarisaKay_UCmbl501gsP9eqUL33daWNQ_NUPyCP5B56g_1192767_1193567.wav,MarisaKay_UCmbl501gsP9eqUL33daWNQ_NUPyCP5B56g,1192767,1193567,800
MarisaKay_UCmbl501gsP9eqUL33daWNQ_NUPyCP5B56g_1193735_1195963.wav,MarisaKay_UCmbl501gsP9eqUL33daWNQ_NUPyCP5B56g,1193735,1195963,2228
MarisaKay_UCmbl501gsP9eqUL33daWNQ_NUPyCP5B56g_1196227_1203851.wav,MarisaKay_UCmbl501gsP9eqUL33daWNQ_NUPyCP5B56g,1196227,1203851,7624
MarisaKay_UCmbl501gsP9eqUL33daWNQ_NUPyCP5B56g_1204219_1213859.wav,MarisaKay_UCmbl501gsP9eqUL33daWNQ_NUPyCP5B56g,1204219,1213859,9640
MarisaKay_UCmbl501gsP9eqUL33daWNQ_NUPyCP5B56g_1213979_1215435.wav,MarisaKay_UCmbl501gsP9eqUL33daWNQ_NUPyCP5B56g,1213979,1215435,1456
MarisaKay_UCmbl501gsP9eqUL33daWNQ_NUPyCP5B56g_1215547_1219043.wav,MarisaKay_UCmbl501gsP9eqUL33daWNQ_NUPyCP5B56g,1215547,1219043,3496
MarisaKay_UCmbl501gsP9eqUL33daWNQ_NUPyCP5B56g_1219211_1221171.wav,MarisaKay_UCmbl501gsP9eqUL33daWNQ_NUPyCP5B56g,1219211,1221171,1960
MarisaKay_UCmbl501gsP9eqUL33daWNQ_NUPyCP5B56g_1221331_1227907.wav,MarisaKay_UCmbl501gsP9eqUL33daWNQ_NUPyCP5B56g,1221331,1227907,6576
MarisaKay_UCmbl501gsP9eqUL33daWNQ_NUPyCP5B56g_1228195_1231431.wav,MarisaKay_UCmbl501gsP9eqUL33daWNQ_NUPyCP5B56g,1228195,1231431,3236
MarisaKay_UCmbl501gsP9eqUL33daWNQ_NUPyCP5B56g_1231775_1232407.wav,MarisaKay_UCmbl501gsP9eqUL33daWNQ_NUPyCP5B56g,1231775,1232407,632
MarisaKay_UCmbl501gsP9eqUL33daWNQ_NUPyCP5B56g_1232591_1233503.wav,MarisaKay_UCmbl501gsP9eqUL33daWNQ_NUPyCP5B56g,1232591,1233503,912
MarisaKay_UCmbl501gsP9eqUL33daWNQ_NUPyCP5B56g_1233647_1235671.wav,MarisaKay_UCmbl501gsP9eqUL33daWNQ_NUPyCP5B56g,1233647,1235671,2024
MarisaKay_UCmbl501gsP9eqUL33daWNQ_NUPyCP5B56g_1236035_1241115.wav,MarisaKay_UCmbl501gsP9eqUL33daWNQ_NUPyCP5B56g,1236035,1241115,5080
MarisaKay_UCmbl501gsP9eqUL33daWNQ_NUPyCP5B56g_1241379_1248095.wav,MarisaKay_UCmbl501gsP9eqUL33daWNQ_NUPyCP5B56g,1241379,1248095,6716
MarisaKay_UCmbl501gsP9eqUL33daWNQ_NUPyCP5B56g_1248271_1248431.wav,MarisaKay_UCmbl501gsP9eqUL33daWNQ_NUPyCP5B56g,1248271,1248431,160
MarisaKay_UCmbl501gsP9eqUL33daWNQ_NUPyCP5B56g_1248583_1258495.wav,MarisaKay_UCmbl501gsP9eqUL33daWNQ_NUPyCP5B56g,1248583,1258495,9912
MarisaKay_UCmbl501gsP9eqUL33daWNQ_NUPyCP5B56g_1258879_1259671.wav,MarisaKay_UCmbl501gsP9eqUL33daWNQ_NUPyCP5B56g,1258879,1259671,792
MarisaKay_UCmbl501gsP9eqUL33daWNQ_NUPyCP5B56g_1259895_1264047.wav,MarisaKay_UCmbl501gsP9eqUL33daWNQ_NUPyCP5B56g,1259895,1264047,4152
MarisaKay_UCmbl501gsP9eqUL33daWNQ_NUPyCP5B56g_1264255_1270791.wav,MarisaKay_UCmbl501gsP9eqUL33daWNQ_NUPyCP5B56g,1264255,1270791,6536
MarisaKay_UCmbl501gsP9eqUL33daWNQ_NUPyCP5B56g_1270967_1272639.wav,MarisaKay_UCmbl501gsP9eqUL33daWNQ_NUPyCP5B56g,1270967,1272639,1672
MarisaKay_UCmbl501gsP9eqUL33daWNQ_NUPyCP5B56g_1272743_1275079.wav,MarisaKay_UCmbl501gsP9eqUL33daWNQ_NUPyCP5B56g,1272743,1275079,2336
MarisaKay_UCmbl501gsP9eqUL33daWNQ_NUPyCP5B56g_1275559_1282991.wav,MarisaKay_UCmbl501gsP9eqUL33daWNQ_NUPyCP5B56g,1275559,1282991,7432
MarisaKay_UCmbl501gsP9eqUL33daWNQ_NUPyCP5B56g_1283143_1284975.wav,MarisaKay_UCmbl501gsP9eqUL33daWNQ_NUPyCP5B56g,1283143,1284975,1832
MarisaKay_UCmbl501gsP9eqUL33daWNQ_NUPyCP5B56g_1285287_1289307.wav,MarisaKay_UCmbl501gsP9eqUL33daWNQ_NUPyCP5B56g,1285287,1289307,4020
MarisaKay_UCmbl501gsP9eqUL33daWNQ_NUPyCP5B56g_1289603_1297987.wav,MarisaKay_UCmbl501gsP9eqUL33daWNQ_NUPyCP5B56g,1289603,1297987,8384
MarisaKay_UCmbl501gsP9eqUL33daWNQ_NUPyCP5B56g_1298251_1302683.wav,MarisaKay_UCmbl501gsP9eqUL33daWNQ_NUPyCP5B56g,1298251,1302683,4432
MarisaKay_UCmbl501gsP9eqUL33daWNQ_NUPyCP5B56g_1302939_1307039.wav,MarisaKay_UCmbl501gsP9eqUL33daWNQ_NUPyCP5B56g,1302939,1307039,4100
MarisaKay_UCmbl501gsP9eqUL33daWNQ_NUPyCP5B56g_1307407_1309559.wav,MarisaKay_UCmbl501gsP9eqUL33daWNQ_NUPyCP5B56g,1307407,1309559,2152
MarisaKay_UCmbl501gsP9eqUL33daWNQ_NUPyCP5B56g_1309671_1318487.wav,MarisaKay_UCmbl501gsP9eqUL33daWNQ_NUPyCP5B56g,1309671,1318487,8816
MarisaKay_UCmbl501gsP9eqUL33daWNQ_NUPyCP5B56g_1318615_1322751.wav,MarisaKay_UCmbl501gsP9eqUL33daWNQ_NUPyCP5B56g,1318615,1322751,4136
MarisaKay_UCmbl501gsP9eqUL33daWNQ_NUPyCP5B56g_1322855_1326191.wav,MarisaKay_UCmbl501gsP9eqUL33daWNQ_NUPyCP5B56g,1322855,1326191,3336
MarisaKay_UCmbl501gsP9eqUL33daWNQ_NUPyCP5B56g_1326319_1333551.wav,MarisaKay_UCmbl501gsP9eqUL33daWNQ_NUPyCP5B56g,1326319,1333551,7232
MarisaKay_UCmbl501gsP9eqUL33daWNQ_NUPyCP5B56g_1333703_1336603.wav,MarisaKay_UCmbl501gsP9eqUL33daWNQ_NUPyCP5B56g,1333703,1336603,2900
MarisaKay_UCmbl501gsP9eqUL33daWNQ_NUPyCP5B56g_1336987_1341423.wav,MarisaKay_UCmbl501gsP9eqUL33daWNQ_NUPyCP5B56g,1336987,1341423,4436
MarisaKay_UCmbl501gsP9eqUL33daWNQ_NUPyCP5B56g_1341535_1343543.wav,MarisaKay_UCmbl501gsP9eqUL33daWNQ_NUPyCP5B56g,1341535,1343543,2008
MarisaKay_UCmbl501gsP9eqUL33daWNQ_NUPyCP5B56g_1343679_1348843.wav,MarisaKay_UCmbl501gsP9eqUL33daWNQ_NUPyCP5B56g,1343679,1348843,5164
MarisaKay_UCmbl501gsP9eqUL33daWNQ_NUPyCP5B56g_1349163_1354779.wav,MarisaKay_UCmbl501gsP9eqUL33daWNQ_NUPyCP5B56g,1349163,1354779,5616
MarisaKay_UCmbl501gsP9eqUL33daWNQ_NUPyCP5B56g_1355195_1361203.wav,MarisaKay_UCmbl501gsP9eqUL33daWNQ_NUPyCP5B56g,1355195,1361203,6008
MarisaKay_UCmbl501gsP9eqUL33daWNQ_NUPyCP5B56g_1361483_1368859.wav,MarisaKay_UCmbl501gsP9eqUL33daWNQ_NUPyCP5B56g,1361483,1368859,7376
MarisaKay_UCmbl501gsP9eqUL33daWNQ_NUPyCP5B56g_1368987_1372747.wav,MarisaKay_UCmbl501gsP9eqUL33daWNQ_NUPyCP5B56g,1368987,1372747,3760
MarisaKay_UCmbl501gsP9eqUL33daWNQ_NUPyCP5B56g_1372851_1376395.wav,MarisaKay_UCmbl501gsP9eqUL33daWNQ_NUPyCP5B56g,1372851,1376395,3544
MarisaKay_UCmbl501gsP9eqUL33daWNQ_NUPyCP5B56g_1376507_1384755.wav,MarisaKay_UCmbl501gsP9eqUL33daWNQ_NUPyCP5B56g,1376507,1384755,8248
MarisaKay_UCmbl501gsP9eqUL33daWNQ_NUPyCP5B56g_1384875_1385283.wav,MarisaKay_UCmbl501gsP9eqUL33daWNQ_NUPyCP5B56g,1384875,1385283,408
MarisaKay_UCmbl501gsP9eqUL33daWNQ_NUPyCP5B56g_1385547_1393243.wav,MarisaKay_UCmbl501gsP9eqUL33daWNQ_NUPyCP5B56g,1385547,1393243,7696
MarisaKay_UCmbl501gsP9eqUL33daWNQ_NUPyCP5B56g_1393419_1397083.wav,MarisaKay_UCmbl501gsP9eqUL33daWNQ_NUPyCP5B56g,1393419,1397083,3664
MarisaKay_UCmbl501gsP9eqUL33daWNQ_NUPyCP5B56g_1397283_1402715.wav,MarisaKay_UCmbl501gsP9eqUL33daWNQ_NUPyCP5B56g,1397283,1402715,5432
MarisaKay_UCmbl501gsP9eqUL33daWNQ_NUPyCP5B56g_1403027_1406669.wav,MarisaKay_UCmbl501gsP9eqUL33daWNQ_NUPyCP5B56g,1403027,1406669,3642
MarisaKay_UCmbl501gsP9eqUL33daWNQ_NUPyCP5B56g_1406821_1414847.wav,MarisaKay_UCmbl501gsP9eqUL33daWNQ_NUPyCP5B56g,1406821,1414847,8026
MarisaKay_UCmbl501gsP9eqUL33daWNQ_NUPyCP5B56g_1415095_1424969.wav,MarisaKay_UCmbl501gsP9eqUL33daWNQ_NUPyCP5B56g,1415095,1424969,9874
MarisaKay_UCmbl501gsP9eqUL33daWNQ_NUPyCP5B56g_1425225_1427963.wav,MarisaKay_UCmbl501gsP9eqUL33daWNQ_NUPyCP5B56g,1425225,1427963,2738
MarisaKay_UCmbl501gsP9eqUL33daWNQ_NUPyCP5B56g_1428307_1431223.wav,MarisaKay_UCmbl501gsP9eqUL33daWNQ_NUPyCP5B56g,1428307,1431223,2916
MarisaKay_UCmbl501gsP9eqUL33daWNQ_NUPyCP5B56g_1431439_1432359.wav,MarisaKay_UCmbl501gsP9eqUL33daWNQ_NUPyCP5B56g,1431439,1432359,920
MarisaKay_UCmbl501gsP9eqUL33daWNQ_NUPyCP5B56g_1432511_1435419.wav,MarisaKay_UCmbl501gsP9eqUL33daWNQ_NUPyCP5B56g,1432511,1435419,2908
MarisaKay_UCmbl501gsP9eqUL33daWNQ_NUPyCP5B56g_1435571_1441579.wav,MarisaKay_UCmbl501gsP9eqUL33daWNQ_NUPyCP5B56g,1435571,1441579,6008
MarisaKay_UCmbl501gsP9eqUL33daWNQ_NUPyCP5B56g_1441771_1444299.wav,MarisaKay_UCmbl501gsP9eqUL33daWNQ_NUPyCP5B56g,1441771,1444299,2528
MarisaKay_UCmbl501gsP9eqUL33daWNQ_NUPyCP5B56g_1444507_1445663.wav,MarisaKay_UCmbl501gsP9eqUL33daWNQ_NUPyCP5B56g,1444507,1445663,1156
MarisaKay_UCmbl501gsP9eqUL33daWNQ_NUPyCP5B56g_1446023_1447983.wav,MarisaKay_UCmbl501gsP9eqUL33daWNQ_NUPyCP5B56g,1446023,1447983,1960
MarisaKay_UCmbl501gsP9eqUL33daWNQ_NUPyCP5B56g_1448135_1449539.wav,MarisaKay_UCmbl501gsP9eqUL33daWNQ_NUPyCP5B56g,1448135,1449539,1404
MarisaKay_UCmbl501gsP9eqUL33daWNQ_NUPyCP5B56g_1449915_1458491.wav,MarisaKay_UCmbl501gsP9eqUL33daWNQ_NUPyCP5B56g,1449915,1458491,8576
MarisaKay_UCmbl501gsP9eqUL33daWNQ_NUPyCP5B56g_1458771_1463947.wav,MarisaKay_UCmbl501gsP9eqUL33daWNQ_NUPyCP5B56g,1458771,1463947,5176
MarisaKay_UCmbl501gsP9eqUL33daWNQ_NUPyCP5B56g_1464051_1464283.wav,MarisaKay_UCmbl501gsP9eqUL33daWNQ_NUPyCP5B56g,1464051,1464283,232
MarisaKay_UCmbl501gsP9eqUL33daWNQ_NUPyCP5B56g_1464435_1466283.wav,MarisaKay_UCmbl501gsP9eqUL33daWNQ_NUPyCP5B56g,1464435,1466283,1848
MarisaKay_UCmbl501gsP9eqUL33daWNQ_NUPyCP5B56g_1466387_1470067.wav,MarisaKay_UCmbl501gsP9eqUL33daWNQ_NUPyCP5B56g,1466387,1470067,3680
MarisaKay_UCmbl501gsP9eqUL33daWNQ_NUPyCP5B56g_1470667_1472611.wav,MarisaKay_UCmbl501gsP9eqUL33daWNQ_NUPyCP5B56g,1470667,1472611,1944
MarisaKay_UCmbl501gsP9eqUL33daWNQ_NUPyCP5B56g_1473171_1475763.wav,MarisaKay_UCmbl501gsP9eqUL33daWNQ_NUPyCP5B56g,1473171,1475763,2592
MarisaKay_UCmbl501gsP9eqUL33daWNQ_NUPyCP5B56g_1476147_1481063.wav,MarisaKay_UCmbl501gsP9eqUL33daWNQ_NUPyCP5B56g,1476147,1481063,4916
MarisaKay_UCmbl501gsP9eqUL33daWNQ_NUPyCP5B56g_1481207_1486323.wav,MarisaKay_UCmbl501gsP9eqUL33daWNQ_NUPyCP5B56g,1481207,1486323,5116
MarisaKay_UCmbl501gsP9eqUL33daWNQ_NUPyCP5B56g_1486595_1493815.wav,MarisaKay_UCmbl501gsP9eqUL33daWNQ_NUPyCP5B56g,1486595,1493815,7220
MarisaKay_UCmbl501gsP9eqUL33daWNQ_NUPyCP5B56g_1494031_1497011.wav,MarisaKay_UCmbl501gsP9eqUL33daWNQ_NUPyCP5B56g,1494031,1497011,2980
MarisaKay_UCmbl501gsP9eqUL33daWNQ_NUPyCP5B56g_1497515_1501981.wav,MarisaKay_UCmbl501gsP9eqUL33daWNQ_NUPyCP5B56g,1497515,1501981,4466
MarisaKay_UCmbl501gsP9eqUL33daWNQ_NUPyCP5B56g_1502157_1507655.wav,MarisaKay_UCmbl501gsP9eqUL33daWNQ_NUPyCP5B56g,1502157,1507655,5498
MarisaKay_UCmbl501gsP9eqUL33daWNQ_NUPyCP5B56g_1507767_1512419.wav,MarisaKay_UCmbl501gsP9eqUL33daWNQ_NUPyCP5B56g,1507767,1512419,4652
MarisaKay_UCmbl501gsP9eqUL33daWNQ_NUPyCP5B56g_1512875_1517259.wav,MarisaKay_UCmbl501gsP9eqUL33daWNQ_NUPyCP5B56g,1512875,1517259,4384
MarisaKay_UCmbl501gsP9eqUL33daWNQ_NUPyCP5B56g_1517547_1520831.wav,MarisaKay_UCmbl501gsP9eqUL33daWNQ_NUPyCP5B56g,1517547,1520831,3284
MarisaKay_UCmbl501gsP9eqUL33daWNQ_NUPyCP5B56g_1520991_1527031.wav,MarisaKay_UCmbl501gsP9eqUL33daWNQ_NUPyCP5B56g,1520991,1527031,6040
MarisaKay_UCmbl501gsP9eqUL33daWNQ_NUPyCP5B56g_1527159_1528099.wav,MarisaKay_UCmbl501gsP9eqUL33daWNQ_NUPyCP5B56g,1527159,1528099,940
MarisaKay_UCmbl501gsP9eqUL33daWNQ_NUPyCP5B56g_1528699_1531875.wav,MarisaKay_UCmbl501gsP9eqUL33daWNQ_NUPyCP5B56g,1528699,1531875,3176
MarisaKay_UCmbl501gsP9eqUL33daWNQ_NUPyCP5B56g_1532259_1533771.wav,MarisaKay_UCmbl501gsP9eqUL33daWNQ_NUPyCP5B56g,1532259,1533771,1512
MarisaKay_UCmbl501gsP9eqUL33daWNQ_NUPyCP5B56g_1534075_1542115.wav,MarisaKay_UCmbl501gsP9eqUL33daWNQ_NUPyCP5B56g,1534075,1542115,8040
MarisaKay_UCmbl501gsP9eqUL33daWNQ_NUPyCP5B56g_1542627_1546599.wav,MarisaKay_UCmbl501gsP9eqUL33daWNQ_NUPyCP5B56g,1542627,1546599,3972
MarisaKay_UCmbl501gsP9eqUL33daWNQ_NUPyCP5B56g_1546751_1548759.wav,MarisaKay_UCmbl501gsP9eqUL33daWNQ_NUPyCP5B56g,1546751,1548759,2008
MarisaKay_UCmbl501gsP9eqUL33daWNQ_NUPyCP5B56g_1548935_1553719.wav,MarisaKay_UCmbl501gsP9eqUL33daWNQ_NUPyCP5B56g,1548935,1553719,4784
MarisaKay_UCmbl501gsP9eqUL33daWNQ_NUPyCP5B56g_1553999_1562615.wav,MarisaKay_UCmbl501gsP9eqUL33daWNQ_NUPyCP5B56g,1553999,1562615,8616
MarisaKay_UCmbl501gsP9eqUL33daWNQ_NUPyCP5B56g_1562743_1568251.wav,MarisaKay_UCmbl501gsP9eqUL33daWNQ_NUPyCP5B56g,1562743,1568251,5508
MarisaKay_UCmbl501gsP9eqUL33daWNQ_NUPyCP5B56g_1568507_1568891.wav,MarisaKay_UCmbl501gsP9eqUL33daWNQ_NUPyCP5B56g,1568507,1568891,384
MarisaKay_UCmbl501gsP9eqUL33daWNQ_NUPyCP5B56g_1569219_1574403.wav,MarisaKay_UCmbl501gsP9eqUL33daWNQ_NUPyCP5B56g,1569219,1574403,5184
MarisaKay_UCmbl501gsP9eqUL33daWNQ_NUPyCP5B56g_1574875_1581811.wav,MarisaKay_UCmbl501gsP9eqUL33daWNQ_NUPyCP5B56g,1574875,1581811,6936
MarisaKay_UCmbl501gsP9eqUL33daWNQ_NUPyCP5B56g_1582267_1584315.wav,MarisaKay_UCmbl501gsP9eqUL33daWNQ_NUPyCP5B56g,1582267,1584315,2048
MarisaKay_UCmbl501gsP9eqUL33daWNQ_NUPyCP5B56g_1584491_1590647.wav,MarisaKay_UCmbl501gsP9eqUL33daWNQ_NUPyCP5B56g,1584491,1590647,6156
MarisaKay_UCmbl501gsP9eqUL33daWNQ_NUPyCP5B56g_1590799_1595715.wav,MarisaKay_UCmbl501gsP9eqUL33daWNQ_NUPyCP5B56g,1590799,1595715,4916
MarisaKay_UCmbl501gsP9eqUL33daWNQ_NUPyCP5B56g_1596027_1598531.wav,MarisaKay_UCmbl501gsP9eqUL33daWNQ_NUPyCP5B56g,1596027,1598531,2504
MarisaKay_UCmbl501gsP9eqUL33daWNQ_NUPyCP5B56g_1598835_1605611.wav,MarisaKay_UCmbl501gsP9eqUL33daWNQ_NUPyCP5B56g,1598835,1605611,6776
MarisaKay_UCmbl501gsP9eqUL33daWNQ_NUPyCP5B56g_1605755_1612343.wav,MarisaKay_UCmbl501gsP9eqUL33daWNQ_NUPyCP5B56g,1605755,1612343,6588
MarisaKay_UCmbl501gsP9eqUL33daWNQ_NUPyCP5B56g_1612527_1615979.wav,MarisaKay_UCmbl501gsP9eqUL33daWNQ_NUPyCP5B56g,1612527,1615979,3452
MarisaKay_UCmbl501gsP9eqUL33daWNQ_NUPyCP5B56g_1616083_1616555.wav,MarisaKay_UCmbl501gsP9eqUL33daWNQ_NUPyCP5B56g,1616083,1616555,472
MarisaKay_UCmbl501gsP9eqUL33daWNQ_NUPyCP5B56g_1616947_1620551.wav,MarisaKay_UCmbl501gsP9eqUL33daWNQ_NUPyCP5B56g,1616947,1620551,3604
MarisaKay_UCmbl501gsP9eqUL33daWNQ_NUPyCP5B56g_1620695_1628531.wav,MarisaKay_UCmbl501gsP9eqUL33daWNQ_NUPyCP5B56g,1620695,1628531,7836
MarisaKay_UCmbl501gsP9eqUL33daWNQ_NUPyCP5B56g_1628787_1629355.wav,MarisaKay_UCmbl501gsP9eqUL33daWNQ_NUPyCP5B56g,1628787,1629355,568
MarisaKay_UCmbl501gsP9eqUL33daWNQ_NUPyCP5B56g_1629651_1635691.wav,MarisaKay_UCmbl501gsP9eqUL33daWNQ_NUPyCP5B56g,1629651,1635691,6040
MarisaKay_UCmbl501gsP9eqUL33daWNQ_NUPyCP5B56g_1636027_1641403.wav,MarisaKay_UCmbl501gsP9eqUL33daWNQ_NUPyCP5B56g,1636027,1641403,5376
MarisaKay_UCmbl501gsP9eqUL33daWNQ_NUPyCP5B56g_1641755_1642819.wav,MarisaKay_UCmbl501gsP9eqUL33daWNQ_NUPyCP5B56g,1641755,1642819,1064
MarisaKay_UCmbl501gsP9eqUL33daWNQ_NUPyCP5B56g_1643163_1647339.wav,MarisaKay_UCmbl501gsP9eqUL33daWNQ_NUPyCP5B56g,1643163,1647339,4176
MarisaKay_UCmbl501gsP9eqUL33daWNQ_NUPyCP5B56g_1647667_1651287.wav,MarisaKay_UCmbl501gsP9eqUL33daWNQ_NUPyCP5B56g,1647667,1651287,3620
MarisaKay_UCmbl501gsP9eqUL33daWNQ_NUPyCP5B56g_1651455_1660019.wav,MarisaKay_UCmbl501gsP9eqUL33daWNQ_NUPyCP5B56g,1651455,1660019,8564
MarisaKay_UCmbl501gsP9eqUL33daWNQ_NUPyCP5B56g_1660227_1662499.wav,MarisaKay_UCmbl501gsP9eqUL33daWNQ_NUPyCP5B56g,1660227,1662499,2272
MarisaKay_UCmbl501gsP9eqUL33daWNQ_NUPyCP5B56g_1662883_1663467.wav,MarisaKay_UCmbl501gsP9eqUL33daWNQ_NUPyCP5B56g,1662883,1663467,584
MarisaKay_UCmbl501gsP9eqUL33daWNQ_NUPyCP5B56g_1663739_1667243.wav,MarisaKay_UCmbl501gsP9eqUL33daWNQ_NUPyCP5B56g,1663739,1667243,3504
MarisaKay_UCmbl501gsP9eqUL33daWNQ_NUPyCP5B56g_1667547_1670499.wav,MarisaKay_UCmbl501gsP9eqUL33daWNQ_NUPyCP5B56g,1667547,1670499,2952
MarisaKay_UCmbl501gsP9eqUL33daWNQ_NUPyCP5B56g_1670987_1679203.wav,MarisaKay_UCmbl501gsP9eqUL33daWNQ_NUPyCP5B56g,1670987,1679203,8216
MarisaKay_UCmbl501gsP9eqUL33daWNQ_NUPyCP5B56g_1679363_1684707.wav,MarisaKay_UCmbl501gsP9eqUL33daWNQ_NUPyCP5B56g,1679363,1684707,5344
MarisaKay_UCmbl501gsP9eqUL33daWNQ_NUPyCP5B56g_1684963_1690771.wav,MarisaKay_UCmbl501gsP9eqUL33daWNQ_NUPyCP5B56g,1684963,1690771,5808
MarisaKay_UCmbl501gsP9eqUL33daWNQ_NUPyCP5B56g_1691107_1697773.wav,MarisaKay_UCmbl501gsP9eqUL33daWNQ_NUPyCP5B56g,1691107,1697773,6666
MarisaKay_UCmbl501gsP9eqUL33daWNQ_NUPyCP5B56g_1697957_1701471.wav,MarisaKay_UCmbl501gsP9eqUL33daWNQ_NUPyCP5B56g,1697957,1701471,3514
MarisaKay_UCmbl501gsP9eqUL33daWNQ_NUPyCP5B56g_1701615_1702819.wav,MarisaKay_UCmbl501gsP9eqUL33daWNQ_NUPyCP5B56g,1701615,1702819,1204
MarisaKay_UCmbl501gsP9eqUL33daWNQ_NUPyCP5B56g_1703259_1710181.wav,MarisaKay_UCmbl501gsP9eqUL33daWNQ_NUPyCP5B56g,1703259,1710181,6922
MarisaKay_UCmbl501gsP9eqUL33daWNQ_NUPyCP5B56g_1710469_1714317.wav,MarisaKay_UCmbl501gsP9eqUL33daWNQ_NUPyCP5B56g,1710469,1714317,3848
MarisaKay_UCmbl501gsP9eqUL33daWNQ_NUPyCP5B56g_1714493_1714759.wav,MarisaKay_UCmbl501gsP9eqUL33daWNQ_NUPyCP5B56g,1714493,1714759,266
MarisaKay_UCmbl501gsP9eqUL33daWNQ_NUPyCP5B56g_1714887_1715095.wav,MarisaKay_UCmbl501gsP9eqUL33daWNQ_NUPyCP5B56g,1714887,1715095,208
MarisaKay_UCmbl501gsP9eqUL33daWNQ_NUPyCP5B56g_1715199_1719619.wav,MarisaKay_UCmbl501gsP9eqUL33daWNQ_NUPyCP5B56g,1715199,1719619,4420
MarisaKay_UCmbl501gsP9eqUL33daWNQ_NUPyCP5B56g_1719915_1728627.wav,MarisaKay_UCmbl501gsP9eqUL33daWNQ_NUPyCP5B56g,1719915,1728627,8712
MarisaKay_UCmbl501gsP9eqUL33daWNQ_NUPyCP5B56g_1729043_1730543.wav,MarisaKay_UCmbl501gsP9eqUL33daWNQ_NUPyCP5B56g,1729043,1730543,1500
MarisaKay_UCmbl501gsP9eqUL33daWNQ_NUPyCP5B56g_1730727_1736631.wav,MarisaKay_UCmbl501gsP9eqUL33daWNQ_NUPyCP5B56g,1730727,1736631,5904
MarisaKay_UCmbl501gsP9eqUL33daWNQ_NUPyCP5B56g_1736847_1738367.wav,MarisaKay_UCmbl501gsP9eqUL33daWNQ_NUPyCP5B56g,1736847,1738367,1520
MarisaKay_UCmbl501gsP9eqUL33daWNQ_NUPyCP5B56g_1738791_1740719.wav,MarisaKay_UCmbl501gsP9eqUL33daWNQ_NUPyCP5B56g,1738791,1740719,1928
MarisaKay_UCmbl501gsP9eqUL33daWNQ_NUPyCP5B56g_1741015_1742135.wav,MarisaKay_UCmbl501gsP9eqUL33daWNQ_NUPyCP5B56g,1741015,1742135,1120
MarisaKay_UCmbl501gsP9eqUL33daWNQ_NUPyCP5B56g_1742567_1752503.wav,MarisaKay_UCmbl501gsP9eqUL33daWNQ_NUPyCP5B56g,1742567,1752503,9936
MarisaKay_UCmbl501gsP9eqUL33daWNQ_NUPyCP5B56g_1752811_1755372.wav,MarisaKay_UCmbl501gsP9eqUL33daWNQ_NUPyCP5B56g,1752811,1755372,2561
MarisaKay_UCmbl501gsP9eqUL33daWNQ_NUPyCP5B56g_1755676_1761580.wav,MarisaKay_UCmbl501gsP9eqUL33daWNQ_NUPyCP5B56g,1755676,1761580,5904
MarisaKay_UCmbl501gsP9eqUL33daWNQ_NUPyCP5B56g_1762036_1765052.wav,MarisaKay_UCmbl501gsP9eqUL33daWNQ_NUPyCP5B56g,1762036,1765052,3016
MarisaKay_UCmbl501gsP9eqUL33daWNQ_NUPyCP5B56g_1765492_1766348.wav,MarisaKay_UCmbl501gsP9eqUL33daWNQ_NUPyCP5B56g,1765492,1766348,856
MarisaKay_UCmbl501gsP9eqUL33daWNQ_NUPyCP5B56g_1766828_1768205.wav,MarisaKay_UCmbl501gsP9eqUL33daWNQ_NUPyCP5B56g,1766828,1768205,1377
MarisaKay_UCmbl501gsP9eqUL33daWNQ_NUPyCP5B56g_1768461_1769277.wav,MarisaKay_UCmbl501gsP9eqUL33daWNQ_NUPyCP5B56g,1768461,1769277,816
MarisaKay_UCmbl501gsP9eqUL33daWNQ_NUPyCP5B56g_1769759_1771255.wav,MarisaKay_UCmbl501gsP9eqUL33daWNQ_NUPyCP5B56g,1769759,1771255,1496
MarisaKay_UCmbl501gsP9eqUL33daWNQ_NUPyCP5B56g_1771503_1771995.wav,MarisaKay_UCmbl501gsP9eqUL33daWNQ_NUPyCP5B56g,1771503,1771995,492
MarisaKay_UCmbl501gsP9eqUL33daWNQ_NUPyCP5B56g_1772123_1781539.wav,MarisaKay_UCmbl501gsP9eqUL33daWNQ_NUPyCP5B56g,1772123,1781539,9416
MarisaKay_UCmbl501gsP9eqUL33daWNQ_NUPyCP5B56g_1781683_1783611.wav,MarisaKay_UCmbl501gsP9eqUL33daWNQ_NUPyCP5B56g,1781683,1783611,1928
MarisaKay_UCmbl501gsP9eqUL33daWNQ_NUPyCP5B56g_1783803_1792363.wav,MarisaKay_UCmbl501gsP9eqUL33daWNQ_NUPyCP5B56g,1783803,1792363,8560
MarisaKay_UCmbl501gsP9eqUL33daWNQ_NUPyCP5B56g_1792547_1796027.wav,MarisaKay_UCmbl501gsP9eqUL33daWNQ_NUPyCP5B56g,1792547,1796027,3480
MarisaKay_UCmbl501gsP9eqUL33daWNQ_NUPyCP5B56g_1796179_1805667.wav,MarisaKay_UCmbl501gsP9eqUL33daWNQ_NUPyCP5B56g,1796179,1805667,9488
MarisaKay_UCmbl501gsP9eqUL33daWNQ_NUPyCP5B56g_1805819_1807603.wav,MarisaKay_UCmbl501gsP9eqUL33daWNQ_NUPyCP5B56g,1805819,1807603,1784
MarisaKay_UCmbl501gsP9eqUL33daWNQ_NUPyCP5B56g_1807867_1808439.wav,MarisaKay_UCmbl501gsP9eqUL33daWNQ_NUPyCP5B56g,1807867,1808439,572
