filename,video_id,start_time,end_time,duration
MarisaKay_UCmbl501gsP9eqUL33daWNQ_NUPyCP5B56g_4475_5315.wav,MarisaKay_UCmbl501gsP9eqUL33daWNQ_NUPyCP5B56g,4475,5315,840
MarisaKay_UCmbl501gsP9eqUL33daWNQ_NUPyCP5B56g_5739_6691.wav,MarisaKay_UCmbl501gsP9eqUL33daWNQ_NUPyCP5B56g,5739,6691,952
MarisaKay_UCmbl501gsP9eqUL33daWNQ_NUPyCP5B56g_6819_20507.wav,MarisaKay_UCmbl501gsP9eqUL33daWNQ_NUPyCP5B56g,6819,20507,13688
MarisaKay_UCmbl501gsP9eqUL33daWNQ_NUPyCP5B56g_20707_25507.wav,MarisaKay_UCmbl501gsP9eqUL33daWNQ_NUPyCP5B56g,20707,25507,4800
MarisaKay_UCmbl501gsP9eqUL33daWNQ_NUPyCP5B56g_25763_36915.wav,MarisaKay_UCmbl501gsP9eqUL33daWNQ_NUPyCP5B56g,25763,36915,11152
MarisaKay_UCmbl501gsP9eqUL33daWNQ_NUPyCP5B56g_37235_45451.wav,MarisaKay_UCmbl501gsP9eqUL33daWNQ_NUPyCP5B56g,37235,45451,8216
MarisaKay_UCmbl501gsP9eqUL33daWNQ_NUPyCP5B56g_45803_49763.wav,MarisaKay_UCmbl501gsP9eqUL33daWNQ_NUPyCP5B56g,45803,49763,3960
MarisaKay_UCmbl501gsP9eqUL33daWNQ_NUPyCP5B56g_50211_63379.wav,MarisaKay_UCmbl501gsP9eqUL33daWNQ_NUPyCP5B56g,50211,63379,13168
MarisaKay_UCmbl501gsP9eqUL33daWNQ_NUPyCP5B56g_63531_67475.wav,MarisaKay_UCmbl501gsP9eqUL33daWNQ_NUPyCP5B56g,63531,67475,3944
MarisaKay_UCmbl501gsP9eqUL33daWNQ_NUPyCP5B56g_67643_72331.wav,MarisaKay_UCmbl501gsP9eqUL33daWNQ_NUPyCP5B56g,67643,72331,4688
MarisaKay_UCmbl501gsP9eqUL33daWNQ_NUPyCP5B56g_72507_79227.wav,MarisaKay_UCmbl501gsP9eqUL33daWNQ_NUPyCP5B56g,72507,79227,6720
MarisaKay_UCmbl501gsP9eqUL33daWNQ_NUPyCP5B56g_79715_82703.wav,MarisaKay_UCmbl501gsP9eqUL33daWNQ_NUPyCP5B56g,79715,82703,2988
MarisaKay_UCmbl501gsP9eqUL33daWNQ_NUPyCP5B56g_82831_89015.wav,MarisaKay_UCmbl501gsP9eqUL33daWNQ_NUPyCP5B56g,82831,89015,6184
MarisaKay_UCmbl501gsP9eqUL33daWNQ_NUPyCP5B56g_89151_97185.wav,MarisaKay_UCmbl501gsP9eqUL33daWNQ_NUPyCP5B56g,89151,97185,8034
MarisaKay_UCmbl501gsP9eqUL33daWNQ_NUPyCP5B56g_97297_102297.wav,MarisaKay_UCmbl501gsP9eqUL33daWNQ_NUPyCP5B56g,97297,102297,5000
MarisaKay_UCmbl501gsP9eqUL33daWNQ_NUPyCP5B56g_102409_106618.wav,MarisaKay_UCmbl501gsP9eqUL33daWNQ_NUPyCP5B56g,102409,106618,4209
MarisaKay_UCmbl501gsP9eqUL33daWNQ_NUPyCP5B56g_106706_108850.wav,MarisaKay_UCmbl501gsP9eqUL33daWNQ_NUPyCP5B56g,106706,108850,2144
MarisaKay_UCmbl501gsP9eqUL33daWNQ_NUPyCP5B56g_108938_117850.wav,MarisaKay_UCmbl501gsP9eqUL33daWNQ_NUPyCP5B56g,108938,117850,8912
MarisaKay_UCmbl501gsP9eqUL33daWNQ_NUPyCP5B56g_117930_118554.wav,MarisaKay_UCmbl501gsP9eqUL33daWNQ_NUPyCP5B56g,117930,118554,624
MarisaKay_UCmbl501gsP9eqUL33daWNQ_NUPyCP5B56g_118634_123946.wav,MarisaKay_UCmbl501gsP9eqUL33daWNQ_NUPyCP5B56g,118634,123946,5312
MarisaKay_UCmbl501gsP9eqUL33daWNQ_NUPyCP5B56g_124034_125531.wav,MarisaKay_UCmbl501gsP9eqUL33daWNQ_NUPyCP5B56g,124034,125531,1497
MarisaKay_UCmbl501gsP9eqUL33daWNQ_NUPyCP5B56g_126235_128511.wav,MarisaKay_UCmbl501gsP9eqUL33daWNQ_NUPyCP5B56g,126235,128511,2276
MarisaKay_UCmbl501gsP9eqUL33daWNQ_NUPyCP5B56g_128743_129568.wav,MarisaKay_UCmbl501gsP9eqUL33daWNQ_NUPyCP5B56g,128743,129568,825
MarisaKay_UCmbl501gsP9eqUL33daWNQ_NUPyCP5B56g_129688_134361.wav,MarisaKay_UCmbl501gsP9eqUL33daWNQ_NUPyCP5B56g,129688,134361,4673
MarisaKay_UCmbl501gsP9eqUL33daWNQ_NUPyCP5B56g_134465_152673.wav,MarisaKay_UCmbl501gsP9eqUL33daWNQ_NUPyCP5B56g,134465,152673,18208
MarisaKay_UCmbl501gsP9eqUL33daWNQ_NUPyCP5B56g_152873_163938.wav,MarisaKay_UCmbl501gsP9eqUL33daWNQ_NUPyCP5B56g,152873,163938,11065
MarisaKay_UCmbl501gsP9eqUL33daWNQ_NUPyCP5B56g_164106_171003.wav,MarisaKay_UCmbl501gsP9eqUL33daWNQ_NUPyCP5B56g,164106,171003,6897
MarisaKay_UCmbl501gsP9eqUL33daWNQ_NUPyCP5B56g_171515_179351.wav,MarisaKay_UCmbl501gsP9eqUL33daWNQ_NUPyCP5B56g,171515,179351,7836
MarisaKay_UCmbl501gsP9eqUL33daWNQ_NUPyCP5B56g_179503_183691.wav,MarisaKay_UCmbl501gsP9eqUL33daWNQ_NUPyCP5B56g,179503,183691,4188
MarisaKay_UCmbl501gsP9eqUL33daWNQ_NUPyCP5B56g_183819_194141.wav,MarisaKay_UCmbl501gsP9eqUL33daWNQ_NUPyCP5B56g,183819,194141,10322
MarisaKay_UCmbl501gsP9eqUL33daWNQ_NUPyCP5B56g_194221_200285.wav,MarisaKay_UCmbl501gsP9eqUL33daWNQ_NUPyCP5B56g,194221,200285,6064
MarisaKay_UCmbl501gsP9eqUL33daWNQ_NUPyCP5B56g_200373_203567.wav,MarisaKay_UCmbl501gsP9eqUL33daWNQ_NUPyCP5B56g,200373,203567,3194
MarisaKay_UCmbl501gsP9eqUL33daWNQ_NUPyCP5B56g_204035_206301.wav,MarisaKay_UCmbl501gsP9eqUL33daWNQ_NUPyCP5B56g,204035,206301,2266
MarisaKay_UCmbl501gsP9eqUL33daWNQ_NUPyCP5B56g_206445_216679.wav,MarisaKay_UCmbl501gsP9eqUL33daWNQ_NUPyCP5B56g,206445,216679,10234
MarisaKay_UCmbl501gsP9eqUL33daWNQ_NUPyCP5B56g_216847_225393.wav,MarisaKay_UCmbl501gsP9eqUL33daWNQ_NUPyCP5B56g,216847,225393,8546
MarisaKay_UCmbl501gsP9eqUL33daWNQ_NUPyCP5B56g_225553_226931.wav,MarisaKay_UCmbl501gsP9eqUL33daWNQ_NUPyCP5B56g,225553,226931,1378
MarisaKay_UCmbl501gsP9eqUL33daWNQ_NUPyCP5B56g_227187_230955.wav,MarisaKay_UCmbl501gsP9eqUL33daWNQ_NUPyCP5B56g,227187,230955,3768
MarisaKay_UCmbl501gsP9eqUL33daWNQ_NUPyCP5B56g_231091_243243.wav,MarisaKay_UCmbl501gsP9eqUL33daWNQ_NUPyCP5B56g,231091,243243,12152
MarisaKay_UCmbl501gsP9eqUL33daWNQ_NUPyCP5B56g_243419_252027.wav,MarisaKay_UCmbl501gsP9eqUL33daWNQ_NUPyCP5B56g,243419,252027,8608
MarisaKay_UCmbl501gsP9eqUL33daWNQ_NUPyCP5B56g_252347_256279.wav,MarisaKay_UCmbl501gsP9eqUL33daWNQ_NUPyCP5B56g,252347,256279,3932
MarisaKay_UCmbl501gsP9eqUL33daWNQ_NUPyCP5B56g_256431_266041.wav,MarisaKay_UCmbl501gsP9eqUL33daWNQ_NUPyCP5B56g,256431,266041,9610
MarisaKay_UCmbl501gsP9eqUL33daWNQ_NUPyCP5B56g_266177_267139.wav,MarisaKay_UCmbl501gsP9eqUL33daWNQ_NUPyCP5B56g,266177,267139,962
MarisaKay_UCmbl501gsP9eqUL33daWNQ_NUPyCP5B56g_267427_274787.wav,MarisaKay_UCmbl501gsP9eqUL33daWNQ_NUPyCP5B56g,267427,274787,7360
MarisaKay_UCmbl501gsP9eqUL33daWNQ_NUPyCP5B56g_274947_285027.wav,MarisaKay_UCmbl501gsP9eqUL33daWNQ_NUPyCP5B56g,274947,285027,10080
MarisaKay_UCmbl501gsP9eqUL33daWNQ_NUPyCP5B56g_285291_298167.wav,MarisaKay_UCmbl501gsP9eqUL33daWNQ_NUPyCP5B56g,285291,298167,12876
MarisaKay_UCmbl501gsP9eqUL33daWNQ_NUPyCP5B56g_298391_306043.wav,MarisaKay_UCmbl501gsP9eqUL33daWNQ_NUPyCP5B56g,298391,306043,7652
MarisaKay_UCmbl501gsP9eqUL33daWNQ_NUPyCP5B56g_306515_307995.wav,MarisaKay_UCmbl501gsP9eqUL33daWNQ_NUPyCP5B56g,306515,307995,1480
MarisaKay_UCmbl501gsP9eqUL33daWNQ_NUPyCP5B56g_308371_312099.wav,MarisaKay_UCmbl501gsP9eqUL33daWNQ_NUPyCP5B56g,308371,312099,3728
MarisaKay_UCmbl501gsP9eqUL33daWNQ_NUPyCP5B56g_312227_318979.wav,MarisaKay_UCmbl501gsP9eqUL33daWNQ_NUPyCP5B56g,312227,318979,6752
MarisaKay_UCmbl501gsP9eqUL33daWNQ_NUPyCP5B56g_319259_328535.wav,MarisaKay_UCmbl501gsP9eqUL33daWNQ_NUPyCP5B56g,319259,328535,9276
MarisaKay_UCmbl501gsP9eqUL33daWNQ_NUPyCP5B56g_328663_331771.wav,MarisaKay_UCmbl501gsP9eqUL33daWNQ_NUPyCP5B56g,328663,331771,3108
MarisaKay_UCmbl501gsP9eqUL33daWNQ_NUPyCP5B56g_332171_337347.wav,MarisaKay_UCmbl501gsP9eqUL33daWNQ_NUPyCP5B56g,332171,337347,5176
MarisaKay_UCmbl501gsP9eqUL33daWNQ_NUPyCP5B56g_337483_342451.wav,MarisaKay_UCmbl501gsP9eqUL33daWNQ_NUPyCP5B56g,337483,342451,4968
MarisaKay_UCmbl501gsP9eqUL33daWNQ_NUPyCP5B56g_342587_352307.wav,MarisaKay_UCmbl501gsP9eqUL33daWNQ_NUPyCP5B56g,342587,352307,9720
MarisaKay_UCmbl501gsP9eqUL33daWNQ_NUPyCP5B56g_352523_357663.wav,MarisaKay_UCmbl501gsP9eqUL33daWNQ_NUPyCP5B56g,352523,357663,5140
MarisaKay_UCmbl501gsP9eqUL33daWNQ_NUPyCP5B56g_357815_360715.wav,MarisaKay_UCmbl501gsP9eqUL33daWNQ_NUPyCP5B56g,357815,360715,2900
MarisaKay_UCmbl501gsP9eqUL33daWNQ_NUPyCP5B56g_361051_370211.wav,MarisaKay_UCmbl501gsP9eqUL33daWNQ_NUPyCP5B56g,361051,370211,9160
MarisaKay_UCmbl501gsP9eqUL33daWNQ_NUPyCP5B56g_370339_384395.wav,MarisaKay_UCmbl501gsP9eqUL33daWNQ_NUPyCP5B56g,370339,384395,14056
MarisaKay_UCmbl501gsP9eqUL33daWNQ_NUPyCP5B56g_384691_386019.wav,MarisaKay_UCmbl501gsP9eqUL33daWNQ_NUPyCP5B56g,384691,386019,1328
MarisaKay_UCmbl501gsP9eqUL33daWNQ_NUPyCP5B56g_386139_389715.wav,MarisaKay_UCmbl501gsP9eqUL33daWNQ_NUPyCP5B56g,386139,389715,3576
MarisaKay_UCmbl501gsP9eqUL33daWNQ_NUPyCP5B56g_389827_394427.wav,MarisaKay_UCmbl501gsP9eqUL33daWNQ_NUPyCP5B56g,389827,394427,4600
MarisaKay_UCmbl501gsP9eqUL33daWNQ_NUPyCP5B56g_394531_400667.wav,MarisaKay_UCmbl501gsP9eqUL33daWNQ_NUPyCP5B56g,394531,400667,6136
MarisaKay_UCmbl501gsP9eqUL33daWNQ_NUPyCP5B56g_400979_402907.wav,MarisaKay_UCmbl501gsP9eqUL33daWNQ_NUPyCP5B56g,400979,402907,1928
MarisaKay_UCmbl501gsP9eqUL33daWNQ_NUPyCP5B56g_403075_408539.wav,MarisaKay_UCmbl501gsP9eqUL33daWNQ_NUPyCP5B56g,403075,408539,5464
MarisaKay_UCmbl501gsP9eqUL33daWNQ_NUPyCP5B56g_408987_418955.wav,MarisaKay_UCmbl501gsP9eqUL33daWNQ_NUPyCP5B56g,408987,418955,9968
MarisaKay_UCmbl501gsP9eqUL33daWNQ_NUPyCP5B56g_419187_421243.wav,MarisaKay_UCmbl501gsP9eqUL33daWNQ_NUPyCP5B56g,419187,421243,2056
MarisaKay_UCmbl501gsP9eqUL33daWNQ_NUPyCP5B56g_421443_426935.wav,MarisaKay_UCmbl501gsP9eqUL33daWNQ_NUPyCP5B56g,421443,426935,5492
MarisaKay_UCmbl501gsP9eqUL33daWNQ_NUPyCP5B56g_427247_430075.wav,MarisaKay_UCmbl501gsP9eqUL33daWNQ_NUPyCP5B56g,427247,430075,2828
MarisaKay_UCmbl501gsP9eqUL33daWNQ_NUPyCP5B56g_430235_440667.wav,MarisaKay_UCmbl501gsP9eqUL33daWNQ_NUPyCP5B56g,430235,440667,10432
MarisaKay_UCmbl501gsP9eqUL33daWNQ_NUPyCP5B56g_441027_445195.wav,MarisaKay_UCmbl501gsP9eqUL33daWNQ_NUPyCP5B56g,441027,445195,4168
MarisaKay_UCmbl501gsP9eqUL33daWNQ_NUPyCP5B56g_445379_448659.wav,MarisaKay_UCmbl501gsP9eqUL33daWNQ_NUPyCP5B56g,445379,448659,3280
MarisaKay_UCmbl501gsP9eqUL33daWNQ_NUPyCP5B56g_448787_449387.wav,MarisaKay_UCmbl501gsP9eqUL33daWNQ_NUPyCP5B56g,448787,449387,600
MarisaKay_UCmbl501gsP9eqUL33daWNQ_NUPyCP5B56g_449507_451539.wav,MarisaKay_UCmbl501gsP9eqUL33daWNQ_NUPyCP5B56g,449507,451539,2032
MarisaKay_UCmbl501gsP9eqUL33daWNQ_NUPyCP5B56g_451635_456339.wav,MarisaKay_UCmbl501gsP9eqUL33daWNQ_NUPyCP5B56g,451635,456339,4704
MarisaKay_UCmbl501gsP9eqUL33daWNQ_NUPyCP5B56g_456435_463635.wav,MarisaKay_UCmbl501gsP9eqUL33daWNQ_NUPyCP5B56g,456435,463635,7200
MarisaKay_UCmbl501gsP9eqUL33daWNQ_NUPyCP5B56g_463715_468043.wav,MarisaKay_UCmbl501gsP9eqUL33daWNQ_NUPyCP5B56g,463715,468043,4328
MarisaKay_UCmbl501gsP9eqUL33daWNQ_NUPyCP5B56g_468243_481943.wav,MarisaKay_UCmbl501gsP9eqUL33daWNQ_NUPyCP5B56g,468243,481943,13700
MarisaKay_UCmbl501gsP9eqUL33daWNQ_NUPyCP5B56g_482063_486615.wav,MarisaKay_UCmbl501gsP9eqUL33daWNQ_NUPyCP5B56g,482063,486615,4552
MarisaKay_UCmbl501gsP9eqUL33daWNQ_NUPyCP5B56g_486735_497155.wav,MarisaKay_UCmbl501gsP9eqUL33daWNQ_NUPyCP5B56g,486735,497155,10420
MarisaKay_UCmbl501gsP9eqUL33daWNQ_NUPyCP5B56g_497451_523724.wav,MarisaKay_UCmbl501gsP9eqUL33daWNQ_NUPyCP5B56g,497451,523724,26273
MarisaKay_UCmbl501gsP9eqUL33daWNQ_NUPyCP5B56g_523804_524925.wav,MarisaKay_UCmbl501gsP9eqUL33daWNQ_NUPyCP5B56g,523804,524925,1121
MarisaKay_UCmbl501gsP9eqUL33daWNQ_NUPyCP5B56g_525045_526335.wav,MarisaKay_UCmbl501gsP9eqUL33daWNQ_NUPyCP5B56g,525045,526335,1290
MarisaKay_UCmbl501gsP9eqUL33daWNQ_NUPyCP5B56g_526535_528683.wav,MarisaKay_UCmbl501gsP9eqUL33daWNQ_NUPyCP5B56g,526535,528683,2148
MarisaKay_UCmbl501gsP9eqUL33daWNQ_NUPyCP5B56g_528835_532819.wav,MarisaKay_UCmbl501gsP9eqUL33daWNQ_NUPyCP5B56g,528835,532819,3984
MarisaKay_UCmbl501gsP9eqUL33daWNQ_NUPyCP5B56g_532955_540363.wav,MarisaKay_UCmbl501gsP9eqUL33daWNQ_NUPyCP5B56g,532955,540363,7408
MarisaKay_UCmbl501gsP9eqUL33daWNQ_NUPyCP5B56g_540483_545947.wav,MarisaKay_UCmbl501gsP9eqUL33daWNQ_NUPyCP5B56g,540483,545947,5464
MarisaKay_UCmbl501gsP9eqUL33daWNQ_NUPyCP5B56g_546051_552051.wav,MarisaKay_UCmbl501gsP9eqUL33daWNQ_NUPyCP5B56g,546051,552051,6000
MarisaKay_UCmbl501gsP9eqUL33daWNQ_NUPyCP5B56g_552355_556671.wav,MarisaKay_UCmbl501gsP9eqUL33daWNQ_NUPyCP5B56g,552355,556671,4316
MarisaKay_UCmbl501gsP9eqUL33daWNQ_NUPyCP5B56g_556807_567907.wav,MarisaKay_UCmbl501gsP9eqUL33daWNQ_NUPyCP5B56g,556807,567907,11100
MarisaKay_UCmbl501gsP9eqUL33daWNQ_NUPyCP5B56g_568195_579567.wav,MarisaKay_UCmbl501gsP9eqUL33daWNQ_NUPyCP5B56g,568195,579567,11372
MarisaKay_UCmbl501gsP9eqUL33daWNQ_NUPyCP5B56g_579767_592923.wav,MarisaKay_UCmbl501gsP9eqUL33daWNQ_NUPyCP5B56g,579767,592923,13156
MarisaKay_UCmbl501gsP9eqUL33daWNQ_NUPyCP5B56g_593507_602587.wav,MarisaKay_UCmbl501gsP9eqUL33daWNQ_NUPyCP5B56g,593507,602587,9080
MarisaKay_UCmbl501gsP9eqUL33daWNQ_NUPyCP5B56g_602915_604011.wav,MarisaKay_UCmbl501gsP9eqUL33daWNQ_NUPyCP5B56g,602915,604011,1096
MarisaKay_UCmbl501gsP9eqUL33daWNQ_NUPyCP5B56g_604283_606171.wav,MarisaKay_UCmbl501gsP9eqUL33daWNQ_NUPyCP5B56g,604283,606171,1888
MarisaKay_UCmbl501gsP9eqUL33daWNQ_NUPyCP5B56g_606427_612731.wav,MarisaKay_UCmbl501gsP9eqUL33daWNQ_NUPyCP5B56g,606427,612731,6304
MarisaKay_UCmbl501gsP9eqUL33daWNQ_NUPyCP5B56g_613091_623555.wav,MarisaKay_UCmbl501gsP9eqUL33daWNQ_NUPyCP5B56g,613091,623555,10464
MarisaKay_UCmbl501gsP9eqUL33daWNQ_NUPyCP5B56g_623915_634059.wav,MarisaKay_UCmbl501gsP9eqUL33daWNQ_NUPyCP5B56g,623915,634059,10144
MarisaKay_UCmbl501gsP9eqUL33daWNQ_NUPyCP5B56g_634347_635403.wav,MarisaKay_UCmbl501gsP9eqUL33daWNQ_NUPyCP5B56g,634347,635403,1056
MarisaKay_UCmbl501gsP9eqUL33daWNQ_NUPyCP5B56g_635515_642727.wav,MarisaKay_UCmbl501gsP9eqUL33daWNQ_NUPyCP5B56g,635515,642727,7212
MarisaKay_UCmbl501gsP9eqUL33daWNQ_NUPyCP5B56g_642807_654987.wav,MarisaKay_UCmbl501gsP9eqUL33daWNQ_NUPyCP5B56g,642807,654987,12180
MarisaKay_UCmbl501gsP9eqUL33daWNQ_NUPyCP5B56g_655155_665507.wav,MarisaKay_UCmbl501gsP9eqUL33daWNQ_NUPyCP5B56g,655155,665507,10352
MarisaKay_UCmbl501gsP9eqUL33daWNQ_NUPyCP5B56g_665611_678755.wav,MarisaKay_UCmbl501gsP9eqUL33daWNQ_NUPyCP5B56g,665611,678755,13144
MarisaKay_UCmbl501gsP9eqUL33daWNQ_NUPyCP5B56g_679131_689907.wav,MarisaKay_UCmbl501gsP9eqUL33daWNQ_NUPyCP5B56g,679131,689907,10776
MarisaKay_UCmbl501gsP9eqUL33daWNQ_NUPyCP5B56g_690011_694299.wav,MarisaKay_UCmbl501gsP9eqUL33daWNQ_NUPyCP5B56g,690011,694299,4288
MarisaKay_UCmbl501gsP9eqUL33daWNQ_NUPyCP5B56g_694435_705947.wav,MarisaKay_UCmbl501gsP9eqUL33daWNQ_NUPyCP5B56g,694435,705947,11512
MarisaKay_UCmbl501gsP9eqUL33daWNQ_NUPyCP5B56g_706179_711875.wav,MarisaKay_UCmbl501gsP9eqUL33daWNQ_NUPyCP5B56g,706179,711875,5696
MarisaKay_UCmbl501gsP9eqUL33daWNQ_NUPyCP5B56g_712171_719035.wav,MarisaKay_UCmbl501gsP9eqUL33daWNQ_NUPyCP5B56g,712171,719035,6864
MarisaKay_UCmbl501gsP9eqUL33daWNQ_NUPyCP5B56g_719235_722927.wav,MarisaKay_UCmbl501gsP9eqUL33daWNQ_NUPyCP5B56g,719235,722927,3692
MarisaKay_UCmbl501gsP9eqUL33daWNQ_NUPyCP5B56g_723143_725424.wav,MarisaKay_UCmbl501gsP9eqUL33daWNQ_NUPyCP5B56g,723143,725424,2281
MarisaKay_UCmbl501gsP9eqUL33daWNQ_NUPyCP5B56g_725512_742193.wav,MarisaKay_UCmbl501gsP9eqUL33daWNQ_NUPyCP5B56g,725512,742193,16681
MarisaKay_UCmbl501gsP9eqUL33daWNQ_NUPyCP5B56g_742297_750139.wav,MarisaKay_UCmbl501gsP9eqUL33daWNQ_NUPyCP5B56g,742297,750139,7842
MarisaKay_UCmbl501gsP9eqUL33daWNQ_NUPyCP5B56g_750419_753771.wav,MarisaKay_UCmbl501gsP9eqUL33daWNQ_NUPyCP5B56g,750419,753771,3352
MarisaKay_UCmbl501gsP9eqUL33daWNQ_NUPyCP5B56g_754323_762947.wav,MarisaKay_UCmbl501gsP9eqUL33daWNQ_NUPyCP5B56g,754323,762947,8624
MarisaKay_UCmbl501gsP9eqUL33daWNQ_NUPyCP5B56g_763059_770579.wav,MarisaKay_UCmbl501gsP9eqUL33daWNQ_NUPyCP5B56g,763059,770579,7520
MarisaKay_UCmbl501gsP9eqUL33daWNQ_NUPyCP5B56g_770755_782235.wav,MarisaKay_UCmbl501gsP9eqUL33daWNQ_NUPyCP5B56g,770755,782235,11480
MarisaKay_UCmbl501gsP9eqUL33daWNQ_NUPyCP5B56g_782563_785971.wav,MarisaKay_UCmbl501gsP9eqUL33daWNQ_NUPyCP5B56g,782563,785971,3408
MarisaKay_UCmbl501gsP9eqUL33daWNQ_NUPyCP5B56g_786323_790523.wav,MarisaKay_UCmbl501gsP9eqUL33daWNQ_NUPyCP5B56g,786323,790523,4200
MarisaKay_UCmbl501gsP9eqUL33daWNQ_NUPyCP5B56g_790899_798331.wav,MarisaKay_UCmbl501gsP9eqUL33daWNQ_NUPyCP5B56g,790899,798331,7432
MarisaKay_UCmbl501gsP9eqUL33daWNQ_NUPyCP5B56g_798635_813455.wav,MarisaKay_UCmbl501gsP9eqUL33daWNQ_NUPyCP5B56g,798635,813455,14820
MarisaKay_UCmbl501gsP9eqUL33daWNQ_NUPyCP5B56g_813599_818081.wav,MarisaKay_UCmbl501gsP9eqUL33daWNQ_NUPyCP5B56g,813599,818081,4482
MarisaKay_UCmbl501gsP9eqUL33daWNQ_NUPyCP5B56g_818201_819937.wav,MarisaKay_UCmbl501gsP9eqUL33daWNQ_NUPyCP5B56g,818201,819937,1736
MarisaKay_UCmbl501gsP9eqUL33daWNQ_NUPyCP5B56g_820041_823665.wav,MarisaKay_UCmbl501gsP9eqUL33daWNQ_NUPyCP5B56g,820041,823665,3624
MarisaKay_UCmbl501gsP9eqUL33daWNQ_NUPyCP5B56g_823777_833363.wav,MarisaKay_UCmbl501gsP9eqUL33daWNQ_NUPyCP5B56g,823777,833363,9586
MarisaKay_UCmbl501gsP9eqUL33daWNQ_NUPyCP5B56g_833683_842619.wav,MarisaKay_UCmbl501gsP9eqUL33daWNQ_NUPyCP5B56g,833683,842619,8936
MarisaKay_UCmbl501gsP9eqUL33daWNQ_NUPyCP5B56g_842803_845675.wav,MarisaKay_UCmbl501gsP9eqUL33daWNQ_NUPyCP5B56g,842803,845675,2872
MarisaKay_UCmbl501gsP9eqUL33daWNQ_NUPyCP5B56g_845819_847339.wav,MarisaKay_UCmbl501gsP9eqUL33daWNQ_NUPyCP5B56g,845819,847339,1520
MarisaKay_UCmbl501gsP9eqUL33daWNQ_NUPyCP5B56g_847451_861347.wav,MarisaKay_UCmbl501gsP9eqUL33daWNQ_NUPyCP5B56g,847451,861347,13896
MarisaKay_UCmbl501gsP9eqUL33daWNQ_NUPyCP5B56g_861667_863411.wav,MarisaKay_UCmbl501gsP9eqUL33daWNQ_NUPyCP5B56g,861667,863411,1744
MarisaKay_UCmbl501gsP9eqUL33daWNQ_NUPyCP5B56g_863579_865203.wav,MarisaKay_UCmbl501gsP9eqUL33daWNQ_NUPyCP5B56g,863579,865203,1624
MarisaKay_UCmbl501gsP9eqUL33daWNQ_NUPyCP5B56g_865371_871747.wav,MarisaKay_UCmbl501gsP9eqUL33daWNQ_NUPyCP5B56g,865371,871747,6376
MarisaKay_UCmbl501gsP9eqUL33daWNQ_NUPyCP5B56g_875107_875907.wav,MarisaKay_UCmbl501gsP9eqUL33daWNQ_NUPyCP5B56g,875107,875907,800
MarisaKay_UCmbl501gsP9eqUL33daWNQ_NUPyCP5B56g_876371_879051.wav,MarisaKay_UCmbl501gsP9eqUL33daWNQ_NUPyCP5B56g,876371,879051,2680
MarisaKay_UCmbl501gsP9eqUL33daWNQ_NUPyCP5B56g_879795_881300.wav,MarisaKay_UCmbl501gsP9eqUL33daWNQ_NUPyCP5B56g,879795,881300,1505
MarisaKay_UCmbl501gsP9eqUL33daWNQ_NUPyCP5B56g_881444_895012.wav,MarisaKay_UCmbl501gsP9eqUL33daWNQ_NUPyCP5B56g,881444,895012,13568
MarisaKay_UCmbl501gsP9eqUL33daWNQ_NUPyCP5B56g_895300_897620.wav,MarisaKay_UCmbl501gsP9eqUL33daWNQ_NUPyCP5B56g,895300,897620,2320
MarisaKay_UCmbl501gsP9eqUL33daWNQ_NUPyCP5B56g_897764_905485.wav,MarisaKay_UCmbl501gsP9eqUL33daWNQ_NUPyCP5B56g,897764,905485,7721
MarisaKay_UCmbl501gsP9eqUL33daWNQ_NUPyCP5B56g_905645_918231.wav,MarisaKay_UCmbl501gsP9eqUL33daWNQ_NUPyCP5B56g,905645,918231,12586
MarisaKay_UCmbl501gsP9eqUL33daWNQ_NUPyCP5B56g_918471_935792.wav,MarisaKay_UCmbl501gsP9eqUL33daWNQ_NUPyCP5B56g,918471,935792,17321
MarisaKay_UCmbl501gsP9eqUL33daWNQ_NUPyCP5B56g_935880_940777.wav,MarisaKay_UCmbl501gsP9eqUL33daWNQ_NUPyCP5B56g,935880,940777,4897
MarisaKay_UCmbl501gsP9eqUL33daWNQ_NUPyCP5B56g_940953_945002.wav,MarisaKay_UCmbl501gsP9eqUL33daWNQ_NUPyCP5B56g,940953,945002,4049
MarisaKay_UCmbl501gsP9eqUL33daWNQ_NUPyCP5B56g_945170_946226.wav,MarisaKay_UCmbl501gsP9eqUL33daWNQ_NUPyCP5B56g,945170,946226,1056
MarisaKay_UCmbl501gsP9eqUL33daWNQ_NUPyCP5B56g_946378_946819.wav,MarisaKay_UCmbl501gsP9eqUL33daWNQ_NUPyCP5B56g,946378,946819,441
MarisaKay_UCmbl501gsP9eqUL33daWNQ_NUPyCP5B56g_946907_960739.wav,MarisaKay_UCmbl501gsP9eqUL33daWNQ_NUPyCP5B56g,946907,960739,13832
MarisaKay_UCmbl501gsP9eqUL33daWNQ_NUPyCP5B56g_960835_964467.wav,MarisaKay_UCmbl501gsP9eqUL33daWNQ_NUPyCP5B56g,960835,964467,3632
MarisaKay_UCmbl501gsP9eqUL33daWNQ_NUPyCP5B56g_964875_969547.wav,MarisaKay_UCmbl501gsP9eqUL33daWNQ_NUPyCP5B56g,964875,969547,4672
MarisaKay_UCmbl501gsP9eqUL33daWNQ_NUPyCP5B56g_970059_974355.wav,MarisaKay_UCmbl501gsP9eqUL33daWNQ_NUPyCP5B56g,970059,974355,4296
MarisaKay_UCmbl501gsP9eqUL33daWNQ_NUPyCP5B56g_974675_981939.wav,MarisaKay_UCmbl501gsP9eqUL33daWNQ_NUPyCP5B56g,974675,981939,7264
MarisaKay_UCmbl501gsP9eqUL33daWNQ_NUPyCP5B56g_982203_992347.wav,MarisaKay_UCmbl501gsP9eqUL33daWNQ_NUPyCP5B56g,982203,992347,10144
MarisaKay_UCmbl501gsP9eqUL33daWNQ_NUPyCP5B56g_992867_1004244.wav,MarisaKay_UCmbl501gsP9eqUL33daWNQ_NUPyCP5B56g,992867,1004244,11377
MarisaKay_UCmbl501gsP9eqUL33daWNQ_NUPyCP5B56g_1004372_1009828.wav,MarisaKay_UCmbl501gsP9eqUL33daWNQ_NUPyCP5B56g,1004372,1009828,5456
MarisaKay_UCmbl501gsP9eqUL33daWNQ_NUPyCP5B56g_1009932_1010628.wav,MarisaKay_UCmbl501gsP9eqUL33daWNQ_NUPyCP5B56g,1009932,1010628,696
MarisaKay_UCmbl501gsP9eqUL33daWNQ_NUPyCP5B56g_1010732_1014501.wav,MarisaKay_UCmbl501gsP9eqUL33daWNQ_NUPyCP5B56g,1010732,1014501,3769
MarisaKay_UCmbl501gsP9eqUL33daWNQ_NUPyCP5B56g_1014605_1015687.wav,MarisaKay_UCmbl501gsP9eqUL33daWNQ_NUPyCP5B56g,1014605,1015687,1082
MarisaKay_UCmbl501gsP9eqUL33daWNQ_NUPyCP5B56g_1015855_1020697.wav,MarisaKay_UCmbl501gsP9eqUL33daWNQ_NUPyCP5B56g,1015855,1020697,4842
MarisaKay_UCmbl501gsP9eqUL33daWNQ_NUPyCP5B56g_1020801_1033081.wav,MarisaKay_UCmbl501gsP9eqUL33daWNQ_NUPyCP5B56g,1020801,1033081,12280
MarisaKay_UCmbl501gsP9eqUL33daWNQ_NUPyCP5B56g_1033185_1041803.wav,MarisaKay_UCmbl501gsP9eqUL33daWNQ_NUPyCP5B56g,1033185,1041803,8618
MarisaKay_UCmbl501gsP9eqUL33daWNQ_NUPyCP5B56g_1042075_1047583.wav,MarisaKay_UCmbl501gsP9eqUL33daWNQ_NUPyCP5B56g,1042075,1047583,5508
MarisaKay_UCmbl501gsP9eqUL33daWNQ_NUPyCP5B56g_1047703_1061323.wav,MarisaKay_UCmbl501gsP9eqUL33daWNQ_NUPyCP5B56g,1047703,1061323,13620
MarisaKay_UCmbl501gsP9eqUL33daWNQ_NUPyCP5B56g_1061643_1064891.wav,MarisaKay_UCmbl501gsP9eqUL33daWNQ_NUPyCP5B56g,1061643,1064891,3248
MarisaKay_UCmbl501gsP9eqUL33daWNQ_NUPyCP5B56g_1065395_1069687.wav,MarisaKay_UCmbl501gsP9eqUL33daWNQ_NUPyCP5B56g,1065395,1069687,4292
MarisaKay_UCmbl501gsP9eqUL33daWNQ_NUPyCP5B56g_1069815_1075643.wav,MarisaKay_UCmbl501gsP9eqUL33daWNQ_NUPyCP5B56g,1069815,1075643,5828
MarisaKay_UCmbl501gsP9eqUL33daWNQ_NUPyCP5B56g_1075979_1077331.wav,MarisaKay_UCmbl501gsP9eqUL33daWNQ_NUPyCP5B56g,1075979,1077331,1352
MarisaKay_UCmbl501gsP9eqUL33daWNQ_NUPyCP5B56g_1077515_1088355.wav,MarisaKay_UCmbl501gsP9eqUL33daWNQ_NUPyCP5B56g,1077515,1088355,10840
MarisaKay_UCmbl501gsP9eqUL33daWNQ_NUPyCP5B56g_1088515_1092172.wav,MarisaKay_UCmbl501gsP9eqUL33daWNQ_NUPyCP5B56g,1088515,1092172,3657
MarisaKay_UCmbl501gsP9eqUL33daWNQ_NUPyCP5B56g_1092276_1105125.wav,MarisaKay_UCmbl501gsP9eqUL33daWNQ_NUPyCP5B56g,1092276,1105125,12849
MarisaKay_UCmbl501gsP9eqUL33daWNQ_NUPyCP5B56g_1105269_1108247.wav,MarisaKay_UCmbl501gsP9eqUL33daWNQ_NUPyCP5B56g,1105269,1108247,2978
MarisaKay_UCmbl501gsP9eqUL33daWNQ_NUPyCP5B56g_1108495_1110747.wav,MarisaKay_UCmbl501gsP9eqUL33daWNQ_NUPyCP5B56g,1108495,1110747,2252
MarisaKay_UCmbl501gsP9eqUL33daWNQ_NUPyCP5B56g_1111075_1114719.wav,MarisaKay_UCmbl501gsP9eqUL33daWNQ_NUPyCP5B56g,1111075,1114719,3644
MarisaKay_UCmbl501gsP9eqUL33daWNQ_NUPyCP5B56g_1114823_1127391.wav,MarisaKay_UCmbl501gsP9eqUL33daWNQ_NUPyCP5B56g,1114823,1127391,12568
MarisaKay_UCmbl501gsP9eqUL33daWNQ_NUPyCP5B56g_1127503_1127807.wav,MarisaKay_UCmbl501gsP9eqUL33daWNQ_NUPyCP5B56g,1127503,1127807,304
MarisaKay_UCmbl501gsP9eqUL33daWNQ_NUPyCP5B56g_1127919_1136847.wav,MarisaKay_UCmbl501gsP9eqUL33daWNQ_NUPyCP5B56g,1127919,1136847,8928
MarisaKay_UCmbl501gsP9eqUL33daWNQ_NUPyCP5B56g_1136959_1141331.wav,MarisaKay_UCmbl501gsP9eqUL33daWNQ_NUPyCP5B56g,1136959,1141331,4372
MarisaKay_UCmbl501gsP9eqUL33daWNQ_NUPyCP5B56g_1141819_1151085.wav,MarisaKay_UCmbl501gsP9eqUL33daWNQ_NUPyCP5B56g,1141819,1151085,9266
MarisaKay_UCmbl501gsP9eqUL33daWNQ_NUPyCP5B56g_1151205_1159663.wav,MarisaKay_UCmbl501gsP9eqUL33daWNQ_NUPyCP5B56g,1151205,1159663,8458
MarisaKay_UCmbl501gsP9eqUL33daWNQ_NUPyCP5B56g_1159823_1172615.wav,MarisaKay_UCmbl501gsP9eqUL33daWNQ_NUPyCP5B56g,1159823,1172615,12792
MarisaKay_UCmbl501gsP9eqUL33daWNQ_NUPyCP5B56g_1172743_1179791.wav,MarisaKay_UCmbl501gsP9eqUL33daWNQ_NUPyCP5B56g,1172743,1179791,7048
MarisaKay_UCmbl501gsP9eqUL33daWNQ_NUPyCP5B56g_1179951_1190063.wav,MarisaKay_UCmbl501gsP9eqUL33daWNQ_NUPyCP5B56g,1179951,1190063,10112
MarisaKay_UCmbl501gsP9eqUL33daWNQ_NUPyCP5B56g_1190295_1192623.wav,MarisaKay_UCmbl501gsP9eqUL33daWNQ_NUPyCP5B56g,1190295,1192623,2328
MarisaKay_UCmbl501gsP9eqUL33daWNQ_NUPyCP5B56g_1192775_1193359.wav,MarisaKay_UCmbl501gsP9eqUL33daWNQ_NUPyCP5B56g,1192775,1193359,584
MarisaKay_UCmbl501gsP9eqUL33daWNQ_NUPyCP5B56g_1193735_1195963.wav,MarisaKay_UCmbl501gsP9eqUL33daWNQ_NUPyCP5B56g,1193735,1195963,2228
MarisaKay_UCmbl501gsP9eqUL33daWNQ_NUPyCP5B56g_1196227_1202831.wav,MarisaKay_UCmbl501gsP9eqUL33daWNQ_NUPyCP5B56g,1196227,1202831,6604
MarisaKay_UCmbl501gsP9eqUL33daWNQ_NUPyCP5B56g_1202999_1203851.wav,MarisaKay_UCmbl501gsP9eqUL33daWNQ_NUPyCP5B56g,1202999,1203851,852
MarisaKay_UCmbl501gsP9eqUL33daWNQ_NUPyCP5B56g_1204219_1219043.wav,MarisaKay_UCmbl501gsP9eqUL33daWNQ_NUPyCP5B56g,1204219,1219043,14824
MarisaKay_UCmbl501gsP9eqUL33daWNQ_NUPyCP5B56g_1219211_1221171.wav,MarisaKay_UCmbl501gsP9eqUL33daWNQ_NUPyCP5B56g,1219211,1221171,1960
MarisaKay_UCmbl501gsP9eqUL33daWNQ_NUPyCP5B56g_1221331_1227907.wav,MarisaKay_UCmbl501gsP9eqUL33daWNQ_NUPyCP5B56g,1221331,1227907,6576
MarisaKay_UCmbl501gsP9eqUL33daWNQ_NUPyCP5B56g_1228195_1231431.wav,MarisaKay_UCmbl501gsP9eqUL33daWNQ_NUPyCP5B56g,1228195,1231431,3236
MarisaKay_UCmbl501gsP9eqUL33daWNQ_NUPyCP5B56g_1231775_1235491.wav,MarisaKay_UCmbl501gsP9eqUL33daWNQ_NUPyCP5B56g,1231775,1235491,3716
MarisaKay_UCmbl501gsP9eqUL33daWNQ_NUPyCP5B56g_1235835_1248468.wav,MarisaKay_UCmbl501gsP9eqUL33daWNQ_NUPyCP5B56g,1235835,1248468,12633
MarisaKay_UCmbl501gsP9eqUL33daWNQ_NUPyCP5B56g_1248588_1259684.wav,MarisaKay_UCmbl501gsP9eqUL33daWNQ_NUPyCP5B56g,1248588,1259684,11096
MarisaKay_UCmbl501gsP9eqUL33daWNQ_NUPyCP5B56g_1259804_1270789.wav,MarisaKay_UCmbl501gsP9eqUL33daWNQ_NUPyCP5B56g,1259804,1270789,10985
MarisaKay_UCmbl501gsP9eqUL33daWNQ_NUPyCP5B56g_1270973_1275079.wav,MarisaKay_UCmbl501gsP9eqUL33daWNQ_NUPyCP5B56g,1270973,1275079,4106
MarisaKay_UCmbl501gsP9eqUL33daWNQ_NUPyCP5B56g_1275559_1282983.wav,MarisaKay_UCmbl501gsP9eqUL33daWNQ_NUPyCP5B56g,1275559,1282983,7424
MarisaKay_UCmbl501gsP9eqUL33daWNQ_NUPyCP5B56g_1283143_1284975.wav,MarisaKay_UCmbl501gsP9eqUL33daWNQ_NUPyCP5B56g,1283143,1284975,1832
MarisaKay_UCmbl501gsP9eqUL33daWNQ_NUPyCP5B56g_1285287_1289307.wav,MarisaKay_UCmbl501gsP9eqUL33daWNQ_NUPyCP5B56g,1285287,1289307,4020
MarisaKay_UCmbl501gsP9eqUL33daWNQ_NUPyCP5B56g_1289603_1297987.wav,MarisaKay_UCmbl501gsP9eqUL33daWNQ_NUPyCP5B56g,1289603,1297987,8384
MarisaKay_UCmbl501gsP9eqUL33daWNQ_NUPyCP5B56g_1298251_1302683.wav,MarisaKay_UCmbl501gsP9eqUL33daWNQ_NUPyCP5B56g,1298251,1302683,4432
MarisaKay_UCmbl501gsP9eqUL33daWNQ_NUPyCP5B56g_1302939_1307039.wav,MarisaKay_UCmbl501gsP9eqUL33daWNQ_NUPyCP5B56g,1302939,1307039,4100
MarisaKay_UCmbl501gsP9eqUL33daWNQ_NUPyCP5B56g_1307407_1318256.wav,MarisaKay_UCmbl501gsP9eqUL33daWNQ_NUPyCP5B56g,1307407,1318256,10849
MarisaKay_UCmbl501gsP9eqUL33daWNQ_NUPyCP5B56g_1318616_1333553.wav,MarisaKay_UCmbl501gsP9eqUL33daWNQ_NUPyCP5B56g,1318616,1333553,14937
MarisaKay_UCmbl501gsP9eqUL33daWNQ_NUPyCP5B56g_1333705_1336603.wav,MarisaKay_UCmbl501gsP9eqUL33daWNQ_NUPyCP5B56g,1333705,1336603,2898
MarisaKay_UCmbl501gsP9eqUL33daWNQ_NUPyCP5B56g_1336987_1343543.wav,MarisaKay_UCmbl501gsP9eqUL33daWNQ_NUPyCP5B56g,1336987,1343543,6556
MarisaKay_UCmbl501gsP9eqUL33daWNQ_NUPyCP5B56g_1343679_1348843.wav,MarisaKay_UCmbl501gsP9eqUL33daWNQ_NUPyCP5B56g,1343679,1348843,5164
MarisaKay_UCmbl501gsP9eqUL33daWNQ_NUPyCP5B56g_1349163_1354779.wav,MarisaKay_UCmbl501gsP9eqUL33daWNQ_NUPyCP5B56g,1349163,1354779,5616
MarisaKay_UCmbl501gsP9eqUL33daWNQ_NUPyCP5B56g_1355195_1361203.wav,MarisaKay_UCmbl501gsP9eqUL33daWNQ_NUPyCP5B56g,1355195,1361203,6008
MarisaKay_UCmbl501gsP9eqUL33daWNQ_NUPyCP5B56g_1361483_1376403.wav,MarisaKay_UCmbl501gsP9eqUL33daWNQ_NUPyCP5B56g,1361483,1376403,14920
MarisaKay_UCmbl501gsP9eqUL33daWNQ_NUPyCP5B56g_1376499_1385283.wav,MarisaKay_UCmbl501gsP9eqUL33daWNQ_NUPyCP5B56g,1376499,1385283,8784
MarisaKay_UCmbl501gsP9eqUL33daWNQ_NUPyCP5B56g_1385547_1397083.wav,MarisaKay_UCmbl501gsP9eqUL33daWNQ_NUPyCP5B56g,1385547,1397083,11536
MarisaKay_UCmbl501gsP9eqUL33daWNQ_NUPyCP5B56g_1397283_1402715.wav,MarisaKay_UCmbl501gsP9eqUL33daWNQ_NUPyCP5B56g,1397283,1402715,5432
MarisaKay_UCmbl501gsP9eqUL33daWNQ_NUPyCP5B56g_1403027_1414847.wav,MarisaKay_UCmbl501gsP9eqUL33daWNQ_NUPyCP5B56g,1403027,1414847,11820
MarisaKay_UCmbl501gsP9eqUL33daWNQ_NUPyCP5B56g_1415095_1425033.wav,MarisaKay_UCmbl501gsP9eqUL33daWNQ_NUPyCP5B56g,1415095,1425033,9938
MarisaKay_UCmbl501gsP9eqUL33daWNQ_NUPyCP5B56g_1425161_1427963.wav,MarisaKay_UCmbl501gsP9eqUL33daWNQ_NUPyCP5B56g,1425161,1427963,2802
MarisaKay_UCmbl501gsP9eqUL33daWNQ_NUPyCP5B56g_1428307_1431221.wav,MarisaKay_UCmbl501gsP9eqUL33daWNQ_NUPyCP5B56g,1428307,1431221,2914
MarisaKay_UCmbl501gsP9eqUL33daWNQ_NUPyCP5B56g_1431445_1432342.wav,MarisaKay_UCmbl501gsP9eqUL33daWNQ_NUPyCP5B56g,1431445,1432342,897
MarisaKay_UCmbl501gsP9eqUL33daWNQ_NUPyCP5B56g_1432518_1441599.wav,MarisaKay_UCmbl501gsP9eqUL33daWNQ_NUPyCP5B56g,1432518,1441599,9081
MarisaKay_UCmbl501gsP9eqUL33daWNQ_NUPyCP5B56g_1441767_1445663.wav,MarisaKay_UCmbl501gsP9eqUL33daWNQ_NUPyCP5B56g,1441767,1445663,3896
MarisaKay_UCmbl501gsP9eqUL33daWNQ_NUPyCP5B56g_1446023_1449539.wav,MarisaKay_UCmbl501gsP9eqUL33daWNQ_NUPyCP5B56g,1446023,1449539,3516
MarisaKay_UCmbl501gsP9eqUL33daWNQ_NUPyCP5B56g_1449915_1457495.wav,MarisaKay_UCmbl501gsP9eqUL33daWNQ_NUPyCP5B56g,1449915,1457495,7580
MarisaKay_UCmbl501gsP9eqUL33daWNQ_NUPyCP5B56g_1457679_1458491.wav,MarisaKay_UCmbl501gsP9eqUL33daWNQ_NUPyCP5B56g,1457679,1458491,812
MarisaKay_UCmbl501gsP9eqUL33daWNQ_NUPyCP5B56g_1458771_1470067.wav,MarisaKay_UCmbl501gsP9eqUL33daWNQ_NUPyCP5B56g,1458771,1470067,11296
MarisaKay_UCmbl501gsP9eqUL33daWNQ_NUPyCP5B56g_1470667_1472611.wav,MarisaKay_UCmbl501gsP9eqUL33daWNQ_NUPyCP5B56g,1470667,1472611,1944
MarisaKay_UCmbl501gsP9eqUL33daWNQ_NUPyCP5B56g_1473171_1475763.wav,MarisaKay_UCmbl501gsP9eqUL33daWNQ_NUPyCP5B56g,1473171,1475763,2592
MarisaKay_UCmbl501gsP9eqUL33daWNQ_NUPyCP5B56g_1476147_1481063.wav,MarisaKay_UCmbl501gsP9eqUL33daWNQ_NUPyCP5B56g,1476147,1481063,4916
MarisaKay_UCmbl501gsP9eqUL33daWNQ_NUPyCP5B56g_1481207_1486323.wav,MarisaKay_UCmbl501gsP9eqUL33daWNQ_NUPyCP5B56g,1481207,1486323,5116
MarisaKay_UCmbl501gsP9eqUL33daWNQ_NUPyCP5B56g_1486595_1493815.wav,MarisaKay_UCmbl501gsP9eqUL33daWNQ_NUPyCP5B56g,1486595,1493815,7220
MarisaKay_UCmbl501gsP9eqUL33daWNQ_NUPyCP5B56g_1494031_1497011.wav,MarisaKay_UCmbl501gsP9eqUL33daWNQ_NUPyCP5B56g,1494031,1497011,2980
MarisaKay_UCmbl501gsP9eqUL33daWNQ_NUPyCP5B56g_1497515_1512419.wav,MarisaKay_UCmbl501gsP9eqUL33daWNQ_NUPyCP5B56g,1497515,1512419,14904
MarisaKay_UCmbl501gsP9eqUL33daWNQ_NUPyCP5B56g_1512875_1517259.wav,MarisaKay_UCmbl501gsP9eqUL33daWNQ_NUPyCP5B56g,1512875,1517259,4384
MarisaKay_UCmbl501gsP9eqUL33daWNQ_NUPyCP5B56g_1517547_1520831.wav,MarisaKay_UCmbl501gsP9eqUL33daWNQ_NUPyCP5B56g,1517547,1520831,3284
MarisaKay_UCmbl501gsP9eqUL33daWNQ_NUPyCP5B56g_1520991_1528099.wav,MarisaKay_UCmbl501gsP9eqUL33daWNQ_NUPyCP5B56g,1520991,1528099,7108
MarisaKay_UCmbl501gsP9eqUL33daWNQ_NUPyCP5B56g_1528699_1531875.wav,MarisaKay_UCmbl501gsP9eqUL33daWNQ_NUPyCP5B56g,1528699,1531875,3176
MarisaKay_UCmbl501gsP9eqUL33daWNQ_NUPyCP5B56g_1532259_1533771.wav,MarisaKay_UCmbl501gsP9eqUL33daWNQ_NUPyCP5B56g,1532259,1533771,1512
MarisaKay_UCmbl501gsP9eqUL33daWNQ_NUPyCP5B56g_1534075_1542115.wav,MarisaKay_UCmbl501gsP9eqUL33daWNQ_NUPyCP5B56g,1534075,1542115,8040
MarisaKay_UCmbl501gsP9eqUL33daWNQ_NUPyCP5B56g_1542627_1546599.wav,MarisaKay_UCmbl501gsP9eqUL33daWNQ_NUPyCP5B56g,1542627,1546599,3972
MarisaKay_UCmbl501gsP9eqUL33daWNQ_NUPyCP5B56g_1546751_1548785.wav,MarisaKay_UCmbl501gsP9eqUL33daWNQ_NUPyCP5B56g,1546751,1548785,2034
MarisaKay_UCmbl501gsP9eqUL33daWNQ_NUPyCP5B56g_1548937_1562602.wav,MarisaKay_UCmbl501gsP9eqUL33daWNQ_NUPyCP5B56g,1548937,1562602,13665
MarisaKay_UCmbl501gsP9eqUL33daWNQ_NUPyCP5B56g_1562746_1568251.wav,MarisaKay_UCmbl501gsP9eqUL33daWNQ_NUPyCP5B56g,1562746,1568251,5505
MarisaKay_UCmbl501gsP9eqUL33daWNQ_NUPyCP5B56g_1568507_1568891.wav,MarisaKay_UCmbl501gsP9eqUL33daWNQ_NUPyCP5B56g,1568507,1568891,384
MarisaKay_UCmbl501gsP9eqUL33daWNQ_NUPyCP5B56g_1569219_1574403.wav,MarisaKay_UCmbl501gsP9eqUL33daWNQ_NUPyCP5B56g,1569219,1574403,5184
MarisaKay_UCmbl501gsP9eqUL33daWNQ_NUPyCP5B56g_1574875_1581811.wav,MarisaKay_UCmbl501gsP9eqUL33daWNQ_NUPyCP5B56g,1574875,1581811,6936
MarisaKay_UCmbl501gsP9eqUL33daWNQ_NUPyCP5B56g_1582267_1584315.wav,MarisaKay_UCmbl501gsP9eqUL33daWNQ_NUPyCP5B56g,1582267,1584315,2048
MarisaKay_UCmbl501gsP9eqUL33daWNQ_NUPyCP5B56g_1584491_1590659.wav,MarisaKay_UCmbl501gsP9eqUL33daWNQ_NUPyCP5B56g,1584491,1590659,6168
MarisaKay_UCmbl501gsP9eqUL33daWNQ_NUPyCP5B56g_1590795_1595715.wav,MarisaKay_UCmbl501gsP9eqUL33daWNQ_NUPyCP5B56g,1590795,1595715,4920
MarisaKay_UCmbl501gsP9eqUL33daWNQ_NUPyCP5B56g_1596027_1598531.wav,MarisaKay_UCmbl501gsP9eqUL33daWNQ_NUPyCP5B56g,1596027,1598531,2504
MarisaKay_UCmbl501gsP9eqUL33daWNQ_NUPyCP5B56g_1598835_1605267.wav,MarisaKay_UCmbl501gsP9eqUL33daWNQ_NUPyCP5B56g,1598835,1605267,6432
MarisaKay_UCmbl501gsP9eqUL33daWNQ_NUPyCP5B56g_1605355_1605659.wav,MarisaKay_UCmbl501gsP9eqUL33daWNQ_NUPyCP5B56g,1605355,1605659,304
MarisaKay_UCmbl501gsP9eqUL33daWNQ_NUPyCP5B56g_1605747_1616555.wav,MarisaKay_UCmbl501gsP9eqUL33daWNQ_NUPyCP5B56g,1605747,1616555,10808
MarisaKay_UCmbl501gsP9eqUL33daWNQ_NUPyCP5B56g_1616947_1620551.wav,MarisaKay_UCmbl501gsP9eqUL33daWNQ_NUPyCP5B56g,1616947,1620551,3604
MarisaKay_UCmbl501gsP9eqUL33daWNQ_NUPyCP5B56g_1620695_1628531.wav,MarisaKay_UCmbl501gsP9eqUL33daWNQ_NUPyCP5B56g,1620695,1628531,7836
MarisaKay_UCmbl501gsP9eqUL33daWNQ_NUPyCP5B56g_1628787_1629355.wav,MarisaKay_UCmbl501gsP9eqUL33daWNQ_NUPyCP5B56g,1628787,1629355,568
MarisaKay_UCmbl501gsP9eqUL33daWNQ_NUPyCP5B56g_1629651_1635691.wav,MarisaKay_UCmbl501gsP9eqUL33daWNQ_NUPyCP5B56g,1629651,1635691,6040
MarisaKay_UCmbl501gsP9eqUL33daWNQ_NUPyCP5B56g_1636027_1641403.wav,MarisaKay_UCmbl501gsP9eqUL33daWNQ_NUPyCP5B56g,1636027,1641403,5376
MarisaKay_UCmbl501gsP9eqUL33daWNQ_NUPyCP5B56g_1641755_1642819.wav,MarisaKay_UCmbl501gsP9eqUL33daWNQ_NUPyCP5B56g,1641755,1642819,1064
MarisaKay_UCmbl501gsP9eqUL33daWNQ_NUPyCP5B56g_1643163_1647339.wav,MarisaKay_UCmbl501gsP9eqUL33daWNQ_NUPyCP5B56g,1643163,1647339,4176
MarisaKay_UCmbl501gsP9eqUL33daWNQ_NUPyCP5B56g_1647667_1662779.wav,MarisaKay_UCmbl501gsP9eqUL33daWNQ_NUPyCP5B56g,1647667,1662779,15112
MarisaKay_UCmbl501gsP9eqUL33daWNQ_NUPyCP5B56g_1662875_1663467.wav,MarisaKay_UCmbl501gsP9eqUL33daWNQ_NUPyCP5B56g,1662875,1663467,592
MarisaKay_UCmbl501gsP9eqUL33daWNQ_NUPyCP5B56g_1663739_1667243.wav,MarisaKay_UCmbl501gsP9eqUL33daWNQ_NUPyCP5B56g,1663739,1667243,3504
MarisaKay_UCmbl501gsP9eqUL33daWNQ_NUPyCP5B56g_1667547_1670499.wav,MarisaKay_UCmbl501gsP9eqUL33daWNQ_NUPyCP5B56g,1667547,1670499,2952
MarisaKay_UCmbl501gsP9eqUL33daWNQ_NUPyCP5B56g_1670987_1679203.wav,MarisaKay_UCmbl501gsP9eqUL33daWNQ_NUPyCP5B56g,1670987,1679203,8216
MarisaKay_UCmbl501gsP9eqUL33daWNQ_NUPyCP5B56g_1679363_1684707.wav,MarisaKay_UCmbl501gsP9eqUL33daWNQ_NUPyCP5B56g,1679363,1684707,5344
MarisaKay_UCmbl501gsP9eqUL33daWNQ_NUPyCP5B56g_1684963_1690771.wav,MarisaKay_UCmbl501gsP9eqUL33daWNQ_NUPyCP5B56g,1684963,1690771,5808
MarisaKay_UCmbl501gsP9eqUL33daWNQ_NUPyCP5B56g_1691107_1701471.wav,MarisaKay_UCmbl501gsP9eqUL33daWNQ_NUPyCP5B56g,1691107,1701471,10364
MarisaKay_UCmbl501gsP9eqUL33daWNQ_NUPyCP5B56g_1701615_1702819.wav,MarisaKay_UCmbl501gsP9eqUL33daWNQ_NUPyCP5B56g,1701615,1702819,1204
MarisaKay_UCmbl501gsP9eqUL33daWNQ_NUPyCP5B56g_1703259_1714759.wav,MarisaKay_UCmbl501gsP9eqUL33daWNQ_NUPyCP5B56g,1703259,1714759,11500
MarisaKay_UCmbl501gsP9eqUL33daWNQ_NUPyCP5B56g_1714887_1719619.wav,MarisaKay_UCmbl501gsP9eqUL33daWNQ_NUPyCP5B56g,1714887,1719619,4732
MarisaKay_UCmbl501gsP9eqUL33daWNQ_NUPyCP5B56g_1719915_1721407.wav,MarisaKay_UCmbl501gsP9eqUL33daWNQ_NUPyCP5B56g,1719915,1721407,1492
MarisaKay_UCmbl501gsP9eqUL33daWNQ_NUPyCP5B56g_1721567_1728627.wav,MarisaKay_UCmbl501gsP9eqUL33daWNQ_NUPyCP5B56g,1721567,1728627,7060
MarisaKay_UCmbl501gsP9eqUL33daWNQ_NUPyCP5B56g_1729043_1742461.wav,MarisaKay_UCmbl501gsP9eqUL33daWNQ_NUPyCP5B56g,1729043,1742461,13418
MarisaKay_UCmbl501gsP9eqUL33daWNQ_NUPyCP5B56g_1742565_1746421.wav,MarisaKay_UCmbl501gsP9eqUL33daWNQ_NUPyCP5B56g,1742565,1746421,3856
MarisaKay_UCmbl501gsP9eqUL33daWNQ_NUPyCP5B56g_1746533_1752703.wav,MarisaKay_UCmbl501gsP9eqUL33daWNQ_NUPyCP5B56g,1746533,1752703,6170
MarisaKay_UCmbl501gsP9eqUL33daWNQ_NUPyCP5B56g_1752815_1756375.wav,MarisaKay_UCmbl501gsP9eqUL33daWNQ_NUPyCP5B56g,1752815,1756375,3560
MarisaKay_UCmbl501gsP9eqUL33daWNQ_NUPyCP5B56g_1756479_1769647.wav,MarisaKay_UCmbl501gsP9eqUL33daWNQ_NUPyCP5B56g,1756479,1769647,13168
MarisaKay_UCmbl501gsP9eqUL33daWNQ_NUPyCP5B56g_1769751_1771995.wav,MarisaKay_UCmbl501gsP9eqUL33daWNQ_NUPyCP5B56g,1769751,1771995,2244
MarisaKay_UCmbl501gsP9eqUL33daWNQ_NUPyCP5B56g_1772123_1781531.wav,MarisaKay_UCmbl501gsP9eqUL33daWNQ_NUPyCP5B56g,1772123,1781531,9408
MarisaKay_UCmbl501gsP9eqUL33daWNQ_NUPyCP5B56g_1781683_1792363.wav,MarisaKay_UCmbl501gsP9eqUL33daWNQ_NUPyCP5B56g,1781683,1792363,10680
MarisaKay_UCmbl501gsP9eqUL33daWNQ_NUPyCP5B56g_1792547_1796027.wav,MarisaKay_UCmbl501gsP9eqUL33daWNQ_NUPyCP5B56g,1792547,1796027,3480
MarisaKay_UCmbl501gsP9eqUL33daWNQ_NUPyCP5B56g_1796179_1799943.wav,MarisaKay_UCmbl501gsP9eqUL33daWNQ_NUPyCP5B56g,1796179,1799943,3764
MarisaKay_UCmbl501gsP9eqUL33daWNQ_NUPyCP5B56g_1800111_1805667.wav,MarisaKay_UCmbl501gsP9eqUL33daWNQ_NUPyCP5B56g,1800111,1805667,5556
MarisaKay_UCmbl501gsP9eqUL33daWNQ_NUPyCP5B56g_1805819_1807603.wav,MarisaKay_UCmbl501gsP9eqUL33daWNQ_NUPyCP5B56g,1805819,1807603,1784
MarisaKay_UCmbl501gsP9eqUL33daWNQ_NUPyCP5B56g_1807867_1808439.wav,MarisaKay_UCmbl501gsP9eqUL33daWNQ_NUPyCP5B56g,1807867,1808439,572
