filename,video_id,start_time,end_time,duration
CaiPingsJournal_UCvh8pTObWkavxkfWJabOUoQ_zeR4FxjvQMs_514_5838.wav,CaiPingsJournal_UCvh8pTObWkavxkfWJabOUoQ_zeR4FxjvQMs,514,5838,5324
CaiPingsJournal_UCvh8pTObWkavxkfWJabOUoQ_zeR4FxjvQMs_5958_10286.wav,CaiPingsJournal_UCvh8pTObWkavxkfWJabOUoQ_zeR4FxjvQMs,5958,10286,4328
CaiPingsJournal_UCvh8pTObWkavxkfWJabOUoQ_zeR4FxjvQMs_10462_11158.wav,CaiPingsJournal_UCvh8pTObWkavxkfWJabOUoQ_zeR4FxjvQMs,10462,11158,696
CaiPingsJournal_UCvh8pTObWkavxkfWJabOUoQ_zeR4FxjvQMs_11286_13014.wav,CaiPingsJournal_UCvh8pTObWkavxkfWJabOUoQ_zeR4FxjvQMs,11286,13014,1728
CaiPingsJournal_UCvh8pTObWkavxkfWJabOUoQ_zeR4FxjvQMs_13246_13666.wav,CaiPingsJournal_UCvh8pTObWkavxkfWJabOUoQ_zeR4FxjvQMs,13246,13666,420
CaiPingsJournal_UCvh8pTObWkavxkfWJabOUoQ_zeR4FxjvQMs_13994_15170.wav,CaiPingsJournal_UCvh8pTObWkavxkfWJabOUoQ_zeR4FxjvQMs,13994,15170,1176
CaiPingsJournal_UCvh8pTObWkavxkfWJabOUoQ_zeR4FxjvQMs_15442_16282.wav,CaiPingsJournal_UCvh8pTObWkavxkfWJabOUoQ_zeR4FxjvQMs,15442,16282,840
CaiPingsJournal_UCvh8pTObWkavxkfWJabOUoQ_zeR4FxjvQMs_16554_19178.wav,CaiPingsJournal_UCvh8pTObWkavxkfWJabOUoQ_zeR4FxjvQMs,16554,19178,2624
CaiPingsJournal_UCvh8pTObWkavxkfWJabOUoQ_zeR4FxjvQMs_19498_24542.wav,CaiPingsJournal_UCvh8pTObWkavxkfWJabOUoQ_zeR4FxjvQMs,19498,24542,5044
CaiPingsJournal_UCvh8pTObWkavxkfWJabOUoQ_zeR4FxjvQMs_24686_28118.wav,CaiPingsJournal_UCvh8pTObWkavxkfWJabOUoQ_zeR4FxjvQMs,24686,28118,3432
CaiPingsJournal_UCvh8pTObWkavxkfWJabOUoQ_zeR4FxjvQMs_28278_32250.wav,CaiPingsJournal_UCvh8pTObWkavxkfWJabOUoQ_zeR4FxjvQMs,28278,32250,3972
CaiPingsJournal_UCvh8pTObWkavxkfWJabOUoQ_zeR4FxjvQMs_32546_36482.wav,CaiPingsJournal_UCvh8pTObWkavxkfWJabOUoQ_zeR4FxjvQMs,32546,36482,3936
CaiPingsJournal_UCvh8pTObWkavxkfWJabOUoQ_zeR4FxjvQMs_36906_40082.wav,CaiPingsJournal_UCvh8pTObWkavxkfWJabOUoQ_zeR4FxjvQMs,36906,40082,3176
CaiPingsJournal_UCvh8pTObWkavxkfWJabOUoQ_zeR4FxjvQMs_40490_40594.wav,CaiPingsJournal_UCvh8pTObWkavxkfWJabOUoQ_zeR4FxjvQMs,40490,40594,104
CaiPingsJournal_UCvh8pTObWkavxkfWJabOUoQ_zeR4FxjvQMs_40938_42586.wav,CaiPingsJournal_UCvh8pTObWkavxkfWJabOUoQ_zeR4FxjvQMs,40938,42586,1648
CaiPingsJournal_UCvh8pTObWkavxkfWJabOUoQ_zeR4FxjvQMs_42706_48994.wav,CaiPingsJournal_UCvh8pTObWkavxkfWJabOUoQ_zeR4FxjvQMs,42706,48994,6288
CaiPingsJournal_UCvh8pTObWkavxkfWJabOUoQ_zeR4FxjvQMs_49170_49298.wav,CaiPingsJournal_UCvh8pTObWkavxkfWJabOUoQ_zeR4FxjvQMs,49170,49298,128
CaiPingsJournal_UCvh8pTObWkavxkfWJabOUoQ_zeR4FxjvQMs_49474_55386.wav,CaiPingsJournal_UCvh8pTObWkavxkfWJabOUoQ_zeR4FxjvQMs,49474,55386,5912
CaiPingsJournal_UCvh8pTObWkavxkfWJabOUoQ_zeR4FxjvQMs_55954_60006.wav,CaiPingsJournal_UCvh8pTObWkavxkfWJabOUoQ_zeR4FxjvQMs,55954,60006,4052
CaiPingsJournal_UCvh8pTObWkavxkfWJabOUoQ_zeR4FxjvQMs_60158_65830.wav,CaiPingsJournal_UCvh8pTObWkavxkfWJabOUoQ_zeR4FxjvQMs,60158,65830,5672
CaiPingsJournal_UCvh8pTObWkavxkfWJabOUoQ_zeR4FxjvQMs_65934_67738.wav,CaiPingsJournal_UCvh8pTObWkavxkfWJabOUoQ_zeR4FxjvQMs,65934,67738,1804
CaiPingsJournal_UCvh8pTObWkavxkfWJabOUoQ_zeR4FxjvQMs_68130_69610.wav,CaiPingsJournal_UCvh8pTObWkavxkfWJabOUoQ_zeR4FxjvQMs,68130,69610,1480
CaiPingsJournal_UCvh8pTObWkavxkfWJabOUoQ_zeR4FxjvQMs_69842_75042.wav,CaiPingsJournal_UCvh8pTObWkavxkfWJabOUoQ_zeR4FxjvQMs,69842,75042,5200
CaiPingsJournal_UCvh8pTObWkavxkfWJabOUoQ_zeR4FxjvQMs_75154_78882.wav,CaiPingsJournal_UCvh8pTObWkavxkfWJabOUoQ_zeR4FxjvQMs,75154,78882,3728
CaiPingsJournal_UCvh8pTObWkavxkfWJabOUoQ_zeR4FxjvQMs_79298_87274.wav,CaiPingsJournal_UCvh8pTObWkavxkfWJabOUoQ_zeR4FxjvQMs,79298,87274,7976
CaiPingsJournal_UCvh8pTObWkavxkfWJabOUoQ_zeR4FxjvQMs_87714_92146.wav,CaiPingsJournal_UCvh8pTObWkavxkfWJabOUoQ_zeR4FxjvQMs,87714,92146,4432
CaiPingsJournal_UCvh8pTObWkavxkfWJabOUoQ_zeR4FxjvQMs_92570_94794.wav,CaiPingsJournal_UCvh8pTObWkavxkfWJabOUoQ_zeR4FxjvQMs,92570,94794,2224
CaiPingsJournal_UCvh8pTObWkavxkfWJabOUoQ_zeR4FxjvQMs_95386_102682.wav,CaiPingsJournal_UCvh8pTObWkavxkfWJabOUoQ_zeR4FxjvQMs,95386,102682,7296
CaiPingsJournal_UCvh8pTObWkavxkfWJabOUoQ_zeR4FxjvQMs_103482_105258.wav,CaiPingsJournal_UCvh8pTObWkavxkfWJabOUoQ_zeR4FxjvQMs,103482,105258,1776
CaiPingsJournal_UCvh8pTObWkavxkfWJabOUoQ_zeR4FxjvQMs_105586_106290.wav,CaiPingsJournal_UCvh8pTObWkavxkfWJabOUoQ_zeR4FxjvQMs,105586,106290,704
CaiPingsJournal_UCvh8pTObWkavxkfWJabOUoQ_zeR4FxjvQMs_106650_111814.wav,CaiPingsJournal_UCvh8pTObWkavxkfWJabOUoQ_zeR4FxjvQMs,106650,111814,5164
CaiPingsJournal_UCvh8pTObWkavxkfWJabOUoQ_zeR4FxjvQMs_112262_117846.wav,CaiPingsJournal_UCvh8pTObWkavxkfWJabOUoQ_zeR4FxjvQMs,112262,117846,5584
CaiPingsJournal_UCvh8pTObWkavxkfWJabOUoQ_zeR4FxjvQMs_118054_119522.wav,CaiPingsJournal_UCvh8pTObWkavxkfWJabOUoQ_zeR4FxjvQMs,118054,119522,1468
CaiPingsJournal_UCvh8pTObWkavxkfWJabOUoQ_zeR4FxjvQMs_119810_120714.wav,CaiPingsJournal_UCvh8pTObWkavxkfWJabOUoQ_zeR4FxjvQMs,119810,120714,904
CaiPingsJournal_UCvh8pTObWkavxkfWJabOUoQ_zeR4FxjvQMs_121346_122908.wav,CaiPingsJournal_UCvh8pTObWkavxkfWJabOUoQ_zeR4FxjvQMs,121346,122908,1562
CaiPingsJournal_UCvh8pTObWkavxkfWJabOUoQ_zeR4FxjvQMs_123356_131806.wav,CaiPingsJournal_UCvh8pTObWkavxkfWJabOUoQ_zeR4FxjvQMs,123356,131806,8450
CaiPingsJournal_UCvh8pTObWkavxkfWJabOUoQ_zeR4FxjvQMs_131910_137230.wav,CaiPingsJournal_UCvh8pTObWkavxkfWJabOUoQ_zeR4FxjvQMs,131910,137230,5320
CaiPingsJournal_UCvh8pTObWkavxkfWJabOUoQ_zeR4FxjvQMs_137406_146778.wav,CaiPingsJournal_UCvh8pTObWkavxkfWJabOUoQ_zeR4FxjvQMs,137406,146778,9372
CaiPingsJournal_UCvh8pTObWkavxkfWJabOUoQ_zeR4FxjvQMs_147666_147974.wav,CaiPingsJournal_UCvh8pTObWkavxkfWJabOUoQ_zeR4FxjvQMs,147666,147974,308
CaiPingsJournal_UCvh8pTObWkavxkfWJabOUoQ_zeR4FxjvQMs_148142_149214.wav,CaiPingsJournal_UCvh8pTObWkavxkfWJabOUoQ_zeR4FxjvQMs,148142,149214,1072
CaiPingsJournal_UCvh8pTObWkavxkfWJabOUoQ_zeR4FxjvQMs_149334_152102.wav,CaiPingsJournal_UCvh8pTObWkavxkfWJabOUoQ_zeR4FxjvQMs,149334,152102,2768
CaiPingsJournal_UCvh8pTObWkavxkfWJabOUoQ_zeR4FxjvQMs_152262_154206.wav,CaiPingsJournal_UCvh8pTObWkavxkfWJabOUoQ_zeR4FxjvQMs,152262,154206,1944
CaiPingsJournal_UCvh8pTObWkavxkfWJabOUoQ_zeR4FxjvQMs_154358_158518.wav,CaiPingsJournal_UCvh8pTObWkavxkfWJabOUoQ_zeR4FxjvQMs,154358,158518,4160
CaiPingsJournal_UCvh8pTObWkavxkfWJabOUoQ_zeR4FxjvQMs_158750_163094.wav,CaiPingsJournal_UCvh8pTObWkavxkfWJabOUoQ_zeR4FxjvQMs,158750,163094,4344
CaiPingsJournal_UCvh8pTObWkavxkfWJabOUoQ_zeR4FxjvQMs_163738_172858.wav,CaiPingsJournal_UCvh8pTObWkavxkfWJabOUoQ_zeR4FxjvQMs,163738,172858,9120
CaiPingsJournal_UCvh8pTObWkavxkfWJabOUoQ_zeR4FxjvQMs_173322_173614.wav,CaiPingsJournal_UCvh8pTObWkavxkfWJabOUoQ_zeR4FxjvQMs,173322,173614,292
CaiPingsJournal_UCvh8pTObWkavxkfWJabOUoQ_zeR4FxjvQMs_173790_175526.wav,CaiPingsJournal_UCvh8pTObWkavxkfWJabOUoQ_zeR4FxjvQMs,173790,175526,1736
CaiPingsJournal_UCvh8pTObWkavxkfWJabOUoQ_zeR4FxjvQMs_175638_178726.wav,CaiPingsJournal_UCvh8pTObWkavxkfWJabOUoQ_zeR4FxjvQMs,175638,178726,3088
CaiPingsJournal_UCvh8pTObWkavxkfWJabOUoQ_zeR4FxjvQMs_178950_180798.wav,CaiPingsJournal_UCvh8pTObWkavxkfWJabOUoQ_zeR4FxjvQMs,178950,180798,1848
CaiPingsJournal_UCvh8pTObWkavxkfWJabOUoQ_zeR4FxjvQMs_180950_185802.wav,CaiPingsJournal_UCvh8pTObWkavxkfWJabOUoQ_zeR4FxjvQMs,180950,185802,4852
CaiPingsJournal_UCvh8pTObWkavxkfWJabOUoQ_zeR4FxjvQMs_186178_191918.wav,CaiPingsJournal_UCvh8pTObWkavxkfWJabOUoQ_zeR4FxjvQMs,186178,191918,5740
CaiPingsJournal_UCvh8pTObWkavxkfWJabOUoQ_zeR4FxjvQMs_192030_200622.wav,CaiPingsJournal_UCvh8pTObWkavxkfWJabOUoQ_zeR4FxjvQMs,192030,200622,8592
CaiPingsJournal_UCvh8pTObWkavxkfWJabOUoQ_zeR4FxjvQMs_200798_209634.wav,CaiPingsJournal_UCvh8pTObWkavxkfWJabOUoQ_zeR4FxjvQMs,200798,209634,8836
CaiPingsJournal_UCvh8pTObWkavxkfWJabOUoQ_zeR4FxjvQMs_210202_210434.wav,CaiPingsJournal_UCvh8pTObWkavxkfWJabOUoQ_zeR4FxjvQMs,210202,210434,232
CaiPingsJournal_UCvh8pTObWkavxkfWJabOUoQ_zeR4FxjvQMs_210626_212978.wav,CaiPingsJournal_UCvh8pTObWkavxkfWJabOUoQ_zeR4FxjvQMs,210626,212978,2352
CaiPingsJournal_UCvh8pTObWkavxkfWJabOUoQ_zeR4FxjvQMs_213226_217762.wav,CaiPingsJournal_UCvh8pTObWkavxkfWJabOUoQ_zeR4FxjvQMs,213226,217762,4536
CaiPingsJournal_UCvh8pTObWkavxkfWJabOUoQ_zeR4FxjvQMs_218154_218546.wav,CaiPingsJournal_UCvh8pTObWkavxkfWJabOUoQ_zeR4FxjvQMs,218154,218546,392
CaiPingsJournal_UCvh8pTObWkavxkfWJabOUoQ_zeR4FxjvQMs_218754_221706.wav,CaiPingsJournal_UCvh8pTObWkavxkfWJabOUoQ_zeR4FxjvQMs,218754,221706,2952
CaiPingsJournal_UCvh8pTObWkavxkfWJabOUoQ_zeR4FxjvQMs_221994_229658.wav,CaiPingsJournal_UCvh8pTObWkavxkfWJabOUoQ_zeR4FxjvQMs,221994,229658,7664
CaiPingsJournal_UCvh8pTObWkavxkfWJabOUoQ_zeR4FxjvQMs_229866_230666.wav,CaiPingsJournal_UCvh8pTObWkavxkfWJabOUoQ_zeR4FxjvQMs,229866,230666,800
CaiPingsJournal_UCvh8pTObWkavxkfWJabOUoQ_zeR4FxjvQMs_230994_233282.wav,CaiPingsJournal_UCvh8pTObWkavxkfWJabOUoQ_zeR4FxjvQMs,230994,233282,2288
CaiPingsJournal_UCvh8pTObWkavxkfWJabOUoQ_zeR4FxjvQMs_233554_238578.wav,CaiPingsJournal_UCvh8pTObWkavxkfWJabOUoQ_zeR4FxjvQMs,233554,238578,5024
CaiPingsJournal_UCvh8pTObWkavxkfWJabOUoQ_zeR4FxjvQMs_238882_239834.wav,CaiPingsJournal_UCvh8pTObWkavxkfWJabOUoQ_zeR4FxjvQMs,238882,239834,952
CaiPingsJournal_UCvh8pTObWkavxkfWJabOUoQ_zeR4FxjvQMs_240050_243430.wav,CaiPingsJournal_UCvh8pTObWkavxkfWJabOUoQ_zeR4FxjvQMs,240050,243430,3380
CaiPingsJournal_UCvh8pTObWkavxkfWJabOUoQ_zeR4FxjvQMs_243678_247166.wav,CaiPingsJournal_UCvh8pTObWkavxkfWJabOUoQ_zeR4FxjvQMs,243678,247166,3488
CaiPingsJournal_UCvh8pTObWkavxkfWJabOUoQ_zeR4FxjvQMs_247334_253598.wav,CaiPingsJournal_UCvh8pTObWkavxkfWJabOUoQ_zeR4FxjvQMs,247334,253598,6264
CaiPingsJournal_UCvh8pTObWkavxkfWJabOUoQ_zeR4FxjvQMs_253758_258474.wav,CaiPingsJournal_UCvh8pTObWkavxkfWJabOUoQ_zeR4FxjvQMs,253758,258474,4716
CaiPingsJournal_UCvh8pTObWkavxkfWJabOUoQ_zeR4FxjvQMs_258594_263258.wav,CaiPingsJournal_UCvh8pTObWkavxkfWJabOUoQ_zeR4FxjvQMs,258594,263258,4664
CaiPingsJournal_UCvh8pTObWkavxkfWJabOUoQ_zeR4FxjvQMs_263418_264978.wav,CaiPingsJournal_UCvh8pTObWkavxkfWJabOUoQ_zeR4FxjvQMs,263418,264978,1560
CaiPingsJournal_UCvh8pTObWkavxkfWJabOUoQ_zeR4FxjvQMs_265098_266922.wav,CaiPingsJournal_UCvh8pTObWkavxkfWJabOUoQ_zeR4FxjvQMs,265098,266922,1824
CaiPingsJournal_UCvh8pTObWkavxkfWJabOUoQ_zeR4FxjvQMs_267434_268986.wav,CaiPingsJournal_UCvh8pTObWkavxkfWJabOUoQ_zeR4FxjvQMs,267434,268986,1552
CaiPingsJournal_UCvh8pTObWkavxkfWJabOUoQ_zeR4FxjvQMs_269858_273474.wav,CaiPingsJournal_UCvh8pTObWkavxkfWJabOUoQ_zeR4FxjvQMs,269858,273474,3616
CaiPingsJournal_UCvh8pTObWkavxkfWJabOUoQ_zeR4FxjvQMs_273658_278074.wav,CaiPingsJournal_UCvh8pTObWkavxkfWJabOUoQ_zeR4FxjvQMs,273658,278074,4416
CaiPingsJournal_UCvh8pTObWkavxkfWJabOUoQ_zeR4FxjvQMs_278306_287018.wav,CaiPingsJournal_UCvh8pTObWkavxkfWJabOUoQ_zeR4FxjvQMs,278306,287018,8712
CaiPingsJournal_UCvh8pTObWkavxkfWJabOUoQ_zeR4FxjvQMs_287138_291746.wav,CaiPingsJournal_UCvh8pTObWkavxkfWJabOUoQ_zeR4FxjvQMs,287138,291746,4608
CaiPingsJournal_UCvh8pTObWkavxkfWJabOUoQ_zeR4FxjvQMs_292258_293986.wav,CaiPingsJournal_UCvh8pTObWkavxkfWJabOUoQ_zeR4FxjvQMs,292258,293986,1728
CaiPingsJournal_UCvh8pTObWkavxkfWJabOUoQ_zeR4FxjvQMs_294106_299342.wav,CaiPingsJournal_UCvh8pTObWkavxkfWJabOUoQ_zeR4FxjvQMs,294106,299342,5236
CaiPingsJournal_UCvh8pTObWkavxkfWJabOUoQ_zeR4FxjvQMs_299734_305578.wav,CaiPingsJournal_UCvh8pTObWkavxkfWJabOUoQ_zeR4FxjvQMs,299734,305578,5844
CaiPingsJournal_UCvh8pTObWkavxkfWJabOUoQ_zeR4FxjvQMs_305690_310082.wav,CaiPingsJournal_UCvh8pTObWkavxkfWJabOUoQ_zeR4FxjvQMs,305690,310082,4392
CaiPingsJournal_UCvh8pTObWkavxkfWJabOUoQ_zeR4FxjvQMs_310194_314826.wav,CaiPingsJournal_UCvh8pTObWkavxkfWJabOUoQ_zeR4FxjvQMs,310194,314826,4632
CaiPingsJournal_UCvh8pTObWkavxkfWJabOUoQ_zeR4FxjvQMs_315146_317206.wav,CaiPingsJournal_UCvh8pTObWkavxkfWJabOUoQ_zeR4FxjvQMs,315146,317206,2060
CaiPingsJournal_UCvh8pTObWkavxkfWJabOUoQ_zeR4FxjvQMs_317334_318030.wav,CaiPingsJournal_UCvh8pTObWkavxkfWJabOUoQ_zeR4FxjvQMs,317334,318030,696
CaiPingsJournal_UCvh8pTObWkavxkfWJabOUoQ_zeR4FxjvQMs_318142_326134.wav,CaiPingsJournal_UCvh8pTObWkavxkfWJabOUoQ_zeR4FxjvQMs,318142,326134,7992
CaiPingsJournal_UCvh8pTObWkavxkfWJabOUoQ_zeR4FxjvQMs_326318_328958.wav,CaiPingsJournal_UCvh8pTObWkavxkfWJabOUoQ_zeR4FxjvQMs,326318,328958,2640
CaiPingsJournal_UCvh8pTObWkavxkfWJabOUoQ_zeR4FxjvQMs_329238_333598.wav,CaiPingsJournal_UCvh8pTObWkavxkfWJabOUoQ_zeR4FxjvQMs,329238,333598,4360
CaiPingsJournal_UCvh8pTObWkavxkfWJabOUoQ_zeR4FxjvQMs_333758_343110.wav,CaiPingsJournal_UCvh8pTObWkavxkfWJabOUoQ_zeR4FxjvQMs,333758,343110,9352
CaiPingsJournal_UCvh8pTObWkavxkfWJabOUoQ_zeR4FxjvQMs_343318_344182.wav,CaiPingsJournal_UCvh8pTObWkavxkfWJabOUoQ_zeR4FxjvQMs,343318,344182,864
CaiPingsJournal_UCvh8pTObWkavxkfWJabOUoQ_zeR4FxjvQMs_344350_344686.wav,CaiPingsJournal_UCvh8pTObWkavxkfWJabOUoQ_zeR4FxjvQMs,344350,344686,336
CaiPingsJournal_UCvh8pTObWkavxkfWJabOUoQ_zeR4FxjvQMs_344926_345890.wav,CaiPingsJournal_UCvh8pTObWkavxkfWJabOUoQ_zeR4FxjvQMs,344926,345890,964
CaiPingsJournal_UCvh8pTObWkavxkfWJabOUoQ_zeR4FxjvQMs_346402_349414.wav,CaiPingsJournal_UCvh8pTObWkavxkfWJabOUoQ_zeR4FxjvQMs,346402,349414,3012
CaiPingsJournal_UCvh8pTObWkavxkfWJabOUoQ_zeR4FxjvQMs_349654_350054.wav,CaiPingsJournal_UCvh8pTObWkavxkfWJabOUoQ_zeR4FxjvQMs,349654,350054,400
CaiPingsJournal_UCvh8pTObWkavxkfWJabOUoQ_zeR4FxjvQMs_350190_358846.wav,CaiPingsJournal_UCvh8pTObWkavxkfWJabOUoQ_zeR4FxjvQMs,350190,358846,8656
CaiPingsJournal_UCvh8pTObWkavxkfWJabOUoQ_zeR4FxjvQMs_358974_360222.wav,CaiPingsJournal_UCvh8pTObWkavxkfWJabOUoQ_zeR4FxjvQMs,358974,360222,1248
CaiPingsJournal_UCvh8pTObWkavxkfWJabOUoQ_zeR4FxjvQMs_360414_363958.wav,CaiPingsJournal_UCvh8pTObWkavxkfWJabOUoQ_zeR4FxjvQMs,360414,363958,3544
CaiPingsJournal_UCvh8pTObWkavxkfWJabOUoQ_zeR4FxjvQMs_364094_364272.wav,CaiPingsJournal_UCvh8pTObWkavxkfWJabOUoQ_zeR4FxjvQMs,364094,364272,178
CaiPingsJournal_UCvh8pTObWkavxkfWJabOUoQ_zeR4FxjvQMs_364480_366265.wav,CaiPingsJournal_UCvh8pTObWkavxkfWJabOUoQ_zeR4FxjvQMs,364480,366265,1785
CaiPingsJournal_UCvh8pTObWkavxkfWJabOUoQ_zeR4FxjvQMs_366529_373369.wav,CaiPingsJournal_UCvh8pTObWkavxkfWJabOUoQ_zeR4FxjvQMs,366529,373369,6840
CaiPingsJournal_UCvh8pTObWkavxkfWJabOUoQ_zeR4FxjvQMs_373953_377730.wav,CaiPingsJournal_UCvh8pTObWkavxkfWJabOUoQ_zeR4FxjvQMs,373953,377730,3777
CaiPingsJournal_UCvh8pTObWkavxkfWJabOUoQ_zeR4FxjvQMs_377882_378150.wav,CaiPingsJournal_UCvh8pTObWkavxkfWJabOUoQ_zeR4FxjvQMs,377882,378150,268
CaiPingsJournal_UCvh8pTObWkavxkfWJabOUoQ_zeR4FxjvQMs_378262_378966.wav,CaiPingsJournal_UCvh8pTObWkavxkfWJabOUoQ_zeR4FxjvQMs,378262,378966,704
CaiPingsJournal_UCvh8pTObWkavxkfWJabOUoQ_zeR4FxjvQMs_379214_382958.wav,CaiPingsJournal_UCvh8pTObWkavxkfWJabOUoQ_zeR4FxjvQMs,379214,382958,3744
CaiPingsJournal_UCvh8pTObWkavxkfWJabOUoQ_zeR4FxjvQMs_383094_391350.wav,CaiPingsJournal_UCvh8pTObWkavxkfWJabOUoQ_zeR4FxjvQMs,383094,391350,8256
CaiPingsJournal_UCvh8pTObWkavxkfWJabOUoQ_zeR4FxjvQMs_391486_396614.wav,CaiPingsJournal_UCvh8pTObWkavxkfWJabOUoQ_zeR4FxjvQMs,391486,396614,5128
CaiPingsJournal_UCvh8pTObWkavxkfWJabOUoQ_zeR4FxjvQMs_396774_397758.wav,CaiPingsJournal_UCvh8pTObWkavxkfWJabOUoQ_zeR4FxjvQMs,396774,397758,984
CaiPingsJournal_UCvh8pTObWkavxkfWJabOUoQ_zeR4FxjvQMs_397862_402038.wav,CaiPingsJournal_UCvh8pTObWkavxkfWJabOUoQ_zeR4FxjvQMs,397862,402038,4176
CaiPingsJournal_UCvh8pTObWkavxkfWJabOUoQ_zeR4FxjvQMs_402190_409550.wav,CaiPingsJournal_UCvh8pTObWkavxkfWJabOUoQ_zeR4FxjvQMs,402190,409550,7360
CaiPingsJournal_UCvh8pTObWkavxkfWJabOUoQ_zeR4FxjvQMs_409718_414258.wav,CaiPingsJournal_UCvh8pTObWkavxkfWJabOUoQ_zeR4FxjvQMs,409718,414258,4540
CaiPingsJournal_UCvh8pTObWkavxkfWJabOUoQ_zeR4FxjvQMs_414442_420990.wav,CaiPingsJournal_UCvh8pTObWkavxkfWJabOUoQ_zeR4FxjvQMs,414442,420990,6548
CaiPingsJournal_UCvh8pTObWkavxkfWJabOUoQ_zeR4FxjvQMs_421166_425366.wav,CaiPingsJournal_UCvh8pTObWkavxkfWJabOUoQ_zeR4FxjvQMs,421166,425366,4200
CaiPingsJournal_UCvh8pTObWkavxkfWJabOUoQ_zeR4FxjvQMs_425558_427502.wav,CaiPingsJournal_UCvh8pTObWkavxkfWJabOUoQ_zeR4FxjvQMs,425558,427502,1944
CaiPingsJournal_UCvh8pTObWkavxkfWJabOUoQ_zeR4FxjvQMs_427606_434170.wav,CaiPingsJournal_UCvh8pTObWkavxkfWJabOUoQ_zeR4FxjvQMs,427606,434170,6564
CaiPingsJournal_UCvh8pTObWkavxkfWJabOUoQ_zeR4FxjvQMs_434538_436322.wav,CaiPingsJournal_UCvh8pTObWkavxkfWJabOUoQ_zeR4FxjvQMs,434538,436322,1784
CaiPingsJournal_UCvh8pTObWkavxkfWJabOUoQ_zeR4FxjvQMs_436682_437050.wav,CaiPingsJournal_UCvh8pTObWkavxkfWJabOUoQ_zeR4FxjvQMs,436682,437050,368
CaiPingsJournal_UCvh8pTObWkavxkfWJabOUoQ_zeR4FxjvQMs_437498_439482.wav,CaiPingsJournal_UCvh8pTObWkavxkfWJabOUoQ_zeR4FxjvQMs,437498,439482,1984
CaiPingsJournal_UCvh8pTObWkavxkfWJabOUoQ_zeR4FxjvQMs_439746_447146.wav,CaiPingsJournal_UCvh8pTObWkavxkfWJabOUoQ_zeR4FxjvQMs,439746,447146,7400
CaiPingsJournal_UCvh8pTObWkavxkfWJabOUoQ_zeR4FxjvQMs_447314_457026.wav,CaiPingsJournal_UCvh8pTObWkavxkfWJabOUoQ_zeR4FxjvQMs,447314,457026,9712
CaiPingsJournal_UCvh8pTObWkavxkfWJabOUoQ_zeR4FxjvQMs_457226_459266.wav,CaiPingsJournal_UCvh8pTObWkavxkfWJabOUoQ_zeR4FxjvQMs,457226,459266,2040
CaiPingsJournal_UCvh8pTObWkavxkfWJabOUoQ_zeR4FxjvQMs_459418_463778.wav,CaiPingsJournal_UCvh8pTObWkavxkfWJabOUoQ_zeR4FxjvQMs,459418,463778,4360
CaiPingsJournal_UCvh8pTObWkavxkfWJabOUoQ_zeR4FxjvQMs_463882_464154.wav,CaiPingsJournal_UCvh8pTObWkavxkfWJabOUoQ_zeR4FxjvQMs,463882,464154,272
CaiPingsJournal_UCvh8pTObWkavxkfWJabOUoQ_zeR4FxjvQMs_464274_469826.wav,CaiPingsJournal_UCvh8pTObWkavxkfWJabOUoQ_zeR4FxjvQMs,464274,469826,5552
CaiPingsJournal_UCvh8pTObWkavxkfWJabOUoQ_zeR4FxjvQMs_470946_471622.wav,CaiPingsJournal_UCvh8pTObWkavxkfWJabOUoQ_zeR4FxjvQMs,470946,471622,676
CaiPingsJournal_UCvh8pTObWkavxkfWJabOUoQ_zeR4FxjvQMs_471774_476398.wav,CaiPingsJournal_UCvh8pTObWkavxkfWJabOUoQ_zeR4FxjvQMs,471774,476398,4624
CaiPingsJournal_UCvh8pTObWkavxkfWJabOUoQ_zeR4FxjvQMs_476614_476894.wav,CaiPingsJournal_UCvh8pTObWkavxkfWJabOUoQ_zeR4FxjvQMs,476614,476894,280
CaiPingsJournal_UCvh8pTObWkavxkfWJabOUoQ_zeR4FxjvQMs_477054_486630.wav,CaiPingsJournal_UCvh8pTObWkavxkfWJabOUoQ_zeR4FxjvQMs,477054,486630,9576
CaiPingsJournal_UCvh8pTObWkavxkfWJabOUoQ_zeR4FxjvQMs_487070_490271.wav,CaiPingsJournal_UCvh8pTObWkavxkfWJabOUoQ_zeR4FxjvQMs,487070,490271,3201
CaiPingsJournal_UCvh8pTObWkavxkfWJabOUoQ_zeR4FxjvQMs_490559_494192.wav,CaiPingsJournal_UCvh8pTObWkavxkfWJabOUoQ_zeR4FxjvQMs,490559,494192,3633
CaiPingsJournal_UCvh8pTObWkavxkfWJabOUoQ_zeR4FxjvQMs_494504_499210.wav,CaiPingsJournal_UCvh8pTObWkavxkfWJabOUoQ_zeR4FxjvQMs,494504,499210,4706
CaiPingsJournal_UCvh8pTObWkavxkfWJabOUoQ_zeR4FxjvQMs_499490_508082.wav,CaiPingsJournal_UCvh8pTObWkavxkfWJabOUoQ_zeR4FxjvQMs,499490,508082,8592
CaiPingsJournal_UCvh8pTObWkavxkfWJabOUoQ_zeR4FxjvQMs_508378_510570.wav,CaiPingsJournal_UCvh8pTObWkavxkfWJabOUoQ_zeR4FxjvQMs,508378,510570,2192
CaiPingsJournal_UCvh8pTObWkavxkfWJabOUoQ_zeR4FxjvQMs_510770_511258.wav,CaiPingsJournal_UCvh8pTObWkavxkfWJabOUoQ_zeR4FxjvQMs,510770,511258,488
CaiPingsJournal_UCvh8pTObWkavxkfWJabOUoQ_zeR4FxjvQMs_511434_514058.wav,CaiPingsJournal_UCvh8pTObWkavxkfWJabOUoQ_zeR4FxjvQMs,511434,514058,2624
CaiPingsJournal_UCvh8pTObWkavxkfWJabOUoQ_zeR4FxjvQMs_514170_514530.wav,CaiPingsJournal_UCvh8pTObWkavxkfWJabOUoQ_zeR4FxjvQMs,514170,514530,360
CaiPingsJournal_UCvh8pTObWkavxkfWJabOUoQ_zeR4FxjvQMs_514834_516618.wav,CaiPingsJournal_UCvh8pTObWkavxkfWJabOUoQ_zeR4FxjvQMs,514834,516618,1784
CaiPingsJournal_UCvh8pTObWkavxkfWJabOUoQ_zeR4FxjvQMs_517218_519834.wav,CaiPingsJournal_UCvh8pTObWkavxkfWJabOUoQ_zeR4FxjvQMs,517218,519834,2616
CaiPingsJournal_UCvh8pTObWkavxkfWJabOUoQ_zeR4FxjvQMs_520130_523338.wav,CaiPingsJournal_UCvh8pTObWkavxkfWJabOUoQ_zeR4FxjvQMs,520130,523338,3208
CaiPingsJournal_UCvh8pTObWkavxkfWJabOUoQ_zeR4FxjvQMs_523634_524602.wav,CaiPingsJournal_UCvh8pTObWkavxkfWJabOUoQ_zeR4FxjvQMs,523634,524602,968
CaiPingsJournal_UCvh8pTObWkavxkfWJabOUoQ_zeR4FxjvQMs_525466_535266.wav,CaiPingsJournal_UCvh8pTObWkavxkfWJabOUoQ_zeR4FxjvQMs,525466,535266,9800
CaiPingsJournal_UCvh8pTObWkavxkfWJabOUoQ_zeR4FxjvQMs_535690_536538.wav,CaiPingsJournal_UCvh8pTObWkavxkfWJabOUoQ_zeR4FxjvQMs,535690,536538,848
CaiPingsJournal_UCvh8pTObWkavxkfWJabOUoQ_zeR4FxjvQMs_537106_537378.wav,CaiPingsJournal_UCvh8pTObWkavxkfWJabOUoQ_zeR4FxjvQMs,537106,537378,272
CaiPingsJournal_UCvh8pTObWkavxkfWJabOUoQ_zeR4FxjvQMs_538322_544686.wav,CaiPingsJournal_UCvh8pTObWkavxkfWJabOUoQ_zeR4FxjvQMs,538322,544686,6364
CaiPingsJournal_UCvh8pTObWkavxkfWJabOUoQ_zeR4FxjvQMs_544846_549240.wav,CaiPingsJournal_UCvh8pTObWkavxkfWJabOUoQ_zeR4FxjvQMs,544846,549240,4394
CaiPingsJournal_UCvh8pTObWkavxkfWJabOUoQ_zeR4FxjvQMs_549392_553384.wav,CaiPingsJournal_UCvh8pTObWkavxkfWJabOUoQ_zeR4FxjvQMs,549392,553384,3992
CaiPingsJournal_UCvh8pTObWkavxkfWJabOUoQ_zeR4FxjvQMs_553568_555490.wav,CaiPingsJournal_UCvh8pTObWkavxkfWJabOUoQ_zeR4FxjvQMs,553568,555490,1922
CaiPingsJournal_UCvh8pTObWkavxkfWJabOUoQ_zeR4FxjvQMs_555746_557370.wav,CaiPingsJournal_UCvh8pTObWkavxkfWJabOUoQ_zeR4FxjvQMs,555746,557370,1624
CaiPingsJournal_UCvh8pTObWkavxkfWJabOUoQ_zeR4FxjvQMs_557562_560514.wav,CaiPingsJournal_UCvh8pTObWkavxkfWJabOUoQ_zeR4FxjvQMs,557562,560514,2952
CaiPingsJournal_UCvh8pTObWkavxkfWJabOUoQ_zeR4FxjvQMs_560666_570658.wav,CaiPingsJournal_UCvh8pTObWkavxkfWJabOUoQ_zeR4FxjvQMs,560666,570658,9992
CaiPingsJournal_UCvh8pTObWkavxkfWJabOUoQ_zeR4FxjvQMs_571874_572586.wav,CaiPingsJournal_UCvh8pTObWkavxkfWJabOUoQ_zeR4FxjvQMs,571874,572586,712
CaiPingsJournal_UCvh8pTObWkavxkfWJabOUoQ_zeR4FxjvQMs_572930_582274.wav,CaiPingsJournal_UCvh8pTObWkavxkfWJabOUoQ_zeR4FxjvQMs,572930,582274,9344
CaiPingsJournal_UCvh8pTObWkavxkfWJabOUoQ_zeR4FxjvQMs_582386_589018.wav,CaiPingsJournal_UCvh8pTObWkavxkfWJabOUoQ_zeR4FxjvQMs,582386,589018,6632
CaiPingsJournal_UCvh8pTObWkavxkfWJabOUoQ_zeR4FxjvQMs_589170_591170.wav,CaiPingsJournal_UCvh8pTObWkavxkfWJabOUoQ_zeR4FxjvQMs,589170,591170,2000
CaiPingsJournal_UCvh8pTObWkavxkfWJabOUoQ_zeR4FxjvQMs_591442_599460.wav,CaiPingsJournal_UCvh8pTObWkavxkfWJabOUoQ_zeR4FxjvQMs,591442,599460,8018
CaiPingsJournal_UCvh8pTObWkavxkfWJabOUoQ_zeR4FxjvQMs_599660_602902.wav,CaiPingsJournal_UCvh8pTObWkavxkfWJabOUoQ_zeR4FxjvQMs,599660,602902,3242
CaiPingsJournal_UCvh8pTObWkavxkfWJabOUoQ_zeR4FxjvQMs_603014_604630.wav,CaiPingsJournal_UCvh8pTObWkavxkfWJabOUoQ_zeR4FxjvQMs,603014,604630,1616
CaiPingsJournal_UCvh8pTObWkavxkfWJabOUoQ_zeR4FxjvQMs_604886_605950.wav,CaiPingsJournal_UCvh8pTObWkavxkfWJabOUoQ_zeR4FxjvQMs,604886,605950,1064
CaiPingsJournal_UCvh8pTObWkavxkfWJabOUoQ_zeR4FxjvQMs_606134_612118.wav,CaiPingsJournal_UCvh8pTObWkavxkfWJabOUoQ_zeR4FxjvQMs,606134,612118,5984
CaiPingsJournal_UCvh8pTObWkavxkfWJabOUoQ_zeR4FxjvQMs_612278_615254.wav,CaiPingsJournal_UCvh8pTObWkavxkfWJabOUoQ_zeR4FxjvQMs,612278,615254,2976
CaiPingsJournal_UCvh8pTObWkavxkfWJabOUoQ_zeR4FxjvQMs_615382_618198.wav,CaiPingsJournal_UCvh8pTObWkavxkfWJabOUoQ_zeR4FxjvQMs,615382,618198,2816
CaiPingsJournal_UCvh8pTObWkavxkfWJabOUoQ_zeR4FxjvQMs_618302_619198.wav,CaiPingsJournal_UCvh8pTObWkavxkfWJabOUoQ_zeR4FxjvQMs,618302,619198,896
CaiPingsJournal_UCvh8pTObWkavxkfWJabOUoQ_zeR4FxjvQMs_619374_620226.wav,CaiPingsJournal_UCvh8pTObWkavxkfWJabOUoQ_zeR4FxjvQMs,619374,620226,852
CaiPingsJournal_UCvh8pTObWkavxkfWJabOUoQ_zeR4FxjvQMs_621106_621290.wav,CaiPingsJournal_UCvh8pTObWkavxkfWJabOUoQ_zeR4FxjvQMs,621106,621290,184
CaiPingsJournal_UCvh8pTObWkavxkfWJabOUoQ_zeR4FxjvQMs_622938_631310.wav,CaiPingsJournal_UCvh8pTObWkavxkfWJabOUoQ_zeR4FxjvQMs,622938,631310,8372
CaiPingsJournal_UCvh8pTObWkavxkfWJabOUoQ_zeR4FxjvQMs_631558_633086.wav,CaiPingsJournal_UCvh8pTObWkavxkfWJabOUoQ_zeR4FxjvQMs,631558,633086,1528
CaiPingsJournal_UCvh8pTObWkavxkfWJabOUoQ_zeR4FxjvQMs_633358_634770.wav,CaiPingsJournal_UCvh8pTObWkavxkfWJabOUoQ_zeR4FxjvQMs,633358,634770,1412
CaiPingsJournal_UCvh8pTObWkavxkfWJabOUoQ_zeR4FxjvQMs_634954_636618.wav,CaiPingsJournal_UCvh8pTObWkavxkfWJabOUoQ_zeR4FxjvQMs,634954,636618,1664
CaiPingsJournal_UCvh8pTObWkavxkfWJabOUoQ_zeR4FxjvQMs_636954_639506.wav,CaiPingsJournal_UCvh8pTObWkavxkfWJabOUoQ_zeR4FxjvQMs,636954,639506,2552
CaiPingsJournal_UCvh8pTObWkavxkfWJabOUoQ_zeR4FxjvQMs_639658_641226.wav,CaiPingsJournal_UCvh8pTObWkavxkfWJabOUoQ_zeR4FxjvQMs,639658,641226,1568
CaiPingsJournal_UCvh8pTObWkavxkfWJabOUoQ_zeR4FxjvQMs_641338_641938.wav,CaiPingsJournal_UCvh8pTObWkavxkfWJabOUoQ_zeR4FxjvQMs,641338,641938,600
CaiPingsJournal_UCvh8pTObWkavxkfWJabOUoQ_zeR4FxjvQMs_642154_649474.wav,CaiPingsJournal_UCvh8pTObWkavxkfWJabOUoQ_zeR4FxjvQMs,642154,649474,7320
CaiPingsJournal_UCvh8pTObWkavxkfWJabOUoQ_zeR4FxjvQMs_649602_654218.wav,CaiPingsJournal_UCvh8pTObWkavxkfWJabOUoQ_zeR4FxjvQMs,649602,654218,4616
CaiPingsJournal_UCvh8pTObWkavxkfWJabOUoQ_zeR4FxjvQMs_654394_655106.wav,CaiPingsJournal_UCvh8pTObWkavxkfWJabOUoQ_zeR4FxjvQMs,654394,655106,712
CaiPingsJournal_UCvh8pTObWkavxkfWJabOUoQ_zeR4FxjvQMs_655282_657226.wav,CaiPingsJournal_UCvh8pTObWkavxkfWJabOUoQ_zeR4FxjvQMs,655282,657226,1944
CaiPingsJournal_UCvh8pTObWkavxkfWJabOUoQ_zeR4FxjvQMs_657354_663106.wav,CaiPingsJournal_UCvh8pTObWkavxkfWJabOUoQ_zeR4FxjvQMs,657354,663106,5752
CaiPingsJournal_UCvh8pTObWkavxkfWJabOUoQ_zeR4FxjvQMs_663274_665458.wav,CaiPingsJournal_UCvh8pTObWkavxkfWJabOUoQ_zeR4FxjvQMs,663274,665458,2184
CaiPingsJournal_UCvh8pTObWkavxkfWJabOUoQ_zeR4FxjvQMs_665690_674498.wav,CaiPingsJournal_UCvh8pTObWkavxkfWJabOUoQ_zeR4FxjvQMs,665690,674498,8808
CaiPingsJournal_UCvh8pTObWkavxkfWJabOUoQ_zeR4FxjvQMs_674666_682322.wav,CaiPingsJournal_UCvh8pTObWkavxkfWJabOUoQ_zeR4FxjvQMs,674666,682322,7656
CaiPingsJournal_UCvh8pTObWkavxkfWJabOUoQ_zeR4FxjvQMs_682586_683970.wav,CaiPingsJournal_UCvh8pTObWkavxkfWJabOUoQ_zeR4FxjvQMs,682586,683970,1384
CaiPingsJournal_UCvh8pTObWkavxkfWJabOUoQ_zeR4FxjvQMs_684274_691546.wav,CaiPingsJournal_UCvh8pTObWkavxkfWJabOUoQ_zeR4FxjvQMs,684274,691546,7272
CaiPingsJournal_UCvh8pTObWkavxkfWJabOUoQ_zeR4FxjvQMs_692346_696226.wav,CaiPingsJournal_UCvh8pTObWkavxkfWJabOUoQ_zeR4FxjvQMs,692346,696226,3880
CaiPingsJournal_UCvh8pTObWkavxkfWJabOUoQ_zeR4FxjvQMs_696442_697650.wav,CaiPingsJournal_UCvh8pTObWkavxkfWJabOUoQ_zeR4FxjvQMs,696442,697650,1208
CaiPingsJournal_UCvh8pTObWkavxkfWJabOUoQ_zeR4FxjvQMs_697802_702050.wav,CaiPingsJournal_UCvh8pTObWkavxkfWJabOUoQ_zeR4FxjvQMs,697802,702050,4248
CaiPingsJournal_UCvh8pTObWkavxkfWJabOUoQ_zeR4FxjvQMs_702202_702754.wav,CaiPingsJournal_UCvh8pTObWkavxkfWJabOUoQ_zeR4FxjvQMs,702202,702754,552
CaiPingsJournal_UCvh8pTObWkavxkfWJabOUoQ_zeR4FxjvQMs_702898_703890.wav,CaiPingsJournal_UCvh8pTObWkavxkfWJabOUoQ_zeR4FxjvQMs,702898,703890,992
CaiPingsJournal_UCvh8pTObWkavxkfWJabOUoQ_zeR4FxjvQMs_704018_709602.wav,CaiPingsJournal_UCvh8pTObWkavxkfWJabOUoQ_zeR4FxjvQMs,704018,709602,5584
CaiPingsJournal_UCvh8pTObWkavxkfWJabOUoQ_zeR4FxjvQMs_709858_713386.wav,CaiPingsJournal_UCvh8pTObWkavxkfWJabOUoQ_zeR4FxjvQMs,709858,713386,3528
CaiPingsJournal_UCvh8pTObWkavxkfWJabOUoQ_zeR4FxjvQMs_713706_717818.wav,CaiPingsJournal_UCvh8pTObWkavxkfWJabOUoQ_zeR4FxjvQMs,713706,717818,4112
CaiPingsJournal_UCvh8pTObWkavxkfWJabOUoQ_zeR4FxjvQMs_718714_719994.wav,CaiPingsJournal_UCvh8pTObWkavxkfWJabOUoQ_zeR4FxjvQMs,718714,719994,1280
CaiPingsJournal_UCvh8pTObWkavxkfWJabOUoQ_zeR4FxjvQMs_720970_724738.wav,CaiPingsJournal_UCvh8pTObWkavxkfWJabOUoQ_zeR4FxjvQMs,720970,724738,3768
CaiPingsJournal_UCvh8pTObWkavxkfWJabOUoQ_zeR4FxjvQMs_724890_725090.wav,CaiPingsJournal_UCvh8pTObWkavxkfWJabOUoQ_zeR4FxjvQMs,724890,725090,200
CaiPingsJournal_UCvh8pTObWkavxkfWJabOUoQ_zeR4FxjvQMs_725242_729938.wav,CaiPingsJournal_UCvh8pTObWkavxkfWJabOUoQ_zeR4FxjvQMs,725242,729938,4696
CaiPingsJournal_UCvh8pTObWkavxkfWJabOUoQ_zeR4FxjvQMs_730066_731162.wav,CaiPingsJournal_UCvh8pTObWkavxkfWJabOUoQ_zeR4FxjvQMs,730066,731162,1096
CaiPingsJournal_UCvh8pTObWkavxkfWJabOUoQ_zeR4FxjvQMs_731522_736314.wav,CaiPingsJournal_UCvh8pTObWkavxkfWJabOUoQ_zeR4FxjvQMs,731522,736314,4792
CaiPingsJournal_UCvh8pTObWkavxkfWJabOUoQ_zeR4FxjvQMs_737066_740594.wav,CaiPingsJournal_UCvh8pTObWkavxkfWJabOUoQ_zeR4FxjvQMs,737066,740594,3528
CaiPingsJournal_UCvh8pTObWkavxkfWJabOUoQ_zeR4FxjvQMs_740882_744182.wav,CaiPingsJournal_UCvh8pTObWkavxkfWJabOUoQ_zeR4FxjvQMs,740882,744182,3300
CaiPingsJournal_UCvh8pTObWkavxkfWJabOUoQ_zeR4FxjvQMs_744310_749534.wav,CaiPingsJournal_UCvh8pTObWkavxkfWJabOUoQ_zeR4FxjvQMs,744310,749534,5224
CaiPingsJournal_UCvh8pTObWkavxkfWJabOUoQ_zeR4FxjvQMs_749686_750566.wav,CaiPingsJournal_UCvh8pTObWkavxkfWJabOUoQ_zeR4FxjvQMs,749686,750566,880
CaiPingsJournal_UCvh8pTObWkavxkfWJabOUoQ_zeR4FxjvQMs_750710_751886.wav,CaiPingsJournal_UCvh8pTObWkavxkfWJabOUoQ_zeR4FxjvQMs,750710,751886,1176
CaiPingsJournal_UCvh8pTObWkavxkfWJabOUoQ_zeR4FxjvQMs_752006_752114.wav,CaiPingsJournal_UCvh8pTObWkavxkfWJabOUoQ_zeR4FxjvQMs,752006,752114,108
CaiPingsJournal_UCvh8pTObWkavxkfWJabOUoQ_zeR4FxjvQMs_752418_755026.wav,CaiPingsJournal_UCvh8pTObWkavxkfWJabOUoQ_zeR4FxjvQMs,752418,755026,2608
CaiPingsJournal_UCvh8pTObWkavxkfWJabOUoQ_zeR4FxjvQMs_755354_755556.wav,CaiPingsJournal_UCvh8pTObWkavxkfWJabOUoQ_zeR4FxjvQMs,755354,755556,202
CaiPingsJournal_UCvh8pTObWkavxkfWJabOUoQ_zeR4FxjvQMs_755708_756197.wav,CaiPingsJournal_UCvh8pTObWkavxkfWJabOUoQ_zeR4FxjvQMs,755708,756197,489
CaiPingsJournal_UCvh8pTObWkavxkfWJabOUoQ_zeR4FxjvQMs_756629_766485.wav,CaiPingsJournal_UCvh8pTObWkavxkfWJabOUoQ_zeR4FxjvQMs,756629,766485,9856
CaiPingsJournal_UCvh8pTObWkavxkfWJabOUoQ_zeR4FxjvQMs_766837_769230.wav,CaiPingsJournal_UCvh8pTObWkavxkfWJabOUoQ_zeR4FxjvQMs,766837,769230,2393
CaiPingsJournal_UCvh8pTObWkavxkfWJabOUoQ_zeR4FxjvQMs_769334_773086.wav,CaiPingsJournal_UCvh8pTObWkavxkfWJabOUoQ_zeR4FxjvQMs,769334,773086,3752
CaiPingsJournal_UCvh8pTObWkavxkfWJabOUoQ_zeR4FxjvQMs_773610_778234.wav,CaiPingsJournal_UCvh8pTObWkavxkfWJabOUoQ_zeR4FxjvQMs,773610,778234,4624
CaiPingsJournal_UCvh8pTObWkavxkfWJabOUoQ_zeR4FxjvQMs_779034_786266.wav,CaiPingsJournal_UCvh8pTObWkavxkfWJabOUoQ_zeR4FxjvQMs,779034,786266,7232
CaiPingsJournal_UCvh8pTObWkavxkfWJabOUoQ_zeR4FxjvQMs_786618_790410.wav,CaiPingsJournal_UCvh8pTObWkavxkfWJabOUoQ_zeR4FxjvQMs,786618,790410,3792
CaiPingsJournal_UCvh8pTObWkavxkfWJabOUoQ_zeR4FxjvQMs_790522_795706.wav,CaiPingsJournal_UCvh8pTObWkavxkfWJabOUoQ_zeR4FxjvQMs,790522,795706,5184
CaiPingsJournal_UCvh8pTObWkavxkfWJabOUoQ_zeR4FxjvQMs_795826_796114.wav,CaiPingsJournal_UCvh8pTObWkavxkfWJabOUoQ_zeR4FxjvQMs,795826,796114,288
CaiPingsJournal_UCvh8pTObWkavxkfWJabOUoQ_zeR4FxjvQMs_796226_796618.wav,CaiPingsJournal_UCvh8pTObWkavxkfWJabOUoQ_zeR4FxjvQMs,796226,796618,392
CaiPingsJournal_UCvh8pTObWkavxkfWJabOUoQ_zeR4FxjvQMs_796858_797762.wav,CaiPingsJournal_UCvh8pTObWkavxkfWJabOUoQ_zeR4FxjvQMs,796858,797762,904
CaiPingsJournal_UCvh8pTObWkavxkfWJabOUoQ_zeR4FxjvQMs_798034_799866.wav,CaiPingsJournal_UCvh8pTObWkavxkfWJabOUoQ_zeR4FxjvQMs,798034,799866,1832
CaiPingsJournal_UCvh8pTObWkavxkfWJabOUoQ_zeR4FxjvQMs_800090_807858.wav,CaiPingsJournal_UCvh8pTObWkavxkfWJabOUoQ_zeR4FxjvQMs,800090,807858,7768
CaiPingsJournal_UCvh8pTObWkavxkfWJabOUoQ_zeR4FxjvQMs_808042_808170.wav,CaiPingsJournal_UCvh8pTObWkavxkfWJabOUoQ_zeR4FxjvQMs,808042,808170,128
CaiPingsJournal_UCvh8pTObWkavxkfWJabOUoQ_zeR4FxjvQMs_808362_811346.wav,CaiPingsJournal_UCvh8pTObWkavxkfWJabOUoQ_zeR4FxjvQMs,808362,811346,2984
CaiPingsJournal_UCvh8pTObWkavxkfWJabOUoQ_zeR4FxjvQMs_811626_820034.wav,CaiPingsJournal_UCvh8pTObWkavxkfWJabOUoQ_zeR4FxjvQMs,811626,820034,8408
CaiPingsJournal_UCvh8pTObWkavxkfWJabOUoQ_zeR4FxjvQMs_820754_828642.wav,CaiPingsJournal_UCvh8pTObWkavxkfWJabOUoQ_zeR4FxjvQMs,820754,828642,7888
CaiPingsJournal_UCvh8pTObWkavxkfWJabOUoQ_zeR4FxjvQMs_828906_829914.wav,CaiPingsJournal_UCvh8pTObWkavxkfWJabOUoQ_zeR4FxjvQMs,828906,829914,1008
CaiPingsJournal_UCvh8pTObWkavxkfWJabOUoQ_zeR4FxjvQMs_830258_834562.wav,CaiPingsJournal_UCvh8pTObWkavxkfWJabOUoQ_zeR4FxjvQMs,830258,834562,4304
CaiPingsJournal_UCvh8pTObWkavxkfWJabOUoQ_zeR4FxjvQMs_834690_843346.wav,CaiPingsJournal_UCvh8pTObWkavxkfWJabOUoQ_zeR4FxjvQMs,834690,843346,8656
CaiPingsJournal_UCvh8pTObWkavxkfWJabOUoQ_zeR4FxjvQMs_843538_851026.wav,CaiPingsJournal_UCvh8pTObWkavxkfWJabOUoQ_zeR4FxjvQMs,843538,851026,7488
CaiPingsJournal_UCvh8pTObWkavxkfWJabOUoQ_zeR4FxjvQMs_851578_860210.wav,CaiPingsJournal_UCvh8pTObWkavxkfWJabOUoQ_zeR4FxjvQMs,851578,860210,8632
CaiPingsJournal_UCvh8pTObWkavxkfWJabOUoQ_zeR4FxjvQMs_860338_867058.wav,CaiPingsJournal_UCvh8pTObWkavxkfWJabOUoQ_zeR4FxjvQMs,860338,867058,6720
CaiPingsJournal_UCvh8pTObWkavxkfWJabOUoQ_zeR4FxjvQMs_867858_873866.wav,CaiPingsJournal_UCvh8pTObWkavxkfWJabOUoQ_zeR4FxjvQMs,867858,873866,6008
CaiPingsJournal_UCvh8pTObWkavxkfWJabOUoQ_zeR4FxjvQMs_874018_882078.wav,CaiPingsJournal_UCvh8pTObWkavxkfWJabOUoQ_zeR4FxjvQMs,874018,882078,8060
CaiPingsJournal_UCvh8pTObWkavxkfWJabOUoQ_zeR4FxjvQMs_882294_887170.wav,CaiPingsJournal_UCvh8pTObWkavxkfWJabOUoQ_zeR4FxjvQMs,882294,887170,4876
CaiPingsJournal_UCvh8pTObWkavxkfWJabOUoQ_zeR4FxjvQMs_887362_892522.wav,CaiPingsJournal_UCvh8pTObWkavxkfWJabOUoQ_zeR4FxjvQMs,887362,892522,5160
CaiPingsJournal_UCvh8pTObWkavxkfWJabOUoQ_zeR4FxjvQMs_892738_901010.wav,CaiPingsJournal_UCvh8pTObWkavxkfWJabOUoQ_zeR4FxjvQMs,892738,901010,8272
CaiPingsJournal_UCvh8pTObWkavxkfWJabOUoQ_zeR4FxjvQMs_901194_907890.wav,CaiPingsJournal_UCvh8pTObWkavxkfWJabOUoQ_zeR4FxjvQMs,901194,907890,6696
CaiPingsJournal_UCvh8pTObWkavxkfWJabOUoQ_zeR4FxjvQMs_908002_911250.wav,CaiPingsJournal_UCvh8pTObWkavxkfWJabOUoQ_zeR4FxjvQMs,908002,911250,3248
CaiPingsJournal_UCvh8pTObWkavxkfWJabOUoQ_zeR4FxjvQMs_911362_919650.wav,CaiPingsJournal_UCvh8pTObWkavxkfWJabOUoQ_zeR4FxjvQMs,911362,919650,8288
CaiPingsJournal_UCvh8pTObWkavxkfWJabOUoQ_zeR4FxjvQMs_919786_921554.wav,CaiPingsJournal_UCvh8pTObWkavxkfWJabOUoQ_zeR4FxjvQMs,919786,921554,1768
CaiPingsJournal_UCvh8pTObWkavxkfWJabOUoQ_zeR4FxjvQMs_921698_922522.wav,CaiPingsJournal_UCvh8pTObWkavxkfWJabOUoQ_zeR4FxjvQMs,921698,922522,824
CaiPingsJournal_UCvh8pTObWkavxkfWJabOUoQ_zeR4FxjvQMs_922770_927202.wav,CaiPingsJournal_UCvh8pTObWkavxkfWJabOUoQ_zeR4FxjvQMs,922770,927202,4432
CaiPingsJournal_UCvh8pTObWkavxkfWJabOUoQ_zeR4FxjvQMs_927562_932174.wav,CaiPingsJournal_UCvh8pTObWkavxkfWJabOUoQ_zeR4FxjvQMs,927562,932174,4612
CaiPingsJournal_UCvh8pTObWkavxkfWJabOUoQ_zeR4FxjvQMs_932390_937790.wav,CaiPingsJournal_UCvh8pTObWkavxkfWJabOUoQ_zeR4FxjvQMs,932390,937790,5400
CaiPingsJournal_UCvh8pTObWkavxkfWJabOUoQ_zeR4FxjvQMs_937926_940670.wav,CaiPingsJournal_UCvh8pTObWkavxkfWJabOUoQ_zeR4FxjvQMs,937926,940670,2744
CaiPingsJournal_UCvh8pTObWkavxkfWJabOUoQ_zeR4FxjvQMs_940798_947090.wav,CaiPingsJournal_UCvh8pTObWkavxkfWJabOUoQ_zeR4FxjvQMs,940798,947090,6292
CaiPingsJournal_UCvh8pTObWkavxkfWJabOUoQ_zeR4FxjvQMs_948362_955890.wav,CaiPingsJournal_UCvh8pTObWkavxkfWJabOUoQ_zeR4FxjvQMs,948362,955890,7528
CaiPingsJournal_UCvh8pTObWkavxkfWJabOUoQ_zeR4FxjvQMs_956522_958566.wav,CaiPingsJournal_UCvh8pTObWkavxkfWJabOUoQ_zeR4FxjvQMs,956522,958566,2044
CaiPingsJournal_UCvh8pTObWkavxkfWJabOUoQ_zeR4FxjvQMs_958782_958982.wav,CaiPingsJournal_UCvh8pTObWkavxkfWJabOUoQ_zeR4FxjvQMs,958782,958982,200
CaiPingsJournal_UCvh8pTObWkavxkfWJabOUoQ_zeR4FxjvQMs_959086_967346.wav,CaiPingsJournal_UCvh8pTObWkavxkfWJabOUoQ_zeR4FxjvQMs,959086,967346,8260
CaiPingsJournal_UCvh8pTObWkavxkfWJabOUoQ_zeR4FxjvQMs_967818_974450.wav,CaiPingsJournal_UCvh8pTObWkavxkfWJabOUoQ_zeR4FxjvQMs,967818,974450,6632
CaiPingsJournal_UCvh8pTObWkavxkfWJabOUoQ_zeR4FxjvQMs_974706_978722.wav,CaiPingsJournal_UCvh8pTObWkavxkfWJabOUoQ_zeR4FxjvQMs,974706,978722,4016
CaiPingsJournal_UCvh8pTObWkavxkfWJabOUoQ_zeR4FxjvQMs_979026_979770.wav,CaiPingsJournal_UCvh8pTObWkavxkfWJabOUoQ_zeR4FxjvQMs,979026,979770,744
CaiPingsJournal_UCvh8pTObWkavxkfWJabOUoQ_zeR4FxjvQMs_979922_988786.wav,CaiPingsJournal_UCvh8pTObWkavxkfWJabOUoQ_zeR4FxjvQMs,979922,988786,8864
CaiPingsJournal_UCvh8pTObWkavxkfWJabOUoQ_zeR4FxjvQMs_989050_995026.wav,CaiPingsJournal_UCvh8pTObWkavxkfWJabOUoQ_zeR4FxjvQMs,989050,995026,5976
CaiPingsJournal_UCvh8pTObWkavxkfWJabOUoQ_zeR4FxjvQMs_995178_995786.wav,CaiPingsJournal_UCvh8pTObWkavxkfWJabOUoQ_zeR4FxjvQMs,995178,995786,608
CaiPingsJournal_UCvh8pTObWkavxkfWJabOUoQ_zeR4FxjvQMs_995906_997938.wav,CaiPingsJournal_UCvh8pTObWkavxkfWJabOUoQ_zeR4FxjvQMs,995906,997938,2032
CaiPingsJournal_UCvh8pTObWkavxkfWJabOUoQ_zeR4FxjvQMs_998226_999458.wav,CaiPingsJournal_UCvh8pTObWkavxkfWJabOUoQ_zeR4FxjvQMs,998226,999458,1232
CaiPingsJournal_UCvh8pTObWkavxkfWJabOUoQ_zeR4FxjvQMs_999690_999890.wav,CaiPingsJournal_UCvh8pTObWkavxkfWJabOUoQ_zeR4FxjvQMs,999690,999890,200
CaiPingsJournal_UCvh8pTObWkavxkfWJabOUoQ_zeR4FxjvQMs_1000266_1009786.wav,CaiPingsJournal_UCvh8pTObWkavxkfWJabOUoQ_zeR4FxjvQMs,1000266,1009786,9520
CaiPingsJournal_UCvh8pTObWkavxkfWJabOUoQ_zeR4FxjvQMs_1009954_1011138.wav,CaiPingsJournal_UCvh8pTObWkavxkfWJabOUoQ_zeR4FxjvQMs,1009954,1011138,1184
CaiPingsJournal_UCvh8pTObWkavxkfWJabOUoQ_zeR4FxjvQMs_1011370_1012066.wav,CaiPingsJournal_UCvh8pTObWkavxkfWJabOUoQ_zeR4FxjvQMs,1011370,1012066,696
CaiPingsJournal_UCvh8pTObWkavxkfWJabOUoQ_zeR4FxjvQMs_1012346_1013562.wav,CaiPingsJournal_UCvh8pTObWkavxkfWJabOUoQ_zeR4FxjvQMs,1012346,1013562,1216
CaiPingsJournal_UCvh8pTObWkavxkfWJabOUoQ_zeR4FxjvQMs_1013706_1015794.wav,CaiPingsJournal_UCvh8pTObWkavxkfWJabOUoQ_zeR4FxjvQMs,1013706,1015794,2088
CaiPingsJournal_UCvh8pTObWkavxkfWJabOUoQ_zeR4FxjvQMs_1015898_1023562.wav,CaiPingsJournal_UCvh8pTObWkavxkfWJabOUoQ_zeR4FxjvQMs,1015898,1023562,7664
CaiPingsJournal_UCvh8pTObWkavxkfWJabOUoQ_zeR4FxjvQMs_1023786_1029282.wav,CaiPingsJournal_UCvh8pTObWkavxkfWJabOUoQ_zeR4FxjvQMs,1023786,1029282,5496
CaiPingsJournal_UCvh8pTObWkavxkfWJabOUoQ_zeR4FxjvQMs_1029458_1029706.wav,CaiPingsJournal_UCvh8pTObWkavxkfWJabOUoQ_zeR4FxjvQMs,1029458,1029706,248
CaiPingsJournal_UCvh8pTObWkavxkfWJabOUoQ_zeR4FxjvQMs_1029858_1030082.wav,CaiPingsJournal_UCvh8pTObWkavxkfWJabOUoQ_zeR4FxjvQMs,1029858,1030082,224
CaiPingsJournal_UCvh8pTObWkavxkfWJabOUoQ_zeR4FxjvQMs_1030370_1033522.wav,CaiPingsJournal_UCvh8pTObWkavxkfWJabOUoQ_zeR4FxjvQMs,1030370,1033522,3152
CaiPingsJournal_UCvh8pTObWkavxkfWJabOUoQ_zeR4FxjvQMs_1033658_1036546.wav,CaiPingsJournal_UCvh8pTObWkavxkfWJabOUoQ_zeR4FxjvQMs,1033658,1036546,2888
CaiPingsJournal_UCvh8pTObWkavxkfWJabOUoQ_zeR4FxjvQMs_1036770_1044714.wav,CaiPingsJournal_UCvh8pTObWkavxkfWJabOUoQ_zeR4FxjvQMs,1036770,1044714,7944
CaiPingsJournal_UCvh8pTObWkavxkfWJabOUoQ_zeR4FxjvQMs_1044818_1048770.wav,CaiPingsJournal_UCvh8pTObWkavxkfWJabOUoQ_zeR4FxjvQMs,1044818,1048770,3952
CaiPingsJournal_UCvh8pTObWkavxkfWJabOUoQ_zeR4FxjvQMs_1048930_1052978.wav,CaiPingsJournal_UCvh8pTObWkavxkfWJabOUoQ_zeR4FxjvQMs,1048930,1052978,4048
CaiPingsJournal_UCvh8pTObWkavxkfWJabOUoQ_zeR4FxjvQMs_1053098_1061386.wav,CaiPingsJournal_UCvh8pTObWkavxkfWJabOUoQ_zeR4FxjvQMs,1053098,1061386,8288
CaiPingsJournal_UCvh8pTObWkavxkfWJabOUoQ_zeR4FxjvQMs_1061762_1063562.wav,CaiPingsJournal_UCvh8pTObWkavxkfWJabOUoQ_zeR4FxjvQMs,1061762,1063562,1800
CaiPingsJournal_UCvh8pTObWkavxkfWJabOUoQ_zeR4FxjvQMs_1063954_1064154.wav,CaiPingsJournal_UCvh8pTObWkavxkfWJabOUoQ_zeR4FxjvQMs,1063954,1064154,200
CaiPingsJournal_UCvh8pTObWkavxkfWJabOUoQ_zeR4FxjvQMs_1064306_1068666.wav,CaiPingsJournal_UCvh8pTObWkavxkfWJabOUoQ_zeR4FxjvQMs,1064306,1068666,4360
CaiPingsJournal_UCvh8pTObWkavxkfWJabOUoQ_zeR4FxjvQMs_1068794_1069930.wav,CaiPingsJournal_UCvh8pTObWkavxkfWJabOUoQ_zeR4FxjvQMs,1068794,1069930,1136
CaiPingsJournal_UCvh8pTObWkavxkfWJabOUoQ_zeR4FxjvQMs_1070058_1073722.wav,CaiPingsJournal_UCvh8pTObWkavxkfWJabOUoQ_zeR4FxjvQMs,1070058,1073722,3664
CaiPingsJournal_UCvh8pTObWkavxkfWJabOUoQ_zeR4FxjvQMs_1073826_1073962.wav,CaiPingsJournal_UCvh8pTObWkavxkfWJabOUoQ_zeR4FxjvQMs,1073826,1073962,136
CaiPingsJournal_UCvh8pTObWkavxkfWJabOUoQ_zeR4FxjvQMs_1074114_1074874.wav,CaiPingsJournal_UCvh8pTObWkavxkfWJabOUoQ_zeR4FxjvQMs,1074114,1074874,760
CaiPingsJournal_UCvh8pTObWkavxkfWJabOUoQ_zeR4FxjvQMs_1075042_1082906.wav,CaiPingsJournal_UCvh8pTObWkavxkfWJabOUoQ_zeR4FxjvQMs,1075042,1082906,7864
CaiPingsJournal_UCvh8pTObWkavxkfWJabOUoQ_zeR4FxjvQMs_1083066_1083490.wav,CaiPingsJournal_UCvh8pTObWkavxkfWJabOUoQ_zeR4FxjvQMs,1083066,1083490,424
CaiPingsJournal_UCvh8pTObWkavxkfWJabOUoQ_zeR4FxjvQMs_1083810_1085426.wav,CaiPingsJournal_UCvh8pTObWkavxkfWJabOUoQ_zeR4FxjvQMs,1083810,1085426,1616
CaiPingsJournal_UCvh8pTObWkavxkfWJabOUoQ_zeR4FxjvQMs_1085778_1085970.wav,CaiPingsJournal_UCvh8pTObWkavxkfWJabOUoQ_zeR4FxjvQMs,1085778,1085970,192
CaiPingsJournal_UCvh8pTObWkavxkfWJabOUoQ_zeR4FxjvQMs_1086186_1087082.wav,CaiPingsJournal_UCvh8pTObWkavxkfWJabOUoQ_zeR4FxjvQMs,1086186,1087082,896
CaiPingsJournal_UCvh8pTObWkavxkfWJabOUoQ_zeR4FxjvQMs_1087234_1096746.wav,CaiPingsJournal_UCvh8pTObWkavxkfWJabOUoQ_zeR4FxjvQMs,1087234,1096746,9512
CaiPingsJournal_UCvh8pTObWkavxkfWJabOUoQ_zeR4FxjvQMs_1097034_1098518.wav,CaiPingsJournal_UCvh8pTObWkavxkfWJabOUoQ_zeR4FxjvQMs,1097034,1098518,1484
CaiPingsJournal_UCvh8pTObWkavxkfWJabOUoQ_zeR4FxjvQMs_1098912_1106928.wav,CaiPingsJournal_UCvh8pTObWkavxkfWJabOUoQ_zeR4FxjvQMs,1098912,1106928,8016
CaiPingsJournal_UCvh8pTObWkavxkfWJabOUoQ_zeR4FxjvQMs_1107104_1109346.wav,CaiPingsJournal_UCvh8pTObWkavxkfWJabOUoQ_zeR4FxjvQMs,1107104,1109346,2242
CaiPingsJournal_UCvh8pTObWkavxkfWJabOUoQ_zeR4FxjvQMs_1109874_1113578.wav,CaiPingsJournal_UCvh8pTObWkavxkfWJabOUoQ_zeR4FxjvQMs,1109874,1113578,3704
CaiPingsJournal_UCvh8pTObWkavxkfWJabOUoQ_zeR4FxjvQMs_1113882_1119050.wav,CaiPingsJournal_UCvh8pTObWkavxkfWJabOUoQ_zeR4FxjvQMs,1113882,1119050,5168
CaiPingsJournal_UCvh8pTObWkavxkfWJabOUoQ_zeR4FxjvQMs_1119450_1122698.wav,CaiPingsJournal_UCvh8pTObWkavxkfWJabOUoQ_zeR4FxjvQMs,1119450,1122698,3248
CaiPingsJournal_UCvh8pTObWkavxkfWJabOUoQ_zeR4FxjvQMs_1122954_1129738.wav,CaiPingsJournal_UCvh8pTObWkavxkfWJabOUoQ_zeR4FxjvQMs,1122954,1129738,6784
CaiPingsJournal_UCvh8pTObWkavxkfWJabOUoQ_zeR4FxjvQMs_1130082_1139186.wav,CaiPingsJournal_UCvh8pTObWkavxkfWJabOUoQ_zeR4FxjvQMs,1130082,1139186,9104
CaiPingsJournal_UCvh8pTObWkavxkfWJabOUoQ_zeR4FxjvQMs_1139602_1140818.wav,CaiPingsJournal_UCvh8pTObWkavxkfWJabOUoQ_zeR4FxjvQMs,1139602,1140818,1216
CaiPingsJournal_UCvh8pTObWkavxkfWJabOUoQ_zeR4FxjvQMs_1141114_1145110.wav,CaiPingsJournal_UCvh8pTObWkavxkfWJabOUoQ_zeR4FxjvQMs,1141114,1145110,3996
CaiPingsJournal_UCvh8pTObWkavxkfWJabOUoQ_zeR4FxjvQMs_1145238_1153502.wav,CaiPingsJournal_UCvh8pTObWkavxkfWJabOUoQ_zeR4FxjvQMs,1145238,1153502,8264
CaiPingsJournal_UCvh8pTObWkavxkfWJabOUoQ_zeR4FxjvQMs_1153646_1157726.wav,CaiPingsJournal_UCvh8pTObWkavxkfWJabOUoQ_zeR4FxjvQMs,1153646,1157726,4080
CaiPingsJournal_UCvh8pTObWkavxkfWJabOUoQ_zeR4FxjvQMs_1157958_1158218.wav,CaiPingsJournal_UCvh8pTObWkavxkfWJabOUoQ_zeR4FxjvQMs,1157958,1158218,260
CaiPingsJournal_UCvh8pTObWkavxkfWJabOUoQ_zeR4FxjvQMs_1158762_1162690.wav,CaiPingsJournal_UCvh8pTObWkavxkfWJabOUoQ_zeR4FxjvQMs,1158762,1162690,3928
CaiPingsJournal_UCvh8pTObWkavxkfWJabOUoQ_zeR4FxjvQMs_1163026_1164754.wav,CaiPingsJournal_UCvh8pTObWkavxkfWJabOUoQ_zeR4FxjvQMs,1163026,1164754,1728
CaiPingsJournal_UCvh8pTObWkavxkfWJabOUoQ_zeR4FxjvQMs_1165082_1169762.wav,CaiPingsJournal_UCvh8pTObWkavxkfWJabOUoQ_zeR4FxjvQMs,1165082,1169762,4680
CaiPingsJournal_UCvh8pTObWkavxkfWJabOUoQ_zeR4FxjvQMs_1170378_1171898.wav,CaiPingsJournal_UCvh8pTObWkavxkfWJabOUoQ_zeR4FxjvQMs,1170378,1171898,1520
CaiPingsJournal_UCvh8pTObWkavxkfWJabOUoQ_zeR4FxjvQMs_1172154_1173134.wav,CaiPingsJournal_UCvh8pTObWkavxkfWJabOUoQ_zeR4FxjvQMs,1172154,1173134,980
CaiPingsJournal_UCvh8pTObWkavxkfWJabOUoQ_zeR4FxjvQMs_1173286_1174702.wav,CaiPingsJournal_UCvh8pTObWkavxkfWJabOUoQ_zeR4FxjvQMs,1173286,1174702,1416
CaiPingsJournal_UCvh8pTObWkavxkfWJabOUoQ_zeR4FxjvQMs_1175128_1183792.wav,CaiPingsJournal_UCvh8pTObWkavxkfWJabOUoQ_zeR4FxjvQMs,1175128,1183792,8664
CaiPingsJournal_UCvh8pTObWkavxkfWJabOUoQ_zeR4FxjvQMs_1184064_1185808.wav,CaiPingsJournal_UCvh8pTObWkavxkfWJabOUoQ_zeR4FxjvQMs,1184064,1185808,1744
CaiPingsJournal_UCvh8pTObWkavxkfWJabOUoQ_zeR4FxjvQMs_1186378_1187438.wav,CaiPingsJournal_UCvh8pTObWkavxkfWJabOUoQ_zeR4FxjvQMs,1186378,1187438,1060
CaiPingsJournal_UCvh8pTObWkavxkfWJabOUoQ_zeR4FxjvQMs_1187558_1191926.wav,CaiPingsJournal_UCvh8pTObWkavxkfWJabOUoQ_zeR4FxjvQMs,1187558,1191926,4368
CaiPingsJournal_UCvh8pTObWkavxkfWJabOUoQ_zeR4FxjvQMs_1192038_1193894.wav,CaiPingsJournal_UCvh8pTObWkavxkfWJabOUoQ_zeR4FxjvQMs,1192038,1193894,1856
CaiPingsJournal_UCvh8pTObWkavxkfWJabOUoQ_zeR4FxjvQMs_1194046_1201466.wav,CaiPingsJournal_UCvh8pTObWkavxkfWJabOUoQ_zeR4FxjvQMs,1194046,1201466,7420
CaiPingsJournal_UCvh8pTObWkavxkfWJabOUoQ_zeR4FxjvQMs_1201786_1205038.wav,CaiPingsJournal_UCvh8pTObWkavxkfWJabOUoQ_zeR4FxjvQMs,1201786,1205038,3252
CaiPingsJournal_UCvh8pTObWkavxkfWJabOUoQ_zeR4FxjvQMs_1205150_1206622.wav,CaiPingsJournal_UCvh8pTObWkavxkfWJabOUoQ_zeR4FxjvQMs,1205150,1206622,1472
CaiPingsJournal_UCvh8pTObWkavxkfWJabOUoQ_zeR4FxjvQMs_1206782_1212502.wav,CaiPingsJournal_UCvh8pTObWkavxkfWJabOUoQ_zeR4FxjvQMs,1206782,1212502,5720
CaiPingsJournal_UCvh8pTObWkavxkfWJabOUoQ_zeR4FxjvQMs_1212622_1213018.wav,CaiPingsJournal_UCvh8pTObWkavxkfWJabOUoQ_zeR4FxjvQMs,1212622,1213018,396
CaiPingsJournal_UCvh8pTObWkavxkfWJabOUoQ_zeR4FxjvQMs_1213410_1213658.wav,CaiPingsJournal_UCvh8pTObWkavxkfWJabOUoQ_zeR4FxjvQMs,1213410,1213658,248
CaiPingsJournal_UCvh8pTObWkavxkfWJabOUoQ_zeR4FxjvQMs_1213994_1222518.wav,CaiPingsJournal_UCvh8pTObWkavxkfWJabOUoQ_zeR4FxjvQMs,1213994,1222518,8524
CaiPingsJournal_UCvh8pTObWkavxkfWJabOUoQ_zeR4FxjvQMs_1222678_1228498.wav,CaiPingsJournal_UCvh8pTObWkavxkfWJabOUoQ_zeR4FxjvQMs,1222678,1228498,5820
CaiPingsJournal_UCvh8pTObWkavxkfWJabOUoQ_zeR4FxjvQMs_1228650_1234550.wav,CaiPingsJournal_UCvh8pTObWkavxkfWJabOUoQ_zeR4FxjvQMs,1228650,1234550,5900
CaiPingsJournal_UCvh8pTObWkavxkfWJabOUoQ_zeR4FxjvQMs_1234726_1239238.wav,CaiPingsJournal_UCvh8pTObWkavxkfWJabOUoQ_zeR4FxjvQMs,1234726,1239238,4512
CaiPingsJournal_UCvh8pTObWkavxkfWJabOUoQ_zeR4FxjvQMs_1239454_1239718.wav,CaiPingsJournal_UCvh8pTObWkavxkfWJabOUoQ_zeR4FxjvQMs,1239454,1239718,264
CaiPingsJournal_UCvh8pTObWkavxkfWJabOUoQ_zeR4FxjvQMs_1239862_1244938.wav,CaiPingsJournal_UCvh8pTObWkavxkfWJabOUoQ_zeR4FxjvQMs,1239862,1244938,5076
CaiPingsJournal_UCvh8pTObWkavxkfWJabOUoQ_zeR4FxjvQMs_1245450_1255146.wav,CaiPingsJournal_UCvh8pTObWkavxkfWJabOUoQ_zeR4FxjvQMs,1245450,1255146,9696
CaiPingsJournal_UCvh8pTObWkavxkfWJabOUoQ_zeR4FxjvQMs_1255426_1257426.wav,CaiPingsJournal_UCvh8pTObWkavxkfWJabOUoQ_zeR4FxjvQMs,1255426,1257426,2000
CaiPingsJournal_UCvh8pTObWkavxkfWJabOUoQ_zeR4FxjvQMs_1257530_1264330.wav,CaiPingsJournal_UCvh8pTObWkavxkfWJabOUoQ_zeR4FxjvQMs,1257530,1264330,6800
CaiPingsJournal_UCvh8pTObWkavxkfWJabOUoQ_zeR4FxjvQMs_1264474_1272314.wav,CaiPingsJournal_UCvh8pTObWkavxkfWJabOUoQ_zeR4FxjvQMs,1264474,1272314,7840
CaiPingsJournal_UCvh8pTObWkavxkfWJabOUoQ_zeR4FxjvQMs_1272962_1275058.wav,CaiPingsJournal_UCvh8pTObWkavxkfWJabOUoQ_zeR4FxjvQMs,1272962,1275058,2096
CaiPingsJournal_UCvh8pTObWkavxkfWJabOUoQ_zeR4FxjvQMs_1275634_1284042.wav,CaiPingsJournal_UCvh8pTObWkavxkfWJabOUoQ_zeR4FxjvQMs,1275634,1284042,8408
CaiPingsJournal_UCvh8pTObWkavxkfWJabOUoQ_zeR4FxjvQMs_1284378_1287482.wav,CaiPingsJournal_UCvh8pTObWkavxkfWJabOUoQ_zeR4FxjvQMs,1284378,1287482,3104
CaiPingsJournal_UCvh8pTObWkavxkfWJabOUoQ_zeR4FxjvQMs_1287858_1289034.wav,CaiPingsJournal_UCvh8pTObWkavxkfWJabOUoQ_zeR4FxjvQMs,1287858,1289034,1176
CaiPingsJournal_UCvh8pTObWkavxkfWJabOUoQ_zeR4FxjvQMs_1289154_1293282.wav,CaiPingsJournal_UCvh8pTObWkavxkfWJabOUoQ_zeR4FxjvQMs,1289154,1293282,4128
CaiPingsJournal_UCvh8pTObWkavxkfWJabOUoQ_zeR4FxjvQMs_1293394_1297810.wav,CaiPingsJournal_UCvh8pTObWkavxkfWJabOUoQ_zeR4FxjvQMs,1293394,1297810,4416
CaiPingsJournal_UCvh8pTObWkavxkfWJabOUoQ_zeR4FxjvQMs_1298170_1300074.wav,CaiPingsJournal_UCvh8pTObWkavxkfWJabOUoQ_zeR4FxjvQMs,1298170,1300074,1904
CaiPingsJournal_UCvh8pTObWkavxkfWJabOUoQ_zeR4FxjvQMs_1300546_1301098.wav,CaiPingsJournal_UCvh8pTObWkavxkfWJabOUoQ_zeR4FxjvQMs,1300546,1301098,552
CaiPingsJournal_UCvh8pTObWkavxkfWJabOUoQ_zeR4FxjvQMs_1301226_1307162.wav,CaiPingsJournal_UCvh8pTObWkavxkfWJabOUoQ_zeR4FxjvQMs,1301226,1307162,5936
CaiPingsJournal_UCvh8pTObWkavxkfWJabOUoQ_zeR4FxjvQMs_1307698_1309898.wav,CaiPingsJournal_UCvh8pTObWkavxkfWJabOUoQ_zeR4FxjvQMs,1307698,1309898,2200
CaiPingsJournal_UCvh8pTObWkavxkfWJabOUoQ_zeR4FxjvQMs_1310034_1313666.wav,CaiPingsJournal_UCvh8pTObWkavxkfWJabOUoQ_zeR4FxjvQMs,1310034,1313666,3632
CaiPingsJournal_UCvh8pTObWkavxkfWJabOUoQ_zeR4FxjvQMs_1313842_1317842.wav,CaiPingsJournal_UCvh8pTObWkavxkfWJabOUoQ_zeR4FxjvQMs,1313842,1317842,4000
CaiPingsJournal_UCvh8pTObWkavxkfWJabOUoQ_zeR4FxjvQMs_1318098_1320346.wav,CaiPingsJournal_UCvh8pTObWkavxkfWJabOUoQ_zeR4FxjvQMs,1318098,1320346,2248
CaiPingsJournal_UCvh8pTObWkavxkfWJabOUoQ_zeR4FxjvQMs_1320562_1325194.wav,CaiPingsJournal_UCvh8pTObWkavxkfWJabOUoQ_zeR4FxjvQMs,1320562,1325194,4632
CaiPingsJournal_UCvh8pTObWkavxkfWJabOUoQ_zeR4FxjvQMs_1325474_1327746.wav,CaiPingsJournal_UCvh8pTObWkavxkfWJabOUoQ_zeR4FxjvQMs,1325474,1327746,2272
CaiPingsJournal_UCvh8pTObWkavxkfWJabOUoQ_zeR4FxjvQMs_1328050_1332242.wav,CaiPingsJournal_UCvh8pTObWkavxkfWJabOUoQ_zeR4FxjvQMs,1328050,1332242,4192
CaiPingsJournal_UCvh8pTObWkavxkfWJabOUoQ_zeR4FxjvQMs_1332394_1334674.wav,CaiPingsJournal_UCvh8pTObWkavxkfWJabOUoQ_zeR4FxjvQMs,1332394,1334674,2280
CaiPingsJournal_UCvh8pTObWkavxkfWJabOUoQ_zeR4FxjvQMs_1335002_1337130.wav,CaiPingsJournal_UCvh8pTObWkavxkfWJabOUoQ_zeR4FxjvQMs,1335002,1337130,2128
CaiPingsJournal_UCvh8pTObWkavxkfWJabOUoQ_zeR4FxjvQMs_1337298_1338786.wav,CaiPingsJournal_UCvh8pTObWkavxkfWJabOUoQ_zeR4FxjvQMs,1337298,1338786,1488
CaiPingsJournal_UCvh8pTObWkavxkfWJabOUoQ_zeR4FxjvQMs_1339122_1342354.wav,CaiPingsJournal_UCvh8pTObWkavxkfWJabOUoQ_zeR4FxjvQMs,1339122,1342354,3232
CaiPingsJournal_UCvh8pTObWkavxkfWJabOUoQ_zeR4FxjvQMs_1342634_1343594.wav,CaiPingsJournal_UCvh8pTObWkavxkfWJabOUoQ_zeR4FxjvQMs,1342634,1343594,960
CaiPingsJournal_UCvh8pTObWkavxkfWJabOUoQ_zeR4FxjvQMs_1343930_1350050.wav,CaiPingsJournal_UCvh8pTObWkavxkfWJabOUoQ_zeR4FxjvQMs,1343930,1350050,6120
CaiPingsJournal_UCvh8pTObWkavxkfWJabOUoQ_zeR4FxjvQMs_1350178_1356674.wav,CaiPingsJournal_UCvh8pTObWkavxkfWJabOUoQ_zeR4FxjvQMs,1350178,1356674,6496
CaiPingsJournal_UCvh8pTObWkavxkfWJabOUoQ_zeR4FxjvQMs_1356842_1357658.wav,CaiPingsJournal_UCvh8pTObWkavxkfWJabOUoQ_zeR4FxjvQMs,1356842,1357658,816
CaiPingsJournal_UCvh8pTObWkavxkfWJabOUoQ_zeR4FxjvQMs_1357778_1358570.wav,CaiPingsJournal_UCvh8pTObWkavxkfWJabOUoQ_zeR4FxjvQMs,1357778,1358570,792
CaiPingsJournal_UCvh8pTObWkavxkfWJabOUoQ_zeR4FxjvQMs_1359418_1360634.wav,CaiPingsJournal_UCvh8pTObWkavxkfWJabOUoQ_zeR4FxjvQMs,1359418,1360634,1216
CaiPingsJournal_UCvh8pTObWkavxkfWJabOUoQ_zeR4FxjvQMs_1361130_1369834.wav,CaiPingsJournal_UCvh8pTObWkavxkfWJabOUoQ_zeR4FxjvQMs,1361130,1369834,8704
CaiPingsJournal_UCvh8pTObWkavxkfWJabOUoQ_zeR4FxjvQMs_1370394_1371490.wav,CaiPingsJournal_UCvh8pTObWkavxkfWJabOUoQ_zeR4FxjvQMs,1370394,1371490,1096
CaiPingsJournal_UCvh8pTObWkavxkfWJabOUoQ_zeR4FxjvQMs_1371922_1374870.wav,CaiPingsJournal_UCvh8pTObWkavxkfWJabOUoQ_zeR4FxjvQMs,1371922,1374870,2948
CaiPingsJournal_UCvh8pTObWkavxkfWJabOUoQ_zeR4FxjvQMs_1375086_1378774.wav,CaiPingsJournal_UCvh8pTObWkavxkfWJabOUoQ_zeR4FxjvQMs,1375086,1378774,3688
CaiPingsJournal_UCvh8pTObWkavxkfWJabOUoQ_zeR4FxjvQMs_1378990_1387470.wav,CaiPingsJournal_UCvh8pTObWkavxkfWJabOUoQ_zeR4FxjvQMs,1378990,1387470,8480
CaiPingsJournal_UCvh8pTObWkavxkfWJabOUoQ_zeR4FxjvQMs_1387662_1392670.wav,CaiPingsJournal_UCvh8pTObWkavxkfWJabOUoQ_zeR4FxjvQMs,1387662,1392670,5008
CaiPingsJournal_UCvh8pTObWkavxkfWJabOUoQ_zeR4FxjvQMs_1392806_1396138.wav,CaiPingsJournal_UCvh8pTObWkavxkfWJabOUoQ_zeR4FxjvQMs,1392806,1396138,3332
CaiPingsJournal_UCvh8pTObWkavxkfWJabOUoQ_zeR4FxjvQMs_1396506_1397066.wav,CaiPingsJournal_UCvh8pTObWkavxkfWJabOUoQ_zeR4FxjvQMs,1396506,1397066,560
CaiPingsJournal_UCvh8pTObWkavxkfWJabOUoQ_zeR4FxjvQMs_1397226_1406618.wav,CaiPingsJournal_UCvh8pTObWkavxkfWJabOUoQ_zeR4FxjvQMs,1397226,1406618,9392
CaiPingsJournal_UCvh8pTObWkavxkfWJabOUoQ_zeR4FxjvQMs_1406730_1407722.wav,CaiPingsJournal_UCvh8pTObWkavxkfWJabOUoQ_zeR4FxjvQMs,1406730,1407722,992
CaiPingsJournal_UCvh8pTObWkavxkfWJabOUoQ_zeR4FxjvQMs_1408290_1412306.wav,CaiPingsJournal_UCvh8pTObWkavxkfWJabOUoQ_zeR4FxjvQMs,1408290,1412306,4016
CaiPingsJournal_UCvh8pTObWkavxkfWJabOUoQ_zeR4FxjvQMs_1412722_1416574.wav,CaiPingsJournal_UCvh8pTObWkavxkfWJabOUoQ_zeR4FxjvQMs,1412722,1416574,3852
CaiPingsJournal_UCvh8pTObWkavxkfWJabOUoQ_zeR4FxjvQMs_1416686_1418534.wav,CaiPingsJournal_UCvh8pTObWkavxkfWJabOUoQ_zeR4FxjvQMs,1416686,1418534,1848
CaiPingsJournal_UCvh8pTObWkavxkfWJabOUoQ_zeR4FxjvQMs_1418670_1420192.wav,CaiPingsJournal_UCvh8pTObWkavxkfWJabOUoQ_zeR4FxjvQMs,1418670,1420192,1522
CaiPingsJournal_UCvh8pTObWkavxkfWJabOUoQ_zeR4FxjvQMs_1420408_1427440.wav,CaiPingsJournal_UCvh8pTObWkavxkfWJabOUoQ_zeR4FxjvQMs,1420408,1427440,7032
CaiPingsJournal_UCvh8pTObWkavxkfWJabOUoQ_zeR4FxjvQMs_1427872_1428384.wav,CaiPingsJournal_UCvh8pTObWkavxkfWJabOUoQ_zeR4FxjvQMs,1427872,1428384,512
CaiPingsJournal_UCvh8pTObWkavxkfWJabOUoQ_zeR4FxjvQMs_1428914_1430582.wav,CaiPingsJournal_UCvh8pTObWkavxkfWJabOUoQ_zeR4FxjvQMs,1428914,1430582,1668
CaiPingsJournal_UCvh8pTObWkavxkfWJabOUoQ_zeR4FxjvQMs_1430766_1431554.wav,CaiPingsJournal_UCvh8pTObWkavxkfWJabOUoQ_zeR4FxjvQMs,1430766,1431554,788
CaiPingsJournal_UCvh8pTObWkavxkfWJabOUoQ_zeR4FxjvQMs_1431906_1435946.wav,CaiPingsJournal_UCvh8pTObWkavxkfWJabOUoQ_zeR4FxjvQMs,1431906,1435946,4040
CaiPingsJournal_UCvh8pTObWkavxkfWJabOUoQ_zeR4FxjvQMs_1436578_1438402.wav,CaiPingsJournal_UCvh8pTObWkavxkfWJabOUoQ_zeR4FxjvQMs,1436578,1438402,1824
CaiPingsJournal_UCvh8pTObWkavxkfWJabOUoQ_zeR4FxjvQMs_1438850_1441650.wav,CaiPingsJournal_UCvh8pTObWkavxkfWJabOUoQ_zeR4FxjvQMs,1438850,1441650,2800
CaiPingsJournal_UCvh8pTObWkavxkfWJabOUoQ_zeR4FxjvQMs_1441762_1448738.wav,CaiPingsJournal_UCvh8pTObWkavxkfWJabOUoQ_zeR4FxjvQMs,1441762,1448738,6976
CaiPingsJournal_UCvh8pTObWkavxkfWJabOUoQ_zeR4FxjvQMs_1448858_1450282.wav,CaiPingsJournal_UCvh8pTObWkavxkfWJabOUoQ_zeR4FxjvQMs,1448858,1450282,1424
CaiPingsJournal_UCvh8pTObWkavxkfWJabOUoQ_zeR4FxjvQMs_1450418_1450642.wav,CaiPingsJournal_UCvh8pTObWkavxkfWJabOUoQ_zeR4FxjvQMs,1450418,1450642,224
CaiPingsJournal_UCvh8pTObWkavxkfWJabOUoQ_zeR4FxjvQMs_1450778_1451154.wav,CaiPingsJournal_UCvh8pTObWkavxkfWJabOUoQ_zeR4FxjvQMs,1450778,1451154,376
CaiPingsJournal_UCvh8pTObWkavxkfWJabOUoQ_zeR4FxjvQMs_1451274_1460026.wav,CaiPingsJournal_UCvh8pTObWkavxkfWJabOUoQ_zeR4FxjvQMs,1451274,1460026,8752
CaiPingsJournal_UCvh8pTObWkavxkfWJabOUoQ_zeR4FxjvQMs_1460290_1462010.wav,CaiPingsJournal_UCvh8pTObWkavxkfWJabOUoQ_zeR4FxjvQMs,1460290,1462010,1720
CaiPingsJournal_UCvh8pTObWkavxkfWJabOUoQ_zeR4FxjvQMs_1463482_1464870.wav,CaiPingsJournal_UCvh8pTObWkavxkfWJabOUoQ_zeR4FxjvQMs,1463482,1464870,1388
CaiPingsJournal_UCvh8pTObWkavxkfWJabOUoQ_zeR4FxjvQMs_1464990_1466470.wav,CaiPingsJournal_UCvh8pTObWkavxkfWJabOUoQ_zeR4FxjvQMs,1464990,1466470,1480
CaiPingsJournal_UCvh8pTObWkavxkfWJabOUoQ_zeR4FxjvQMs_1466606_1473782.wav,CaiPingsJournal_UCvh8pTObWkavxkfWJabOUoQ_zeR4FxjvQMs,1466606,1473782,7176
CaiPingsJournal_UCvh8pTObWkavxkfWJabOUoQ_zeR4FxjvQMs_1473894_1476494.wav,CaiPingsJournal_UCvh8pTObWkavxkfWJabOUoQ_zeR4FxjvQMs,1473894,1476494,2600
CaiPingsJournal_UCvh8pTObWkavxkfWJabOUoQ_zeR4FxjvQMs_1476614_1477370.wav,CaiPingsJournal_UCvh8pTObWkavxkfWJabOUoQ_zeR4FxjvQMs,1476614,1477370,756
CaiPingsJournal_UCvh8pTObWkavxkfWJabOUoQ_zeR4FxjvQMs_1478402_1481572.wav,CaiPingsJournal_UCvh8pTObWkavxkfWJabOUoQ_zeR4FxjvQMs,1478402,1481572,3170
