filename,video_id,start_time,end_time,duration
CaiPingsJournal_UCvh8pTObWkavxkfWJabOUoQ_zeR4FxjvQMs_514_2427.wav,CaiPingsJournal_UCvh8pTObWkavxkfWJabOUoQ_zeR4FxjvQMs,514,2427,1913
CaiPingsJournal_UCvh8pTObWkavxkfWJabOUoQ_zeR4FxjvQMs_2755_10284.wav,CaiPingsJournal_UCvh8pTObWkavxkfWJabOUoQ_zeR4FxjvQMs,2755,10284,7529
CaiPingsJournal_UCvh8pTObWkavxkfWJabOUoQ_zeR4FxjvQMs_10468_11116.wav,CaiPingsJournal_UCvh8pTObWkavxkfWJabOUoQ_zeR4FxjvQMs,10468,11116,648
CaiPingsJournal_UCvh8pTObWkavxkfWJabOUoQ_zeR4FxjvQMs_11292_13014.wav,CaiPingsJournal_UCvh8pTObWkavxkfWJabOUoQ_zeR4FxjvQMs,11292,13014,1722
CaiPingsJournal_UCvh8pTObWkavxkfWJabOUoQ_zeR4FxjvQMs_13246_13666.wav,CaiPingsJournal_UCvh8pTObWkavxkfWJabOUoQ_zeR4FxjvQMs,13246,13666,420
CaiPingsJournal_UCvh8pTObWkavxkfWJabOUoQ_zeR4FxjvQMs_13994_15170.wav,CaiPingsJournal_UCvh8pTObWkavxkfWJabOUoQ_zeR4FxjvQMs,13994,15170,1176
CaiPingsJournal_UCvh8pTObWkavxkfWJabOUoQ_zeR4FxjvQMs_15442_16282.wav,CaiPingsJournal_UCvh8pTObWkavxkfWJabOUoQ_zeR4FxjvQMs,15442,16282,840
CaiPingsJournal_UCvh8pTObWkavxkfWJabOUoQ_zeR4FxjvQMs_16554_19178.wav,CaiPingsJournal_UCvh8pTObWkavxkfWJabOUoQ_zeR4FxjvQMs,16554,19178,2624
CaiPingsJournal_UCvh8pTObWkavxkfWJabOUoQ_zeR4FxjvQMs_19498_24540.wav,CaiPingsJournal_UCvh8pTObWkavxkfWJabOUoQ_zeR4FxjvQMs,19498,24540,5042
CaiPingsJournal_UCvh8pTObWkavxkfWJabOUoQ_zeR4FxjvQMs_24692_28118.wav,CaiPingsJournal_UCvh8pTObWkavxkfWJabOUoQ_zeR4FxjvQMs,24692,28118,3426
CaiPingsJournal_UCvh8pTObWkavxkfWJabOUoQ_zeR4FxjvQMs_28278_32250.wav,CaiPingsJournal_UCvh8pTObWkavxkfWJabOUoQ_zeR4FxjvQMs,28278,32250,3972
CaiPingsJournal_UCvh8pTObWkavxkfWJabOUoQ_zeR4FxjvQMs_32546_36482.wav,CaiPingsJournal_UCvh8pTObWkavxkfWJabOUoQ_zeR4FxjvQMs,32546,36482,3936
CaiPingsJournal_UCvh8pTObWkavxkfWJabOUoQ_zeR4FxjvQMs_36906_40082.wav,CaiPingsJournal_UCvh8pTObWkavxkfWJabOUoQ_zeR4FxjvQMs,36906,40082,3176
CaiPingsJournal_UCvh8pTObWkavxkfWJabOUoQ_zeR4FxjvQMs_40490_40594.wav,CaiPingsJournal_UCvh8pTObWkavxkfWJabOUoQ_zeR4FxjvQMs,40490,40594,104
CaiPingsJournal_UCvh8pTObWkavxkfWJabOUoQ_zeR4FxjvQMs_40938_42554.wav,CaiPingsJournal_UCvh8pTObWkavxkfWJabOUoQ_zeR4FxjvQMs,40938,42554,1616
CaiPingsJournal_UCvh8pTObWkavxkfWJabOUoQ_zeR4FxjvQMs_42706_48994.wav,CaiPingsJournal_UCvh8pTObWkavxkfWJabOUoQ_zeR4FxjvQMs,42706,48994,6288
CaiPingsJournal_UCvh8pTObWkavxkfWJabOUoQ_zeR4FxjvQMs_49170_49298.wav,CaiPingsJournal_UCvh8pTObWkavxkfWJabOUoQ_zeR4FxjvQMs,49170,49298,128
CaiPingsJournal_UCvh8pTObWkavxkfWJabOUoQ_zeR4FxjvQMs_49474_55386.wav,CaiPingsJournal_UCvh8pTObWkavxkfWJabOUoQ_zeR4FxjvQMs,49474,55386,5912
CaiPingsJournal_UCvh8pTObWkavxkfWJabOUoQ_zeR4FxjvQMs_55954_60006.wav,CaiPingsJournal_UCvh8pTObWkavxkfWJabOUoQ_zeR4FxjvQMs,55954,60006,4052
CaiPingsJournal_UCvh8pTObWkavxkfWJabOUoQ_zeR4FxjvQMs_60158_67738.wav,CaiPingsJournal_UCvh8pTObWkavxkfWJabOUoQ_zeR4FxjvQMs,60158,67738,7580
CaiPingsJournal_UCvh8pTObWkavxkfWJabOUoQ_zeR4FxjvQMs_68130_69610.wav,CaiPingsJournal_UCvh8pTObWkavxkfWJabOUoQ_zeR4FxjvQMs,68130,69610,1480
CaiPingsJournal_UCvh8pTObWkavxkfWJabOUoQ_zeR4FxjvQMs_69842_75002.wav,CaiPingsJournal_UCvh8pTObWkavxkfWJabOUoQ_zeR4FxjvQMs,69842,75002,5160
CaiPingsJournal_UCvh8pTObWkavxkfWJabOUoQ_zeR4FxjvQMs_75154_78882.wav,CaiPingsJournal_UCvh8pTObWkavxkfWJabOUoQ_zeR4FxjvQMs,75154,78882,3728
CaiPingsJournal_UCvh8pTObWkavxkfWJabOUoQ_zeR4FxjvQMs_79050_92434.wav,CaiPingsJournal_UCvh8pTObWkavxkfWJabOUoQ_zeR4FxjvQMs,79050,92434,13384
CaiPingsJournal_UCvh8pTObWkavxkfWJabOUoQ_zeR4FxjvQMs_92578_94794.wav,CaiPingsJournal_UCvh8pTObWkavxkfWJabOUoQ_zeR4FxjvQMs,92578,94794,2216
CaiPingsJournal_UCvh8pTObWkavxkfWJabOUoQ_zeR4FxjvQMs_95386_102682.wav,CaiPingsJournal_UCvh8pTObWkavxkfWJabOUoQ_zeR4FxjvQMs,95386,102682,7296
CaiPingsJournal_UCvh8pTObWkavxkfWJabOUoQ_zeR4FxjvQMs_103482_105258.wav,CaiPingsJournal_UCvh8pTObWkavxkfWJabOUoQ_zeR4FxjvQMs,103482,105258,1776
CaiPingsJournal_UCvh8pTObWkavxkfWJabOUoQ_zeR4FxjvQMs_105586_106290.wav,CaiPingsJournal_UCvh8pTObWkavxkfWJabOUoQ_zeR4FxjvQMs,105586,106290,704
CaiPingsJournal_UCvh8pTObWkavxkfWJabOUoQ_zeR4FxjvQMs_106650_119522.wav,CaiPingsJournal_UCvh8pTObWkavxkfWJabOUoQ_zeR4FxjvQMs,106650,119522,12872
CaiPingsJournal_UCvh8pTObWkavxkfWJabOUoQ_zeR4FxjvQMs_119810_120714.wav,CaiPingsJournal_UCvh8pTObWkavxkfWJabOUoQ_zeR4FxjvQMs,119810,120714,904
CaiPingsJournal_UCvh8pTObWkavxkfWJabOUoQ_zeR4FxjvQMs_121346_123244.wav,CaiPingsJournal_UCvh8pTObWkavxkfWJabOUoQ_zeR4FxjvQMs,121346,123244,1898
CaiPingsJournal_UCvh8pTObWkavxkfWJabOUoQ_zeR4FxjvQMs_123348_131796.wav,CaiPingsJournal_UCvh8pTObWkavxkfWJabOUoQ_zeR4FxjvQMs,123348,131796,8448
CaiPingsJournal_UCvh8pTObWkavxkfWJabOUoQ_zeR4FxjvQMs_131916_132052.wav,CaiPingsJournal_UCvh8pTObWkavxkfWJabOUoQ_zeR4FxjvQMs,131916,132052,136
CaiPingsJournal_UCvh8pTObWkavxkfWJabOUoQ_zeR4FxjvQMs_132156_137230.wav,CaiPingsJournal_UCvh8pTObWkavxkfWJabOUoQ_zeR4FxjvQMs,132156,137230,5074
CaiPingsJournal_UCvh8pTObWkavxkfWJabOUoQ_zeR4FxjvQMs_137406_146778.wav,CaiPingsJournal_UCvh8pTObWkavxkfWJabOUoQ_zeR4FxjvQMs,137406,146778,9372
CaiPingsJournal_UCvh8pTObWkavxkfWJabOUoQ_zeR4FxjvQMs_147666_147956.wav,CaiPingsJournal_UCvh8pTObWkavxkfWJabOUoQ_zeR4FxjvQMs,147666,147956,290
CaiPingsJournal_UCvh8pTObWkavxkfWJabOUoQ_zeR4FxjvQMs_148148_149205.wav,CaiPingsJournal_UCvh8pTObWkavxkfWJabOUoQ_zeR4FxjvQMs,148148,149205,1057
CaiPingsJournal_UCvh8pTObWkavxkfWJabOUoQ_zeR4FxjvQMs_149373_152125.wav,CaiPingsJournal_UCvh8pTObWkavxkfWJabOUoQ_zeR4FxjvQMs,149373,152125,2752
CaiPingsJournal_UCvh8pTObWkavxkfWJabOUoQ_zeR4FxjvQMs_152261_154221.wav,CaiPingsJournal_UCvh8pTObWkavxkfWJabOUoQ_zeR4FxjvQMs,152261,154221,1960
CaiPingsJournal_UCvh8pTObWkavxkfWJabOUoQ_zeR4FxjvQMs_154349_163094.wav,CaiPingsJournal_UCvh8pTObWkavxkfWJabOUoQ_zeR4FxjvQMs,154349,163094,8745
CaiPingsJournal_UCvh8pTObWkavxkfWJabOUoQ_zeR4FxjvQMs_163738_164354.wav,CaiPingsJournal_UCvh8pTObWkavxkfWJabOUoQ_zeR4FxjvQMs,163738,164354,616
CaiPingsJournal_UCvh8pTObWkavxkfWJabOUoQ_zeR4FxjvQMs_164506_172858.wav,CaiPingsJournal_UCvh8pTObWkavxkfWJabOUoQ_zeR4FxjvQMs,164506,172858,8352
CaiPingsJournal_UCvh8pTObWkavxkfWJabOUoQ_zeR4FxjvQMs_173322_178726.wav,CaiPingsJournal_UCvh8pTObWkavxkfWJabOUoQ_zeR4FxjvQMs,173322,178726,5404
CaiPingsJournal_UCvh8pTObWkavxkfWJabOUoQ_zeR4FxjvQMs_178950_180798.wav,CaiPingsJournal_UCvh8pTObWkavxkfWJabOUoQ_zeR4FxjvQMs,178950,180798,1848
CaiPingsJournal_UCvh8pTObWkavxkfWJabOUoQ_zeR4FxjvQMs_180942_183174.wav,CaiPingsJournal_UCvh8pTObWkavxkfWJabOUoQ_zeR4FxjvQMs,180942,183174,2232
CaiPingsJournal_UCvh8pTObWkavxkfWJabOUoQ_zeR4FxjvQMs_183310_191863.wav,CaiPingsJournal_UCvh8pTObWkavxkfWJabOUoQ_zeR4FxjvQMs,183310,191863,8553
CaiPingsJournal_UCvh8pTObWkavxkfWJabOUoQ_zeR4FxjvQMs_192031_200600.wav,CaiPingsJournal_UCvh8pTObWkavxkfWJabOUoQ_zeR4FxjvQMs,192031,200600,8569
CaiPingsJournal_UCvh8pTObWkavxkfWJabOUoQ_zeR4FxjvQMs_200800_209634.wav,CaiPingsJournal_UCvh8pTObWkavxkfWJabOUoQ_zeR4FxjvQMs,200800,209634,8834
CaiPingsJournal_UCvh8pTObWkavxkfWJabOUoQ_zeR4FxjvQMs_210090_210434.wav,CaiPingsJournal_UCvh8pTObWkavxkfWJabOUoQ_zeR4FxjvQMs,210090,210434,344
CaiPingsJournal_UCvh8pTObWkavxkfWJabOUoQ_zeR4FxjvQMs_210626_213018.wav,CaiPingsJournal_UCvh8pTObWkavxkfWJabOUoQ_zeR4FxjvQMs,210626,213018,2392
CaiPingsJournal_UCvh8pTObWkavxkfWJabOUoQ_zeR4FxjvQMs_213122_218062.wav,CaiPingsJournal_UCvh8pTObWkavxkfWJabOUoQ_zeR4FxjvQMs,213122,218062,4940
CaiPingsJournal_UCvh8pTObWkavxkfWJabOUoQ_zeR4FxjvQMs_218150_227598.wav,CaiPingsJournal_UCvh8pTObWkavxkfWJabOUoQ_zeR4FxjvQMs,218150,227598,9448
CaiPingsJournal_UCvh8pTObWkavxkfWJabOUoQ_zeR4FxjvQMs_227686_229746.wav,CaiPingsJournal_UCvh8pTObWkavxkfWJabOUoQ_zeR4FxjvQMs,227686,229746,2060
CaiPingsJournal_UCvh8pTObWkavxkfWJabOUoQ_zeR4FxjvQMs_229858_230666.wav,CaiPingsJournal_UCvh8pTObWkavxkfWJabOUoQ_zeR4FxjvQMs,229858,230666,808
CaiPingsJournal_UCvh8pTObWkavxkfWJabOUoQ_zeR4FxjvQMs_230994_233282.wav,CaiPingsJournal_UCvh8pTObWkavxkfWJabOUoQ_zeR4FxjvQMs,230994,233282,2288
CaiPingsJournal_UCvh8pTObWkavxkfWJabOUoQ_zeR4FxjvQMs_233554_238578.wav,CaiPingsJournal_UCvh8pTObWkavxkfWJabOUoQ_zeR4FxjvQMs,233554,238578,5024
CaiPingsJournal_UCvh8pTObWkavxkfWJabOUoQ_zeR4FxjvQMs_238882_239834.wav,CaiPingsJournal_UCvh8pTObWkavxkfWJabOUoQ_zeR4FxjvQMs,238882,239834,952
CaiPingsJournal_UCvh8pTObWkavxkfWJabOUoQ_zeR4FxjvQMs_240050_247187.wav,CaiPingsJournal_UCvh8pTObWkavxkfWJabOUoQ_zeR4FxjvQMs,240050,247187,7137
CaiPingsJournal_UCvh8pTObWkavxkfWJabOUoQ_zeR4FxjvQMs_247331_258452.wav,CaiPingsJournal_UCvh8pTObWkavxkfWJabOUoQ_zeR4FxjvQMs,247331,258452,11121
CaiPingsJournal_UCvh8pTObWkavxkfWJabOUoQ_zeR4FxjvQMs_258596_263254.wav,CaiPingsJournal_UCvh8pTObWkavxkfWJabOUoQ_zeR4FxjvQMs,258596,263254,4658
CaiPingsJournal_UCvh8pTObWkavxkfWJabOUoQ_zeR4FxjvQMs_263422_266922.wav,CaiPingsJournal_UCvh8pTObWkavxkfWJabOUoQ_zeR4FxjvQMs,263422,266922,3500
CaiPingsJournal_UCvh8pTObWkavxkfWJabOUoQ_zeR4FxjvQMs_267434_268986.wav,CaiPingsJournal_UCvh8pTObWkavxkfWJabOUoQ_zeR4FxjvQMs,267434,268986,1552
CaiPingsJournal_UCvh8pTObWkavxkfWJabOUoQ_zeR4FxjvQMs_269858_273474.wav,CaiPingsJournal_UCvh8pTObWkavxkfWJabOUoQ_zeR4FxjvQMs,269858,273474,3616
CaiPingsJournal_UCvh8pTObWkavxkfWJabOUoQ_zeR4FxjvQMs_273658_278074.wav,CaiPingsJournal_UCvh8pTObWkavxkfWJabOUoQ_zeR4FxjvQMs,273658,278074,4416
CaiPingsJournal_UCvh8pTObWkavxkfWJabOUoQ_zeR4FxjvQMs_278306_286938.wav,CaiPingsJournal_UCvh8pTObWkavxkfWJabOUoQ_zeR4FxjvQMs,278306,286938,8632
CaiPingsJournal_UCvh8pTObWkavxkfWJabOUoQ_zeR4FxjvQMs_287138_291746.wav,CaiPingsJournal_UCvh8pTObWkavxkfWJabOUoQ_zeR4FxjvQMs,287138,291746,4608
CaiPingsJournal_UCvh8pTObWkavxkfWJabOUoQ_zeR4FxjvQMs_292258_293986.wav,CaiPingsJournal_UCvh8pTObWkavxkfWJabOUoQ_zeR4FxjvQMs,292258,293986,1728
CaiPingsJournal_UCvh8pTObWkavxkfWJabOUoQ_zeR4FxjvQMs_294106_305578.wav,CaiPingsJournal_UCvh8pTObWkavxkfWJabOUoQ_zeR4FxjvQMs,294106,305578,11472
CaiPingsJournal_UCvh8pTObWkavxkfWJabOUoQ_zeR4FxjvQMs_305690_310082.wav,CaiPingsJournal_UCvh8pTObWkavxkfWJabOUoQ_zeR4FxjvQMs,305690,310082,4392
CaiPingsJournal_UCvh8pTObWkavxkfWJabOUoQ_zeR4FxjvQMs_310194_314826.wav,CaiPingsJournal_UCvh8pTObWkavxkfWJabOUoQ_zeR4FxjvQMs,310194,314826,4632
CaiPingsJournal_UCvh8pTObWkavxkfWJabOUoQ_zeR4FxjvQMs_315146_317211.wav,CaiPingsJournal_UCvh8pTObWkavxkfWJabOUoQ_zeR4FxjvQMs,315146,317211,2065
CaiPingsJournal_UCvh8pTObWkavxkfWJabOUoQ_zeR4FxjvQMs_317339_318027.wav,CaiPingsJournal_UCvh8pTObWkavxkfWJabOUoQ_zeR4FxjvQMs,317339,318027,688
CaiPingsJournal_UCvh8pTObWkavxkfWJabOUoQ_zeR4FxjvQMs_318139_329099.wav,CaiPingsJournal_UCvh8pTObWkavxkfWJabOUoQ_zeR4FxjvQMs,318139,329099,10960
CaiPingsJournal_UCvh8pTObWkavxkfWJabOUoQ_zeR4FxjvQMs_329211_333619.wav,CaiPingsJournal_UCvh8pTObWkavxkfWJabOUoQ_zeR4FxjvQMs,329211,333619,4408
CaiPingsJournal_UCvh8pTObWkavxkfWJabOUoQ_zeR4FxjvQMs_333755_343163.wav,CaiPingsJournal_UCvh8pTObWkavxkfWJabOUoQ_zeR4FxjvQMs,333755,343163,9408
CaiPingsJournal_UCvh8pTObWkavxkfWJabOUoQ_zeR4FxjvQMs_343307_344180.wav,CaiPingsJournal_UCvh8pTObWkavxkfWJabOUoQ_zeR4FxjvQMs,343307,344180,873
CaiPingsJournal_UCvh8pTObWkavxkfWJabOUoQ_zeR4FxjvQMs_344356_344686.wav,CaiPingsJournal_UCvh8pTObWkavxkfWJabOUoQ_zeR4FxjvQMs,344356,344686,330
CaiPingsJournal_UCvh8pTObWkavxkfWJabOUoQ_zeR4FxjvQMs_344926_345890.wav,CaiPingsJournal_UCvh8pTObWkavxkfWJabOUoQ_zeR4FxjvQMs,344926,345890,964
CaiPingsJournal_UCvh8pTObWkavxkfWJabOUoQ_zeR4FxjvQMs_346402_349414.wav,CaiPingsJournal_UCvh8pTObWkavxkfWJabOUoQ_zeR4FxjvQMs,346402,349414,3012
CaiPingsJournal_UCvh8pTObWkavxkfWJabOUoQ_zeR4FxjvQMs_349654_350048.wav,CaiPingsJournal_UCvh8pTObWkavxkfWJabOUoQ_zeR4FxjvQMs,349654,350048,394
CaiPingsJournal_UCvh8pTObWkavxkfWJabOUoQ_zeR4FxjvQMs_350192_358840.wav,CaiPingsJournal_UCvh8pTObWkavxkfWJabOUoQ_zeR4FxjvQMs,350192,358840,8648
CaiPingsJournal_UCvh8pTObWkavxkfWJabOUoQ_zeR4FxjvQMs_358976_360226.wav,CaiPingsJournal_UCvh8pTObWkavxkfWJabOUoQ_zeR4FxjvQMs,358976,360226,1250
CaiPingsJournal_UCvh8pTObWkavxkfWJabOUoQ_zeR4FxjvQMs_360410_363946.wav,CaiPingsJournal_UCvh8pTObWkavxkfWJabOUoQ_zeR4FxjvQMs,360410,363946,3536
CaiPingsJournal_UCvh8pTObWkavxkfWJabOUoQ_zeR4FxjvQMs_364098_378966.wav,CaiPingsJournal_UCvh8pTObWkavxkfWJabOUoQ_zeR4FxjvQMs,364098,378966,14868
CaiPingsJournal_UCvh8pTObWkavxkfWJabOUoQ_zeR4FxjvQMs_379214_382958.wav,CaiPingsJournal_UCvh8pTObWkavxkfWJabOUoQ_zeR4FxjvQMs,379214,382958,3744
CaiPingsJournal_UCvh8pTObWkavxkfWJabOUoQ_zeR4FxjvQMs_383094_391351.wav,CaiPingsJournal_UCvh8pTObWkavxkfWJabOUoQ_zeR4FxjvQMs,383094,391351,8257
CaiPingsJournal_UCvh8pTObWkavxkfWJabOUoQ_zeR4FxjvQMs_391487_396616.wav,CaiPingsJournal_UCvh8pTObWkavxkfWJabOUoQ_zeR4FxjvQMs,391487,396616,5129
CaiPingsJournal_UCvh8pTObWkavxkfWJabOUoQ_zeR4FxjvQMs_396776_402032.wav,CaiPingsJournal_UCvh8pTObWkavxkfWJabOUoQ_zeR4FxjvQMs,396776,402032,5256
CaiPingsJournal_UCvh8pTObWkavxkfWJabOUoQ_zeR4FxjvQMs_402184_409552.wav,CaiPingsJournal_UCvh8pTObWkavxkfWJabOUoQ_zeR4FxjvQMs,402184,409552,7368
CaiPingsJournal_UCvh8pTObWkavxkfWJabOUoQ_zeR4FxjvQMs_409720_420992.wav,CaiPingsJournal_UCvh8pTObWkavxkfWJabOUoQ_zeR4FxjvQMs,409720,420992,11272
CaiPingsJournal_UCvh8pTObWkavxkfWJabOUoQ_zeR4FxjvQMs_421168_425368.wav,CaiPingsJournal_UCvh8pTObWkavxkfWJabOUoQ_zeR4FxjvQMs,421168,425368,4200
CaiPingsJournal_UCvh8pTObWkavxkfWJabOUoQ_zeR4FxjvQMs_425560_427409.wav,CaiPingsJournal_UCvh8pTObWkavxkfWJabOUoQ_zeR4FxjvQMs,425560,427409,1849
CaiPingsJournal_UCvh8pTObWkavxkfWJabOUoQ_zeR4FxjvQMs_427609_434170.wav,CaiPingsJournal_UCvh8pTObWkavxkfWJabOUoQ_zeR4FxjvQMs,427609,434170,6561
CaiPingsJournal_UCvh8pTObWkavxkfWJabOUoQ_zeR4FxjvQMs_434538_436322.wav,CaiPingsJournal_UCvh8pTObWkavxkfWJabOUoQ_zeR4FxjvQMs,434538,436322,1784
CaiPingsJournal_UCvh8pTObWkavxkfWJabOUoQ_zeR4FxjvQMs_436682_437050.wav,CaiPingsJournal_UCvh8pTObWkavxkfWJabOUoQ_zeR4FxjvQMs,436682,437050,368
CaiPingsJournal_UCvh8pTObWkavxkfWJabOUoQ_zeR4FxjvQMs_437498_439482.wav,CaiPingsJournal_UCvh8pTObWkavxkfWJabOUoQ_zeR4FxjvQMs,437498,439482,1984
CaiPingsJournal_UCvh8pTObWkavxkfWJabOUoQ_zeR4FxjvQMs_439746_447194.wav,CaiPingsJournal_UCvh8pTObWkavxkfWJabOUoQ_zeR4FxjvQMs,439746,447194,7448
CaiPingsJournal_UCvh8pTObWkavxkfWJabOUoQ_zeR4FxjvQMs_447306_457026.wav,CaiPingsJournal_UCvh8pTObWkavxkfWJabOUoQ_zeR4FxjvQMs,447306,457026,9720
CaiPingsJournal_UCvh8pTObWkavxkfWJabOUoQ_zeR4FxjvQMs_457226_459266.wav,CaiPingsJournal_UCvh8pTObWkavxkfWJabOUoQ_zeR4FxjvQMs,457226,459266,2040
CaiPingsJournal_UCvh8pTObWkavxkfWJabOUoQ_zeR4FxjvQMs_459418_469826.wav,CaiPingsJournal_UCvh8pTObWkavxkfWJabOUoQ_zeR4FxjvQMs,459418,469826,10408
CaiPingsJournal_UCvh8pTObWkavxkfWJabOUoQ_zeR4FxjvQMs_470946_476398.wav,CaiPingsJournal_UCvh8pTObWkavxkfWJabOUoQ_zeR4FxjvQMs,470946,476398,5452
CaiPingsJournal_UCvh8pTObWkavxkfWJabOUoQ_zeR4FxjvQMs_476614_476832.wav,CaiPingsJournal_UCvh8pTObWkavxkfWJabOUoQ_zeR4FxjvQMs,476614,476832,218
CaiPingsJournal_UCvh8pTObWkavxkfWJabOUoQ_zeR4FxjvQMs_477056_480736.wav,CaiPingsJournal_UCvh8pTObWkavxkfWJabOUoQ_zeR4FxjvQMs,477056,480736,3680
CaiPingsJournal_UCvh8pTObWkavxkfWJabOUoQ_zeR4FxjvQMs_480888_486872.wav,CaiPingsJournal_UCvh8pTObWkavxkfWJabOUoQ_zeR4FxjvQMs,480888,486872,5984
CaiPingsJournal_UCvh8pTObWkavxkfWJabOUoQ_zeR4FxjvQMs_487064_490280.wav,CaiPingsJournal_UCvh8pTObWkavxkfWJabOUoQ_zeR4FxjvQMs,487064,490280,3216
CaiPingsJournal_UCvh8pTObWkavxkfWJabOUoQ_zeR4FxjvQMs_490552_494193.wav,CaiPingsJournal_UCvh8pTObWkavxkfWJabOUoQ_zeR4FxjvQMs,490552,494193,3641
CaiPingsJournal_UCvh8pTObWkavxkfWJabOUoQ_zeR4FxjvQMs_494505_499210.wav,CaiPingsJournal_UCvh8pTObWkavxkfWJabOUoQ_zeR4FxjvQMs,494505,499210,4705
CaiPingsJournal_UCvh8pTObWkavxkfWJabOUoQ_zeR4FxjvQMs_499490_510570.wav,CaiPingsJournal_UCvh8pTObWkavxkfWJabOUoQ_zeR4FxjvQMs,499490,510570,11080
CaiPingsJournal_UCvh8pTObWkavxkfWJabOUoQ_zeR4FxjvQMs_510770_511258.wav,CaiPingsJournal_UCvh8pTObWkavxkfWJabOUoQ_zeR4FxjvQMs,510770,511258,488
CaiPingsJournal_UCvh8pTObWkavxkfWJabOUoQ_zeR4FxjvQMs_511434_514530.wav,CaiPingsJournal_UCvh8pTObWkavxkfWJabOUoQ_zeR4FxjvQMs,511434,514530,3096
CaiPingsJournal_UCvh8pTObWkavxkfWJabOUoQ_zeR4FxjvQMs_514834_516618.wav,CaiPingsJournal_UCvh8pTObWkavxkfWJabOUoQ_zeR4FxjvQMs,514834,516618,1784
CaiPingsJournal_UCvh8pTObWkavxkfWJabOUoQ_zeR4FxjvQMs_517218_519834.wav,CaiPingsJournal_UCvh8pTObWkavxkfWJabOUoQ_zeR4FxjvQMs,517218,519834,2616
CaiPingsJournal_UCvh8pTObWkavxkfWJabOUoQ_zeR4FxjvQMs_520130_523338.wav,CaiPingsJournal_UCvh8pTObWkavxkfWJabOUoQ_zeR4FxjvQMs,520130,523338,3208
CaiPingsJournal_UCvh8pTObWkavxkfWJabOUoQ_zeR4FxjvQMs_523634_524602.wav,CaiPingsJournal_UCvh8pTObWkavxkfWJabOUoQ_zeR4FxjvQMs,523634,524602,968
CaiPingsJournal_UCvh8pTObWkavxkfWJabOUoQ_zeR4FxjvQMs_525466_526498.wav,CaiPingsJournal_UCvh8pTObWkavxkfWJabOUoQ_zeR4FxjvQMs,525466,526498,1032
CaiPingsJournal_UCvh8pTObWkavxkfWJabOUoQ_zeR4FxjvQMs_526866_535266.wav,CaiPingsJournal_UCvh8pTObWkavxkfWJabOUoQ_zeR4FxjvQMs,526866,535266,8400
CaiPingsJournal_UCvh8pTObWkavxkfWJabOUoQ_zeR4FxjvQMs_535690_536538.wav,CaiPingsJournal_UCvh8pTObWkavxkfWJabOUoQ_zeR4FxjvQMs,535690,536538,848
CaiPingsJournal_UCvh8pTObWkavxkfWJabOUoQ_zeR4FxjvQMs_537106_537378.wav,CaiPingsJournal_UCvh8pTObWkavxkfWJabOUoQ_zeR4FxjvQMs,537106,537378,272
CaiPingsJournal_UCvh8pTObWkavxkfWJabOUoQ_zeR4FxjvQMs_538322_544686.wav,CaiPingsJournal_UCvh8pTObWkavxkfWJabOUoQ_zeR4FxjvQMs,538322,544686,6364
CaiPingsJournal_UCvh8pTObWkavxkfWJabOUoQ_zeR4FxjvQMs_544846_555490.wav,CaiPingsJournal_UCvh8pTObWkavxkfWJabOUoQ_zeR4FxjvQMs,544846,555490,10644
CaiPingsJournal_UCvh8pTObWkavxkfWJabOUoQ_zeR4FxjvQMs_555746_557370.wav,CaiPingsJournal_UCvh8pTObWkavxkfWJabOUoQ_zeR4FxjvQMs,555746,557370,1624
CaiPingsJournal_UCvh8pTObWkavxkfWJabOUoQ_zeR4FxjvQMs_557562_570842.wav,CaiPingsJournal_UCvh8pTObWkavxkfWJabOUoQ_zeR4FxjvQMs,557562,570842,13280
CaiPingsJournal_UCvh8pTObWkavxkfWJabOUoQ_zeR4FxjvQMs_571874_572586.wav,CaiPingsJournal_UCvh8pTObWkavxkfWJabOUoQ_zeR4FxjvQMs,571874,572586,712
CaiPingsJournal_UCvh8pTObWkavxkfWJabOUoQ_zeR4FxjvQMs_572930_582266.wav,CaiPingsJournal_UCvh8pTObWkavxkfWJabOUoQ_zeR4FxjvQMs,572930,582266,9336
CaiPingsJournal_UCvh8pTObWkavxkfWJabOUoQ_zeR4FxjvQMs_582394_589018.wav,CaiPingsJournal_UCvh8pTObWkavxkfWJabOUoQ_zeR4FxjvQMs,582394,589018,6624
CaiPingsJournal_UCvh8pTObWkavxkfWJabOUoQ_zeR4FxjvQMs_589170_591170.wav,CaiPingsJournal_UCvh8pTObWkavxkfWJabOUoQ_zeR4FxjvQMs,589170,591170,2000
CaiPingsJournal_UCvh8pTObWkavxkfWJabOUoQ_zeR4FxjvQMs_591442_602907.wav,CaiPingsJournal_UCvh8pTObWkavxkfWJabOUoQ_zeR4FxjvQMs,591442,602907,11465
CaiPingsJournal_UCvh8pTObWkavxkfWJabOUoQ_zeR4FxjvQMs_603019_615252.wav,CaiPingsJournal_UCvh8pTObWkavxkfWJabOUoQ_zeR4FxjvQMs,603019,615252,12233
CaiPingsJournal_UCvh8pTObWkavxkfWJabOUoQ_zeR4FxjvQMs_615380_619198.wav,CaiPingsJournal_UCvh8pTObWkavxkfWJabOUoQ_zeR4FxjvQMs,615380,619198,3818
CaiPingsJournal_UCvh8pTObWkavxkfWJabOUoQ_zeR4FxjvQMs_619374_620226.wav,CaiPingsJournal_UCvh8pTObWkavxkfWJabOUoQ_zeR4FxjvQMs,619374,620226,852
CaiPingsJournal_UCvh8pTObWkavxkfWJabOUoQ_zeR4FxjvQMs_621106_621290.wav,CaiPingsJournal_UCvh8pTObWkavxkfWJabOUoQ_zeR4FxjvQMs,621106,621290,184
CaiPingsJournal_UCvh8pTObWkavxkfWJabOUoQ_zeR4FxjvQMs_622938_634770.wav,CaiPingsJournal_UCvh8pTObWkavxkfWJabOUoQ_zeR4FxjvQMs,622938,634770,11832
CaiPingsJournal_UCvh8pTObWkavxkfWJabOUoQ_zeR4FxjvQMs_634954_636618.wav,CaiPingsJournal_UCvh8pTObWkavxkfWJabOUoQ_zeR4FxjvQMs,634954,636618,1664
CaiPingsJournal_UCvh8pTObWkavxkfWJabOUoQ_zeR4FxjvQMs_636954_641938.wav,CaiPingsJournal_UCvh8pTObWkavxkfWJabOUoQ_zeR4FxjvQMs,636954,641938,4984
CaiPingsJournal_UCvh8pTObWkavxkfWJabOUoQ_zeR4FxjvQMs_642154_649466.wav,CaiPingsJournal_UCvh8pTObWkavxkfWJabOUoQ_zeR4FxjvQMs,642154,649466,7312
CaiPingsJournal_UCvh8pTObWkavxkfWJabOUoQ_zeR4FxjvQMs_649602_654218.wav,CaiPingsJournal_UCvh8pTObWkavxkfWJabOUoQ_zeR4FxjvQMs,649602,654218,4616
CaiPingsJournal_UCvh8pTObWkavxkfWJabOUoQ_zeR4FxjvQMs_654394_655098.wav,CaiPingsJournal_UCvh8pTObWkavxkfWJabOUoQ_zeR4FxjvQMs,654394,655098,704
CaiPingsJournal_UCvh8pTObWkavxkfWJabOUoQ_zeR4FxjvQMs_655282_663098.wav,CaiPingsJournal_UCvh8pTObWkavxkfWJabOUoQ_zeR4FxjvQMs,655282,663098,7816
CaiPingsJournal_UCvh8pTObWkavxkfWJabOUoQ_zeR4FxjvQMs_663274_674498.wav,CaiPingsJournal_UCvh8pTObWkavxkfWJabOUoQ_zeR4FxjvQMs,663274,674498,11224
CaiPingsJournal_UCvh8pTObWkavxkfWJabOUoQ_zeR4FxjvQMs_674666_682322.wav,CaiPingsJournal_UCvh8pTObWkavxkfWJabOUoQ_zeR4FxjvQMs,674666,682322,7656
CaiPingsJournal_UCvh8pTObWkavxkfWJabOUoQ_zeR4FxjvQMs_682586_683970.wav,CaiPingsJournal_UCvh8pTObWkavxkfWJabOUoQ_zeR4FxjvQMs,682586,683970,1384
CaiPingsJournal_UCvh8pTObWkavxkfWJabOUoQ_zeR4FxjvQMs_684274_691546.wav,CaiPingsJournal_UCvh8pTObWkavxkfWJabOUoQ_zeR4FxjvQMs,684274,691546,7272
CaiPingsJournal_UCvh8pTObWkavxkfWJabOUoQ_zeR4FxjvQMs_692346_696226.wav,CaiPingsJournal_UCvh8pTObWkavxkfWJabOUoQ_zeR4FxjvQMs,692346,696226,3880
CaiPingsJournal_UCvh8pTObWkavxkfWJabOUoQ_zeR4FxjvQMs_696442_697650.wav,CaiPingsJournal_UCvh8pTObWkavxkfWJabOUoQ_zeR4FxjvQMs,696442,697650,1208
CaiPingsJournal_UCvh8pTObWkavxkfWJabOUoQ_zeR4FxjvQMs_697802_702050.wav,CaiPingsJournal_UCvh8pTObWkavxkfWJabOUoQ_zeR4FxjvQMs,697802,702050,4248
CaiPingsJournal_UCvh8pTObWkavxkfWJabOUoQ_zeR4FxjvQMs_702202_709602.wav,CaiPingsJournal_UCvh8pTObWkavxkfWJabOUoQ_zeR4FxjvQMs,702202,709602,7400
CaiPingsJournal_UCvh8pTObWkavxkfWJabOUoQ_zeR4FxjvQMs_709858_713386.wav,CaiPingsJournal_UCvh8pTObWkavxkfWJabOUoQ_zeR4FxjvQMs,709858,713386,3528
CaiPingsJournal_UCvh8pTObWkavxkfWJabOUoQ_zeR4FxjvQMs_713706_717818.wav,CaiPingsJournal_UCvh8pTObWkavxkfWJabOUoQ_zeR4FxjvQMs,713706,717818,4112
CaiPingsJournal_UCvh8pTObWkavxkfWJabOUoQ_zeR4FxjvQMs_718714_719994.wav,CaiPingsJournal_UCvh8pTObWkavxkfWJabOUoQ_zeR4FxjvQMs,718714,719994,1280
CaiPingsJournal_UCvh8pTObWkavxkfWJabOUoQ_zeR4FxjvQMs_720970_724738.wav,CaiPingsJournal_UCvh8pTObWkavxkfWJabOUoQ_zeR4FxjvQMs,720970,724738,3768
CaiPingsJournal_UCvh8pTObWkavxkfWJabOUoQ_zeR4FxjvQMs_724890_725090.wav,CaiPingsJournal_UCvh8pTObWkavxkfWJabOUoQ_zeR4FxjvQMs,724890,725090,200
CaiPingsJournal_UCvh8pTObWkavxkfWJabOUoQ_zeR4FxjvQMs_725242_731162.wav,CaiPingsJournal_UCvh8pTObWkavxkfWJabOUoQ_zeR4FxjvQMs,725242,731162,5920
CaiPingsJournal_UCvh8pTObWkavxkfWJabOUoQ_zeR4FxjvQMs_731522_736314.wav,CaiPingsJournal_UCvh8pTObWkavxkfWJabOUoQ_zeR4FxjvQMs,731522,736314,4792
CaiPingsJournal_UCvh8pTObWkavxkfWJabOUoQ_zeR4FxjvQMs_737066_740594.wav,CaiPingsJournal_UCvh8pTObWkavxkfWJabOUoQ_zeR4FxjvQMs,737066,740594,3528
CaiPingsJournal_UCvh8pTObWkavxkfWJabOUoQ_zeR4FxjvQMs_740882_744148.wav,CaiPingsJournal_UCvh8pTObWkavxkfWJabOUoQ_zeR4FxjvQMs,740882,744148,3266
CaiPingsJournal_UCvh8pTObWkavxkfWJabOUoQ_zeR4FxjvQMs_744316_749534.wav,CaiPingsJournal_UCvh8pTObWkavxkfWJabOUoQ_zeR4FxjvQMs,744316,749534,5218
CaiPingsJournal_UCvh8pTObWkavxkfWJabOUoQ_zeR4FxjvQMs_749686_752114.wav,CaiPingsJournal_UCvh8pTObWkavxkfWJabOUoQ_zeR4FxjvQMs,749686,752114,2428
CaiPingsJournal_UCvh8pTObWkavxkfWJabOUoQ_zeR4FxjvQMs_752418_755026.wav,CaiPingsJournal_UCvh8pTObWkavxkfWJabOUoQ_zeR4FxjvQMs,752418,755026,2608
CaiPingsJournal_UCvh8pTObWkavxkfWJabOUoQ_zeR4FxjvQMs_755354_757636.wav,CaiPingsJournal_UCvh8pTObWkavxkfWJabOUoQ_zeR4FxjvQMs,755354,757636,2282
CaiPingsJournal_UCvh8pTObWkavxkfWJabOUoQ_zeR4FxjvQMs_757724_769228.wav,CaiPingsJournal_UCvh8pTObWkavxkfWJabOUoQ_zeR4FxjvQMs,757724,769228,11504
CaiPingsJournal_UCvh8pTObWkavxkfWJabOUoQ_zeR4FxjvQMs_769316_773102.wav,CaiPingsJournal_UCvh8pTObWkavxkfWJabOUoQ_zeR4FxjvQMs,769316,773102,3786
CaiPingsJournal_UCvh8pTObWkavxkfWJabOUoQ_zeR4FxjvQMs_773610_778234.wav,CaiPingsJournal_UCvh8pTObWkavxkfWJabOUoQ_zeR4FxjvQMs,773610,778234,4624
CaiPingsJournal_UCvh8pTObWkavxkfWJabOUoQ_zeR4FxjvQMs_779034_786266.wav,CaiPingsJournal_UCvh8pTObWkavxkfWJabOUoQ_zeR4FxjvQMs,779034,786266,7232
CaiPingsJournal_UCvh8pTObWkavxkfWJabOUoQ_zeR4FxjvQMs_786618_796554.wav,CaiPingsJournal_UCvh8pTObWkavxkfWJabOUoQ_zeR4FxjvQMs,786618,796554,9936
CaiPingsJournal_UCvh8pTObWkavxkfWJabOUoQ_zeR4FxjvQMs_796858_811410.wav,CaiPingsJournal_UCvh8pTObWkavxkfWJabOUoQ_zeR4FxjvQMs,796858,811410,14552
CaiPingsJournal_UCvh8pTObWkavxkfWJabOUoQ_zeR4FxjvQMs_811634_820034.wav,CaiPingsJournal_UCvh8pTObWkavxkfWJabOUoQ_zeR4FxjvQMs,811634,820034,8400
CaiPingsJournal_UCvh8pTObWkavxkfWJabOUoQ_zeR4FxjvQMs_820754_828642.wav,CaiPingsJournal_UCvh8pTObWkavxkfWJabOUoQ_zeR4FxjvQMs,820754,828642,7888
CaiPingsJournal_UCvh8pTObWkavxkfWJabOUoQ_zeR4FxjvQMs_828906_829914.wav,CaiPingsJournal_UCvh8pTObWkavxkfWJabOUoQ_zeR4FxjvQMs,828906,829914,1008
CaiPingsJournal_UCvh8pTObWkavxkfWJabOUoQ_zeR4FxjvQMs_830258_834562.wav,CaiPingsJournal_UCvh8pTObWkavxkfWJabOUoQ_zeR4FxjvQMs,830258,834562,4304
CaiPingsJournal_UCvh8pTObWkavxkfWJabOUoQ_zeR4FxjvQMs_834690_838994.wav,CaiPingsJournal_UCvh8pTObWkavxkfWJabOUoQ_zeR4FxjvQMs,834690,838994,4304
CaiPingsJournal_UCvh8pTObWkavxkfWJabOUoQ_zeR4FxjvQMs_839074_839978.wav,CaiPingsJournal_UCvh8pTObWkavxkfWJabOUoQ_zeR4FxjvQMs,839074,839978,904
CaiPingsJournal_UCvh8pTObWkavxkfWJabOUoQ_zeR4FxjvQMs_840074_840754.wav,CaiPingsJournal_UCvh8pTObWkavxkfWJabOUoQ_zeR4FxjvQMs,840074,840754,680
CaiPingsJournal_UCvh8pTObWkavxkfWJabOUoQ_zeR4FxjvQMs_840842_843442.wav,CaiPingsJournal_UCvh8pTObWkavxkfWJabOUoQ_zeR4FxjvQMs,840842,843442,2600
CaiPingsJournal_UCvh8pTObWkavxkfWJabOUoQ_zeR4FxjvQMs_843530_851026.wav,CaiPingsJournal_UCvh8pTObWkavxkfWJabOUoQ_zeR4FxjvQMs,843530,851026,7496
CaiPingsJournal_UCvh8pTObWkavxkfWJabOUoQ_zeR4FxjvQMs_851578_860210.wav,CaiPingsJournal_UCvh8pTObWkavxkfWJabOUoQ_zeR4FxjvQMs,851578,860210,8632
CaiPingsJournal_UCvh8pTObWkavxkfWJabOUoQ_zeR4FxjvQMs_860338_867058.wav,CaiPingsJournal_UCvh8pTObWkavxkfWJabOUoQ_zeR4FxjvQMs,860338,867058,6720
CaiPingsJournal_UCvh8pTObWkavxkfWJabOUoQ_zeR4FxjvQMs_867858_873866.wav,CaiPingsJournal_UCvh8pTObWkavxkfWJabOUoQ_zeR4FxjvQMs,867858,873866,6008
CaiPingsJournal_UCvh8pTObWkavxkfWJabOUoQ_zeR4FxjvQMs_874018_882178.wav,CaiPingsJournal_UCvh8pTObWkavxkfWJabOUoQ_zeR4FxjvQMs,874018,882178,8160
CaiPingsJournal_UCvh8pTObWkavxkfWJabOUoQ_zeR4FxjvQMs_882290_891570.wav,CaiPingsJournal_UCvh8pTObWkavxkfWJabOUoQ_zeR4FxjvQMs,882290,891570,9280
CaiPingsJournal_UCvh8pTObWkavxkfWJabOUoQ_zeR4FxjvQMs_891674_892522.wav,CaiPingsJournal_UCvh8pTObWkavxkfWJabOUoQ_zeR4FxjvQMs,891674,892522,848
CaiPingsJournal_UCvh8pTObWkavxkfWJabOUoQ_zeR4FxjvQMs_892738_901010.wav,CaiPingsJournal_UCvh8pTObWkavxkfWJabOUoQ_zeR4FxjvQMs,892738,901010,8272
CaiPingsJournal_UCvh8pTObWkavxkfWJabOUoQ_zeR4FxjvQMs_901170_907890.wav,CaiPingsJournal_UCvh8pTObWkavxkfWJabOUoQ_zeR4FxjvQMs,901170,907890,6720
CaiPingsJournal_UCvh8pTObWkavxkfWJabOUoQ_zeR4FxjvQMs_908002_911250.wav,CaiPingsJournal_UCvh8pTObWkavxkfWJabOUoQ_zeR4FxjvQMs,908002,911250,3248
CaiPingsJournal_UCvh8pTObWkavxkfWJabOUoQ_zeR4FxjvQMs_911362_919650.wav,CaiPingsJournal_UCvh8pTObWkavxkfWJabOUoQ_zeR4FxjvQMs,911362,919650,8288
CaiPingsJournal_UCvh8pTObWkavxkfWJabOUoQ_zeR4FxjvQMs_919786_921562.wav,CaiPingsJournal_UCvh8pTObWkavxkfWJabOUoQ_zeR4FxjvQMs,919786,921562,1776
CaiPingsJournal_UCvh8pTObWkavxkfWJabOUoQ_zeR4FxjvQMs_921698_922522.wav,CaiPingsJournal_UCvh8pTObWkavxkfWJabOUoQ_zeR4FxjvQMs,921698,922522,824
CaiPingsJournal_UCvh8pTObWkavxkfWJabOUoQ_zeR4FxjvQMs_922770_927202.wav,CaiPingsJournal_UCvh8pTObWkavxkfWJabOUoQ_zeR4FxjvQMs,922770,927202,4432
CaiPingsJournal_UCvh8pTObWkavxkfWJabOUoQ_zeR4FxjvQMs_927562_932174.wav,CaiPingsJournal_UCvh8pTObWkavxkfWJabOUoQ_zeR4FxjvQMs,927562,932174,4612
CaiPingsJournal_UCvh8pTObWkavxkfWJabOUoQ_zeR4FxjvQMs_932390_937744.wav,CaiPingsJournal_UCvh8pTObWkavxkfWJabOUoQ_zeR4FxjvQMs,932390,937744,5354
CaiPingsJournal_UCvh8pTObWkavxkfWJabOUoQ_zeR4FxjvQMs_937928_947090.wav,CaiPingsJournal_UCvh8pTObWkavxkfWJabOUoQ_zeR4FxjvQMs,937928,947090,9162
CaiPingsJournal_UCvh8pTObWkavxkfWJabOUoQ_zeR4FxjvQMs_948362_955890.wav,CaiPingsJournal_UCvh8pTObWkavxkfWJabOUoQ_zeR4FxjvQMs,948362,955890,7528
CaiPingsJournal_UCvh8pTObWkavxkfWJabOUoQ_zeR4FxjvQMs_956522_958566.wav,CaiPingsJournal_UCvh8pTObWkavxkfWJabOUoQ_zeR4FxjvQMs,956522,958566,2044
CaiPingsJournal_UCvh8pTObWkavxkfWJabOUoQ_zeR4FxjvQMs_958782_967346.wav,CaiPingsJournal_UCvh8pTObWkavxkfWJabOUoQ_zeR4FxjvQMs,958782,967346,8564
CaiPingsJournal_UCvh8pTObWkavxkfWJabOUoQ_zeR4FxjvQMs_967818_974450.wav,CaiPingsJournal_UCvh8pTObWkavxkfWJabOUoQ_zeR4FxjvQMs,967818,974450,6632
CaiPingsJournal_UCvh8pTObWkavxkfWJabOUoQ_zeR4FxjvQMs_974706_978722.wav,CaiPingsJournal_UCvh8pTObWkavxkfWJabOUoQ_zeR4FxjvQMs,974706,978722,4016
CaiPingsJournal_UCvh8pTObWkavxkfWJabOUoQ_zeR4FxjvQMs_979026_988948.wav,CaiPingsJournal_UCvh8pTObWkavxkfWJabOUoQ_zeR4FxjvQMs,979026,988948,9922
CaiPingsJournal_UCvh8pTObWkavxkfWJabOUoQ_zeR4FxjvQMs_989044_995022.wav,CaiPingsJournal_UCvh8pTObWkavxkfWJabOUoQ_zeR4FxjvQMs,989044,995022,5978
CaiPingsJournal_UCvh8pTObWkavxkfWJabOUoQ_zeR4FxjvQMs_995174_995750.wav,CaiPingsJournal_UCvh8pTObWkavxkfWJabOUoQ_zeR4FxjvQMs,995174,995750,576
CaiPingsJournal_UCvh8pTObWkavxkfWJabOUoQ_zeR4FxjvQMs_995910_997942.wav,CaiPingsJournal_UCvh8pTObWkavxkfWJabOUoQ_zeR4FxjvQMs,995910,997942,2032
CaiPingsJournal_UCvh8pTObWkavxkfWJabOUoQ_zeR4FxjvQMs_998230_1008406.wav,CaiPingsJournal_UCvh8pTObWkavxkfWJabOUoQ_zeR4FxjvQMs,998230,1008406,10176
CaiPingsJournal_UCvh8pTObWkavxkfWJabOUoQ_zeR4FxjvQMs_1008550_1009782.wav,CaiPingsJournal_UCvh8pTObWkavxkfWJabOUoQ_zeR4FxjvQMs,1008550,1009782,1232
CaiPingsJournal_UCvh8pTObWkavxkfWJabOUoQ_zeR4FxjvQMs_1009950_1011138.wav,CaiPingsJournal_UCvh8pTObWkavxkfWJabOUoQ_zeR4FxjvQMs,1009950,1011138,1188
CaiPingsJournal_UCvh8pTObWkavxkfWJabOUoQ_zeR4FxjvQMs_1011370_1012066.wav,CaiPingsJournal_UCvh8pTObWkavxkfWJabOUoQ_zeR4FxjvQMs,1011370,1012066,696
CaiPingsJournal_UCvh8pTObWkavxkfWJabOUoQ_zeR4FxjvQMs_1012346_1013562.wav,CaiPingsJournal_UCvh8pTObWkavxkfWJabOUoQ_zeR4FxjvQMs,1012346,1013562,1216
CaiPingsJournal_UCvh8pTObWkavxkfWJabOUoQ_zeR4FxjvQMs_1013706_1015786.wav,CaiPingsJournal_UCvh8pTObWkavxkfWJabOUoQ_zeR4FxjvQMs,1013706,1015786,2080
CaiPingsJournal_UCvh8pTObWkavxkfWJabOUoQ_zeR4FxjvQMs_1015898_1030082.wav,CaiPingsJournal_UCvh8pTObWkavxkfWJabOUoQ_zeR4FxjvQMs,1015898,1030082,14184
CaiPingsJournal_UCvh8pTObWkavxkfWJabOUoQ_zeR4FxjvQMs_1030370_1036546.wav,CaiPingsJournal_UCvh8pTObWkavxkfWJabOUoQ_zeR4FxjvQMs,1030370,1036546,6176
CaiPingsJournal_UCvh8pTObWkavxkfWJabOUoQ_zeR4FxjvQMs_1036770_1044450.wav,CaiPingsJournal_UCvh8pTObWkavxkfWJabOUoQ_zeR4FxjvQMs,1036770,1044450,7680
CaiPingsJournal_UCvh8pTObWkavxkfWJabOUoQ_zeR4FxjvQMs_1044826_1048770.wav,CaiPingsJournal_UCvh8pTObWkavxkfWJabOUoQ_zeR4FxjvQMs,1044826,1048770,3944
CaiPingsJournal_UCvh8pTObWkavxkfWJabOUoQ_zeR4FxjvQMs_1048930_1052978.wav,CaiPingsJournal_UCvh8pTObWkavxkfWJabOUoQ_zeR4FxjvQMs,1048930,1052978,4048
CaiPingsJournal_UCvh8pTObWkavxkfWJabOUoQ_zeR4FxjvQMs_1053098_1064186.wav,CaiPingsJournal_UCvh8pTObWkavxkfWJabOUoQ_zeR4FxjvQMs,1053098,1064186,11088
CaiPingsJournal_UCvh8pTObWkavxkfWJabOUoQ_zeR4FxjvQMs_1064290_1068666.wav,CaiPingsJournal_UCvh8pTObWkavxkfWJabOUoQ_zeR4FxjvQMs,1064290,1068666,4376
CaiPingsJournal_UCvh8pTObWkavxkfWJabOUoQ_zeR4FxjvQMs_1068794_1069930.wav,CaiPingsJournal_UCvh8pTObWkavxkfWJabOUoQ_zeR4FxjvQMs,1068794,1069930,1136
CaiPingsJournal_UCvh8pTObWkavxkfWJabOUoQ_zeR4FxjvQMs_1070058_1073954.wav,CaiPingsJournal_UCvh8pTObWkavxkfWJabOUoQ_zeR4FxjvQMs,1070058,1073954,3896
CaiPingsJournal_UCvh8pTObWkavxkfWJabOUoQ_zeR4FxjvQMs_1074114_1074874.wav,CaiPingsJournal_UCvh8pTObWkavxkfWJabOUoQ_zeR4FxjvQMs,1074114,1074874,760
CaiPingsJournal_UCvh8pTObWkavxkfWJabOUoQ_zeR4FxjvQMs_1075042_1085426.wav,CaiPingsJournal_UCvh8pTObWkavxkfWJabOUoQ_zeR4FxjvQMs,1075042,1085426,10384
CaiPingsJournal_UCvh8pTObWkavxkfWJabOUoQ_zeR4FxjvQMs_1085778_1085970.wav,CaiPingsJournal_UCvh8pTObWkavxkfWJabOUoQ_zeR4FxjvQMs,1085778,1085970,192
CaiPingsJournal_UCvh8pTObWkavxkfWJabOUoQ_zeR4FxjvQMs_1086186_1096746.wav,CaiPingsJournal_UCvh8pTObWkavxkfWJabOUoQ_zeR4FxjvQMs,1086186,1096746,10560
CaiPingsJournal_UCvh8pTObWkavxkfWJabOUoQ_zeR4FxjvQMs_1097034_1098518.wav,CaiPingsJournal_UCvh8pTObWkavxkfWJabOUoQ_zeR4FxjvQMs,1097034,1098518,1484
CaiPingsJournal_UCvh8pTObWkavxkfWJabOUoQ_zeR4FxjvQMs_1098670_1109346.wav,CaiPingsJournal_UCvh8pTObWkavxkfWJabOUoQ_zeR4FxjvQMs,1098670,1109346,10676
CaiPingsJournal_UCvh8pTObWkavxkfWJabOUoQ_zeR4FxjvQMs_1109874_1113578.wav,CaiPingsJournal_UCvh8pTObWkavxkfWJabOUoQ_zeR4FxjvQMs,1109874,1113578,3704
CaiPingsJournal_UCvh8pTObWkavxkfWJabOUoQ_zeR4FxjvQMs_1113882_1119050.wav,CaiPingsJournal_UCvh8pTObWkavxkfWJabOUoQ_zeR4FxjvQMs,1113882,1119050,5168
CaiPingsJournal_UCvh8pTObWkavxkfWJabOUoQ_zeR4FxjvQMs_1119450_1122698.wav,CaiPingsJournal_UCvh8pTObWkavxkfWJabOUoQ_zeR4FxjvQMs,1119450,1122698,3248
CaiPingsJournal_UCvh8pTObWkavxkfWJabOUoQ_zeR4FxjvQMs_1122954_1129738.wav,CaiPingsJournal_UCvh8pTObWkavxkfWJabOUoQ_zeR4FxjvQMs,1122954,1129738,6784
CaiPingsJournal_UCvh8pTObWkavxkfWJabOUoQ_zeR4FxjvQMs_1130082_1139186.wav,CaiPingsJournal_UCvh8pTObWkavxkfWJabOUoQ_zeR4FxjvQMs,1130082,1139186,9104
CaiPingsJournal_UCvh8pTObWkavxkfWJabOUoQ_zeR4FxjvQMs_1139602_1140818.wav,CaiPingsJournal_UCvh8pTObWkavxkfWJabOUoQ_zeR4FxjvQMs,1139602,1140818,1216
CaiPingsJournal_UCvh8pTObWkavxkfWJabOUoQ_zeR4FxjvQMs_1141114_1145099.wav,CaiPingsJournal_UCvh8pTObWkavxkfWJabOUoQ_zeR4FxjvQMs,1141114,1145099,3985
CaiPingsJournal_UCvh8pTObWkavxkfWJabOUoQ_zeR4FxjvQMs_1145243_1153492.wav,CaiPingsJournal_UCvh8pTObWkavxkfWJabOUoQ_zeR4FxjvQMs,1145243,1153492,8249
CaiPingsJournal_UCvh8pTObWkavxkfWJabOUoQ_zeR4FxjvQMs_1153652_1157726.wav,CaiPingsJournal_UCvh8pTObWkavxkfWJabOUoQ_zeR4FxjvQMs,1153652,1157726,4074
CaiPingsJournal_UCvh8pTObWkavxkfWJabOUoQ_zeR4FxjvQMs_1157958_1158218.wav,CaiPingsJournal_UCvh8pTObWkavxkfWJabOUoQ_zeR4FxjvQMs,1157958,1158218,260
CaiPingsJournal_UCvh8pTObWkavxkfWJabOUoQ_zeR4FxjvQMs_1158762_1162690.wav,CaiPingsJournal_UCvh8pTObWkavxkfWJabOUoQ_zeR4FxjvQMs,1158762,1162690,3928
CaiPingsJournal_UCvh8pTObWkavxkfWJabOUoQ_zeR4FxjvQMs_1163026_1164754.wav,CaiPingsJournal_UCvh8pTObWkavxkfWJabOUoQ_zeR4FxjvQMs,1163026,1164754,1728
CaiPingsJournal_UCvh8pTObWkavxkfWJabOUoQ_zeR4FxjvQMs_1165082_1169762.wav,CaiPingsJournal_UCvh8pTObWkavxkfWJabOUoQ_zeR4FxjvQMs,1165082,1169762,4680
CaiPingsJournal_UCvh8pTObWkavxkfWJabOUoQ_zeR4FxjvQMs_1170378_1171898.wav,CaiPingsJournal_UCvh8pTObWkavxkfWJabOUoQ_zeR4FxjvQMs,1170378,1171898,1520
CaiPingsJournal_UCvh8pTObWkavxkfWJabOUoQ_zeR4FxjvQMs_1172154_1173134.wav,CaiPingsJournal_UCvh8pTObWkavxkfWJabOUoQ_zeR4FxjvQMs,1172154,1173134,980
CaiPingsJournal_UCvh8pTObWkavxkfWJabOUoQ_zeR4FxjvQMs_1173286_1174698.wav,CaiPingsJournal_UCvh8pTObWkavxkfWJabOUoQ_zeR4FxjvQMs,1173286,1174698,1412
CaiPingsJournal_UCvh8pTObWkavxkfWJabOUoQ_zeR4FxjvQMs_1174826_1186226.wav,CaiPingsJournal_UCvh8pTObWkavxkfWJabOUoQ_zeR4FxjvQMs,1174826,1186226,11400
CaiPingsJournal_UCvh8pTObWkavxkfWJabOUoQ_zeR4FxjvQMs_1186378_1187390.wav,CaiPingsJournal_UCvh8pTObWkavxkfWJabOUoQ_zeR4FxjvQMs,1186378,1187390,1012
CaiPingsJournal_UCvh8pTObWkavxkfWJabOUoQ_zeR4FxjvQMs_1187558_1193894.wav,CaiPingsJournal_UCvh8pTObWkavxkfWJabOUoQ_zeR4FxjvQMs,1187558,1193894,6336
CaiPingsJournal_UCvh8pTObWkavxkfWJabOUoQ_zeR4FxjvQMs_1194046_1201466.wav,CaiPingsJournal_UCvh8pTObWkavxkfWJabOUoQ_zeR4FxjvQMs,1194046,1201466,7420
CaiPingsJournal_UCvh8pTObWkavxkfWJabOUoQ_zeR4FxjvQMs_1201786_1206622.wav,CaiPingsJournal_UCvh8pTObWkavxkfWJabOUoQ_zeR4FxjvQMs,1201786,1206622,4836
CaiPingsJournal_UCvh8pTObWkavxkfWJabOUoQ_zeR4FxjvQMs_1206782_1213018.wav,CaiPingsJournal_UCvh8pTObWkavxkfWJabOUoQ_zeR4FxjvQMs,1206782,1213018,6236
CaiPingsJournal_UCvh8pTObWkavxkfWJabOUoQ_zeR4FxjvQMs_1213410_1213658.wav,CaiPingsJournal_UCvh8pTObWkavxkfWJabOUoQ_zeR4FxjvQMs,1213410,1213658,248
CaiPingsJournal_UCvh8pTObWkavxkfWJabOUoQ_zeR4FxjvQMs_1213994_1222515.wav,CaiPingsJournal_UCvh8pTObWkavxkfWJabOUoQ_zeR4FxjvQMs,1213994,1222515,8521
CaiPingsJournal_UCvh8pTObWkavxkfWJabOUoQ_zeR4FxjvQMs_1222675_1228507.wav,CaiPingsJournal_UCvh8pTObWkavxkfWJabOUoQ_zeR4FxjvQMs,1222675,1228507,5832
CaiPingsJournal_UCvh8pTObWkavxkfWJabOUoQ_zeR4FxjvQMs_1228643_1234516.wav,CaiPingsJournal_UCvh8pTObWkavxkfWJabOUoQ_zeR4FxjvQMs,1228643,1234516,5873
CaiPingsJournal_UCvh8pTObWkavxkfWJabOUoQ_zeR4FxjvQMs_1234724_1239238.wav,CaiPingsJournal_UCvh8pTObWkavxkfWJabOUoQ_zeR4FxjvQMs,1234724,1239238,4514
CaiPingsJournal_UCvh8pTObWkavxkfWJabOUoQ_zeR4FxjvQMs_1239454_1244938.wav,CaiPingsJournal_UCvh8pTObWkavxkfWJabOUoQ_zeR4FxjvQMs,1239454,1244938,5484
CaiPingsJournal_UCvh8pTObWkavxkfWJabOUoQ_zeR4FxjvQMs_1245450_1246298.wav,CaiPingsJournal_UCvh8pTObWkavxkfWJabOUoQ_zeR4FxjvQMs,1245450,1246298,848
CaiPingsJournal_UCvh8pTObWkavxkfWJabOUoQ_zeR4FxjvQMs_1246474_1255146.wav,CaiPingsJournal_UCvh8pTObWkavxkfWJabOUoQ_zeR4FxjvQMs,1246474,1255146,8672
CaiPingsJournal_UCvh8pTObWkavxkfWJabOUoQ_zeR4FxjvQMs_1255426_1264330.wav,CaiPingsJournal_UCvh8pTObWkavxkfWJabOUoQ_zeR4FxjvQMs,1255426,1264330,8904
CaiPingsJournal_UCvh8pTObWkavxkfWJabOUoQ_zeR4FxjvQMs_1264474_1272314.wav,CaiPingsJournal_UCvh8pTObWkavxkfWJabOUoQ_zeR4FxjvQMs,1264474,1272314,7840
CaiPingsJournal_UCvh8pTObWkavxkfWJabOUoQ_zeR4FxjvQMs_1272962_1275058.wav,CaiPingsJournal_UCvh8pTObWkavxkfWJabOUoQ_zeR4FxjvQMs,1272962,1275058,2096
CaiPingsJournal_UCvh8pTObWkavxkfWJabOUoQ_zeR4FxjvQMs_1275634_1287722.wav,CaiPingsJournal_UCvh8pTObWkavxkfWJabOUoQ_zeR4FxjvQMs,1275634,1287722,12088
CaiPingsJournal_UCvh8pTObWkavxkfWJabOUoQ_zeR4FxjvQMs_1287858_1289026.wav,CaiPingsJournal_UCvh8pTObWkavxkfWJabOUoQ_zeR4FxjvQMs,1287858,1289026,1168
CaiPingsJournal_UCvh8pTObWkavxkfWJabOUoQ_zeR4FxjvQMs_1289154_1297810.wav,CaiPingsJournal_UCvh8pTObWkavxkfWJabOUoQ_zeR4FxjvQMs,1289154,1297810,8656
CaiPingsJournal_UCvh8pTObWkavxkfWJabOUoQ_zeR4FxjvQMs_1298170_1300074.wav,CaiPingsJournal_UCvh8pTObWkavxkfWJabOUoQ_zeR4FxjvQMs,1298170,1300074,1904
CaiPingsJournal_UCvh8pTObWkavxkfWJabOUoQ_zeR4FxjvQMs_1300546_1307162.wav,CaiPingsJournal_UCvh8pTObWkavxkfWJabOUoQ_zeR4FxjvQMs,1300546,1307162,6616
CaiPingsJournal_UCvh8pTObWkavxkfWJabOUoQ_zeR4FxjvQMs_1307698_1313666.wav,CaiPingsJournal_UCvh8pTObWkavxkfWJabOUoQ_zeR4FxjvQMs,1307698,1313666,5968
CaiPingsJournal_UCvh8pTObWkavxkfWJabOUoQ_zeR4FxjvQMs_1313842_1317842.wav,CaiPingsJournal_UCvh8pTObWkavxkfWJabOUoQ_zeR4FxjvQMs,1313842,1317842,4000
CaiPingsJournal_UCvh8pTObWkavxkfWJabOUoQ_zeR4FxjvQMs_1318098_1320346.wav,CaiPingsJournal_UCvh8pTObWkavxkfWJabOUoQ_zeR4FxjvQMs,1318098,1320346,2248
CaiPingsJournal_UCvh8pTObWkavxkfWJabOUoQ_zeR4FxjvQMs_1320562_1334874.wav,CaiPingsJournal_UCvh8pTObWkavxkfWJabOUoQ_zeR4FxjvQMs,1320562,1334874,14312
CaiPingsJournal_UCvh8pTObWkavxkfWJabOUoQ_zeR4FxjvQMs_1335002_1337130.wav,CaiPingsJournal_UCvh8pTObWkavxkfWJabOUoQ_zeR4FxjvQMs,1335002,1337130,2128
CaiPingsJournal_UCvh8pTObWkavxkfWJabOUoQ_zeR4FxjvQMs_1337298_1338786.wav,CaiPingsJournal_UCvh8pTObWkavxkfWJabOUoQ_zeR4FxjvQMs,1337298,1338786,1488
CaiPingsJournal_UCvh8pTObWkavxkfWJabOUoQ_zeR4FxjvQMs_1339122_1342354.wav,CaiPingsJournal_UCvh8pTObWkavxkfWJabOUoQ_zeR4FxjvQMs,1339122,1342354,3232
CaiPingsJournal_UCvh8pTObWkavxkfWJabOUoQ_zeR4FxjvQMs_1342634_1343594.wav,CaiPingsJournal_UCvh8pTObWkavxkfWJabOUoQ_zeR4FxjvQMs,1342634,1343594,960
CaiPingsJournal_UCvh8pTObWkavxkfWJabOUoQ_zeR4FxjvQMs_1343930_1350038.wav,CaiPingsJournal_UCvh8pTObWkavxkfWJabOUoQ_zeR4FxjvQMs,1343930,1350038,6108
CaiPingsJournal_UCvh8pTObWkavxkfWJabOUoQ_zeR4FxjvQMs_1350182_1356674.wav,CaiPingsJournal_UCvh8pTObWkavxkfWJabOUoQ_zeR4FxjvQMs,1350182,1356674,6492
CaiPingsJournal_UCvh8pTObWkavxkfWJabOUoQ_zeR4FxjvQMs_1356842_1358570.wav,CaiPingsJournal_UCvh8pTObWkavxkfWJabOUoQ_zeR4FxjvQMs,1356842,1358570,1728
CaiPingsJournal_UCvh8pTObWkavxkfWJabOUoQ_zeR4FxjvQMs_1359418_1360634.wav,CaiPingsJournal_UCvh8pTObWkavxkfWJabOUoQ_zeR4FxjvQMs,1359418,1360634,1216
CaiPingsJournal_UCvh8pTObWkavxkfWJabOUoQ_zeR4FxjvQMs_1361130_1362626.wav,CaiPingsJournal_UCvh8pTObWkavxkfWJabOUoQ_zeR4FxjvQMs,1361130,1362626,1496
CaiPingsJournal_UCvh8pTObWkavxkfWJabOUoQ_zeR4FxjvQMs_1362842_1367058.wav,CaiPingsJournal_UCvh8pTObWkavxkfWJabOUoQ_zeR4FxjvQMs,1362842,1367058,4216
CaiPingsJournal_UCvh8pTObWkavxkfWJabOUoQ_zeR4FxjvQMs_1367258_1369834.wav,CaiPingsJournal_UCvh8pTObWkavxkfWJabOUoQ_zeR4FxjvQMs,1367258,1369834,2576
CaiPingsJournal_UCvh8pTObWkavxkfWJabOUoQ_zeR4FxjvQMs_1370394_1371490.wav,CaiPingsJournal_UCvh8pTObWkavxkfWJabOUoQ_zeR4FxjvQMs,1370394,1371490,1096
CaiPingsJournal_UCvh8pTObWkavxkfWJabOUoQ_zeR4FxjvQMs_1371922_1374870.wav,CaiPingsJournal_UCvh8pTObWkavxkfWJabOUoQ_zeR4FxjvQMs,1371922,1374870,2948
CaiPingsJournal_UCvh8pTObWkavxkfWJabOUoQ_zeR4FxjvQMs_1375086_1378774.wav,CaiPingsJournal_UCvh8pTObWkavxkfWJabOUoQ_zeR4FxjvQMs,1375086,1378774,3688
CaiPingsJournal_UCvh8pTObWkavxkfWJabOUoQ_zeR4FxjvQMs_1378990_1387472.wav,CaiPingsJournal_UCvh8pTObWkavxkfWJabOUoQ_zeR4FxjvQMs,1378990,1387472,8482
CaiPingsJournal_UCvh8pTObWkavxkfWJabOUoQ_zeR4FxjvQMs_1387664_1396138.wav,CaiPingsJournal_UCvh8pTObWkavxkfWJabOUoQ_zeR4FxjvQMs,1387664,1396138,8474
CaiPingsJournal_UCvh8pTObWkavxkfWJabOUoQ_zeR4FxjvQMs_1396506_1397066.wav,CaiPingsJournal_UCvh8pTObWkavxkfWJabOUoQ_zeR4FxjvQMs,1396506,1397066,560
CaiPingsJournal_UCvh8pTObWkavxkfWJabOUoQ_zeR4FxjvQMs_1397226_1407722.wav,CaiPingsJournal_UCvh8pTObWkavxkfWJabOUoQ_zeR4FxjvQMs,1397226,1407722,10496
CaiPingsJournal_UCvh8pTObWkavxkfWJabOUoQ_zeR4FxjvQMs_1408290_1412306.wav,CaiPingsJournal_UCvh8pTObWkavxkfWJabOUoQ_zeR4FxjvQMs,1408290,1412306,4016
CaiPingsJournal_UCvh8pTObWkavxkfWJabOUoQ_zeR4FxjvQMs_1412722_1416548.wav,CaiPingsJournal_UCvh8pTObWkavxkfWJabOUoQ_zeR4FxjvQMs,1412722,1416548,3826
CaiPingsJournal_UCvh8pTObWkavxkfWJabOUoQ_zeR4FxjvQMs_1416684_1418532.wav,CaiPingsJournal_UCvh8pTObWkavxkfWJabOUoQ_zeR4FxjvQMs,1416684,1418532,1848
CaiPingsJournal_UCvh8pTObWkavxkfWJabOUoQ_zeR4FxjvQMs_1418668_1430582.wav,CaiPingsJournal_UCvh8pTObWkavxkfWJabOUoQ_zeR4FxjvQMs,1418668,1430582,11914
CaiPingsJournal_UCvh8pTObWkavxkfWJabOUoQ_zeR4FxjvQMs_1430766_1431554.wav,CaiPingsJournal_UCvh8pTObWkavxkfWJabOUoQ_zeR4FxjvQMs,1430766,1431554,788
CaiPingsJournal_UCvh8pTObWkavxkfWJabOUoQ_zeR4FxjvQMs_1431906_1435946.wav,CaiPingsJournal_UCvh8pTObWkavxkfWJabOUoQ_zeR4FxjvQMs,1431906,1435946,4040
CaiPingsJournal_UCvh8pTObWkavxkfWJabOUoQ_zeR4FxjvQMs_1436578_1438402.wav,CaiPingsJournal_UCvh8pTObWkavxkfWJabOUoQ_zeR4FxjvQMs,1436578,1438402,1824
CaiPingsJournal_UCvh8pTObWkavxkfWJabOUoQ_zeR4FxjvQMs_1438850_1450282.wav,CaiPingsJournal_UCvh8pTObWkavxkfWJabOUoQ_zeR4FxjvQMs,1438850,1450282,11432
CaiPingsJournal_UCvh8pTObWkavxkfWJabOUoQ_zeR4FxjvQMs_1450418_1450642.wav,CaiPingsJournal_UCvh8pTObWkavxkfWJabOUoQ_zeR4FxjvQMs,1450418,1450642,224
CaiPingsJournal_UCvh8pTObWkavxkfWJabOUoQ_zeR4FxjvQMs_1450778_1460026.wav,CaiPingsJournal_UCvh8pTObWkavxkfWJabOUoQ_zeR4FxjvQMs,1450778,1460026,9248
CaiPingsJournal_UCvh8pTObWkavxkfWJabOUoQ_zeR4FxjvQMs_1460290_1462010.wav,CaiPingsJournal_UCvh8pTObWkavxkfWJabOUoQ_zeR4FxjvQMs,1460290,1462010,1720
CaiPingsJournal_UCvh8pTObWkavxkfWJabOUoQ_zeR4FxjvQMs_1463482_1466470.wav,CaiPingsJournal_UCvh8pTObWkavxkfWJabOUoQ_zeR4FxjvQMs,1463482,1466470,2988
CaiPingsJournal_UCvh8pTObWkavxkfWJabOUoQ_zeR4FxjvQMs_1466606_1476488.wav,CaiPingsJournal_UCvh8pTObWkavxkfWJabOUoQ_zeR4FxjvQMs,1466606,1476488,9882
CaiPingsJournal_UCvh8pTObWkavxkfWJabOUoQ_zeR4FxjvQMs_1476616_1477370.wav,CaiPingsJournal_UCvh8pTObWkavxkfWJabOUoQ_zeR4FxjvQMs,1476616,1477370,754
CaiPingsJournal_UCvh8pTObWkavxkfWJabOUoQ_zeR4FxjvQMs_1478402_1481572.wav,CaiPingsJournal_UCvh8pTObWkavxkfWJabOUoQ_zeR4FxjvQMs,1478402,1481572,3170
