filename,video_id,start_time,end_time,duration
KikiHolly_UCtAnGdJpKplr2BpQzAdF6Pw_Oph3wbC0eG8_0_320.wav,KikiHolly_UCtAnGdJpKplr2BpQzAdF6Pw_Oph3wbC0eG8,0,320,320
KikiHolly_UCtAnGdJpKplr2BpQzAdF6Pw_Oph3wbC0eG8_704_3768.wav,KikiHolly_UCtAnGdJpKplr2BpQzAdF6Pw_Oph3wbC0eG8,704,3768,3064
KikiHolly_UCtAnGdJpKplr2BpQzAdF6Pw_Oph3wbC0eG8_4080_6672.wav,KikiHolly_UCtAnGdJpKplr2BpQzAdF6Pw_Oph3wbC0eG8,4080,6672,2592
KikiHolly_UCtAnGdJpKplr2BpQzAdF6Pw_Oph3wbC0eG8_12520_16928.wav,KikiHolly_UCtAnGdJpKplr2BpQzAdF6Pw_Oph3wbC0eG8,12520,16928,4408
KikiHolly_UCtAnGdJpKplr2BpQzAdF6Pw_Oph3wbC0eG8_17064_23424.wav,KikiHolly_UCtAnGdJpKplr2BpQzAdF6Pw_Oph3wbC0eG8,17064,23424,6360
KikiHolly_UCtAnGdJpKplr2BpQzAdF6Pw_Oph3wbC0eG8_23608_29496.wav,KikiHolly_UCtAnGdJpKplr2BpQzAdF6Pw_Oph3wbC0eG8,23608,29496,5888
KikiHolly_UCtAnGdJpKplr2BpQzAdF6Pw_Oph3wbC0eG8_29752_31660.wav,KikiHolly_UCtAnGdJpKplr2BpQzAdF6Pw_Oph3wbC0eG8,29752,31660,1908
KikiHolly_UCtAnGdJpKplr2BpQzAdF6Pw_Oph3wbC0eG8_31908_37308.wav,KikiHolly_UCtAnGdJpKplr2BpQzAdF6Pw_Oph3wbC0eG8,31908,37308,5400
KikiHolly_UCtAnGdJpKplr2BpQzAdF6Pw_Oph3wbC0eG8_37484_41724.wav,KikiHolly_UCtAnGdJpKplr2BpQzAdF6Pw_Oph3wbC0eG8,37484,41724,4240
KikiHolly_UCtAnGdJpKplr2BpQzAdF6Pw_Oph3wbC0eG8_41876_46828.wav,KikiHolly_UCtAnGdJpKplr2BpQzAdF6Pw_Oph3wbC0eG8,41876,46828,4952
KikiHolly_UCtAnGdJpKplr2BpQzAdF6Pw_Oph3wbC0eG8_47052_47492.wav,KikiHolly_UCtAnGdJpKplr2BpQzAdF6Pw_Oph3wbC0eG8,47052,47492,440
KikiHolly_UCtAnGdJpKplr2BpQzAdF6Pw_Oph3wbC0eG8_47692_50749.wav,KikiHolly_UCtAnGdJpKplr2BpQzAdF6Pw_Oph3wbC0eG8,47692,50749,3057
KikiHolly_UCtAnGdJpKplr2BpQzAdF6Pw_Oph3wbC0eG8_51101_57566.wav,KikiHolly_UCtAnGdJpKplr2BpQzAdF6Pw_Oph3wbC0eG8,51101,57566,6465
KikiHolly_UCtAnGdJpKplr2BpQzAdF6Pw_Oph3wbC0eG8_57814_65256.wav,KikiHolly_UCtAnGdJpKplr2BpQzAdF6Pw_Oph3wbC0eG8,57814,65256,7442
KikiHolly_UCtAnGdJpKplr2BpQzAdF6Pw_Oph3wbC0eG8_65840_67128.wav,KikiHolly_UCtAnGdJpKplr2BpQzAdF6Pw_Oph3wbC0eG8,65840,67128,1288
KikiHolly_UCtAnGdJpKplr2BpQzAdF6Pw_Oph3wbC0eG8_67296_71180.wav,KikiHolly_UCtAnGdJpKplr2BpQzAdF6Pw_Oph3wbC0eG8,67296,71180,3884
KikiHolly_UCtAnGdJpKplr2BpQzAdF6Pw_Oph3wbC0eG8_71364_75928.wav,KikiHolly_UCtAnGdJpKplr2BpQzAdF6Pw_Oph3wbC0eG8,71364,75928,4564
KikiHolly_UCtAnGdJpKplr2BpQzAdF6Pw_Oph3wbC0eG8_76096_77320.wav,KikiHolly_UCtAnGdJpKplr2BpQzAdF6Pw_Oph3wbC0eG8,76096,77320,1224
KikiHolly_UCtAnGdJpKplr2BpQzAdF6Pw_Oph3wbC0eG8_77560_78952.wav,KikiHolly_UCtAnGdJpKplr2BpQzAdF6Pw_Oph3wbC0eG8,77560,78952,1392
KikiHolly_UCtAnGdJpKplr2BpQzAdF6Pw_Oph3wbC0eG8_79088_88072.wav,KikiHolly_UCtAnGdJpKplr2BpQzAdF6Pw_Oph3wbC0eG8,79088,88072,8984
KikiHolly_UCtAnGdJpKplr2BpQzAdF6Pw_Oph3wbC0eG8_88296_90416.wav,KikiHolly_UCtAnGdJpKplr2BpQzAdF6Pw_Oph3wbC0eG8,88296,90416,2120
KikiHolly_UCtAnGdJpKplr2BpQzAdF6Pw_Oph3wbC0eG8_90816_93184.wav,KikiHolly_UCtAnGdJpKplr2BpQzAdF6Pw_Oph3wbC0eG8,90816,93184,2368
KikiHolly_UCtAnGdJpKplr2BpQzAdF6Pw_Oph3wbC0eG8_93408_100024.wav,KikiHolly_UCtAnGdJpKplr2BpQzAdF6Pw_Oph3wbC0eG8,93408,100024,6616
KikiHolly_UCtAnGdJpKplr2BpQzAdF6Pw_Oph3wbC0eG8_100160_107312.wav,KikiHolly_UCtAnGdJpKplr2BpQzAdF6Pw_Oph3wbC0eG8,100160,107312,7152
KikiHolly_UCtAnGdJpKplr2BpQzAdF6Pw_Oph3wbC0eG8_107608_108552.wav,KikiHolly_UCtAnGdJpKplr2BpQzAdF6Pw_Oph3wbC0eG8,107608,108552,944
KikiHolly_UCtAnGdJpKplr2BpQzAdF6Pw_Oph3wbC0eG8_108736_115264.wav,KikiHolly_UCtAnGdJpKplr2BpQzAdF6Pw_Oph3wbC0eG8,108736,115264,6528
KikiHolly_UCtAnGdJpKplr2BpQzAdF6Pw_Oph3wbC0eG8_115424_124216.wav,KikiHolly_UCtAnGdJpKplr2BpQzAdF6Pw_Oph3wbC0eG8,115424,124216,8792
KikiHolly_UCtAnGdJpKplr2BpQzAdF6Pw_Oph3wbC0eG8_124344_127472.wav,KikiHolly_UCtAnGdJpKplr2BpQzAdF6Pw_Oph3wbC0eG8,124344,127472,3128
KikiHolly_UCtAnGdJpKplr2BpQzAdF6Pw_Oph3wbC0eG8_127608_130816.wav,KikiHolly_UCtAnGdJpKplr2BpQzAdF6Pw_Oph3wbC0eG8,127608,130816,3208
KikiHolly_UCtAnGdJpKplr2BpQzAdF6Pw_Oph3wbC0eG8_131768_136536.wav,KikiHolly_UCtAnGdJpKplr2BpQzAdF6Pw_Oph3wbC0eG8,131768,136536,4768
KikiHolly_UCtAnGdJpKplr2BpQzAdF6Pw_Oph3wbC0eG8_137488_140880.wav,KikiHolly_UCtAnGdJpKplr2BpQzAdF6Pw_Oph3wbC0eG8,137488,140880,3392
KikiHolly_UCtAnGdJpKplr2BpQzAdF6Pw_Oph3wbC0eG8_141328_151816.wav,KikiHolly_UCtAnGdJpKplr2BpQzAdF6Pw_Oph3wbC0eG8,141328,151816,10488
KikiHolly_UCtAnGdJpKplr2BpQzAdF6Pw_Oph3wbC0eG8_152480_156176.wav,KikiHolly_UCtAnGdJpKplr2BpQzAdF6Pw_Oph3wbC0eG8,152480,156176,3696
KikiHolly_UCtAnGdJpKplr2BpQzAdF6Pw_Oph3wbC0eG8_156624_160060.wav,KikiHolly_UCtAnGdJpKplr2BpQzAdF6Pw_Oph3wbC0eG8,156624,160060,3436
KikiHolly_UCtAnGdJpKplr2BpQzAdF6Pw_Oph3wbC0eG8_160196_168720.wav,KikiHolly_UCtAnGdJpKplr2BpQzAdF6Pw_Oph3wbC0eG8,160196,168720,8524
KikiHolly_UCtAnGdJpKplr2BpQzAdF6Pw_Oph3wbC0eG8_169632_169864.wav,KikiHolly_UCtAnGdJpKplr2BpQzAdF6Pw_Oph3wbC0eG8,169632,169864,232
KikiHolly_UCtAnGdJpKplr2BpQzAdF6Pw_Oph3wbC0eG8_170464_171312.wav,KikiHolly_UCtAnGdJpKplr2BpQzAdF6Pw_Oph3wbC0eG8,170464,171312,848
KikiHolly_UCtAnGdJpKplr2BpQzAdF6Pw_Oph3wbC0eG8_171816_174408.wav,KikiHolly_UCtAnGdJpKplr2BpQzAdF6Pw_Oph3wbC0eG8,171816,174408,2592
KikiHolly_UCtAnGdJpKplr2BpQzAdF6Pw_Oph3wbC0eG8_174640_174744.wav,KikiHolly_UCtAnGdJpKplr2BpQzAdF6Pw_Oph3wbC0eG8,174640,174744,104
KikiHolly_UCtAnGdJpKplr2BpQzAdF6Pw_Oph3wbC0eG8_175048_182000.wav,KikiHolly_UCtAnGdJpKplr2BpQzAdF6Pw_Oph3wbC0eG8,175048,182000,6952
KikiHolly_UCtAnGdJpKplr2BpQzAdF6Pw_Oph3wbC0eG8_182184_187696.wav,KikiHolly_UCtAnGdJpKplr2BpQzAdF6Pw_Oph3wbC0eG8,182184,187696,5512
KikiHolly_UCtAnGdJpKplr2BpQzAdF6Pw_Oph3wbC0eG8_187848_191432.wav,KikiHolly_UCtAnGdJpKplr2BpQzAdF6Pw_Oph3wbC0eG8,187848,191432,3584
KikiHolly_UCtAnGdJpKplr2BpQzAdF6Pw_Oph3wbC0eG8_191592_199576.wav,KikiHolly_UCtAnGdJpKplr2BpQzAdF6Pw_Oph3wbC0eG8,191592,199576,7984
KikiHolly_UCtAnGdJpKplr2BpQzAdF6Pw_Oph3wbC0eG8_199736_200936.wav,KikiHolly_UCtAnGdJpKplr2BpQzAdF6Pw_Oph3wbC0eG8,199736,200936,1200
KikiHolly_UCtAnGdJpKplr2BpQzAdF6Pw_Oph3wbC0eG8_202056_209762.wav,KikiHolly_UCtAnGdJpKplr2BpQzAdF6Pw_Oph3wbC0eG8,202056,209762,7706
KikiHolly_UCtAnGdJpKplr2BpQzAdF6Pw_Oph3wbC0eG8_209946_212468.wav,KikiHolly_UCtAnGdJpKplr2BpQzAdF6Pw_Oph3wbC0eG8,209946,212468,2522
KikiHolly_UCtAnGdJpKplr2BpQzAdF6Pw_Oph3wbC0eG8_212772_216292.wav,KikiHolly_UCtAnGdJpKplr2BpQzAdF6Pw_Oph3wbC0eG8,212772,216292,3520
KikiHolly_UCtAnGdJpKplr2BpQzAdF6Pw_Oph3wbC0eG8_216508_221764.wav,KikiHolly_UCtAnGdJpKplr2BpQzAdF6Pw_Oph3wbC0eG8,216508,221764,5256
KikiHolly_UCtAnGdJpKplr2BpQzAdF6Pw_Oph3wbC0eG8_221972_224920.wav,KikiHolly_UCtAnGdJpKplr2BpQzAdF6Pw_Oph3wbC0eG8,221972,224920,2948
KikiHolly_UCtAnGdJpKplr2BpQzAdF6Pw_Oph3wbC0eG8_225120_226840.wav,KikiHolly_UCtAnGdJpKplr2BpQzAdF6Pw_Oph3wbC0eG8,225120,226840,1720
KikiHolly_UCtAnGdJpKplr2BpQzAdF6Pw_Oph3wbC0eG8_226968_231424.wav,KikiHolly_UCtAnGdJpKplr2BpQzAdF6Pw_Oph3wbC0eG8,226968,231424,4456
KikiHolly_UCtAnGdJpKplr2BpQzAdF6Pw_Oph3wbC0eG8_231552_237384.wav,KikiHolly_UCtAnGdJpKplr2BpQzAdF6Pw_Oph3wbC0eG8,231552,237384,5832
KikiHolly_UCtAnGdJpKplr2BpQzAdF6Pw_Oph3wbC0eG8_237552_244784.wav,KikiHolly_UCtAnGdJpKplr2BpQzAdF6Pw_Oph3wbC0eG8,237552,244784,7232
KikiHolly_UCtAnGdJpKplr2BpQzAdF6Pw_Oph3wbC0eG8_245672_248264.wav,KikiHolly_UCtAnGdJpKplr2BpQzAdF6Pw_Oph3wbC0eG8,245672,248264,2592
KikiHolly_UCtAnGdJpKplr2BpQzAdF6Pw_Oph3wbC0eG8_248832_251448.wav,KikiHolly_UCtAnGdJpKplr2BpQzAdF6Pw_Oph3wbC0eG8,248832,251448,2616
KikiHolly_UCtAnGdJpKplr2BpQzAdF6Pw_Oph3wbC0eG8_252512_252612.wav,KikiHolly_UCtAnGdJpKplr2BpQzAdF6Pw_Oph3wbC0eG8,252512,252612,100
KikiHolly_UCtAnGdJpKplr2BpQzAdF6Pw_Oph3wbC0eG8_252868_254902.wav,KikiHolly_UCtAnGdJpKplr2BpQzAdF6Pw_Oph3wbC0eG8,252868,254902,2034
KikiHolly_UCtAnGdJpKplr2BpQzAdF6Pw_Oph3wbC0eG8_255030_267608.wav,KikiHolly_UCtAnGdJpKplr2BpQzAdF6Pw_Oph3wbC0eG8,255030,267608,12578
KikiHolly_UCtAnGdJpKplr2BpQzAdF6Pw_Oph3wbC0eG8_268016_271560.wav,KikiHolly_UCtAnGdJpKplr2BpQzAdF6Pw_Oph3wbC0eG8,268016,271560,3544
KikiHolly_UCtAnGdJpKplr2BpQzAdF6Pw_Oph3wbC0eG8_272272_273826.wav,KikiHolly_UCtAnGdJpKplr2BpQzAdF6Pw_Oph3wbC0eG8,272272,273826,1554
KikiHolly_UCtAnGdJpKplr2BpQzAdF6Pw_Oph3wbC0eG8_274042_275394.wav,KikiHolly_UCtAnGdJpKplr2BpQzAdF6Pw_Oph3wbC0eG8,274042,275394,1352
KikiHolly_UCtAnGdJpKplr2BpQzAdF6Pw_Oph3wbC0eG8_275562_283034.wav,KikiHolly_UCtAnGdJpKplr2BpQzAdF6Pw_Oph3wbC0eG8,275562,283034,7472
KikiHolly_UCtAnGdJpKplr2BpQzAdF6Pw_Oph3wbC0eG8_283186_286794.wav,KikiHolly_UCtAnGdJpKplr2BpQzAdF6Pw_Oph3wbC0eG8,283186,286794,3608
KikiHolly_UCtAnGdJpKplr2BpQzAdF6Pw_Oph3wbC0eG8_286978_289595.wav,KikiHolly_UCtAnGdJpKplr2BpQzAdF6Pw_Oph3wbC0eG8,286978,289595,2617
KikiHolly_UCtAnGdJpKplr2BpQzAdF6Pw_Oph3wbC0eG8_289795_293668.wav,KikiHolly_UCtAnGdJpKplr2BpQzAdF6Pw_Oph3wbC0eG8,289795,293668,3873
KikiHolly_UCtAnGdJpKplr2BpQzAdF6Pw_Oph3wbC0eG8_293940_301576.wav,KikiHolly_UCtAnGdJpKplr2BpQzAdF6Pw_Oph3wbC0eG8,293940,301576,7636
KikiHolly_UCtAnGdJpKplr2BpQzAdF6Pw_Oph3wbC0eG8_301984_305688.wav,KikiHolly_UCtAnGdJpKplr2BpQzAdF6Pw_Oph3wbC0eG8,301984,305688,3704
KikiHolly_UCtAnGdJpKplr2BpQzAdF6Pw_Oph3wbC0eG8_305984_306968.wav,KikiHolly_UCtAnGdJpKplr2BpQzAdF6Pw_Oph3wbC0eG8,305984,306968,984
KikiHolly_UCtAnGdJpKplr2BpQzAdF6Pw_Oph3wbC0eG8_307232_312100.wav,KikiHolly_UCtAnGdJpKplr2BpQzAdF6Pw_Oph3wbC0eG8,307232,312100,4868
KikiHolly_UCtAnGdJpKplr2BpQzAdF6Pw_Oph3wbC0eG8_312284_315356.wav,KikiHolly_UCtAnGdJpKplr2BpQzAdF6Pw_Oph3wbC0eG8,312284,315356,3072
KikiHolly_UCtAnGdJpKplr2BpQzAdF6Pw_Oph3wbC0eG8_315548_316624.wav,KikiHolly_UCtAnGdJpKplr2BpQzAdF6Pw_Oph3wbC0eG8,315548,316624,1076
KikiHolly_UCtAnGdJpKplr2BpQzAdF6Pw_Oph3wbC0eG8_318648_321112.wav,KikiHolly_UCtAnGdJpKplr2BpQzAdF6Pw_Oph3wbC0eG8,318648,321112,2464
KikiHolly_UCtAnGdJpKplr2BpQzAdF6Pw_Oph3wbC0eG8_321264_322512.wav,KikiHolly_UCtAnGdJpKplr2BpQzAdF6Pw_Oph3wbC0eG8,321264,322512,1248
KikiHolly_UCtAnGdJpKplr2BpQzAdF6Pw_Oph3wbC0eG8_322664_328528.wav,KikiHolly_UCtAnGdJpKplr2BpQzAdF6Pw_Oph3wbC0eG8,322664,328528,5864
KikiHolly_UCtAnGdJpKplr2BpQzAdF6Pw_Oph3wbC0eG8_328920_336600.wav,KikiHolly_UCtAnGdJpKplr2BpQzAdF6Pw_Oph3wbC0eG8,328920,336600,7680
KikiHolly_UCtAnGdJpKplr2BpQzAdF6Pw_Oph3wbC0eG8_336760_340680.wav,KikiHolly_UCtAnGdJpKplr2BpQzAdF6Pw_Oph3wbC0eG8,336760,340680,3920
KikiHolly_UCtAnGdJpKplr2BpQzAdF6Pw_Oph3wbC0eG8_340864_341752.wav,KikiHolly_UCtAnGdJpKplr2BpQzAdF6Pw_Oph3wbC0eG8,340864,341752,888
KikiHolly_UCtAnGdJpKplr2BpQzAdF6Pw_Oph3wbC0eG8_342264_350168.wav,KikiHolly_UCtAnGdJpKplr2BpQzAdF6Pw_Oph3wbC0eG8,342264,350168,7904
KikiHolly_UCtAnGdJpKplr2BpQzAdF6Pw_Oph3wbC0eG8_350608_356176.wav,KikiHolly_UCtAnGdJpKplr2BpQzAdF6Pw_Oph3wbC0eG8,350608,356176,5568
KikiHolly_UCtAnGdJpKplr2BpQzAdF6Pw_Oph3wbC0eG8_356656_361536.wav,KikiHolly_UCtAnGdJpKplr2BpQzAdF6Pw_Oph3wbC0eG8,356656,361536,4880
KikiHolly_UCtAnGdJpKplr2BpQzAdF6Pw_Oph3wbC0eG8_361688_366720.wav,KikiHolly_UCtAnGdJpKplr2BpQzAdF6Pw_Oph3wbC0eG8,361688,366720,5032
KikiHolly_UCtAnGdJpKplr2BpQzAdF6Pw_Oph3wbC0eG8_366888_376920.wav,KikiHolly_UCtAnGdJpKplr2BpQzAdF6Pw_Oph3wbC0eG8,366888,376920,10032
KikiHolly_UCtAnGdJpKplr2BpQzAdF6Pw_Oph3wbC0eG8_377088_381640.wav,KikiHolly_UCtAnGdJpKplr2BpQzAdF6Pw_Oph3wbC0eG8,377088,381640,4552
KikiHolly_UCtAnGdJpKplr2BpQzAdF6Pw_Oph3wbC0eG8_381920_385928.wav,KikiHolly_UCtAnGdJpKplr2BpQzAdF6Pw_Oph3wbC0eG8,381920,385928,4008
KikiHolly_UCtAnGdJpKplr2BpQzAdF6Pw_Oph3wbC0eG8_386112_392748.wav,KikiHolly_UCtAnGdJpKplr2BpQzAdF6Pw_Oph3wbC0eG8,386112,392748,6636
KikiHolly_UCtAnGdJpKplr2BpQzAdF6Pw_Oph3wbC0eG8_392892_400524.wav,KikiHolly_UCtAnGdJpKplr2BpQzAdF6Pw_Oph3wbC0eG8,392892,400524,7632
KikiHolly_UCtAnGdJpKplr2BpQzAdF6Pw_Oph3wbC0eG8_400668_404336.wav,KikiHolly_UCtAnGdJpKplr2BpQzAdF6Pw_Oph3wbC0eG8,400668,404336,3668
KikiHolly_UCtAnGdJpKplr2BpQzAdF6Pw_Oph3wbC0eG8_404488_407512.wav,KikiHolly_UCtAnGdJpKplr2BpQzAdF6Pw_Oph3wbC0eG8,404488,407512,3024
KikiHolly_UCtAnGdJpKplr2BpQzAdF6Pw_Oph3wbC0eG8_407664_411552.wav,KikiHolly_UCtAnGdJpKplr2BpQzAdF6Pw_Oph3wbC0eG8,407664,411552,3888
KikiHolly_UCtAnGdJpKplr2BpQzAdF6Pw_Oph3wbC0eG8_411704_419132.wav,KikiHolly_UCtAnGdJpKplr2BpQzAdF6Pw_Oph3wbC0eG8,411704,419132,7428
KikiHolly_UCtAnGdJpKplr2BpQzAdF6Pw_Oph3wbC0eG8_419284_431048.wav,KikiHolly_UCtAnGdJpKplr2BpQzAdF6Pw_Oph3wbC0eG8,419284,431048,11764
KikiHolly_UCtAnGdJpKplr2BpQzAdF6Pw_Oph3wbC0eG8_431224_433944.wav,KikiHolly_UCtAnGdJpKplr2BpQzAdF6Pw_Oph3wbC0eG8,431224,433944,2720
KikiHolly_UCtAnGdJpKplr2BpQzAdF6Pw_Oph3wbC0eG8_434280_436840.wav,KikiHolly_UCtAnGdJpKplr2BpQzAdF6Pw_Oph3wbC0eG8,434280,436840,2560
KikiHolly_UCtAnGdJpKplr2BpQzAdF6Pw_Oph3wbC0eG8_437264_443264.wav,KikiHolly_UCtAnGdJpKplr2BpQzAdF6Pw_Oph3wbC0eG8,437264,443264,6000
KikiHolly_UCtAnGdJpKplr2BpQzAdF6Pw_Oph3wbC0eG8_443800_444944.wav,KikiHolly_UCtAnGdJpKplr2BpQzAdF6Pw_Oph3wbC0eG8,443800,444944,1144
KikiHolly_UCtAnGdJpKplr2BpQzAdF6Pw_Oph3wbC0eG8_445304_446856.wav,KikiHolly_UCtAnGdJpKplr2BpQzAdF6Pw_Oph3wbC0eG8,445304,446856,1552
KikiHolly_UCtAnGdJpKplr2BpQzAdF6Pw_Oph3wbC0eG8_448432_449584.wav,KikiHolly_UCtAnGdJpKplr2BpQzAdF6Pw_Oph3wbC0eG8,448432,449584,1152
KikiHolly_UCtAnGdJpKplr2BpQzAdF6Pw_Oph3wbC0eG8_449848_452416.wav,KikiHolly_UCtAnGdJpKplr2BpQzAdF6Pw_Oph3wbC0eG8,449848,452416,2568
KikiHolly_UCtAnGdJpKplr2BpQzAdF6Pw_Oph3wbC0eG8_452960_457728.wav,KikiHolly_UCtAnGdJpKplr2BpQzAdF6Pw_Oph3wbC0eG8,452960,457728,4768
KikiHolly_UCtAnGdJpKplr2BpQzAdF6Pw_Oph3wbC0eG8_457992_464448.wav,KikiHolly_UCtAnGdJpKplr2BpQzAdF6Pw_Oph3wbC0eG8,457992,464448,6456
KikiHolly_UCtAnGdJpKplr2BpQzAdF6Pw_Oph3wbC0eG8_464720_469184.wav,KikiHolly_UCtAnGdJpKplr2BpQzAdF6Pw_Oph3wbC0eG8,464720,469184,4464
KikiHolly_UCtAnGdJpKplr2BpQzAdF6Pw_Oph3wbC0eG8_469512_472112.wav,KikiHolly_UCtAnGdJpKplr2BpQzAdF6Pw_Oph3wbC0eG8,469512,472112,2600
KikiHolly_UCtAnGdJpKplr2BpQzAdF6Pw_Oph3wbC0eG8_472368_477000.wav,KikiHolly_UCtAnGdJpKplr2BpQzAdF6Pw_Oph3wbC0eG8,472368,477000,4632
KikiHolly_UCtAnGdJpKplr2BpQzAdF6Pw_Oph3wbC0eG8_477168_481408.wav,KikiHolly_UCtAnGdJpKplr2BpQzAdF6Pw_Oph3wbC0eG8,477168,481408,4240
KikiHolly_UCtAnGdJpKplr2BpQzAdF6Pw_Oph3wbC0eG8_481576_486896.wav,KikiHolly_UCtAnGdJpKplr2BpQzAdF6Pw_Oph3wbC0eG8,481576,486896,5320
KikiHolly_UCtAnGdJpKplr2BpQzAdF6Pw_Oph3wbC0eG8_487264_490344.wav,KikiHolly_UCtAnGdJpKplr2BpQzAdF6Pw_Oph3wbC0eG8,487264,490344,3080
KikiHolly_UCtAnGdJpKplr2BpQzAdF6Pw_Oph3wbC0eG8_491576_491972.wav,KikiHolly_UCtAnGdJpKplr2BpQzAdF6Pw_Oph3wbC0eG8,491576,491972,396
KikiHolly_UCtAnGdJpKplr2BpQzAdF6Pw_Oph3wbC0eG8_492188_496157.wav,KikiHolly_UCtAnGdJpKplr2BpQzAdF6Pw_Oph3wbC0eG8,492188,496157,3969
KikiHolly_UCtAnGdJpKplr2BpQzAdF6Pw_Oph3wbC0eG8_496285_506694.wav,KikiHolly_UCtAnGdJpKplr2BpQzAdF6Pw_Oph3wbC0eG8,496285,506694,10409
KikiHolly_UCtAnGdJpKplr2BpQzAdF6Pw_Oph3wbC0eG8_507368_510304.wav,KikiHolly_UCtAnGdJpKplr2BpQzAdF6Pw_Oph3wbC0eG8,507368,510304,2936
KikiHolly_UCtAnGdJpKplr2BpQzAdF6Pw_Oph3wbC0eG8_510432_514808.wav,KikiHolly_UCtAnGdJpKplr2BpQzAdF6Pw_Oph3wbC0eG8,510432,514808,4376
KikiHolly_UCtAnGdJpKplr2BpQzAdF6Pw_Oph3wbC0eG8_514936_520008.wav,KikiHolly_UCtAnGdJpKplr2BpQzAdF6Pw_Oph3wbC0eG8,514936,520008,5072
KikiHolly_UCtAnGdJpKplr2BpQzAdF6Pw_Oph3wbC0eG8_520152_521944.wav,KikiHolly_UCtAnGdJpKplr2BpQzAdF6Pw_Oph3wbC0eG8,520152,521944,1792
KikiHolly_UCtAnGdJpKplr2BpQzAdF6Pw_Oph3wbC0eG8_522136_523016.wav,KikiHolly_UCtAnGdJpKplr2BpQzAdF6Pw_Oph3wbC0eG8,522136,523016,880
KikiHolly_UCtAnGdJpKplr2BpQzAdF6Pw_Oph3wbC0eG8_523376_529648.wav,KikiHolly_UCtAnGdJpKplr2BpQzAdF6Pw_Oph3wbC0eG8,523376,529648,6272
KikiHolly_UCtAnGdJpKplr2BpQzAdF6Pw_Oph3wbC0eG8_529800_533544.wav,KikiHolly_UCtAnGdJpKplr2BpQzAdF6Pw_Oph3wbC0eG8,529800,533544,3744
KikiHolly_UCtAnGdJpKplr2BpQzAdF6Pw_Oph3wbC0eG8_535176_541336.wav,KikiHolly_UCtAnGdJpKplr2BpQzAdF6Pw_Oph3wbC0eG8,535176,541336,6160
KikiHolly_UCtAnGdJpKplr2BpQzAdF6Pw_Oph3wbC0eG8_542200_546056.wav,KikiHolly_UCtAnGdJpKplr2BpQzAdF6Pw_Oph3wbC0eG8,542200,546056,3856
KikiHolly_UCtAnGdJpKplr2BpQzAdF6Pw_Oph3wbC0eG8_546488_546656.wav,KikiHolly_UCtAnGdJpKplr2BpQzAdF6Pw_Oph3wbC0eG8,546488,546656,168
KikiHolly_UCtAnGdJpKplr2BpQzAdF6Pw_Oph3wbC0eG8_546944_551528.wav,KikiHolly_UCtAnGdJpKplr2BpQzAdF6Pw_Oph3wbC0eG8,546944,551528,4584
KikiHolly_UCtAnGdJpKplr2BpQzAdF6Pw_Oph3wbC0eG8_552824_555876.wav,KikiHolly_UCtAnGdJpKplr2BpQzAdF6Pw_Oph3wbC0eG8,552824,555876,3052
KikiHolly_UCtAnGdJpKplr2BpQzAdF6Pw_Oph3wbC0eG8_556132_560221.wav,KikiHolly_UCtAnGdJpKplr2BpQzAdF6Pw_Oph3wbC0eG8,556132,560221,4089
KikiHolly_UCtAnGdJpKplr2BpQzAdF6Pw_Oph3wbC0eG8_560421_567246.wav,KikiHolly_UCtAnGdJpKplr2BpQzAdF6Pw_Oph3wbC0eG8,560421,567246,6825
KikiHolly_UCtAnGdJpKplr2BpQzAdF6Pw_Oph3wbC0eG8_567414_570656.wav,KikiHolly_UCtAnGdJpKplr2BpQzAdF6Pw_Oph3wbC0eG8,567414,570656,3242
KikiHolly_UCtAnGdJpKplr2BpQzAdF6Pw_Oph3wbC0eG8_570936_575058.wav,KikiHolly_UCtAnGdJpKplr2BpQzAdF6Pw_Oph3wbC0eG8,570936,575058,4122
KikiHolly_UCtAnGdJpKplr2BpQzAdF6Pw_Oph3wbC0eG8_575258_582123.wav,KikiHolly_UCtAnGdJpKplr2BpQzAdF6Pw_Oph3wbC0eG8,575258,582123,6865
KikiHolly_UCtAnGdJpKplr2BpQzAdF6Pw_Oph3wbC0eG8_582291_586396.wav,KikiHolly_UCtAnGdJpKplr2BpQzAdF6Pw_Oph3wbC0eG8,582291,586396,4105
KikiHolly_UCtAnGdJpKplr2BpQzAdF6Pw_Oph3wbC0eG8_586612_591158.wav,KikiHolly_UCtAnGdJpKplr2BpQzAdF6Pw_Oph3wbC0eG8,586612,591158,4546
KikiHolly_UCtAnGdJpKplr2BpQzAdF6Pw_Oph3wbC0eG8_591318_598568.wav,KikiHolly_UCtAnGdJpKplr2BpQzAdF6Pw_Oph3wbC0eG8,591318,598568,7250
KikiHolly_UCtAnGdJpKplr2BpQzAdF6Pw_Oph3wbC0eG8_598880_599496.wav,KikiHolly_UCtAnGdJpKplr2BpQzAdF6Pw_Oph3wbC0eG8,598880,599496,616
KikiHolly_UCtAnGdJpKplr2BpQzAdF6Pw_Oph3wbC0eG8_599648_606632.wav,KikiHolly_UCtAnGdJpKplr2BpQzAdF6Pw_Oph3wbC0eG8,599648,606632,6984
KikiHolly_UCtAnGdJpKplr2BpQzAdF6Pw_Oph3wbC0eG8_606784_610384.wav,KikiHolly_UCtAnGdJpKplr2BpQzAdF6Pw_Oph3wbC0eG8,606784,610384,3600
KikiHolly_UCtAnGdJpKplr2BpQzAdF6Pw_Oph3wbC0eG8_610544_616940.wav,KikiHolly_UCtAnGdJpKplr2BpQzAdF6Pw_Oph3wbC0eG8,610544,616940,6396
KikiHolly_UCtAnGdJpKplr2BpQzAdF6Pw_Oph3wbC0eG8_617092_622296.wav,KikiHolly_UCtAnGdJpKplr2BpQzAdF6Pw_Oph3wbC0eG8,617092,622296,5204
KikiHolly_UCtAnGdJpKplr2BpQzAdF6Pw_Oph3wbC0eG8_622976_625560.wav,KikiHolly_UCtAnGdJpKplr2BpQzAdF6Pw_Oph3wbC0eG8,622976,625560,2584
KikiHolly_UCtAnGdJpKplr2BpQzAdF6Pw_Oph3wbC0eG8_626968_639208.wav,KikiHolly_UCtAnGdJpKplr2BpQzAdF6Pw_Oph3wbC0eG8,626968,639208,12240
KikiHolly_UCtAnGdJpKplr2BpQzAdF6Pw_Oph3wbC0eG8_639744_641440.wav,KikiHolly_UCtAnGdJpKplr2BpQzAdF6Pw_Oph3wbC0eG8,639744,641440,1696
KikiHolly_UCtAnGdJpKplr2BpQzAdF6Pw_Oph3wbC0eG8_641640_648084.wav,KikiHolly_UCtAnGdJpKplr2BpQzAdF6Pw_Oph3wbC0eG8,641640,648084,6444
KikiHolly_UCtAnGdJpKplr2BpQzAdF6Pw_Oph3wbC0eG8_648292_654533.wav,KikiHolly_UCtAnGdJpKplr2BpQzAdF6Pw_Oph3wbC0eG8,648292,654533,6241
KikiHolly_UCtAnGdJpKplr2BpQzAdF6Pw_Oph3wbC0eG8_654717_654909.wav,KikiHolly_UCtAnGdJpKplr2BpQzAdF6Pw_Oph3wbC0eG8,654717,654909,192
KikiHolly_UCtAnGdJpKplr2BpQzAdF6Pw_Oph3wbC0eG8_655037_664734.wav,KikiHolly_UCtAnGdJpKplr2BpQzAdF6Pw_Oph3wbC0eG8,655037,664734,9697
KikiHolly_UCtAnGdJpKplr2BpQzAdF6Pw_Oph3wbC0eG8_665054_667672.wav,KikiHolly_UCtAnGdJpKplr2BpQzAdF6Pw_Oph3wbC0eG8,665054,667672,2618
KikiHolly_UCtAnGdJpKplr2BpQzAdF6Pw_Oph3wbC0eG8_668296_675600.wav,KikiHolly_UCtAnGdJpKplr2BpQzAdF6Pw_Oph3wbC0eG8,668296,675600,7304
KikiHolly_UCtAnGdJpKplr2BpQzAdF6Pw_Oph3wbC0eG8_676368_682144.wav,KikiHolly_UCtAnGdJpKplr2BpQzAdF6Pw_Oph3wbC0eG8,676368,682144,5776
KikiHolly_UCtAnGdJpKplr2BpQzAdF6Pw_Oph3wbC0eG8_682368_685096.wav,KikiHolly_UCtAnGdJpKplr2BpQzAdF6Pw_Oph3wbC0eG8,682368,685096,2728
KikiHolly_UCtAnGdJpKplr2BpQzAdF6Pw_Oph3wbC0eG8_685352_685656.wav,KikiHolly_UCtAnGdJpKplr2BpQzAdF6Pw_Oph3wbC0eG8,685352,685656,304
KikiHolly_UCtAnGdJpKplr2BpQzAdF6Pw_Oph3wbC0eG8_685968_690104.wav,KikiHolly_UCtAnGdJpKplr2BpQzAdF6Pw_Oph3wbC0eG8,685968,690104,4136
KikiHolly_UCtAnGdJpKplr2BpQzAdF6Pw_Oph3wbC0eG8_690376_692448.wav,KikiHolly_UCtAnGdJpKplr2BpQzAdF6Pw_Oph3wbC0eG8,690376,692448,2072
KikiHolly_UCtAnGdJpKplr2BpQzAdF6Pw_Oph3wbC0eG8_692608_701412.wav,KikiHolly_UCtAnGdJpKplr2BpQzAdF6Pw_Oph3wbC0eG8,692608,701412,8804
KikiHolly_UCtAnGdJpKplr2BpQzAdF6Pw_Oph3wbC0eG8_701684_701800.wav,KikiHolly_UCtAnGdJpKplr2BpQzAdF6Pw_Oph3wbC0eG8,701684,701800,116
KikiHolly_UCtAnGdJpKplr2BpQzAdF6Pw_Oph3wbC0eG8_701976_703304.wav,KikiHolly_UCtAnGdJpKplr2BpQzAdF6Pw_Oph3wbC0eG8,701976,703304,1328
KikiHolly_UCtAnGdJpKplr2BpQzAdF6Pw_Oph3wbC0eG8_703880_705528.wav,KikiHolly_UCtAnGdJpKplr2BpQzAdF6Pw_Oph3wbC0eG8,703880,705528,1648
KikiHolly_UCtAnGdJpKplr2BpQzAdF6Pw_Oph3wbC0eG8_705736_719256.wav,KikiHolly_UCtAnGdJpKplr2BpQzAdF6Pw_Oph3wbC0eG8,705736,719256,13520
KikiHolly_UCtAnGdJpKplr2BpQzAdF6Pw_Oph3wbC0eG8_719512_722170.wav,KikiHolly_UCtAnGdJpKplr2BpQzAdF6Pw_Oph3wbC0eG8,719512,722170,2658
KikiHolly_UCtAnGdJpKplr2BpQzAdF6Pw_Oph3wbC0eG8_722362_723418.wav,KikiHolly_UCtAnGdJpKplr2BpQzAdF6Pw_Oph3wbC0eG8,722362,723418,1056
KikiHolly_UCtAnGdJpKplr2BpQzAdF6Pw_Oph3wbC0eG8_723634_723738.wav,KikiHolly_UCtAnGdJpKplr2BpQzAdF6Pw_Oph3wbC0eG8,723634,723738,104
KikiHolly_UCtAnGdJpKplr2BpQzAdF6Pw_Oph3wbC0eG8_723922_731402.wav,KikiHolly_UCtAnGdJpKplr2BpQzAdF6Pw_Oph3wbC0eG8,723922,731402,7480
KikiHolly_UCtAnGdJpKplr2BpQzAdF6Pw_Oph3wbC0eG8_731562_737916.wav,KikiHolly_UCtAnGdJpKplr2BpQzAdF6Pw_Oph3wbC0eG8,731562,737916,6354
KikiHolly_UCtAnGdJpKplr2BpQzAdF6Pw_Oph3wbC0eG8_738156_744508.wav,KikiHolly_UCtAnGdJpKplr2BpQzAdF6Pw_Oph3wbC0eG8,738156,744508,6352
KikiHolly_UCtAnGdJpKplr2BpQzAdF6Pw_Oph3wbC0eG8_744724_749358.wav,KikiHolly_UCtAnGdJpKplr2BpQzAdF6Pw_Oph3wbC0eG8,744724,749358,4634
KikiHolly_UCtAnGdJpKplr2BpQzAdF6Pw_Oph3wbC0eG8_749526_759800.wav,KikiHolly_UCtAnGdJpKplr2BpQzAdF6Pw_Oph3wbC0eG8,749526,759800,10274
KikiHolly_UCtAnGdJpKplr2BpQzAdF6Pw_Oph3wbC0eG8_760584_767092.wav,KikiHolly_UCtAnGdJpKplr2BpQzAdF6Pw_Oph3wbC0eG8,760584,767092,6508
KikiHolly_UCtAnGdJpKplr2BpQzAdF6Pw_Oph3wbC0eG8_767364_770892.wav,KikiHolly_UCtAnGdJpKplr2BpQzAdF6Pw_Oph3wbC0eG8,767364,770892,3528
KikiHolly_UCtAnGdJpKplr2BpQzAdF6Pw_Oph3wbC0eG8_771028_778252.wav,KikiHolly_UCtAnGdJpKplr2BpQzAdF6Pw_Oph3wbC0eG8,771028,778252,7224
KikiHolly_UCtAnGdJpKplr2BpQzAdF6Pw_Oph3wbC0eG8_778380_778509.wav,KikiHolly_UCtAnGdJpKplr2BpQzAdF6Pw_Oph3wbC0eG8,778380,778509,129
KikiHolly_UCtAnGdJpKplr2BpQzAdF6Pw_Oph3wbC0eG8_778685_785021.wav,KikiHolly_UCtAnGdJpKplr2BpQzAdF6Pw_Oph3wbC0eG8,778685,785021,6336
KikiHolly_UCtAnGdJpKplr2BpQzAdF6Pw_Oph3wbC0eG8_785173_788294.wav,KikiHolly_UCtAnGdJpKplr2BpQzAdF6Pw_Oph3wbC0eG8,785173,788294,3121
KikiHolly_UCtAnGdJpKplr2BpQzAdF6Pw_Oph3wbC0eG8_788558_790598.wav,KikiHolly_UCtAnGdJpKplr2BpQzAdF6Pw_Oph3wbC0eG8,788558,790598,2040
KikiHolly_UCtAnGdJpKplr2BpQzAdF6Pw_Oph3wbC0eG8_790790_800118.wav,KikiHolly_UCtAnGdJpKplr2BpQzAdF6Pw_Oph3wbC0eG8,790790,800118,9328
KikiHolly_UCtAnGdJpKplr2BpQzAdF6Pw_Oph3wbC0eG8_800406_804318.wav,KikiHolly_UCtAnGdJpKplr2BpQzAdF6Pw_Oph3wbC0eG8,800406,804318,3912
KikiHolly_UCtAnGdJpKplr2BpQzAdF6Pw_Oph3wbC0eG8_804774_811726.wav,KikiHolly_UCtAnGdJpKplr2BpQzAdF6Pw_Oph3wbC0eG8,804774,811726,6952
KikiHolly_UCtAnGdJpKplr2BpQzAdF6Pw_Oph3wbC0eG8_811934_815526.wav,KikiHolly_UCtAnGdJpKplr2BpQzAdF6Pw_Oph3wbC0eG8,811934,815526,3592
KikiHolly_UCtAnGdJpKplr2BpQzAdF6Pw_Oph3wbC0eG8_815710_816478.wav,KikiHolly_UCtAnGdJpKplr2BpQzAdF6Pw_Oph3wbC0eG8,815710,816478,768
KikiHolly_UCtAnGdJpKplr2BpQzAdF6Pw_Oph3wbC0eG8_816630_821518.wav,KikiHolly_UCtAnGdJpKplr2BpQzAdF6Pw_Oph3wbC0eG8,816630,821518,4888
KikiHolly_UCtAnGdJpKplr2BpQzAdF6Pw_Oph3wbC0eG8_821999_824616.wav,KikiHolly_UCtAnGdJpKplr2BpQzAdF6Pw_Oph3wbC0eG8,821999,824616,2617
KikiHolly_UCtAnGdJpKplr2BpQzAdF6Pw_Oph3wbC0eG8_825064_830234.wav,KikiHolly_UCtAnGdJpKplr2BpQzAdF6Pw_Oph3wbC0eG8,825064,830234,5170
KikiHolly_UCtAnGdJpKplr2BpQzAdF6Pw_Oph3wbC0eG8_830442_838898.wav,KikiHolly_UCtAnGdJpKplr2BpQzAdF6Pw_Oph3wbC0eG8,830442,838898,8456
KikiHolly_UCtAnGdJpKplr2BpQzAdF6Pw_Oph3wbC0eG8_839042_847994.wav,KikiHolly_UCtAnGdJpKplr2BpQzAdF6Pw_Oph3wbC0eG8,839042,847994,8952
KikiHolly_UCtAnGdJpKplr2BpQzAdF6Pw_Oph3wbC0eG8_848290_853467.wav,KikiHolly_UCtAnGdJpKplr2BpQzAdF6Pw_Oph3wbC0eG8,848290,853467,5177
KikiHolly_UCtAnGdJpKplr2BpQzAdF6Pw_Oph3wbC0eG8_853635_854412.wav,KikiHolly_UCtAnGdJpKplr2BpQzAdF6Pw_Oph3wbC0eG8,853635,854412,777
KikiHolly_UCtAnGdJpKplr2BpQzAdF6Pw_Oph3wbC0eG8_854740_855920.wav,KikiHolly_UCtAnGdJpKplr2BpQzAdF6Pw_Oph3wbC0eG8,854740,855920,1180
KikiHolly_UCtAnGdJpKplr2BpQzAdF6Pw_Oph3wbC0eG8_856264_857096.wav,KikiHolly_UCtAnGdJpKplr2BpQzAdF6Pw_Oph3wbC0eG8,856264,857096,832
KikiHolly_UCtAnGdJpKplr2BpQzAdF6Pw_Oph3wbC0eG8_857656_864104.wav,KikiHolly_UCtAnGdJpKplr2BpQzAdF6Pw_Oph3wbC0eG8,857656,864104,6448
KikiHolly_UCtAnGdJpKplr2BpQzAdF6Pw_Oph3wbC0eG8_864728_869593.wav,KikiHolly_UCtAnGdJpKplr2BpQzAdF6Pw_Oph3wbC0eG8,864728,869593,4865
KikiHolly_UCtAnGdJpKplr2BpQzAdF6Pw_Oph3wbC0eG8_869777_874818.wav,KikiHolly_UCtAnGdJpKplr2BpQzAdF6Pw_Oph3wbC0eG8,869777,874818,5041
KikiHolly_UCtAnGdJpKplr2BpQzAdF6Pw_Oph3wbC0eG8_875074_880068.wav,KikiHolly_UCtAnGdJpKplr2BpQzAdF6Pw_Oph3wbC0eG8,875074,880068,4994
KikiHolly_UCtAnGdJpKplr2BpQzAdF6Pw_Oph3wbC0eG8_880372_890504.wav,KikiHolly_UCtAnGdJpKplr2BpQzAdF6Pw_Oph3wbC0eG8,880372,890504,10132
KikiHolly_UCtAnGdJpKplr2BpQzAdF6Pw_Oph3wbC0eG8_890680_904604.wav,KikiHolly_UCtAnGdJpKplr2BpQzAdF6Pw_Oph3wbC0eG8,890680,904604,13924
KikiHolly_UCtAnGdJpKplr2BpQzAdF6Pw_Oph3wbC0eG8_904844_919844.wav,KikiHolly_UCtAnGdJpKplr2BpQzAdF6Pw_Oph3wbC0eG8,904844,919844,15000
KikiHolly_UCtAnGdJpKplr2BpQzAdF6Pw_Oph3wbC0eG8_920044_922892.wav,KikiHolly_UCtAnGdJpKplr2BpQzAdF6Pw_Oph3wbC0eG8,920044,922892,2848
KikiHolly_UCtAnGdJpKplr2BpQzAdF6Pw_Oph3wbC0eG8_923284_926040.wav,KikiHolly_UCtAnGdJpKplr2BpQzAdF6Pw_Oph3wbC0eG8,923284,926040,2756
KikiHolly_UCtAnGdJpKplr2BpQzAdF6Pw_Oph3wbC0eG8_926392_926618.wav,KikiHolly_UCtAnGdJpKplr2BpQzAdF6Pw_Oph3wbC0eG8,926392,926618,226
KikiHolly_UCtAnGdJpKplr2BpQzAdF6Pw_Oph3wbC0eG8_926618_929938.wav,KikiHolly_UCtAnGdJpKplr2BpQzAdF6Pw_Oph3wbC0eG8,926618,929938,3320
KikiHolly_UCtAnGdJpKplr2BpQzAdF6Pw_Oph3wbC0eG8_930106_934890.wav,KikiHolly_UCtAnGdJpKplr2BpQzAdF6Pw_Oph3wbC0eG8,930106,934890,4784
KikiHolly_UCtAnGdJpKplr2BpQzAdF6Pw_Oph3wbC0eG8_935323_941275.wav,KikiHolly_UCtAnGdJpKplr2BpQzAdF6Pw_Oph3wbC0eG8,935323,941275,5952
KikiHolly_UCtAnGdJpKplr2BpQzAdF6Pw_Oph3wbC0eG8_941419_946083.wav,KikiHolly_UCtAnGdJpKplr2BpQzAdF6Pw_Oph3wbC0eG8,941419,946083,4664
KikiHolly_UCtAnGdJpKplr2BpQzAdF6Pw_Oph3wbC0eG8_946275_950699.wav,KikiHolly_UCtAnGdJpKplr2BpQzAdF6Pw_Oph3wbC0eG8,946275,950699,4424
KikiHolly_UCtAnGdJpKplr2BpQzAdF6Pw_Oph3wbC0eG8_951091_961076.wav,KikiHolly_UCtAnGdJpKplr2BpQzAdF6Pw_Oph3wbC0eG8,951091,961076,9985
KikiHolly_UCtAnGdJpKplr2BpQzAdF6Pw_Oph3wbC0eG8_961668_967389.wav,KikiHolly_UCtAnGdJpKplr2BpQzAdF6Pw_Oph3wbC0eG8,961668,967389,5721
KikiHolly_UCtAnGdJpKplr2BpQzAdF6Pw_Oph3wbC0eG8_967637_969950.wav,KikiHolly_UCtAnGdJpKplr2BpQzAdF6Pw_Oph3wbC0eG8,967637,969950,2313
KikiHolly_UCtAnGdJpKplr2BpQzAdF6Pw_Oph3wbC0eG8_970792_972473.wav,KikiHolly_UCtAnGdJpKplr2BpQzAdF6Pw_Oph3wbC0eG8,970792,972473,1681
KikiHolly_UCtAnGdJpKplr2BpQzAdF6Pw_Oph3wbC0eG8_972609_983897.wav,KikiHolly_UCtAnGdJpKplr2BpQzAdF6Pw_Oph3wbC0eG8,972609,983897,11288
KikiHolly_UCtAnGdJpKplr2BpQzAdF6Pw_Oph3wbC0eG8_984041_991626.wav,KikiHolly_UCtAnGdJpKplr2BpQzAdF6Pw_Oph3wbC0eG8,984041,991626,7585
KikiHolly_UCtAnGdJpKplr2BpQzAdF6Pw_Oph3wbC0eG8_992508_999668.wav,KikiHolly_UCtAnGdJpKplr2BpQzAdF6Pw_Oph3wbC0eG8,992508,999668,7160
KikiHolly_UCtAnGdJpKplr2BpQzAdF6Pw_Oph3wbC0eG8_999900_1000564.wav,KikiHolly_UCtAnGdJpKplr2BpQzAdF6Pw_Oph3wbC0eG8,999900,1000564,664
KikiHolly_UCtAnGdJpKplr2BpQzAdF6Pw_Oph3wbC0eG8_1000924_1001104.wav,KikiHolly_UCtAnGdJpKplr2BpQzAdF6Pw_Oph3wbC0eG8,1000924,1001104,180
KikiHolly_UCtAnGdJpKplr2BpQzAdF6Pw_Oph3wbC0eG8_1001464_1006504.wav,KikiHolly_UCtAnGdJpKplr2BpQzAdF6Pw_Oph3wbC0eG8,1001464,1006504,5040
KikiHolly_UCtAnGdJpKplr2BpQzAdF6Pw_Oph3wbC0eG8_1007528_1013788.wav,KikiHolly_UCtAnGdJpKplr2BpQzAdF6Pw_Oph3wbC0eG8,1007528,1013788,6260
KikiHolly_UCtAnGdJpKplr2BpQzAdF6Pw_Oph3wbC0eG8_1013988_1027912.wav,KikiHolly_UCtAnGdJpKplr2BpQzAdF6Pw_Oph3wbC0eG8,1013988,1027912,13924
KikiHolly_UCtAnGdJpKplr2BpQzAdF6Pw_Oph3wbC0eG8_1028144_1034602.wav,KikiHolly_UCtAnGdJpKplr2BpQzAdF6Pw_Oph3wbC0eG8,1028144,1034602,6458
KikiHolly_UCtAnGdJpKplr2BpQzAdF6Pw_Oph3wbC0eG8_1034714_1042794.wav,KikiHolly_UCtAnGdJpKplr2BpQzAdF6Pw_Oph3wbC0eG8,1034714,1042794,8080
KikiHolly_UCtAnGdJpKplr2BpQzAdF6Pw_Oph3wbC0eG8_1042914_1043050.wav,KikiHolly_UCtAnGdJpKplr2BpQzAdF6Pw_Oph3wbC0eG8,1042914,1043050,136
KikiHolly_UCtAnGdJpKplr2BpQzAdF6Pw_Oph3wbC0eG8_1043348_1046288.wav,KikiHolly_UCtAnGdJpKplr2BpQzAdF6Pw_Oph3wbC0eG8,1043348,1046288,2940
KikiHolly_UCtAnGdJpKplr2BpQzAdF6Pw_Oph3wbC0eG8_1046560_1049344.wav,KikiHolly_UCtAnGdJpKplr2BpQzAdF6Pw_Oph3wbC0eG8,1046560,1049344,2784
KikiHolly_UCtAnGdJpKplr2BpQzAdF6Pw_Oph3wbC0eG8_1049696_1049916.wav,KikiHolly_UCtAnGdJpKplr2BpQzAdF6Pw_Oph3wbC0eG8,1049696,1049916,220
KikiHolly_UCtAnGdJpKplr2BpQzAdF6Pw_Oph3wbC0eG8_1049916_1053238.wav,KikiHolly_UCtAnGdJpKplr2BpQzAdF6Pw_Oph3wbC0eG8,1049916,1053238,3322
KikiHolly_UCtAnGdJpKplr2BpQzAdF6Pw_Oph3wbC0eG8_1053406_1058184.wav,KikiHolly_UCtAnGdJpKplr2BpQzAdF6Pw_Oph3wbC0eG8,1053406,1058184,4778
KikiHolly_UCtAnGdJpKplr2BpQzAdF6Pw_Oph3wbC0eG8_1058620_1064581.wav,KikiHolly_UCtAnGdJpKplr2BpQzAdF6Pw_Oph3wbC0eG8,1058620,1064581,5961
KikiHolly_UCtAnGdJpKplr2BpQzAdF6Pw_Oph3wbC0eG8_1064717_1069406.wav,KikiHolly_UCtAnGdJpKplr2BpQzAdF6Pw_Oph3wbC0eG8,1064717,1069406,4689
KikiHolly_UCtAnGdJpKplr2BpQzAdF6Pw_Oph3wbC0eG8_1069574_1074198.wav,KikiHolly_UCtAnGdJpKplr2BpQzAdF6Pw_Oph3wbC0eG8,1069574,1074198,4624
KikiHolly_UCtAnGdJpKplr2BpQzAdF6Pw_Oph3wbC0eG8_1074390_1084408.wav,KikiHolly_UCtAnGdJpKplr2BpQzAdF6Pw_Oph3wbC0eG8,1074390,1084408,10018
KikiHolly_UCtAnGdJpKplr2BpQzAdF6Pw_Oph3wbC0eG8_1084896_1093400.wav,KikiHolly_UCtAnGdJpKplr2BpQzAdF6Pw_Oph3wbC0eG8,1084896,1093400,8504
KikiHolly_UCtAnGdJpKplr2BpQzAdF6Pw_Oph3wbC0eG8_1094096_1095778.wav,KikiHolly_UCtAnGdJpKplr2BpQzAdF6Pw_Oph3wbC0eG8,1094096,1095778,1682
KikiHolly_UCtAnGdJpKplr2BpQzAdF6Pw_Oph3wbC0eG8_1095906_1107210.wav,KikiHolly_UCtAnGdJpKplr2BpQzAdF6Pw_Oph3wbC0eG8,1095906,1107210,11304
KikiHolly_UCtAnGdJpKplr2BpQzAdF6Pw_Oph3wbC0eG8_1107338_1114924.wav,KikiHolly_UCtAnGdJpKplr2BpQzAdF6Pw_Oph3wbC0eG8,1107338,1114924,7586
KikiHolly_UCtAnGdJpKplr2BpQzAdF6Pw_Oph3wbC0eG8_1115808_1122944.wav,KikiHolly_UCtAnGdJpKplr2BpQzAdF6Pw_Oph3wbC0eG8,1115808,1122944,7136
KikiHolly_UCtAnGdJpKplr2BpQzAdF6Pw_Oph3wbC0eG8_1123208_1123936.wav,KikiHolly_UCtAnGdJpKplr2BpQzAdF6Pw_Oph3wbC0eG8,1123208,1123936,728
KikiHolly_UCtAnGdJpKplr2BpQzAdF6Pw_Oph3wbC0eG8_1124192_1124408.wav,KikiHolly_UCtAnGdJpKplr2BpQzAdF6Pw_Oph3wbC0eG8,1124192,1124408,216
KikiHolly_UCtAnGdJpKplr2BpQzAdF6Pw_Oph3wbC0eG8_1124768_1129800.wav,KikiHolly_UCtAnGdJpKplr2BpQzAdF6Pw_Oph3wbC0eG8,1124768,1129800,5032
KikiHolly_UCtAnGdJpKplr2BpQzAdF6Pw_Oph3wbC0eG8_1130824_1139960.wav,KikiHolly_UCtAnGdJpKplr2BpQzAdF6Pw_Oph3wbC0eG8,1130824,1139960,9136
KikiHolly_UCtAnGdJpKplr2BpQzAdF6Pw_Oph3wbC0eG8_1140304_1143448.wav,KikiHolly_UCtAnGdJpKplr2BpQzAdF6Pw_Oph3wbC0eG8,1140304,1143448,3144
KikiHolly_UCtAnGdJpKplr2BpQzAdF6Pw_Oph3wbC0eG8_1143784_1144848.wav,KikiHolly_UCtAnGdJpKplr2BpQzAdF6Pw_Oph3wbC0eG8,1143784,1144848,1064
KikiHolly_UCtAnGdJpKplr2BpQzAdF6Pw_Oph3wbC0eG8_1145440_1148368.wav,KikiHolly_UCtAnGdJpKplr2BpQzAdF6Pw_Oph3wbC0eG8,1145440,1148368,2928
KikiHolly_UCtAnGdJpKplr2BpQzAdF6Pw_Oph3wbC0eG8_1148960_1151568.wav,KikiHolly_UCtAnGdJpKplr2BpQzAdF6Pw_Oph3wbC0eG8,1148960,1151568,2608
KikiHolly_UCtAnGdJpKplr2BpQzAdF6Pw_Oph3wbC0eG8_1151936_1157408.wav,KikiHolly_UCtAnGdJpKplr2BpQzAdF6Pw_Oph3wbC0eG8,1151936,1157408,5472
KikiHolly_UCtAnGdJpKplr2BpQzAdF6Pw_Oph3wbC0eG8_1157896_1160488.wav,KikiHolly_UCtAnGdJpKplr2BpQzAdF6Pw_Oph3wbC0eG8,1157896,1160488,2592
KikiHolly_UCtAnGdJpKplr2BpQzAdF6Pw_Oph3wbC0eG8_1161120_1162648.wav,KikiHolly_UCtAnGdJpKplr2BpQzAdF6Pw_Oph3wbC0eG8,1161120,1162648,1528
KikiHolly_UCtAnGdJpKplr2BpQzAdF6Pw_Oph3wbC0eG8_1163176_1166760.wav,KikiHolly_UCtAnGdJpKplr2BpQzAdF6Pw_Oph3wbC0eG8,1163176,1166760,3584
KikiHolly_UCtAnGdJpKplr2BpQzAdF6Pw_Oph3wbC0eG8_1167072_1168960.wav,KikiHolly_UCtAnGdJpKplr2BpQzAdF6Pw_Oph3wbC0eG8,1167072,1168960,1888
KikiHolly_UCtAnGdJpKplr2BpQzAdF6Pw_Oph3wbC0eG8_1169304_1179018.wav,KikiHolly_UCtAnGdJpKplr2BpQzAdF6Pw_Oph3wbC0eG8,1169304,1179018,9714
KikiHolly_UCtAnGdJpKplr2BpQzAdF6Pw_Oph3wbC0eG8_1179154_1179636.wav,KikiHolly_UCtAnGdJpKplr2BpQzAdF6Pw_Oph3wbC0eG8,1179154,1179636,482
KikiHolly_UCtAnGdJpKplr2BpQzAdF6Pw_Oph3wbC0eG8_1179836_1183664.wav,KikiHolly_UCtAnGdJpKplr2BpQzAdF6Pw_Oph3wbC0eG8,1179836,1183664,3828
KikiHolly_UCtAnGdJpKplr2BpQzAdF6Pw_Oph3wbC0eG8_1184080_1187648.wav,KikiHolly_UCtAnGdJpKplr2BpQzAdF6Pw_Oph3wbC0eG8,1184080,1187648,3568
KikiHolly_UCtAnGdJpKplr2BpQzAdF6Pw_Oph3wbC0eG8_1188144_1193136.wav,KikiHolly_UCtAnGdJpKplr2BpQzAdF6Pw_Oph3wbC0eG8,1188144,1193136,4992
KikiHolly_UCtAnGdJpKplr2BpQzAdF6Pw_Oph3wbC0eG8_1193656_1200352.wav,KikiHolly_UCtAnGdJpKplr2BpQzAdF6Pw_Oph3wbC0eG8,1193656,1200352,6696
KikiHolly_UCtAnGdJpKplr2BpQzAdF6Pw_Oph3wbC0eG8_1200880_1205736.wav,KikiHolly_UCtAnGdJpKplr2BpQzAdF6Pw_Oph3wbC0eG8,1200880,1205736,4856
KikiHolly_UCtAnGdJpKplr2BpQzAdF6Pw_Oph3wbC0eG8_1206200_1208576.wav,KikiHolly_UCtAnGdJpKplr2BpQzAdF6Pw_Oph3wbC0eG8,1206200,1208576,2376
KikiHolly_UCtAnGdJpKplr2BpQzAdF6Pw_Oph3wbC0eG8_1208880_1209688.wav,KikiHolly_UCtAnGdJpKplr2BpQzAdF6Pw_Oph3wbC0eG8,1208880,1209688,808
KikiHolly_UCtAnGdJpKplr2BpQzAdF6Pw_Oph3wbC0eG8_1209896_1214866.wav,KikiHolly_UCtAnGdJpKplr2BpQzAdF6Pw_Oph3wbC0eG8,1209896,1214866,4970
KikiHolly_UCtAnGdJpKplr2BpQzAdF6Pw_Oph3wbC0eG8_1215010_1218594.wav,KikiHolly_UCtAnGdJpKplr2BpQzAdF6Pw_Oph3wbC0eG8,1215010,1218594,3584
KikiHolly_UCtAnGdJpKplr2BpQzAdF6Pw_Oph3wbC0eG8_1218722_1223500.wav,KikiHolly_UCtAnGdJpKplr2BpQzAdF6Pw_Oph3wbC0eG8,1218722,1223500,4778
KikiHolly_UCtAnGdJpKplr2BpQzAdF6Pw_Oph3wbC0eG8_1223668_1230928.wav,KikiHolly_UCtAnGdJpKplr2BpQzAdF6Pw_Oph3wbC0eG8,1223668,1230928,7260
KikiHolly_UCtAnGdJpKplr2BpQzAdF6Pw_Oph3wbC0eG8_1231080_1239696.wav,KikiHolly_UCtAnGdJpKplr2BpQzAdF6Pw_Oph3wbC0eG8,1231080,1239696,8616
