filename,video_id,start_time,end_time,duration
DianaTon_UCRJLEVgUHtnnj7pgwlkifzg_kRY6zmBUtg_930_6738.wav,DianaTon_UCRJLEVgUHtnnj7pgwlkifzg_kRY6zmBUtg,930,6738,5808
DianaTon_UCRJLEVgUHtnnj7pgwlkifzg_kRY6zmBUtg_6906_16498.wav,DianaTon_UCRJLEVgUHtnnj7pgwlkifzg_kRY6zmBUtg,6906,16498,9592
DianaTon_UCRJLEVgUHtnnj7pgwlkifzg_kRY6zmBUtg_16730_19154.wav,DianaTon_UCRJLEVgUHtnnj7pgwlkifzg_kRY6zmBUtg,16730,19154,2424
DianaTon_UCRJLEVgUHtnnj7pgwlkifzg_kRY6zmBUtg_19322_20418.wav,DianaTon_UCRJLEVgUHtnnj7pgwlkifzg_kRY6zmBUtg,19322,20418,1096
DianaTon_UCRJLEVgUHtnnj7pgwlkifzg_kRY6zmBUtg_20586_21474.wav,DianaTon_UCRJLEVgUHtnnj7pgwlkifzg_kRY6zmBUtg,20586,21474,888
DianaTon_UCRJLEVgUHtnnj7pgwlkifzg_kRY6zmBUtg_21642_22778.wav,DianaTon_UCRJLEVgUHtnnj7pgwlkifzg_kRY6zmBUtg,21642,22778,1136
DianaTon_UCRJLEVgUHtnnj7pgwlkifzg_kRY6zmBUtg_22882_27106.wav,DianaTon_UCRJLEVgUHtnnj7pgwlkifzg_kRY6zmBUtg,22882,27106,4224
DianaTon_UCRJLEVgUHtnnj7pgwlkifzg_kRY6zmBUtg_27306_27978.wav,DianaTon_UCRJLEVgUHtnnj7pgwlkifzg_kRY6zmBUtg,27306,27978,672
DianaTon_UCRJLEVgUHtnnj7pgwlkifzg_kRY6zmBUtg_28130_38018.wav,DianaTon_UCRJLEVgUHtnnj7pgwlkifzg_kRY6zmBUtg,28130,38018,9888
DianaTon_UCRJLEVgUHtnnj7pgwlkifzg_kRY6zmBUtg_38130_39594.wav,DianaTon_UCRJLEVgUHtnnj7pgwlkifzg_kRY6zmBUtg,38130,39594,1464
DianaTon_UCRJLEVgUHtnnj7pgwlkifzg_kRY6zmBUtg_39778_49258.wav,DianaTon_UCRJLEVgUHtnnj7pgwlkifzg_kRY6zmBUtg,39778,49258,9480
DianaTon_UCRJLEVgUHtnnj7pgwlkifzg_kRY6zmBUtg_49466_52450.wav,DianaTon_UCRJLEVgUHtnnj7pgwlkifzg_kRY6zmBUtg,49466,52450,2984
DianaTon_UCRJLEVgUHtnnj7pgwlkifzg_kRY6zmBUtg_52730_56882.wav,DianaTon_UCRJLEVgUHtnnj7pgwlkifzg_kRY6zmBUtg,52730,56882,4152
DianaTon_UCRJLEVgUHtnnj7pgwlkifzg_kRY6zmBUtg_57130_58242.wav,DianaTon_UCRJLEVgUHtnnj7pgwlkifzg_kRY6zmBUtg,57130,58242,1112
DianaTon_UCRJLEVgUHtnnj7pgwlkifzg_kRY6zmBUtg_58498_58610.wav,DianaTon_UCRJLEVgUHtnnj7pgwlkifzg_kRY6zmBUtg,58498,58610,112
DianaTon_UCRJLEVgUHtnnj7pgwlkifzg_kRY6zmBUtg_58914_64594.wav,DianaTon_UCRJLEVgUHtnnj7pgwlkifzg_kRY6zmBUtg,58914,64594,5680
DianaTon_UCRJLEVgUHtnnj7pgwlkifzg_kRY6zmBUtg_64818_65362.wav,DianaTon_UCRJLEVgUHtnnj7pgwlkifzg_kRY6zmBUtg,64818,65362,544
DianaTon_UCRJLEVgUHtnnj7pgwlkifzg_kRY6zmBUtg_65618_75214.wav,DianaTon_UCRJLEVgUHtnnj7pgwlkifzg_kRY6zmBUtg,65618,75214,9596
DianaTon_UCRJLEVgUHtnnj7pgwlkifzg_kRY6zmBUtg_75702_81168.wav,DianaTon_UCRJLEVgUHtnnj7pgwlkifzg_kRY6zmBUtg,75702,81168,5466
DianaTon_UCRJLEVgUHtnnj7pgwlkifzg_kRY6zmBUtg_81376_88050.wav,DianaTon_UCRJLEVgUHtnnj7pgwlkifzg_kRY6zmBUtg,81376,88050,6674
DianaTon_UCRJLEVgUHtnnj7pgwlkifzg_kRY6zmBUtg_88210_88674.wav,DianaTon_UCRJLEVgUHtnnj7pgwlkifzg_kRY6zmBUtg,88210,88674,464
DianaTon_UCRJLEVgUHtnnj7pgwlkifzg_kRY6zmBUtg_88826_89570.wav,DianaTon_UCRJLEVgUHtnnj7pgwlkifzg_kRY6zmBUtg,88826,89570,744
DianaTon_UCRJLEVgUHtnnj7pgwlkifzg_kRY6zmBUtg_90274_94170.wav,DianaTon_UCRJLEVgUHtnnj7pgwlkifzg_kRY6zmBUtg,90274,94170,3896
DianaTon_UCRJLEVgUHtnnj7pgwlkifzg_kRY6zmBUtg_94482_96570.wav,DianaTon_UCRJLEVgUHtnnj7pgwlkifzg_kRY6zmBUtg,94482,96570,2088
DianaTon_UCRJLEVgUHtnnj7pgwlkifzg_kRY6zmBUtg_96722_100042.wav,DianaTon_UCRJLEVgUHtnnj7pgwlkifzg_kRY6zmBUtg,96722,100042,3320
DianaTon_UCRJLEVgUHtnnj7pgwlkifzg_kRY6zmBUtg_100162_102930.wav,DianaTon_UCRJLEVgUHtnnj7pgwlkifzg_kRY6zmBUtg,100162,102930,2768
DianaTon_UCRJLEVgUHtnnj7pgwlkifzg_kRY6zmBUtg_103114_106562.wav,DianaTon_UCRJLEVgUHtnnj7pgwlkifzg_kRY6zmBUtg,103114,106562,3448
DianaTon_UCRJLEVgUHtnnj7pgwlkifzg_kRY6zmBUtg_106914_107338.wav,DianaTon_UCRJLEVgUHtnnj7pgwlkifzg_kRY6zmBUtg,106914,107338,424
DianaTon_UCRJLEVgUHtnnj7pgwlkifzg_kRY6zmBUtg_107594_113354.wav,DianaTon_UCRJLEVgUHtnnj7pgwlkifzg_kRY6zmBUtg,107594,113354,5760
DianaTon_UCRJLEVgUHtnnj7pgwlkifzg_kRY6zmBUtg_114434_117754.wav,DianaTon_UCRJLEVgUHtnnj7pgwlkifzg_kRY6zmBUtg,114434,117754,3320
DianaTon_UCRJLEVgUHtnnj7pgwlkifzg_kRY6zmBUtg_118642_126442.wav,DianaTon_UCRJLEVgUHtnnj7pgwlkifzg_kRY6zmBUtg,118642,126442,7800
DianaTon_UCRJLEVgUHtnnj7pgwlkifzg_kRY6zmBUtg_126618_129290.wav,DianaTon_UCRJLEVgUHtnnj7pgwlkifzg_kRY6zmBUtg,126618,129290,2672
DianaTon_UCRJLEVgUHtnnj7pgwlkifzg_kRY6zmBUtg_129458_130802.wav,DianaTon_UCRJLEVgUHtnnj7pgwlkifzg_kRY6zmBUtg,129458,130802,1344
DianaTon_UCRJLEVgUHtnnj7pgwlkifzg_kRY6zmBUtg_130930_133170.wav,DianaTon_UCRJLEVgUHtnnj7pgwlkifzg_kRY6zmBUtg,130930,133170,2240
DianaTon_UCRJLEVgUHtnnj7pgwlkifzg_kRY6zmBUtg_133730_137018.wav,DianaTon_UCRJLEVgUHtnnj7pgwlkifzg_kRY6zmBUtg,133730,137018,3288
DianaTon_UCRJLEVgUHtnnj7pgwlkifzg_kRY6zmBUtg_138450_147778.wav,DianaTon_UCRJLEVgUHtnnj7pgwlkifzg_kRY6zmBUtg,138450,147778,9328
DianaTon_UCRJLEVgUHtnnj7pgwlkifzg_kRY6zmBUtg_148098_153746.wav,DianaTon_UCRJLEVgUHtnnj7pgwlkifzg_kRY6zmBUtg,148098,153746,5648
DianaTon_UCRJLEVgUHtnnj7pgwlkifzg_kRY6zmBUtg_154314_158098.wav,DianaTon_UCRJLEVgUHtnnj7pgwlkifzg_kRY6zmBUtg,154314,158098,3784
DianaTon_UCRJLEVgUHtnnj7pgwlkifzg_kRY6zmBUtg_158394_164210.wav,DianaTon_UCRJLEVgUHtnnj7pgwlkifzg_kRY6zmBUtg,158394,164210,5816
DianaTon_UCRJLEVgUHtnnj7pgwlkifzg_kRY6zmBUtg_164858_170058.wav,DianaTon_UCRJLEVgUHtnnj7pgwlkifzg_kRY6zmBUtg,164858,170058,5200
DianaTon_UCRJLEVgUHtnnj7pgwlkifzg_kRY6zmBUtg_170322_177738.wav,DianaTon_UCRJLEVgUHtnnj7pgwlkifzg_kRY6zmBUtg,170322,177738,7416
DianaTon_UCRJLEVgUHtnnj7pgwlkifzg_kRY6zmBUtg_178202_181202.wav,DianaTon_UCRJLEVgUHtnnj7pgwlkifzg_kRY6zmBUtg,178202,181202,3000
DianaTon_UCRJLEVgUHtnnj7pgwlkifzg_kRY6zmBUtg_181418_185794.wav,DianaTon_UCRJLEVgUHtnnj7pgwlkifzg_kRY6zmBUtg,181418,185794,4376
DianaTon_UCRJLEVgUHtnnj7pgwlkifzg_kRY6zmBUtg_185986_188250.wav,DianaTon_UCRJLEVgUHtnnj7pgwlkifzg_kRY6zmBUtg,185986,188250,2264
DianaTon_UCRJLEVgUHtnnj7pgwlkifzg_kRY6zmBUtg_188914_194354.wav,DianaTon_UCRJLEVgUHtnnj7pgwlkifzg_kRY6zmBUtg,188914,194354,5440
DianaTon_UCRJLEVgUHtnnj7pgwlkifzg_kRY6zmBUtg_194978_195970.wav,DianaTon_UCRJLEVgUHtnnj7pgwlkifzg_kRY6zmBUtg,194978,195970,992
DianaTon_UCRJLEVgUHtnnj7pgwlkifzg_kRY6zmBUtg_196090_198178.wav,DianaTon_UCRJLEVgUHtnnj7pgwlkifzg_kRY6zmBUtg,196090,198178,2088
DianaTon_UCRJLEVgUHtnnj7pgwlkifzg_kRY6zmBUtg_198370_204562.wav,DianaTon_UCRJLEVgUHtnnj7pgwlkifzg_kRY6zmBUtg,198370,204562,6192
DianaTon_UCRJLEVgUHtnnj7pgwlkifzg_kRY6zmBUtg_204778_208978.wav,DianaTon_UCRJLEVgUHtnnj7pgwlkifzg_kRY6zmBUtg,204778,208978,4200
DianaTon_UCRJLEVgUHtnnj7pgwlkifzg_kRY6zmBUtg_209354_209458.wav,DianaTon_UCRJLEVgUHtnnj7pgwlkifzg_kRY6zmBUtg,209354,209458,104
DianaTon_UCRJLEVgUHtnnj7pgwlkifzg_kRY6zmBUtg_209970_211458.wav,DianaTon_UCRJLEVgUHtnnj7pgwlkifzg_kRY6zmBUtg,209970,211458,1488
DianaTon_UCRJLEVgUHtnnj7pgwlkifzg_kRY6zmBUtg_212610_215346.wav,DianaTon_UCRJLEVgUHtnnj7pgwlkifzg_kRY6zmBUtg,212610,215346,2736
DianaTon_UCRJLEVgUHtnnj7pgwlkifzg_kRY6zmBUtg_215842_216578.wav,DianaTon_UCRJLEVgUHtnnj7pgwlkifzg_kRY6zmBUtg,215842,216578,736
DianaTon_UCRJLEVgUHtnnj7pgwlkifzg_kRY6zmBUtg_216770_225290.wav,DianaTon_UCRJLEVgUHtnnj7pgwlkifzg_kRY6zmBUtg,216770,225290,8520
DianaTon_UCRJLEVgUHtnnj7pgwlkifzg_kRY6zmBUtg_225490_230554.wav,DianaTon_UCRJLEVgUHtnnj7pgwlkifzg_kRY6zmBUtg,225490,230554,5064
DianaTon_UCRJLEVgUHtnnj7pgwlkifzg_kRY6zmBUtg_230786_231010.wav,DianaTon_UCRJLEVgUHtnnj7pgwlkifzg_kRY6zmBUtg,230786,231010,224
DianaTon_UCRJLEVgUHtnnj7pgwlkifzg_kRY6zmBUtg_231314_235418.wav,DianaTon_UCRJLEVgUHtnnj7pgwlkifzg_kRY6zmBUtg,231314,235418,4104
DianaTon_UCRJLEVgUHtnnj7pgwlkifzg_kRY6zmBUtg_235874_238714.wav,DianaTon_UCRJLEVgUHtnnj7pgwlkifzg_kRY6zmBUtg,235874,238714,2840
DianaTon_UCRJLEVgUHtnnj7pgwlkifzg_kRY6zmBUtg_238986_240274.wav,DianaTon_UCRJLEVgUHtnnj7pgwlkifzg_kRY6zmBUtg,238986,240274,1288
DianaTon_UCRJLEVgUHtnnj7pgwlkifzg_kRY6zmBUtg_240426_240658.wav,DianaTon_UCRJLEVgUHtnnj7pgwlkifzg_kRY6zmBUtg,240426,240658,232
DianaTon_UCRJLEVgUHtnnj7pgwlkifzg_kRY6zmBUtg_240770_244922.wav,DianaTon_UCRJLEVgUHtnnj7pgwlkifzg_kRY6zmBUtg,240770,244922,4152
DianaTon_UCRJLEVgUHtnnj7pgwlkifzg_kRY6zmBUtg_245034_250770.wav,DianaTon_UCRJLEVgUHtnnj7pgwlkifzg_kRY6zmBUtg,245034,250770,5736
DianaTon_UCRJLEVgUHtnnj7pgwlkifzg_kRY6zmBUtg_251450_258594.wav,DianaTon_UCRJLEVgUHtnnj7pgwlkifzg_kRY6zmBUtg,251450,258594,7144
DianaTon_UCRJLEVgUHtnnj7pgwlkifzg_kRY6zmBUtg_258850_261946.wav,DianaTon_UCRJLEVgUHtnnj7pgwlkifzg_kRY6zmBUtg,258850,261946,3096
DianaTon_UCRJLEVgUHtnnj7pgwlkifzg_kRY6zmBUtg_262242_263554.wav,DianaTon_UCRJLEVgUHtnnj7pgwlkifzg_kRY6zmBUtg,262242,263554,1312
DianaTon_UCRJLEVgUHtnnj7pgwlkifzg_kRY6zmBUtg_263938_264478.wav,DianaTon_UCRJLEVgUHtnnj7pgwlkifzg_kRY6zmBUtg,263938,264478,540
DianaTon_UCRJLEVgUHtnnj7pgwlkifzg_kRY6zmBUtg_264678_265422.wav,DianaTon_UCRJLEVgUHtnnj7pgwlkifzg_kRY6zmBUtg,264678,265422,744
DianaTon_UCRJLEVgUHtnnj7pgwlkifzg_kRY6zmBUtg_265534_267174.wav,DianaTon_UCRJLEVgUHtnnj7pgwlkifzg_kRY6zmBUtg,265534,267174,1640
DianaTon_UCRJLEVgUHtnnj7pgwlkifzg_kRY6zmBUtg_267286_272670.wav,DianaTon_UCRJLEVgUHtnnj7pgwlkifzg_kRY6zmBUtg,267286,272670,5384
DianaTon_UCRJLEVgUHtnnj7pgwlkifzg_kRY6zmBUtg_272886_278390.wav,DianaTon_UCRJLEVgUHtnnj7pgwlkifzg_kRY6zmBUtg,272886,278390,5504
DianaTon_UCRJLEVgUHtnnj7pgwlkifzg_kRY6zmBUtg_278526_281470.wav,DianaTon_UCRJLEVgUHtnnj7pgwlkifzg_kRY6zmBUtg,278526,281470,2944
DianaTon_UCRJLEVgUHtnnj7pgwlkifzg_kRY6zmBUtg_281606_283162.wav,DianaTon_UCRJLEVgUHtnnj7pgwlkifzg_kRY6zmBUtg,281606,283162,1556
DianaTon_UCRJLEVgUHtnnj7pgwlkifzg_kRY6zmBUtg_283658_283834.wav,DianaTon_UCRJLEVgUHtnnj7pgwlkifzg_kRY6zmBUtg,283658,283834,176
DianaTon_UCRJLEVgUHtnnj7pgwlkifzg_kRY6zmBUtg_284090_292538.wav,DianaTon_UCRJLEVgUHtnnj7pgwlkifzg_kRY6zmBUtg,284090,292538,8448
DianaTon_UCRJLEVgUHtnnj7pgwlkifzg_kRY6zmBUtg_292930_300354.wav,DianaTon_UCRJLEVgUHtnnj7pgwlkifzg_kRY6zmBUtg,292930,300354,7424
DianaTon_UCRJLEVgUHtnnj7pgwlkifzg_kRY6zmBUtg_300978_309298.wav,DianaTon_UCRJLEVgUHtnnj7pgwlkifzg_kRY6zmBUtg,300978,309298,8320
DianaTon_UCRJLEVgUHtnnj7pgwlkifzg_kRY6zmBUtg_309954_315146.wav,DianaTon_UCRJLEVgUHtnnj7pgwlkifzg_kRY6zmBUtg,309954,315146,5192
DianaTon_UCRJLEVgUHtnnj7pgwlkifzg_kRY6zmBUtg_315418_318098.wav,DianaTon_UCRJLEVgUHtnnj7pgwlkifzg_kRY6zmBUtg,315418,318098,2680
DianaTon_UCRJLEVgUHtnnj7pgwlkifzg_kRY6zmBUtg_318386_324818.wav,DianaTon_UCRJLEVgUHtnnj7pgwlkifzg_kRY6zmBUtg,318386,324818,6432
DianaTon_UCRJLEVgUHtnnj7pgwlkifzg_kRY6zmBUtg_325010_330602.wav,DianaTon_UCRJLEVgUHtnnj7pgwlkifzg_kRY6zmBUtg,325010,330602,5592
DianaTon_UCRJLEVgUHtnnj7pgwlkifzg_kRY6zmBUtg_330770_331722.wav,DianaTon_UCRJLEVgUHtnnj7pgwlkifzg_kRY6zmBUtg,330770,331722,952
DianaTon_UCRJLEVgUHtnnj7pgwlkifzg_kRY6zmBUtg_331826_333474.wav,DianaTon_UCRJLEVgUHtnnj7pgwlkifzg_kRY6zmBUtg,331826,333474,1648
DianaTon_UCRJLEVgUHtnnj7pgwlkifzg_kRY6zmBUtg_333610_335058.wav,DianaTon_UCRJLEVgUHtnnj7pgwlkifzg_kRY6zmBUtg,333610,335058,1448
DianaTon_UCRJLEVgUHtnnj7pgwlkifzg_kRY6zmBUtg_335986_336090.wav,DianaTon_UCRJLEVgUHtnnj7pgwlkifzg_kRY6zmBUtg,335986,336090,104
DianaTon_UCRJLEVgUHtnnj7pgwlkifzg_kRY6zmBUtg_336666_337314.wav,DianaTon_UCRJLEVgUHtnnj7pgwlkifzg_kRY6zmBUtg,336666,337314,648
DianaTon_UCRJLEVgUHtnnj7pgwlkifzg_kRY6zmBUtg_338794_341322.wav,DianaTon_UCRJLEVgUHtnnj7pgwlkifzg_kRY6zmBUtg,338794,341322,2528
DianaTon_UCRJLEVgUHtnnj7pgwlkifzg_kRY6zmBUtg_341802_346474.wav,DianaTon_UCRJLEVgUHtnnj7pgwlkifzg_kRY6zmBUtg,341802,346474,4672
DianaTon_UCRJLEVgUHtnnj7pgwlkifzg_kRY6zmBUtg_346578_348962.wav,DianaTon_UCRJLEVgUHtnnj7pgwlkifzg_kRY6zmBUtg,346578,348962,2384
DianaTon_UCRJLEVgUHtnnj7pgwlkifzg_kRY6zmBUtg_349074_352706.wav,DianaTon_UCRJLEVgUHtnnj7pgwlkifzg_kRY6zmBUtg,349074,352706,3632
DianaTon_UCRJLEVgUHtnnj7pgwlkifzg_kRY6zmBUtg_352850_354690.wav,DianaTon_UCRJLEVgUHtnnj7pgwlkifzg_kRY6zmBUtg,352850,354690,1840
DianaTon_UCRJLEVgUHtnnj7pgwlkifzg_kRY6zmBUtg_354994_356226.wav,DianaTon_UCRJLEVgUHtnnj7pgwlkifzg_kRY6zmBUtg,354994,356226,1232
DianaTon_UCRJLEVgUHtnnj7pgwlkifzg_kRY6zmBUtg_356490_357450.wav,DianaTon_UCRJLEVgUHtnnj7pgwlkifzg_kRY6zmBUtg,356490,357450,960
DianaTon_UCRJLEVgUHtnnj7pgwlkifzg_kRY6zmBUtg_357754_358802.wav,DianaTon_UCRJLEVgUHtnnj7pgwlkifzg_kRY6zmBUtg,357754,358802,1048
DianaTon_UCRJLEVgUHtnnj7pgwlkifzg_kRY6zmBUtg_360826_368010.wav,DianaTon_UCRJLEVgUHtnnj7pgwlkifzg_kRY6zmBUtg,360826,368010,7184
DianaTon_UCRJLEVgUHtnnj7pgwlkifzg_kRY6zmBUtg_368754_371546.wav,DianaTon_UCRJLEVgUHtnnj7pgwlkifzg_kRY6zmBUtg,368754,371546,2792
DianaTon_UCRJLEVgUHtnnj7pgwlkifzg_kRY6zmBUtg_372762_381178.wav,DianaTon_UCRJLEVgUHtnnj7pgwlkifzg_kRY6zmBUtg,372762,381178,8416
DianaTon_UCRJLEVgUHtnnj7pgwlkifzg_kRY6zmBUtg_381530_383602.wav,DianaTon_UCRJLEVgUHtnnj7pgwlkifzg_kRY6zmBUtg,381530,383602,2072
DianaTon_UCRJLEVgUHtnnj7pgwlkifzg_kRY6zmBUtg_383994_389642.wav,DianaTon_UCRJLEVgUHtnnj7pgwlkifzg_kRY6zmBUtg,383994,389642,5648
DianaTon_UCRJLEVgUHtnnj7pgwlkifzg_kRY6zmBUtg_390290_390482.wav,DianaTon_UCRJLEVgUHtnnj7pgwlkifzg_kRY6zmBUtg,390290,390482,192
DianaTon_UCRJLEVgUHtnnj7pgwlkifzg_kRY6zmBUtg_390786_391314.wav,DianaTon_UCRJLEVgUHtnnj7pgwlkifzg_kRY6zmBUtg,390786,391314,528
DianaTon_UCRJLEVgUHtnnj7pgwlkifzg_kRY6zmBUtg_391834_392506.wav,DianaTon_UCRJLEVgUHtnnj7pgwlkifzg_kRY6zmBUtg,391834,392506,672
DianaTon_UCRJLEVgUHtnnj7pgwlkifzg_kRY6zmBUtg_392834_398970.wav,DianaTon_UCRJLEVgUHtnnj7pgwlkifzg_kRY6zmBUtg,392834,398970,6136
DianaTon_UCRJLEVgUHtnnj7pgwlkifzg_kRY6zmBUtg_399778_404170.wav,DianaTon_UCRJLEVgUHtnnj7pgwlkifzg_kRY6zmBUtg,399778,404170,4392
DianaTon_UCRJLEVgUHtnnj7pgwlkifzg_kRY6zmBUtg_404762_405882.wav,DianaTon_UCRJLEVgUHtnnj7pgwlkifzg_kRY6zmBUtg,404762,405882,1120
DianaTon_UCRJLEVgUHtnnj7pgwlkifzg_kRY6zmBUtg_406578_410622.wav,DianaTon_UCRJLEVgUHtnnj7pgwlkifzg_kRY6zmBUtg,406578,410622,4044
DianaTon_UCRJLEVgUHtnnj7pgwlkifzg_kRY6zmBUtg_410782_418366.wav,DianaTon_UCRJLEVgUHtnnj7pgwlkifzg_kRY6zmBUtg,410782,418366,7584
DianaTon_UCRJLEVgUHtnnj7pgwlkifzg_kRY6zmBUtg_418582_419482.wav,DianaTon_UCRJLEVgUHtnnj7pgwlkifzg_kRY6zmBUtg,418582,419482,900
DianaTon_UCRJLEVgUHtnnj7pgwlkifzg_kRY6zmBUtg_419922_426778.wav,DianaTon_UCRJLEVgUHtnnj7pgwlkifzg_kRY6zmBUtg,419922,426778,6856
DianaTon_UCRJLEVgUHtnnj7pgwlkifzg_kRY6zmBUtg_427362_427634.wav,DianaTon_UCRJLEVgUHtnnj7pgwlkifzg_kRY6zmBUtg,427362,427634,272
DianaTon_UCRJLEVgUHtnnj7pgwlkifzg_kRY6zmBUtg_428170_430994.wav,DianaTon_UCRJLEVgUHtnnj7pgwlkifzg_kRY6zmBUtg,428170,430994,2824
DianaTon_UCRJLEVgUHtnnj7pgwlkifzg_kRY6zmBUtg_431282_431490.wav,DianaTon_UCRJLEVgUHtnnj7pgwlkifzg_kRY6zmBUtg,431282,431490,208
DianaTon_UCRJLEVgUHtnnj7pgwlkifzg_kRY6zmBUtg_432122_434938.wav,DianaTon_UCRJLEVgUHtnnj7pgwlkifzg_kRY6zmBUtg,432122,434938,2816
DianaTon_UCRJLEVgUHtnnj7pgwlkifzg_kRY6zmBUtg_435306_435890.wav,DianaTon_UCRJLEVgUHtnnj7pgwlkifzg_kRY6zmBUtg,435306,435890,584
DianaTon_UCRJLEVgUHtnnj7pgwlkifzg_kRY6zmBUtg_436586_437338.wav,DianaTon_UCRJLEVgUHtnnj7pgwlkifzg_kRY6zmBUtg,436586,437338,752
DianaTon_UCRJLEVgUHtnnj7pgwlkifzg_kRY6zmBUtg_437722_445994.wav,DianaTon_UCRJLEVgUHtnnj7pgwlkifzg_kRY6zmBUtg,437722,445994,8272
DianaTon_UCRJLEVgUHtnnj7pgwlkifzg_kRY6zmBUtg_446162_451090.wav,DianaTon_UCRJLEVgUHtnnj7pgwlkifzg_kRY6zmBUtg,446162,451090,4928
DianaTon_UCRJLEVgUHtnnj7pgwlkifzg_kRY6zmBUtg_451490_461082.wav,DianaTon_UCRJLEVgUHtnnj7pgwlkifzg_kRY6zmBUtg,451490,461082,9592
DianaTon_UCRJLEVgUHtnnj7pgwlkifzg_kRY6zmBUtg_461762_468386.wav,DianaTon_UCRJLEVgUHtnnj7pgwlkifzg_kRY6zmBUtg,461762,468386,6624
DianaTon_UCRJLEVgUHtnnj7pgwlkifzg_kRY6zmBUtg_469866_477650.wav,DianaTon_UCRJLEVgUHtnnj7pgwlkifzg_kRY6zmBUtg,469866,477650,7784
DianaTon_UCRJLEVgUHtnnj7pgwlkifzg_kRY6zmBUtg_478066_486778.wav,DianaTon_UCRJLEVgUHtnnj7pgwlkifzg_kRY6zmBUtg,478066,486778,8712
DianaTon_UCRJLEVgUHtnnj7pgwlkifzg_kRY6zmBUtg_487058_487874.wav,DianaTon_UCRJLEVgUHtnnj7pgwlkifzg_kRY6zmBUtg,487058,487874,816
DianaTon_UCRJLEVgUHtnnj7pgwlkifzg_kRY6zmBUtg_488250_491926.wav,DianaTon_UCRJLEVgUHtnnj7pgwlkifzg_kRY6zmBUtg,488250,491926,3676
DianaTon_UCRJLEVgUHtnnj7pgwlkifzg_kRY6zmBUtg_492054_497622.wav,DianaTon_UCRJLEVgUHtnnj7pgwlkifzg_kRY6zmBUtg,492054,497622,5568
DianaTon_UCRJLEVgUHtnnj7pgwlkifzg_kRY6zmBUtg_497806_501106.wav,DianaTon_UCRJLEVgUHtnnj7pgwlkifzg_kRY6zmBUtg,497806,501106,3300
DianaTon_UCRJLEVgUHtnnj7pgwlkifzg_kRY6zmBUtg_501434_511170.wav,DianaTon_UCRJLEVgUHtnnj7pgwlkifzg_kRY6zmBUtg,501434,511170,9736
DianaTon_UCRJLEVgUHtnnj7pgwlkifzg_kRY6zmBUtg_511474_519978.wav,DianaTon_UCRJLEVgUHtnnj7pgwlkifzg_kRY6zmBUtg,511474,519978,8504
DianaTon_UCRJLEVgUHtnnj7pgwlkifzg_kRY6zmBUtg_520810_526394.wav,DianaTon_UCRJLEVgUHtnnj7pgwlkifzg_kRY6zmBUtg,520810,526394,5584
DianaTon_UCRJLEVgUHtnnj7pgwlkifzg_kRY6zmBUtg_526658_530274.wav,DianaTon_UCRJLEVgUHtnnj7pgwlkifzg_kRY6zmBUtg,526658,530274,3616
DianaTon_UCRJLEVgUHtnnj7pgwlkifzg_kRY6zmBUtg_531186_533506.wav,DianaTon_UCRJLEVgUHtnnj7pgwlkifzg_kRY6zmBUtg,531186,533506,2320
DianaTon_UCRJLEVgUHtnnj7pgwlkifzg_kRY6zmBUtg_533794_534314.wav,DianaTon_UCRJLEVgUHtnnj7pgwlkifzg_kRY6zmBUtg,533794,534314,520
DianaTon_UCRJLEVgUHtnnj7pgwlkifzg_kRY6zmBUtg_534714_537818.wav,DianaTon_UCRJLEVgUHtnnj7pgwlkifzg_kRY6zmBUtg,534714,537818,3104
DianaTon_UCRJLEVgUHtnnj7pgwlkifzg_kRY6zmBUtg_538474_538730.wav,DianaTon_UCRJLEVgUHtnnj7pgwlkifzg_kRY6zmBUtg,538474,538730,256
DianaTon_UCRJLEVgUHtnnj7pgwlkifzg_kRY6zmBUtg_539130_542898.wav,DianaTon_UCRJLEVgUHtnnj7pgwlkifzg_kRY6zmBUtg,539130,542898,3768
DianaTon_UCRJLEVgUHtnnj7pgwlkifzg_kRY6zmBUtg_543266_544114.wav,DianaTon_UCRJLEVgUHtnnj7pgwlkifzg_kRY6zmBUtg,543266,544114,848
DianaTon_UCRJLEVgUHtnnj7pgwlkifzg_kRY6zmBUtg_544938_547794.wav,DianaTon_UCRJLEVgUHtnnj7pgwlkifzg_kRY6zmBUtg,544938,547794,2856
DianaTon_UCRJLEVgUHtnnj7pgwlkifzg_kRY6zmBUtg_548066_548282.wav,DianaTon_UCRJLEVgUHtnnj7pgwlkifzg_kRY6zmBUtg,548066,548282,216
DianaTon_UCRJLEVgUHtnnj7pgwlkifzg_kRY6zmBUtg_548666_556994.wav,DianaTon_UCRJLEVgUHtnnj7pgwlkifzg_kRY6zmBUtg,548666,556994,8328
DianaTon_UCRJLEVgUHtnnj7pgwlkifzg_kRY6zmBUtg_557282_557810.wav,DianaTon_UCRJLEVgUHtnnj7pgwlkifzg_kRY6zmBUtg,557282,557810,528
DianaTon_UCRJLEVgUHtnnj7pgwlkifzg_kRY6zmBUtg_558850_560866.wav,DianaTon_UCRJLEVgUHtnnj7pgwlkifzg_kRY6zmBUtg,558850,560866,2016
DianaTon_UCRJLEVgUHtnnj7pgwlkifzg_kRY6zmBUtg_561018_562690.wav,DianaTon_UCRJLEVgUHtnnj7pgwlkifzg_kRY6zmBUtg,561018,562690,1672
DianaTon_UCRJLEVgUHtnnj7pgwlkifzg_kRY6zmBUtg_562818_563242.wav,DianaTon_UCRJLEVgUHtnnj7pgwlkifzg_kRY6zmBUtg,562818,563242,424
DianaTon_UCRJLEVgUHtnnj7pgwlkifzg_kRY6zmBUtg_563346_567794.wav,DianaTon_UCRJLEVgUHtnnj7pgwlkifzg_kRY6zmBUtg,563346,567794,4448
DianaTon_UCRJLEVgUHtnnj7pgwlkifzg_kRY6zmBUtg_567938_572370.wav,DianaTon_UCRJLEVgUHtnnj7pgwlkifzg_kRY6zmBUtg,567938,572370,4432
DianaTon_UCRJLEVgUHtnnj7pgwlkifzg_kRY6zmBUtg_572714_580506.wav,DianaTon_UCRJLEVgUHtnnj7pgwlkifzg_kRY6zmBUtg,572714,580506,7792
DianaTon_UCRJLEVgUHtnnj7pgwlkifzg_kRY6zmBUtg_580778_581474.wav,DianaTon_UCRJLEVgUHtnnj7pgwlkifzg_kRY6zmBUtg,580778,581474,696
DianaTon_UCRJLEVgUHtnnj7pgwlkifzg_kRY6zmBUtg_583210_589330.wav,DianaTon_UCRJLEVgUHtnnj7pgwlkifzg_kRY6zmBUtg,583210,589330,6120
DianaTon_UCRJLEVgUHtnnj7pgwlkifzg_kRY6zmBUtg_590130_591946.wav,DianaTon_UCRJLEVgUHtnnj7pgwlkifzg_kRY6zmBUtg,590130,591946,1816
DianaTon_UCRJLEVgUHtnnj7pgwlkifzg_kRY6zmBUtg_592162_599066.wav,DianaTon_UCRJLEVgUHtnnj7pgwlkifzg_kRY6zmBUtg,592162,599066,6904
DianaTon_UCRJLEVgUHtnnj7pgwlkifzg_kRY6zmBUtg_599202_602738.wav,DianaTon_UCRJLEVgUHtnnj7pgwlkifzg_kRY6zmBUtg,599202,602738,3536
DianaTon_UCRJLEVgUHtnnj7pgwlkifzg_kRY6zmBUtg_603370_603474.wav,DianaTon_UCRJLEVgUHtnnj7pgwlkifzg_kRY6zmBUtg,603370,603474,104
DianaTon_UCRJLEVgUHtnnj7pgwlkifzg_kRY6zmBUtg_603930_606474.wav,DianaTon_UCRJLEVgUHtnnj7pgwlkifzg_kRY6zmBUtg,603930,606474,2544
DianaTon_UCRJLEVgUHtnnj7pgwlkifzg_kRY6zmBUtg_606722_606826.wav,DianaTon_UCRJLEVgUHtnnj7pgwlkifzg_kRY6zmBUtg,606722,606826,104
DianaTon_UCRJLEVgUHtnnj7pgwlkifzg_kRY6zmBUtg_606938_611306.wav,DianaTon_UCRJLEVgUHtnnj7pgwlkifzg_kRY6zmBUtg,606938,611306,4368
DianaTon_UCRJLEVgUHtnnj7pgwlkifzg_kRY6zmBUtg_611418_615266.wav,DianaTon_UCRJLEVgUHtnnj7pgwlkifzg_kRY6zmBUtg,611418,615266,3848
DianaTon_UCRJLEVgUHtnnj7pgwlkifzg_kRY6zmBUtg_615562_619082.wav,DianaTon_UCRJLEVgUHtnnj7pgwlkifzg_kRY6zmBUtg,615562,619082,3520
DianaTon_UCRJLEVgUHtnnj7pgwlkifzg_kRY6zmBUtg_619242_619858.wav,DianaTon_UCRJLEVgUHtnnj7pgwlkifzg_kRY6zmBUtg,619242,619858,616
DianaTon_UCRJLEVgUHtnnj7pgwlkifzg_kRY6zmBUtg_620010_623482.wav,DianaTon_UCRJLEVgUHtnnj7pgwlkifzg_kRY6zmBUtg,620010,623482,3472
DianaTon_UCRJLEVgUHtnnj7pgwlkifzg_kRY6zmBUtg_623818_624594.wav,DianaTon_UCRJLEVgUHtnnj7pgwlkifzg_kRY6zmBUtg,623818,624594,776
DianaTon_UCRJLEVgUHtnnj7pgwlkifzg_kRY6zmBUtg_624818_629914.wav,DianaTon_UCRJLEVgUHtnnj7pgwlkifzg_kRY6zmBUtg,624818,629914,5096
DianaTon_UCRJLEVgUHtnnj7pgwlkifzg_kRY6zmBUtg_630074_632298.wav,DianaTon_UCRJLEVgUHtnnj7pgwlkifzg_kRY6zmBUtg,630074,632298,2224
DianaTon_UCRJLEVgUHtnnj7pgwlkifzg_kRY6zmBUtg_632634_636826.wav,DianaTon_UCRJLEVgUHtnnj7pgwlkifzg_kRY6zmBUtg,632634,636826,4192
DianaTon_UCRJLEVgUHtnnj7pgwlkifzg_kRY6zmBUtg_637138_637442.wav,DianaTon_UCRJLEVgUHtnnj7pgwlkifzg_kRY6zmBUtg,637138,637442,304
DianaTon_UCRJLEVgUHtnnj7pgwlkifzg_kRY6zmBUtg_637714_641098.wav,DianaTon_UCRJLEVgUHtnnj7pgwlkifzg_kRY6zmBUtg,637714,641098,3384
DianaTon_UCRJLEVgUHtnnj7pgwlkifzg_kRY6zmBUtg_641434_648618.wav,DianaTon_UCRJLEVgUHtnnj7pgwlkifzg_kRY6zmBUtg,641434,648618,7184
DianaTon_UCRJLEVgUHtnnj7pgwlkifzg_kRY6zmBUtg_649946_651986.wav,DianaTon_UCRJLEVgUHtnnj7pgwlkifzg_kRY6zmBUtg,649946,651986,2040
DianaTon_UCRJLEVgUHtnnj7pgwlkifzg_kRY6zmBUtg_652186_659178.wav,DianaTon_UCRJLEVgUHtnnj7pgwlkifzg_kRY6zmBUtg,652186,659178,6992
DianaTon_UCRJLEVgUHtnnj7pgwlkifzg_kRY6zmBUtg_659370_664282.wav,DianaTon_UCRJLEVgUHtnnj7pgwlkifzg_kRY6zmBUtg,659370,664282,4912
DianaTon_UCRJLEVgUHtnnj7pgwlkifzg_kRY6zmBUtg_664554_666418.wav,DianaTon_UCRJLEVgUHtnnj7pgwlkifzg_kRY6zmBUtg,664554,666418,1864
DianaTon_UCRJLEVgUHtnnj7pgwlkifzg_kRY6zmBUtg_667002_676874.wav,DianaTon_UCRJLEVgUHtnnj7pgwlkifzg_kRY6zmBUtg,667002,676874,9872
DianaTon_UCRJLEVgUHtnnj7pgwlkifzg_kRY6zmBUtg_677170_678638.wav,DianaTon_UCRJLEVgUHtnnj7pgwlkifzg_kRY6zmBUtg,677170,678638,1468
DianaTon_UCRJLEVgUHtnnj7pgwlkifzg_kRY6zmBUtg_678798_683294.wav,DianaTon_UCRJLEVgUHtnnj7pgwlkifzg_kRY6zmBUtg,678798,683294,4496
DianaTon_UCRJLEVgUHtnnj7pgwlkifzg_kRY6zmBUtg_683438_683974.wav,DianaTon_UCRJLEVgUHtnnj7pgwlkifzg_kRY6zmBUtg,683438,683974,536
DianaTon_UCRJLEVgUHtnnj7pgwlkifzg_kRY6zmBUtg_684086_685774.wav,DianaTon_UCRJLEVgUHtnnj7pgwlkifzg_kRY6zmBUtg,684086,685774,1688
DianaTon_UCRJLEVgUHtnnj7pgwlkifzg_kRY6zmBUtg_685942_692294.wav,DianaTon_UCRJLEVgUHtnnj7pgwlkifzg_kRY6zmBUtg,685942,692294,6352
DianaTon_UCRJLEVgUHtnnj7pgwlkifzg_kRY6zmBUtg_692550_692838.wav,DianaTon_UCRJLEVgUHtnnj7pgwlkifzg_kRY6zmBUtg,692550,692838,288
DianaTon_UCRJLEVgUHtnnj7pgwlkifzg_kRY6zmBUtg_692958_693958.wav,DianaTon_UCRJLEVgUHtnnj7pgwlkifzg_kRY6zmBUtg,692958,693958,1000
DianaTon_UCRJLEVgUHtnnj7pgwlkifzg_kRY6zmBUtg_694278_695194.wav,DianaTon_UCRJLEVgUHtnnj7pgwlkifzg_kRY6zmBUtg,694278,695194,916
DianaTon_UCRJLEVgUHtnnj7pgwlkifzg_kRY6zmBUtg_695682_705190.wav,DianaTon_UCRJLEVgUHtnnj7pgwlkifzg_kRY6zmBUtg,695682,705190,9508
DianaTon_UCRJLEVgUHtnnj7pgwlkifzg_kRY6zmBUtg_705326_706966.wav,DianaTon_UCRJLEVgUHtnnj7pgwlkifzg_kRY6zmBUtg,705326,706966,1640
DianaTon_UCRJLEVgUHtnnj7pgwlkifzg_kRY6zmBUtg_707214_709918.wav,DianaTon_UCRJLEVgUHtnnj7pgwlkifzg_kRY6zmBUtg,707214,709918,2704
DianaTon_UCRJLEVgUHtnnj7pgwlkifzg_kRY6zmBUtg_710046_710294.wav,DianaTon_UCRJLEVgUHtnnj7pgwlkifzg_kRY6zmBUtg,710046,710294,248
DianaTon_UCRJLEVgUHtnnj7pgwlkifzg_kRY6zmBUtg_710574_714270.wav,DianaTon_UCRJLEVgUHtnnj7pgwlkifzg_kRY6zmBUtg,710574,714270,3696
DianaTon_UCRJLEVgUHtnnj7pgwlkifzg_kRY6zmBUtg_714526_722126.wav,DianaTon_UCRJLEVgUHtnnj7pgwlkifzg_kRY6zmBUtg,714526,722126,7600
DianaTon_UCRJLEVgUHtnnj7pgwlkifzg_kRY6zmBUtg_722398_723478.wav,DianaTon_UCRJLEVgUHtnnj7pgwlkifzg_kRY6zmBUtg,722398,723478,1080
DianaTon_UCRJLEVgUHtnnj7pgwlkifzg_kRY6zmBUtg_723710_724398.wav,DianaTon_UCRJLEVgUHtnnj7pgwlkifzg_kRY6zmBUtg,723710,724398,688
DianaTon_UCRJLEVgUHtnnj7pgwlkifzg_kRY6zmBUtg_724558_726726.wav,DianaTon_UCRJLEVgUHtnnj7pgwlkifzg_kRY6zmBUtg,724558,726726,2168
DianaTon_UCRJLEVgUHtnnj7pgwlkifzg_kRY6zmBUtg_726870_727114.wav,DianaTon_UCRJLEVgUHtnnj7pgwlkifzg_kRY6zmBUtg,726870,727114,244
DianaTon_UCRJLEVgUHtnnj7pgwlkifzg_kRY6zmBUtg_727530_730972.wav,DianaTon_UCRJLEVgUHtnnj7pgwlkifzg_kRY6zmBUtg,727530,730972,3442
DianaTon_UCRJLEVgUHtnnj7pgwlkifzg_kRY6zmBUtg_731124_737228.wav,DianaTon_UCRJLEVgUHtnnj7pgwlkifzg_kRY6zmBUtg,731124,737228,6104
DianaTon_UCRJLEVgUHtnnj7pgwlkifzg_kRY6zmBUtg_737380_742060.wav,DianaTon_UCRJLEVgUHtnnj7pgwlkifzg_kRY6zmBUtg,737380,742060,4680
DianaTon_UCRJLEVgUHtnnj7pgwlkifzg_kRY6zmBUtg_742252_746502.wav,DianaTon_UCRJLEVgUHtnnj7pgwlkifzg_kRY6zmBUtg,742252,746502,4250
DianaTon_UCRJLEVgUHtnnj7pgwlkifzg_kRY6zmBUtg_746614_748990.wav,DianaTon_UCRJLEVgUHtnnj7pgwlkifzg_kRY6zmBUtg,746614,748990,2376
DianaTon_UCRJLEVgUHtnnj7pgwlkifzg_kRY6zmBUtg_749606_753902.wav,DianaTon_UCRJLEVgUHtnnj7pgwlkifzg_kRY6zmBUtg,749606,753902,4296
DianaTon_UCRJLEVgUHtnnj7pgwlkifzg_kRY6zmBUtg_754794_760966.wav,DianaTon_UCRJLEVgUHtnnj7pgwlkifzg_kRY6zmBUtg,754794,760966,6172
DianaTon_UCRJLEVgUHtnnj7pgwlkifzg_kRY6zmBUtg_761358_761526.wav,DianaTon_UCRJLEVgUHtnnj7pgwlkifzg_kRY6zmBUtg,761358,761526,168
DianaTon_UCRJLEVgUHtnnj7pgwlkifzg_kRY6zmBUtg_762270_762374.wav,DianaTon_UCRJLEVgUHtnnj7pgwlkifzg_kRY6zmBUtg,762270,762374,104
DianaTon_UCRJLEVgUHtnnj7pgwlkifzg_kRY6zmBUtg_762598_762822.wav,DianaTon_UCRJLEVgUHtnnj7pgwlkifzg_kRY6zmBUtg,762598,762822,224
DianaTon_UCRJLEVgUHtnnj7pgwlkifzg_kRY6zmBUtg_763446_763574.wav,DianaTon_UCRJLEVgUHtnnj7pgwlkifzg_kRY6zmBUtg,763446,763574,128
DianaTon_UCRJLEVgUHtnnj7pgwlkifzg_kRY6zmBUtg_763686_769830.wav,DianaTon_UCRJLEVgUHtnnj7pgwlkifzg_kRY6zmBUtg,763686,769830,6144
DianaTon_UCRJLEVgUHtnnj7pgwlkifzg_kRY6zmBUtg_769982_773934.wav,DianaTon_UCRJLEVgUHtnnj7pgwlkifzg_kRY6zmBUtg,769982,773934,3952
DianaTon_UCRJLEVgUHtnnj7pgwlkifzg_kRY6zmBUtg_774550_781838.wav,DianaTon_UCRJLEVgUHtnnj7pgwlkifzg_kRY6zmBUtg,774550,781838,7288
DianaTon_UCRJLEVgUHtnnj7pgwlkifzg_kRY6zmBUtg_782014_782478.wav,DianaTon_UCRJLEVgUHtnnj7pgwlkifzg_kRY6zmBUtg,782014,782478,464
DianaTon_UCRJLEVgUHtnnj7pgwlkifzg_kRY6zmBUtg_782646_782774.wav,DianaTon_UCRJLEVgUHtnnj7pgwlkifzg_kRY6zmBUtg,782646,782774,128
DianaTon_UCRJLEVgUHtnnj7pgwlkifzg_kRY6zmBUtg_783262_783934.wav,DianaTon_UCRJLEVgUHtnnj7pgwlkifzg_kRY6zmBUtg,783262,783934,672
DianaTon_UCRJLEVgUHtnnj7pgwlkifzg_kRY6zmBUtg_784094_784230.wav,DianaTon_UCRJLEVgUHtnnj7pgwlkifzg_kRY6zmBUtg,784094,784230,136
DianaTon_UCRJLEVgUHtnnj7pgwlkifzg_kRY6zmBUtg_784366_785014.wav,DianaTon_UCRJLEVgUHtnnj7pgwlkifzg_kRY6zmBUtg,784366,785014,648
DianaTon_UCRJLEVgUHtnnj7pgwlkifzg_kRY6zmBUtg_785530_788954.wav,DianaTon_UCRJLEVgUHtnnj7pgwlkifzg_kRY6zmBUtg,785530,788954,3424
DianaTon_UCRJLEVgUHtnnj7pgwlkifzg_kRY6zmBUtg_789130_796034.wav,DianaTon_UCRJLEVgUHtnnj7pgwlkifzg_kRY6zmBUtg,789130,796034,6904
DianaTon_UCRJLEVgUHtnnj7pgwlkifzg_kRY6zmBUtg_796766_799726.wav,DianaTon_UCRJLEVgUHtnnj7pgwlkifzg_kRY6zmBUtg,796766,799726,2960
DianaTon_UCRJLEVgUHtnnj7pgwlkifzg_kRY6zmBUtg_800006_800118.wav,DianaTon_UCRJLEVgUHtnnj7pgwlkifzg_kRY6zmBUtg,800006,800118,112
DianaTon_UCRJLEVgUHtnnj7pgwlkifzg_kRY6zmBUtg_800470_801146.wav,DianaTon_UCRJLEVgUHtnnj7pgwlkifzg_kRY6zmBUtg,800470,801146,676
DianaTon_UCRJLEVgUHtnnj7pgwlkifzg_kRY6zmBUtg_801434_801538.wav,DianaTon_UCRJLEVgUHtnnj7pgwlkifzg_kRY6zmBUtg,801434,801538,104
DianaTon_UCRJLEVgUHtnnj7pgwlkifzg_kRY6zmBUtg_801882_802642.wav,DianaTon_UCRJLEVgUHtnnj7pgwlkifzg_kRY6zmBUtg,801882,802642,760
DianaTon_UCRJLEVgUHtnnj7pgwlkifzg_kRY6zmBUtg_803578_803746.wav,DianaTon_UCRJLEVgUHtnnj7pgwlkifzg_kRY6zmBUtg,803578,803746,168
DianaTon_UCRJLEVgUHtnnj7pgwlkifzg_kRY6zmBUtg_803882_804042.wav,DianaTon_UCRJLEVgUHtnnj7pgwlkifzg_kRY6zmBUtg,803882,804042,160
DianaTon_UCRJLEVgUHtnnj7pgwlkifzg_kRY6zmBUtg_804162_805874.wav,DianaTon_UCRJLEVgUHtnnj7pgwlkifzg_kRY6zmBUtg,804162,805874,1712
DianaTon_UCRJLEVgUHtnnj7pgwlkifzg_kRY6zmBUtg_805978_806082.wav,DianaTon_UCRJLEVgUHtnnj7pgwlkifzg_kRY6zmBUtg,805978,806082,104
DianaTon_UCRJLEVgUHtnnj7pgwlkifzg_kRY6zmBUtg_806226_809802.wav,DianaTon_UCRJLEVgUHtnnj7pgwlkifzg_kRY6zmBUtg,806226,809802,3576
DianaTon_UCRJLEVgUHtnnj7pgwlkifzg_kRY6zmBUtg_810050_810338.wav,DianaTon_UCRJLEVgUHtnnj7pgwlkifzg_kRY6zmBUtg,810050,810338,288
DianaTon_UCRJLEVgUHtnnj7pgwlkifzg_kRY6zmBUtg_810666_818722.wav,DianaTon_UCRJLEVgUHtnnj7pgwlkifzg_kRY6zmBUtg,810666,818722,8056
DianaTon_UCRJLEVgUHtnnj7pgwlkifzg_kRY6zmBUtg_818922_822746.wav,DianaTon_UCRJLEVgUHtnnj7pgwlkifzg_kRY6zmBUtg,818922,822746,3824
DianaTon_UCRJLEVgUHtnnj7pgwlkifzg_kRY6zmBUtg_822882_827570.wav,DianaTon_UCRJLEVgUHtnnj7pgwlkifzg_kRY6zmBUtg,822882,827570,4688
DianaTon_UCRJLEVgUHtnnj7pgwlkifzg_kRY6zmBUtg_827794_828780.wav,DianaTon_UCRJLEVgUHtnnj7pgwlkifzg_kRY6zmBUtg,827794,828780,986
DianaTon_UCRJLEVgUHtnnj7pgwlkifzg_kRY6zmBUtg_829444_835397.wav,DianaTon_UCRJLEVgUHtnnj7pgwlkifzg_kRY6zmBUtg,829444,835397,5953
DianaTon_UCRJLEVgUHtnnj7pgwlkifzg_kRY6zmBUtg_835997_839662.wav,DianaTon_UCRJLEVgUHtnnj7pgwlkifzg_kRY6zmBUtg,835997,839662,3665
DianaTon_UCRJLEVgUHtnnj7pgwlkifzg_kRY6zmBUtg_839838_840382.wav,DianaTon_UCRJLEVgUHtnnj7pgwlkifzg_kRY6zmBUtg,839838,840382,544
DianaTon_UCRJLEVgUHtnnj7pgwlkifzg_kRY6zmBUtg_840582_844338.wav,DianaTon_UCRJLEVgUHtnnj7pgwlkifzg_kRY6zmBUtg,840582,844338,3756
DianaTon_UCRJLEVgUHtnnj7pgwlkifzg_kRY6zmBUtg_844738_846826.wav,DianaTon_UCRJLEVgUHtnnj7pgwlkifzg_kRY6zmBUtg,844738,846826,2088
DianaTon_UCRJLEVgUHtnnj7pgwlkifzg_kRY6zmBUtg_846986_854138.wav,DianaTon_UCRJLEVgUHtnnj7pgwlkifzg_kRY6zmBUtg,846986,854138,7152
DianaTon_UCRJLEVgUHtnnj7pgwlkifzg_kRY6zmBUtg_854266_854658.wav,DianaTon_UCRJLEVgUHtnnj7pgwlkifzg_kRY6zmBUtg,854266,854658,392
DianaTon_UCRJLEVgUHtnnj7pgwlkifzg_kRY6zmBUtg_854882_856138.wav,DianaTon_UCRJLEVgUHtnnj7pgwlkifzg_kRY6zmBUtg,854882,856138,1256
DianaTon_UCRJLEVgUHtnnj7pgwlkifzg_kRY6zmBUtg_856378_858130.wav,DianaTon_UCRJLEVgUHtnnj7pgwlkifzg_kRY6zmBUtg,856378,858130,1752
DianaTon_UCRJLEVgUHtnnj7pgwlkifzg_kRY6zmBUtg_858234_858634.wav,DianaTon_UCRJLEVgUHtnnj7pgwlkifzg_kRY6zmBUtg,858234,858634,400
DianaTon_UCRJLEVgUHtnnj7pgwlkifzg_kRY6zmBUtg_859186_861146.wav,DianaTon_UCRJLEVgUHtnnj7pgwlkifzg_kRY6zmBUtg,859186,861146,1960
DianaTon_UCRJLEVgUHtnnj7pgwlkifzg_kRY6zmBUtg_861322_863774.wav,DianaTon_UCRJLEVgUHtnnj7pgwlkifzg_kRY6zmBUtg,861322,863774,2452
DianaTon_UCRJLEVgUHtnnj7pgwlkifzg_kRY6zmBUtg_864150_873266.wav,DianaTon_UCRJLEVgUHtnnj7pgwlkifzg_kRY6zmBUtg,864150,873266,9116
DianaTon_UCRJLEVgUHtnnj7pgwlkifzg_kRY6zmBUtg_873378_878378.wav,DianaTon_UCRJLEVgUHtnnj7pgwlkifzg_kRY6zmBUtg,873378,878378,5000
DianaTon_UCRJLEVgUHtnnj7pgwlkifzg_kRY6zmBUtg_878594_883850.wav,DianaTon_UCRJLEVgUHtnnj7pgwlkifzg_kRY6zmBUtg,878594,883850,5256
DianaTon_UCRJLEVgUHtnnj7pgwlkifzg_kRY6zmBUtg_884042_885722.wav,DianaTon_UCRJLEVgUHtnnj7pgwlkifzg_kRY6zmBUtg,884042,885722,1680
DianaTon_UCRJLEVgUHtnnj7pgwlkifzg_kRY6zmBUtg_885826_889074.wav,DianaTon_UCRJLEVgUHtnnj7pgwlkifzg_kRY6zmBUtg,885826,889074,3248
DianaTon_UCRJLEVgUHtnnj7pgwlkifzg_kRY6zmBUtg_889306_889490.wav,DianaTon_UCRJLEVgUHtnnj7pgwlkifzg_kRY6zmBUtg,889306,889490,184
DianaTon_UCRJLEVgUHtnnj7pgwlkifzg_kRY6zmBUtg_889658_894818.wav,DianaTon_UCRJLEVgUHtnnj7pgwlkifzg_kRY6zmBUtg,889658,894818,5160
DianaTon_UCRJLEVgUHtnnj7pgwlkifzg_kRY6zmBUtg_894922_896738.wav,DianaTon_UCRJLEVgUHtnnj7pgwlkifzg_kRY6zmBUtg,894922,896738,1816
DianaTon_UCRJLEVgUHtnnj7pgwlkifzg_kRY6zmBUtg_897002_898906.wav,DianaTon_UCRJLEVgUHtnnj7pgwlkifzg_kRY6zmBUtg,897002,898906,1904
DianaTon_UCRJLEVgUHtnnj7pgwlkifzg_kRY6zmBUtg_899042_900626.wav,DianaTon_UCRJLEVgUHtnnj7pgwlkifzg_kRY6zmBUtg,899042,900626,1584
DianaTon_UCRJLEVgUHtnnj7pgwlkifzg_kRY6zmBUtg_900754_901210.wav,DianaTon_UCRJLEVgUHtnnj7pgwlkifzg_kRY6zmBUtg,900754,901210,456
DianaTon_UCRJLEVgUHtnnj7pgwlkifzg_kRY6zmBUtg_901354_904722.wav,DianaTon_UCRJLEVgUHtnnj7pgwlkifzg_kRY6zmBUtg,901354,904722,3368
DianaTon_UCRJLEVgUHtnnj7pgwlkifzg_kRY6zmBUtg_905322_910650.wav,DianaTon_UCRJLEVgUHtnnj7pgwlkifzg_kRY6zmBUtg,905322,910650,5328
DianaTon_UCRJLEVgUHtnnj7pgwlkifzg_kRY6zmBUtg_910914_920874.wav,DianaTon_UCRJLEVgUHtnnj7pgwlkifzg_kRY6zmBUtg,910914,920874,9960
DianaTon_UCRJLEVgUHtnnj7pgwlkifzg_kRY6zmBUtg_921242_922474.wav,DianaTon_UCRJLEVgUHtnnj7pgwlkifzg_kRY6zmBUtg,921242,922474,1232
DianaTon_UCRJLEVgUHtnnj7pgwlkifzg_kRY6zmBUtg_922586_922818.wav,DianaTon_UCRJLEVgUHtnnj7pgwlkifzg_kRY6zmBUtg,922586,922818,232
DianaTon_UCRJLEVgUHtnnj7pgwlkifzg_kRY6zmBUtg_922938_928970.wav,DianaTon_UCRJLEVgUHtnnj7pgwlkifzg_kRY6zmBUtg,922938,928970,6032
DianaTon_UCRJLEVgUHtnnj7pgwlkifzg_kRY6zmBUtg_929138_931794.wav,DianaTon_UCRJLEVgUHtnnj7pgwlkifzg_kRY6zmBUtg,929138,931794,2656
DianaTon_UCRJLEVgUHtnnj7pgwlkifzg_kRY6zmBUtg_932026_937426.wav,DianaTon_UCRJLEVgUHtnnj7pgwlkifzg_kRY6zmBUtg,932026,937426,5400
DianaTon_UCRJLEVgUHtnnj7pgwlkifzg_kRY6zmBUtg_937578_945170.wav,DianaTon_UCRJLEVgUHtnnj7pgwlkifzg_kRY6zmBUtg,937578,945170,7592
DianaTon_UCRJLEVgUHtnnj7pgwlkifzg_kRY6zmBUtg_945282_946674.wav,DianaTon_UCRJLEVgUHtnnj7pgwlkifzg_kRY6zmBUtg,945282,946674,1392
DianaTon_UCRJLEVgUHtnnj7pgwlkifzg_kRY6zmBUtg_946858_947562.wav,DianaTon_UCRJLEVgUHtnnj7pgwlkifzg_kRY6zmBUtg,946858,947562,704
DianaTon_UCRJLEVgUHtnnj7pgwlkifzg_kRY6zmBUtg_947946_949018.wav,DianaTon_UCRJLEVgUHtnnj7pgwlkifzg_kRY6zmBUtg,947946,949018,1072
DianaTon_UCRJLEVgUHtnnj7pgwlkifzg_kRY6zmBUtg_949466_951290.wav,DianaTon_UCRJLEVgUHtnnj7pgwlkifzg_kRY6zmBUtg,949466,951290,1824
DianaTon_UCRJLEVgUHtnnj7pgwlkifzg_kRY6zmBUtg_951946_957218.wav,DianaTon_UCRJLEVgUHtnnj7pgwlkifzg_kRY6zmBUtg,951946,957218,5272
DianaTon_UCRJLEVgUHtnnj7pgwlkifzg_kRY6zmBUtg_958026_967274.wav,DianaTon_UCRJLEVgUHtnnj7pgwlkifzg_kRY6zmBUtg,958026,967274,9248
DianaTon_UCRJLEVgUHtnnj7pgwlkifzg_kRY6zmBUtg_967594_974754.wav,DianaTon_UCRJLEVgUHtnnj7pgwlkifzg_kRY6zmBUtg,967594,974754,7160
DianaTon_UCRJLEVgUHtnnj7pgwlkifzg_kRY6zmBUtg_975074_984562.wav,DianaTon_UCRJLEVgUHtnnj7pgwlkifzg_kRY6zmBUtg,975074,984562,9488
DianaTon_UCRJLEVgUHtnnj7pgwlkifzg_kRY6zmBUtg_985138_987234.wav,DianaTon_UCRJLEVgUHtnnj7pgwlkifzg_kRY6zmBUtg,985138,987234,2096
DianaTon_UCRJLEVgUHtnnj7pgwlkifzg_kRY6zmBUtg_987554_989786.wav,DianaTon_UCRJLEVgUHtnnj7pgwlkifzg_kRY6zmBUtg,987554,989786,2232
DianaTon_UCRJLEVgUHtnnj7pgwlkifzg_kRY6zmBUtg_990226_990498.wav,DianaTon_UCRJLEVgUHtnnj7pgwlkifzg_kRY6zmBUtg,990226,990498,272
DianaTon_UCRJLEVgUHtnnj7pgwlkifzg_kRY6zmBUtg_990842_991250.wav,DianaTon_UCRJLEVgUHtnnj7pgwlkifzg_kRY6zmBUtg,990842,991250,408
DianaTon_UCRJLEVgUHtnnj7pgwlkifzg_kRY6zmBUtg_991738_991898.wav,DianaTon_UCRJLEVgUHtnnj7pgwlkifzg_kRY6zmBUtg,991738,991898,160
DianaTon_UCRJLEVgUHtnnj7pgwlkifzg_kRY6zmBUtg_992594_1000806.wav,DianaTon_UCRJLEVgUHtnnj7pgwlkifzg_kRY6zmBUtg,992594,1000806,8212
DianaTon_UCRJLEVgUHtnnj7pgwlkifzg_kRY6zmBUtg_1000942_1008670.wav,DianaTon_UCRJLEVgUHtnnj7pgwlkifzg_kRY6zmBUtg,1000942,1008670,7728
DianaTon_UCRJLEVgUHtnnj7pgwlkifzg_kRY6zmBUtg_1008774_1009518.wav,DianaTon_UCRJLEVgUHtnnj7pgwlkifzg_kRY6zmBUtg,1008774,1009518,744
DianaTon_UCRJLEVgUHtnnj7pgwlkifzg_kRY6zmBUtg_1010038_1010150.wav,DianaTon_UCRJLEVgUHtnnj7pgwlkifzg_kRY6zmBUtg,1010038,1010150,112
DianaTon_UCRJLEVgUHtnnj7pgwlkifzg_kRY6zmBUtg_1011250_1019490.wav,DianaTon_UCRJLEVgUHtnnj7pgwlkifzg_kRY6zmBUtg,1011250,1019490,8240
DianaTon_UCRJLEVgUHtnnj7pgwlkifzg_kRY6zmBUtg_1019810_1023770.wav,DianaTon_UCRJLEVgUHtnnj7pgwlkifzg_kRY6zmBUtg,1019810,1023770,3960
DianaTon_UCRJLEVgUHtnnj7pgwlkifzg_kRY6zmBUtg_1024138_1027178.wav,DianaTon_UCRJLEVgUHtnnj7pgwlkifzg_kRY6zmBUtg,1024138,1027178,3040
DianaTon_UCRJLEVgUHtnnj7pgwlkifzg_kRY6zmBUtg_1027450_1028778.wav,DianaTon_UCRJLEVgUHtnnj7pgwlkifzg_kRY6zmBUtg,1027450,1028778,1328
DianaTon_UCRJLEVgUHtnnj7pgwlkifzg_kRY6zmBUtg_1029378_1029514.wav,DianaTon_UCRJLEVgUHtnnj7pgwlkifzg_kRY6zmBUtg,1029378,1029514,136
DianaTon_UCRJLEVgUHtnnj7pgwlkifzg_kRY6zmBUtg_1030330_1034914.wav,DianaTon_UCRJLEVgUHtnnj7pgwlkifzg_kRY6zmBUtg,1030330,1034914,4584
DianaTon_UCRJLEVgUHtnnj7pgwlkifzg_kRY6zmBUtg_1035811_1036179.wav,DianaTon_UCRJLEVgUHtnnj7pgwlkifzg_kRY6zmBUtg,1035811,1036179,368
DianaTon_UCRJLEVgUHtnnj7pgwlkifzg_kRY6zmBUtg_1037379_1037563.wav,DianaTon_UCRJLEVgUHtnnj7pgwlkifzg_kRY6zmBUtg,1037379,1037563,184
DianaTon_UCRJLEVgUHtnnj7pgwlkifzg_kRY6zmBUtg_1038099_1046379.wav,DianaTon_UCRJLEVgUHtnnj7pgwlkifzg_kRY6zmBUtg,1038099,1046379,8280
DianaTon_UCRJLEVgUHtnnj7pgwlkifzg_kRY6zmBUtg_1046627_1052323.wav,DianaTon_UCRJLEVgUHtnnj7pgwlkifzg_kRY6zmBUtg,1046627,1052323,5696
DianaTon_UCRJLEVgUHtnnj7pgwlkifzg_kRY6zmBUtg_1052619_1054427.wav,DianaTon_UCRJLEVgUHtnnj7pgwlkifzg_kRY6zmBUtg,1052619,1054427,1808
DianaTon_UCRJLEVgUHtnnj7pgwlkifzg_kRY6zmBUtg_1054627_1063275.wav,DianaTon_UCRJLEVgUHtnnj7pgwlkifzg_kRY6zmBUtg,1054627,1063275,8648
DianaTon_UCRJLEVgUHtnnj7pgwlkifzg_kRY6zmBUtg_1064227_1066083.wav,DianaTon_UCRJLEVgUHtnnj7pgwlkifzg_kRY6zmBUtg,1064227,1066083,1856
DianaTon_UCRJLEVgUHtnnj7pgwlkifzg_kRY6zmBUtg_1066403_1067203.wav,DianaTon_UCRJLEVgUHtnnj7pgwlkifzg_kRY6zmBUtg,1066403,1067203,800
DianaTon_UCRJLEVgUHtnnj7pgwlkifzg_kRY6zmBUtg_1067427_1068723.wav,DianaTon_UCRJLEVgUHtnnj7pgwlkifzg_kRY6zmBUtg,1067427,1068723,1296
DianaTon_UCRJLEVgUHtnnj7pgwlkifzg_kRY6zmBUtg_1069043_1074211.wav,DianaTon_UCRJLEVgUHtnnj7pgwlkifzg_kRY6zmBUtg,1069043,1074211,5168
DianaTon_UCRJLEVgUHtnnj7pgwlkifzg_kRY6zmBUtg_1074523_1083011.wav,DianaTon_UCRJLEVgUHtnnj7pgwlkifzg_kRY6zmBUtg,1074523,1083011,8488
DianaTon_UCRJLEVgUHtnnj7pgwlkifzg_kRY6zmBUtg_1083659_1087931.wav,DianaTon_UCRJLEVgUHtnnj7pgwlkifzg_kRY6zmBUtg,1083659,1087931,4272
DianaTon_UCRJLEVgUHtnnj7pgwlkifzg_kRY6zmBUtg_1088251_1091851.wav,DianaTon_UCRJLEVgUHtnnj7pgwlkifzg_kRY6zmBUtg,1088251,1091851,3600
DianaTon_UCRJLEVgUHtnnj7pgwlkifzg_kRY6zmBUtg_1092563_1098963.wav,DianaTon_UCRJLEVgUHtnnj7pgwlkifzg_kRY6zmBUtg,1092563,1098963,6400
DianaTon_UCRJLEVgUHtnnj7pgwlkifzg_kRY6zmBUtg_1099203_1099339.wav,DianaTon_UCRJLEVgUHtnnj7pgwlkifzg_kRY6zmBUtg,1099203,1099339,136
DianaTon_UCRJLEVgUHtnnj7pgwlkifzg_kRY6zmBUtg_1099763_1104563.wav,DianaTon_UCRJLEVgUHtnnj7pgwlkifzg_kRY6zmBUtg,1099763,1104563,4800
DianaTon_UCRJLEVgUHtnnj7pgwlkifzg_kRY6zmBUtg_1105003_1106675.wav,DianaTon_UCRJLEVgUHtnnj7pgwlkifzg_kRY6zmBUtg,1105003,1106675,1672
DianaTon_UCRJLEVgUHtnnj7pgwlkifzg_kRY6zmBUtg_1106931_1107531.wav,DianaTon_UCRJLEVgUHtnnj7pgwlkifzg_kRY6zmBUtg,1106931,1107531,600
DianaTon_UCRJLEVgUHtnnj7pgwlkifzg_kRY6zmBUtg_1108747_1109499.wav,DianaTon_UCRJLEVgUHtnnj7pgwlkifzg_kRY6zmBUtg,1108747,1109499,752
DianaTon_UCRJLEVgUHtnnj7pgwlkifzg_kRY6zmBUtg_1109875_1111791.wav,DianaTon_UCRJLEVgUHtnnj7pgwlkifzg_kRY6zmBUtg,1109875,1111791,1916
DianaTon_UCRJLEVgUHtnnj7pgwlkifzg_kRY6zmBUtg_1112299_1112571.wav,DianaTon_UCRJLEVgUHtnnj7pgwlkifzg_kRY6zmBUtg,1112299,1112571,272
DianaTon_UCRJLEVgUHtnnj7pgwlkifzg_kRY6zmBUtg_1112811_1113371.wav,DianaTon_UCRJLEVgUHtnnj7pgwlkifzg_kRY6zmBUtg,1112811,1113371,560
DianaTon_UCRJLEVgUHtnnj7pgwlkifzg_kRY6zmBUtg_1113531_1114091.wav,DianaTon_UCRJLEVgUHtnnj7pgwlkifzg_kRY6zmBUtg,1113531,1114091,560
DianaTon_UCRJLEVgUHtnnj7pgwlkifzg_kRY6zmBUtg_1114331_1120707.wav,DianaTon_UCRJLEVgUHtnnj7pgwlkifzg_kRY6zmBUtg,1114331,1120707,6376
DianaTon_UCRJLEVgUHtnnj7pgwlkifzg_kRY6zmBUtg_1121011_1121115.wav,DianaTon_UCRJLEVgUHtnnj7pgwlkifzg_kRY6zmBUtg,1121011,1121115,104
DianaTon_UCRJLEVgUHtnnj7pgwlkifzg_kRY6zmBUtg_1121267_1127645.wav,DianaTon_UCRJLEVgUHtnnj7pgwlkifzg_kRY6zmBUtg,1121267,1127645,6378
DianaTon_UCRJLEVgUHtnnj7pgwlkifzg_kRY6zmBUtg_1127805_1128597.wav,DianaTon_UCRJLEVgUHtnnj7pgwlkifzg_kRY6zmBUtg,1127805,1128597,792
DianaTon_UCRJLEVgUHtnnj7pgwlkifzg_kRY6zmBUtg_1128829_1128933.wav,DianaTon_UCRJLEVgUHtnnj7pgwlkifzg_kRY6zmBUtg,1128829,1128933,104
DianaTon_UCRJLEVgUHtnnj7pgwlkifzg_kRY6zmBUtg_1129285_1130965.wav,DianaTon_UCRJLEVgUHtnnj7pgwlkifzg_kRY6zmBUtg,1129285,1130965,1680
DianaTon_UCRJLEVgUHtnnj7pgwlkifzg_kRY6zmBUtg_1131117_1133493.wav,DianaTon_UCRJLEVgUHtnnj7pgwlkifzg_kRY6zmBUtg,1131117,1133493,2376
DianaTon_UCRJLEVgUHtnnj7pgwlkifzg_kRY6zmBUtg_1133693_1134591.wav,DianaTon_UCRJLEVgUHtnnj7pgwlkifzg_kRY6zmBUtg,1133693,1134591,898
DianaTon_UCRJLEVgUHtnnj7pgwlkifzg_kRY6zmBUtg_1134895_1135087.wav,DianaTon_UCRJLEVgUHtnnj7pgwlkifzg_kRY6zmBUtg,1134895,1135087,192
DianaTon_UCRJLEVgUHtnnj7pgwlkifzg_kRY6zmBUtg_1135707_1137907.wav,DianaTon_UCRJLEVgUHtnnj7pgwlkifzg_kRY6zmBUtg,1135707,1137907,2200
DianaTon_UCRJLEVgUHtnnj7pgwlkifzg_kRY6zmBUtg_1138091_1138219.wav,DianaTon_UCRJLEVgUHtnnj7pgwlkifzg_kRY6zmBUtg,1138091,1138219,128
DianaTon_UCRJLEVgUHtnnj7pgwlkifzg_kRY6zmBUtg_1138563_1145235.wav,DianaTon_UCRJLEVgUHtnnj7pgwlkifzg_kRY6zmBUtg,1138563,1145235,6672
DianaTon_UCRJLEVgUHtnnj7pgwlkifzg_kRY6zmBUtg_1145539_1148723.wav,DianaTon_UCRJLEVgUHtnnj7pgwlkifzg_kRY6zmBUtg,1145539,1148723,3184
DianaTon_UCRJLEVgUHtnnj7pgwlkifzg_kRY6zmBUtg_1149211_1152979.wav,DianaTon_UCRJLEVgUHtnnj7pgwlkifzg_kRY6zmBUtg,1149211,1152979,3768
DianaTon_UCRJLEVgUHtnnj7pgwlkifzg_kRY6zmBUtg_1153659_1154315.wav,DianaTon_UCRJLEVgUHtnnj7pgwlkifzg_kRY6zmBUtg,1153659,1154315,656
DianaTon_UCRJLEVgUHtnnj7pgwlkifzg_kRY6zmBUtg_1155339_1155564.wav,DianaTon_UCRJLEVgUHtnnj7pgwlkifzg_kRY6zmBUtg,1155339,1155564,225
