filename,video_id,start_time,end_time,duration
DianaTon_UCRJLEVgUHtnnj7pgwlkifzg_kRY6zmBUtg_930_6722.wav,DianaTon_UCRJLEVgUHtnnj7pgwlkifzg_kRY6zmBUtg,930,6722,5792
DianaTon_UCRJLEVgUHtnnj7pgwlkifzg_kRY6zmBUtg_6906_8798.wav,DianaTon_UCRJLEVgUHtnnj7pgwlkifzg_kRY6zmBUtg,6906,8798,1892
DianaTon_UCRJLEVgUHtnnj7pgwlkifzg_kRY6zmBUtg_8974_9686.wav,DianaTon_UCRJLEVgUHtnnj7pgwlkifzg_kRY6zmBUtg,8974,9686,712
DianaTon_UCRJLEVgUHtnnj7pgwlkifzg_kRY6zmBUtg_9846_16498.wav,DianaTon_UCRJLEVgUHtnnj7pgwlkifzg_kRY6zmBUtg,9846,16498,6652
DianaTon_UCRJLEVgUHtnnj7pgwlkifzg_kRY6zmBUtg_16730_19154.wav,DianaTon_UCRJLEVgUHtnnj7pgwlkifzg_kRY6zmBUtg,16730,19154,2424
DianaTon_UCRJLEVgUHtnnj7pgwlkifzg_kRY6zmBUtg_19322_20418.wav,DianaTon_UCRJLEVgUHtnnj7pgwlkifzg_kRY6zmBUtg,19322,20418,1096
DianaTon_UCRJLEVgUHtnnj7pgwlkifzg_kRY6zmBUtg_20586_21482.wav,DianaTon_UCRJLEVgUHtnnj7pgwlkifzg_kRY6zmBUtg,20586,21482,896
DianaTon_UCRJLEVgUHtnnj7pgwlkifzg_kRY6zmBUtg_21642_27106.wav,DianaTon_UCRJLEVgUHtnnj7pgwlkifzg_kRY6zmBUtg,21642,27106,5464
DianaTon_UCRJLEVgUHtnnj7pgwlkifzg_kRY6zmBUtg_27306_27978.wav,DianaTon_UCRJLEVgUHtnnj7pgwlkifzg_kRY6zmBUtg,27306,27978,672
DianaTon_UCRJLEVgUHtnnj7pgwlkifzg_kRY6zmBUtg_28130_32494.wav,DianaTon_UCRJLEVgUHtnnj7pgwlkifzg_kRY6zmBUtg,28130,32494,4364
DianaTon_UCRJLEVgUHtnnj7pgwlkifzg_kRY6zmBUtg_32670_37962.wav,DianaTon_UCRJLEVgUHtnnj7pgwlkifzg_kRY6zmBUtg,32670,37962,5292
DianaTon_UCRJLEVgUHtnnj7pgwlkifzg_kRY6zmBUtg_38138_43506.wav,DianaTon_UCRJLEVgUHtnnj7pgwlkifzg_kRY6zmBUtg,38138,43506,5368
DianaTon_UCRJLEVgUHtnnj7pgwlkifzg_kRY6zmBUtg_43634_49258.wav,DianaTon_UCRJLEVgUHtnnj7pgwlkifzg_kRY6zmBUtg,43634,49258,5624
DianaTon_UCRJLEVgUHtnnj7pgwlkifzg_kRY6zmBUtg_49466_52450.wav,DianaTon_UCRJLEVgUHtnnj7pgwlkifzg_kRY6zmBUtg,49466,52450,2984
DianaTon_UCRJLEVgUHtnnj7pgwlkifzg_kRY6zmBUtg_52730_58242.wav,DianaTon_UCRJLEVgUHtnnj7pgwlkifzg_kRY6zmBUtg,52730,58242,5512
DianaTon_UCRJLEVgUHtnnj7pgwlkifzg_kRY6zmBUtg_58498_58610.wav,DianaTon_UCRJLEVgUHtnnj7pgwlkifzg_kRY6zmBUtg,58498,58610,112
DianaTon_UCRJLEVgUHtnnj7pgwlkifzg_kRY6zmBUtg_58914_65450.wav,DianaTon_UCRJLEVgUHtnnj7pgwlkifzg_kRY6zmBUtg,58914,65450,6536
DianaTon_UCRJLEVgUHtnnj7pgwlkifzg_kRY6zmBUtg_65618_67954.wav,DianaTon_UCRJLEVgUHtnnj7pgwlkifzg_kRY6zmBUtg,65618,67954,2336
DianaTon_UCRJLEVgUHtnnj7pgwlkifzg_kRY6zmBUtg_68114_74194.wav,DianaTon_UCRJLEVgUHtnnj7pgwlkifzg_kRY6zmBUtg,68114,74194,6080
DianaTon_UCRJLEVgUHtnnj7pgwlkifzg_kRY6zmBUtg_74346_75082.wav,DianaTon_UCRJLEVgUHtnnj7pgwlkifzg_kRY6zmBUtg,74346,75082,736
DianaTon_UCRJLEVgUHtnnj7pgwlkifzg_kRY6zmBUtg_75690_80578.wav,DianaTon_UCRJLEVgUHtnnj7pgwlkifzg_kRY6zmBUtg,75690,80578,4888
DianaTon_UCRJLEVgUHtnnj7pgwlkifzg_kRY6zmBUtg_80770_81202.wav,DianaTon_UCRJLEVgUHtnnj7pgwlkifzg_kRY6zmBUtg,80770,81202,432
DianaTon_UCRJLEVgUHtnnj7pgwlkifzg_kRY6zmBUtg_81354_82562.wav,DianaTon_UCRJLEVgUHtnnj7pgwlkifzg_kRY6zmBUtg,81354,82562,1208
DianaTon_UCRJLEVgUHtnnj7pgwlkifzg_kRY6zmBUtg_82722_88042.wav,DianaTon_UCRJLEVgUHtnnj7pgwlkifzg_kRY6zmBUtg,82722,88042,5320
DianaTon_UCRJLEVgUHtnnj7pgwlkifzg_kRY6zmBUtg_88218_88650.wav,DianaTon_UCRJLEVgUHtnnj7pgwlkifzg_kRY6zmBUtg,88218,88650,432
DianaTon_UCRJLEVgUHtnnj7pgwlkifzg_kRY6zmBUtg_88826_89570.wav,DianaTon_UCRJLEVgUHtnnj7pgwlkifzg_kRY6zmBUtg,88826,89570,744
DianaTon_UCRJLEVgUHtnnj7pgwlkifzg_kRY6zmBUtg_90274_94170.wav,DianaTon_UCRJLEVgUHtnnj7pgwlkifzg_kRY6zmBUtg,90274,94170,3896
DianaTon_UCRJLEVgUHtnnj7pgwlkifzg_kRY6zmBUtg_94482_96570.wav,DianaTon_UCRJLEVgUHtnnj7pgwlkifzg_kRY6zmBUtg,94482,96570,2088
DianaTon_UCRJLEVgUHtnnj7pgwlkifzg_kRY6zmBUtg_96722_102930.wav,DianaTon_UCRJLEVgUHtnnj7pgwlkifzg_kRY6zmBUtg,96722,102930,6208
DianaTon_UCRJLEVgUHtnnj7pgwlkifzg_kRY6zmBUtg_103114_106562.wav,DianaTon_UCRJLEVgUHtnnj7pgwlkifzg_kRY6zmBUtg,103114,106562,3448
DianaTon_UCRJLEVgUHtnnj7pgwlkifzg_kRY6zmBUtg_106914_107338.wav,DianaTon_UCRJLEVgUHtnnj7pgwlkifzg_kRY6zmBUtg,106914,107338,424
DianaTon_UCRJLEVgUHtnnj7pgwlkifzg_kRY6zmBUtg_107594_113354.wav,DianaTon_UCRJLEVgUHtnnj7pgwlkifzg_kRY6zmBUtg,107594,113354,5760
DianaTon_UCRJLEVgUHtnnj7pgwlkifzg_kRY6zmBUtg_114434_117754.wav,DianaTon_UCRJLEVgUHtnnj7pgwlkifzg_kRY6zmBUtg,114434,117754,3320
DianaTon_UCRJLEVgUHtnnj7pgwlkifzg_kRY6zmBUtg_118642_126442.wav,DianaTon_UCRJLEVgUHtnnj7pgwlkifzg_kRY6zmBUtg,118642,126442,7800
DianaTon_UCRJLEVgUHtnnj7pgwlkifzg_kRY6zmBUtg_126618_129290.wav,DianaTon_UCRJLEVgUHtnnj7pgwlkifzg_kRY6zmBUtg,126618,129290,2672
DianaTon_UCRJLEVgUHtnnj7pgwlkifzg_kRY6zmBUtg_129458_133170.wav,DianaTon_UCRJLEVgUHtnnj7pgwlkifzg_kRY6zmBUtg,129458,133170,3712
DianaTon_UCRJLEVgUHtnnj7pgwlkifzg_kRY6zmBUtg_133730_137018.wav,DianaTon_UCRJLEVgUHtnnj7pgwlkifzg_kRY6zmBUtg,133730,137018,3288
DianaTon_UCRJLEVgUHtnnj7pgwlkifzg_kRY6zmBUtg_138450_147778.wav,DianaTon_UCRJLEVgUHtnnj7pgwlkifzg_kRY6zmBUtg,138450,147778,9328
DianaTon_UCRJLEVgUHtnnj7pgwlkifzg_kRY6zmBUtg_148098_153746.wav,DianaTon_UCRJLEVgUHtnnj7pgwlkifzg_kRY6zmBUtg,148098,153746,5648
DianaTon_UCRJLEVgUHtnnj7pgwlkifzg_kRY6zmBUtg_154314_158098.wav,DianaTon_UCRJLEVgUHtnnj7pgwlkifzg_kRY6zmBUtg,154314,158098,3784
DianaTon_UCRJLEVgUHtnnj7pgwlkifzg_kRY6zmBUtg_158394_164210.wav,DianaTon_UCRJLEVgUHtnnj7pgwlkifzg_kRY6zmBUtg,158394,164210,5816
DianaTon_UCRJLEVgUHtnnj7pgwlkifzg_kRY6zmBUtg_164858_170058.wav,DianaTon_UCRJLEVgUHtnnj7pgwlkifzg_kRY6zmBUtg,164858,170058,5200
DianaTon_UCRJLEVgUHtnnj7pgwlkifzg_kRY6zmBUtg_170322_177738.wav,DianaTon_UCRJLEVgUHtnnj7pgwlkifzg_kRY6zmBUtg,170322,177738,7416
DianaTon_UCRJLEVgUHtnnj7pgwlkifzg_kRY6zmBUtg_178202_181202.wav,DianaTon_UCRJLEVgUHtnnj7pgwlkifzg_kRY6zmBUtg,178202,181202,3000
DianaTon_UCRJLEVgUHtnnj7pgwlkifzg_kRY6zmBUtg_181418_188250.wav,DianaTon_UCRJLEVgUHtnnj7pgwlkifzg_kRY6zmBUtg,181418,188250,6832
DianaTon_UCRJLEVgUHtnnj7pgwlkifzg_kRY6zmBUtg_188914_194354.wav,DianaTon_UCRJLEVgUHtnnj7pgwlkifzg_kRY6zmBUtg,188914,194354,5440
DianaTon_UCRJLEVgUHtnnj7pgwlkifzg_kRY6zmBUtg_194978_198178.wav,DianaTon_UCRJLEVgUHtnnj7pgwlkifzg_kRY6zmBUtg,194978,198178,3200
DianaTon_UCRJLEVgUHtnnj7pgwlkifzg_kRY6zmBUtg_198370_208978.wav,DianaTon_UCRJLEVgUHtnnj7pgwlkifzg_kRY6zmBUtg,198370,208978,10608
DianaTon_UCRJLEVgUHtnnj7pgwlkifzg_kRY6zmBUtg_209354_209458.wav,DianaTon_UCRJLEVgUHtnnj7pgwlkifzg_kRY6zmBUtg,209354,209458,104
DianaTon_UCRJLEVgUHtnnj7pgwlkifzg_kRY6zmBUtg_209970_211458.wav,DianaTon_UCRJLEVgUHtnnj7pgwlkifzg_kRY6zmBUtg,209970,211458,1488
DianaTon_UCRJLEVgUHtnnj7pgwlkifzg_kRY6zmBUtg_212610_225290.wav,DianaTon_UCRJLEVgUHtnnj7pgwlkifzg_kRY6zmBUtg,212610,225290,12680
DianaTon_UCRJLEVgUHtnnj7pgwlkifzg_kRY6zmBUtg_225490_230554.wav,DianaTon_UCRJLEVgUHtnnj7pgwlkifzg_kRY6zmBUtg,225490,230554,5064
DianaTon_UCRJLEVgUHtnnj7pgwlkifzg_kRY6zmBUtg_230786_231010.wav,DianaTon_UCRJLEVgUHtnnj7pgwlkifzg_kRY6zmBUtg,230786,231010,224
DianaTon_UCRJLEVgUHtnnj7pgwlkifzg_kRY6zmBUtg_231314_235418.wav,DianaTon_UCRJLEVgUHtnnj7pgwlkifzg_kRY6zmBUtg,231314,235418,4104
DianaTon_UCRJLEVgUHtnnj7pgwlkifzg_kRY6zmBUtg_235874_238714.wav,DianaTon_UCRJLEVgUHtnnj7pgwlkifzg_kRY6zmBUtg,235874,238714,2840
DianaTon_UCRJLEVgUHtnnj7pgwlkifzg_kRY6zmBUtg_238986_240274.wav,DianaTon_UCRJLEVgUHtnnj7pgwlkifzg_kRY6zmBUtg,238986,240274,1288
DianaTon_UCRJLEVgUHtnnj7pgwlkifzg_kRY6zmBUtg_240426_250770.wav,DianaTon_UCRJLEVgUHtnnj7pgwlkifzg_kRY6zmBUtg,240426,250770,10344
DianaTon_UCRJLEVgUHtnnj7pgwlkifzg_kRY6zmBUtg_251450_258594.wav,DianaTon_UCRJLEVgUHtnnj7pgwlkifzg_kRY6zmBUtg,251450,258594,7144
DianaTon_UCRJLEVgUHtnnj7pgwlkifzg_kRY6zmBUtg_258850_261946.wav,DianaTon_UCRJLEVgUHtnnj7pgwlkifzg_kRY6zmBUtg,258850,261946,3096
DianaTon_UCRJLEVgUHtnnj7pgwlkifzg_kRY6zmBUtg_262242_263554.wav,DianaTon_UCRJLEVgUHtnnj7pgwlkifzg_kRY6zmBUtg,262242,263554,1312
DianaTon_UCRJLEVgUHtnnj7pgwlkifzg_kRY6zmBUtg_263938_264476.wav,DianaTon_UCRJLEVgUHtnnj7pgwlkifzg_kRY6zmBUtg,263938,264476,538
DianaTon_UCRJLEVgUHtnnj7pgwlkifzg_kRY6zmBUtg_264676_272670.wav,DianaTon_UCRJLEVgUHtnnj7pgwlkifzg_kRY6zmBUtg,264676,272670,7994
DianaTon_UCRJLEVgUHtnnj7pgwlkifzg_kRY6zmBUtg_272886_278375.wav,DianaTon_UCRJLEVgUHtnnj7pgwlkifzg_kRY6zmBUtg,272886,278375,5489
DianaTon_UCRJLEVgUHtnnj7pgwlkifzg_kRY6zmBUtg_278535_281440.wav,DianaTon_UCRJLEVgUHtnnj7pgwlkifzg_kRY6zmBUtg,278535,281440,2905
DianaTon_UCRJLEVgUHtnnj7pgwlkifzg_kRY6zmBUtg_281608_283162.wav,DianaTon_UCRJLEVgUHtnnj7pgwlkifzg_kRY6zmBUtg,281608,283162,1554
DianaTon_UCRJLEVgUHtnnj7pgwlkifzg_kRY6zmBUtg_283658_283834.wav,DianaTon_UCRJLEVgUHtnnj7pgwlkifzg_kRY6zmBUtg,283658,283834,176
DianaTon_UCRJLEVgUHtnnj7pgwlkifzg_kRY6zmBUtg_284090_289258.wav,DianaTon_UCRJLEVgUHtnnj7pgwlkifzg_kRY6zmBUtg,284090,289258,5168
DianaTon_UCRJLEVgUHtnnj7pgwlkifzg_kRY6zmBUtg_289466_292538.wav,DianaTon_UCRJLEVgUHtnnj7pgwlkifzg_kRY6zmBUtg,289466,292538,3072
DianaTon_UCRJLEVgUHtnnj7pgwlkifzg_kRY6zmBUtg_292930_300354.wav,DianaTon_UCRJLEVgUHtnnj7pgwlkifzg_kRY6zmBUtg,292930,300354,7424
DianaTon_UCRJLEVgUHtnnj7pgwlkifzg_kRY6zmBUtg_300978_308114.wav,DianaTon_UCRJLEVgUHtnnj7pgwlkifzg_kRY6zmBUtg,300978,308114,7136
DianaTon_UCRJLEVgUHtnnj7pgwlkifzg_kRY6zmBUtg_308290_309298.wav,DianaTon_UCRJLEVgUHtnnj7pgwlkifzg_kRY6zmBUtg,308290,309298,1008
DianaTon_UCRJLEVgUHtnnj7pgwlkifzg_kRY6zmBUtg_309954_315146.wav,DianaTon_UCRJLEVgUHtnnj7pgwlkifzg_kRY6zmBUtg,309954,315146,5192
DianaTon_UCRJLEVgUHtnnj7pgwlkifzg_kRY6zmBUtg_315418_318098.wav,DianaTon_UCRJLEVgUHtnnj7pgwlkifzg_kRY6zmBUtg,315418,318098,2680
DianaTon_UCRJLEVgUHtnnj7pgwlkifzg_kRY6zmBUtg_318386_324818.wav,DianaTon_UCRJLEVgUHtnnj7pgwlkifzg_kRY6zmBUtg,318386,324818,6432
DianaTon_UCRJLEVgUHtnnj7pgwlkifzg_kRY6zmBUtg_325010_330602.wav,DianaTon_UCRJLEVgUHtnnj7pgwlkifzg_kRY6zmBUtg,325010,330602,5592
DianaTon_UCRJLEVgUHtnnj7pgwlkifzg_kRY6zmBUtg_330770_335058.wav,DianaTon_UCRJLEVgUHtnnj7pgwlkifzg_kRY6zmBUtg,330770,335058,4288
DianaTon_UCRJLEVgUHtnnj7pgwlkifzg_kRY6zmBUtg_335986_336090.wav,DianaTon_UCRJLEVgUHtnnj7pgwlkifzg_kRY6zmBUtg,335986,336090,104
DianaTon_UCRJLEVgUHtnnj7pgwlkifzg_kRY6zmBUtg_336666_337314.wav,DianaTon_UCRJLEVgUHtnnj7pgwlkifzg_kRY6zmBUtg,336666,337314,648
DianaTon_UCRJLEVgUHtnnj7pgwlkifzg_kRY6zmBUtg_338794_341322.wav,DianaTon_UCRJLEVgUHtnnj7pgwlkifzg_kRY6zmBUtg,338794,341322,2528
DianaTon_UCRJLEVgUHtnnj7pgwlkifzg_kRY6zmBUtg_341802_352386.wav,DianaTon_UCRJLEVgUHtnnj7pgwlkifzg_kRY6zmBUtg,341802,352386,10584
DianaTon_UCRJLEVgUHtnnj7pgwlkifzg_kRY6zmBUtg_352522_352706.wav,DianaTon_UCRJLEVgUHtnnj7pgwlkifzg_kRY6zmBUtg,352522,352706,184
DianaTon_UCRJLEVgUHtnnj7pgwlkifzg_kRY6zmBUtg_352850_354690.wav,DianaTon_UCRJLEVgUHtnnj7pgwlkifzg_kRY6zmBUtg,352850,354690,1840
DianaTon_UCRJLEVgUHtnnj7pgwlkifzg_kRY6zmBUtg_354994_356226.wav,DianaTon_UCRJLEVgUHtnnj7pgwlkifzg_kRY6zmBUtg,354994,356226,1232
DianaTon_UCRJLEVgUHtnnj7pgwlkifzg_kRY6zmBUtg_356490_357450.wav,DianaTon_UCRJLEVgUHtnnj7pgwlkifzg_kRY6zmBUtg,356490,357450,960
DianaTon_UCRJLEVgUHtnnj7pgwlkifzg_kRY6zmBUtg_357754_358802.wav,DianaTon_UCRJLEVgUHtnnj7pgwlkifzg_kRY6zmBUtg,357754,358802,1048
DianaTon_UCRJLEVgUHtnnj7pgwlkifzg_kRY6zmBUtg_360826_368010.wav,DianaTon_UCRJLEVgUHtnnj7pgwlkifzg_kRY6zmBUtg,360826,368010,7184
DianaTon_UCRJLEVgUHtnnj7pgwlkifzg_kRY6zmBUtg_368754_371546.wav,DianaTon_UCRJLEVgUHtnnj7pgwlkifzg_kRY6zmBUtg,368754,371546,2792
DianaTon_UCRJLEVgUHtnnj7pgwlkifzg_kRY6zmBUtg_372762_374594.wav,DianaTon_UCRJLEVgUHtnnj7pgwlkifzg_kRY6zmBUtg,372762,374594,1832
DianaTon_UCRJLEVgUHtnnj7pgwlkifzg_kRY6zmBUtg_374754_381178.wav,DianaTon_UCRJLEVgUHtnnj7pgwlkifzg_kRY6zmBUtg,374754,381178,6424
DianaTon_UCRJLEVgUHtnnj7pgwlkifzg_kRY6zmBUtg_381530_383602.wav,DianaTon_UCRJLEVgUHtnnj7pgwlkifzg_kRY6zmBUtg,381530,383602,2072
DianaTon_UCRJLEVgUHtnnj7pgwlkifzg_kRY6zmBUtg_383994_387466.wav,DianaTon_UCRJLEVgUHtnnj7pgwlkifzg_kRY6zmBUtg,383994,387466,3472
DianaTon_UCRJLEVgUHtnnj7pgwlkifzg_kRY6zmBUtg_387738_389642.wav,DianaTon_UCRJLEVgUHtnnj7pgwlkifzg_kRY6zmBUtg,387738,389642,1904
DianaTon_UCRJLEVgUHtnnj7pgwlkifzg_kRY6zmBUtg_390290_390482.wav,DianaTon_UCRJLEVgUHtnnj7pgwlkifzg_kRY6zmBUtg,390290,390482,192
DianaTon_UCRJLEVgUHtnnj7pgwlkifzg_kRY6zmBUtg_390786_391314.wav,DianaTon_UCRJLEVgUHtnnj7pgwlkifzg_kRY6zmBUtg,390786,391314,528
DianaTon_UCRJLEVgUHtnnj7pgwlkifzg_kRY6zmBUtg_391834_392506.wav,DianaTon_UCRJLEVgUHtnnj7pgwlkifzg_kRY6zmBUtg,391834,392506,672
DianaTon_UCRJLEVgUHtnnj7pgwlkifzg_kRY6zmBUtg_392834_398970.wav,DianaTon_UCRJLEVgUHtnnj7pgwlkifzg_kRY6zmBUtg,392834,398970,6136
DianaTon_UCRJLEVgUHtnnj7pgwlkifzg_kRY6zmBUtg_399778_404170.wav,DianaTon_UCRJLEVgUHtnnj7pgwlkifzg_kRY6zmBUtg,399778,404170,4392
DianaTon_UCRJLEVgUHtnnj7pgwlkifzg_kRY6zmBUtg_404762_405882.wav,DianaTon_UCRJLEVgUHtnnj7pgwlkifzg_kRY6zmBUtg,404762,405882,1120
DianaTon_UCRJLEVgUHtnnj7pgwlkifzg_kRY6zmBUtg_406578_410620.wav,DianaTon_UCRJLEVgUHtnnj7pgwlkifzg_kRY6zmBUtg,406578,410620,4042
DianaTon_UCRJLEVgUHtnnj7pgwlkifzg_kRY6zmBUtg_410780_418366.wav,DianaTon_UCRJLEVgUHtnnj7pgwlkifzg_kRY6zmBUtg,410780,418366,7586
DianaTon_UCRJLEVgUHtnnj7pgwlkifzg_kRY6zmBUtg_418582_419482.wav,DianaTon_UCRJLEVgUHtnnj7pgwlkifzg_kRY6zmBUtg,418582,419482,900
DianaTon_UCRJLEVgUHtnnj7pgwlkifzg_kRY6zmBUtg_419922_426778.wav,DianaTon_UCRJLEVgUHtnnj7pgwlkifzg_kRY6zmBUtg,419922,426778,6856
DianaTon_UCRJLEVgUHtnnj7pgwlkifzg_kRY6zmBUtg_427362_427634.wav,DianaTon_UCRJLEVgUHtnnj7pgwlkifzg_kRY6zmBUtg,427362,427634,272
DianaTon_UCRJLEVgUHtnnj7pgwlkifzg_kRY6zmBUtg_428170_430994.wav,DianaTon_UCRJLEVgUHtnnj7pgwlkifzg_kRY6zmBUtg,428170,430994,2824
DianaTon_UCRJLEVgUHtnnj7pgwlkifzg_kRY6zmBUtg_431282_431490.wav,DianaTon_UCRJLEVgUHtnnj7pgwlkifzg_kRY6zmBUtg,431282,431490,208
DianaTon_UCRJLEVgUHtnnj7pgwlkifzg_kRY6zmBUtg_432122_434938.wav,DianaTon_UCRJLEVgUHtnnj7pgwlkifzg_kRY6zmBUtg,432122,434938,2816
DianaTon_UCRJLEVgUHtnnj7pgwlkifzg_kRY6zmBUtg_435306_435890.wav,DianaTon_UCRJLEVgUHtnnj7pgwlkifzg_kRY6zmBUtg,435306,435890,584
DianaTon_UCRJLEVgUHtnnj7pgwlkifzg_kRY6zmBUtg_436586_437338.wav,DianaTon_UCRJLEVgUHtnnj7pgwlkifzg_kRY6zmBUtg,436586,437338,752
DianaTon_UCRJLEVgUHtnnj7pgwlkifzg_kRY6zmBUtg_437722_445994.wav,DianaTon_UCRJLEVgUHtnnj7pgwlkifzg_kRY6zmBUtg,437722,445994,8272
DianaTon_UCRJLEVgUHtnnj7pgwlkifzg_kRY6zmBUtg_446162_451090.wav,DianaTon_UCRJLEVgUHtnnj7pgwlkifzg_kRY6zmBUtg,446162,451090,4928
DianaTon_UCRJLEVgUHtnnj7pgwlkifzg_kRY6zmBUtg_451490_461082.wav,DianaTon_UCRJLEVgUHtnnj7pgwlkifzg_kRY6zmBUtg,451490,461082,9592
DianaTon_UCRJLEVgUHtnnj7pgwlkifzg_kRY6zmBUtg_461762_466942.wav,DianaTon_UCRJLEVgUHtnnj7pgwlkifzg_kRY6zmBUtg,461762,466942,5180
DianaTon_UCRJLEVgUHtnnj7pgwlkifzg_kRY6zmBUtg_467374_468386.wav,DianaTon_UCRJLEVgUHtnnj7pgwlkifzg_kRY6zmBUtg,467374,468386,1012
DianaTon_UCRJLEVgUHtnnj7pgwlkifzg_kRY6zmBUtg_469866_476290.wav,DianaTon_UCRJLEVgUHtnnj7pgwlkifzg_kRY6zmBUtg,469866,476290,6424
DianaTon_UCRJLEVgUHtnnj7pgwlkifzg_kRY6zmBUtg_476474_477650.wav,DianaTon_UCRJLEVgUHtnnj7pgwlkifzg_kRY6zmBUtg,476474,477650,1176
DianaTon_UCRJLEVgUHtnnj7pgwlkifzg_kRY6zmBUtg_478066_482618.wav,DianaTon_UCRJLEVgUHtnnj7pgwlkifzg_kRY6zmBUtg,478066,482618,4552
DianaTon_UCRJLEVgUHtnnj7pgwlkifzg_kRY6zmBUtg_482778_486778.wav,DianaTon_UCRJLEVgUHtnnj7pgwlkifzg_kRY6zmBUtg,482778,486778,4000
DianaTon_UCRJLEVgUHtnnj7pgwlkifzg_kRY6zmBUtg_487058_487874.wav,DianaTon_UCRJLEVgUHtnnj7pgwlkifzg_kRY6zmBUtg,487058,487874,816
DianaTon_UCRJLEVgUHtnnj7pgwlkifzg_kRY6zmBUtg_488250_491892.wav,DianaTon_UCRJLEVgUHtnnj7pgwlkifzg_kRY6zmBUtg,488250,491892,3642
DianaTon_UCRJLEVgUHtnnj7pgwlkifzg_kRY6zmBUtg_492052_497622.wav,DianaTon_UCRJLEVgUHtnnj7pgwlkifzg_kRY6zmBUtg,492052,497622,5570
DianaTon_UCRJLEVgUHtnnj7pgwlkifzg_kRY6zmBUtg_497806_501106.wav,DianaTon_UCRJLEVgUHtnnj7pgwlkifzg_kRY6zmBUtg,497806,501106,3300
DianaTon_UCRJLEVgUHtnnj7pgwlkifzg_kRY6zmBUtg_501434_511170.wav,DianaTon_UCRJLEVgUHtnnj7pgwlkifzg_kRY6zmBUtg,501434,511170,9736
DianaTon_UCRJLEVgUHtnnj7pgwlkifzg_kRY6zmBUtg_511474_518162.wav,DianaTon_UCRJLEVgUHtnnj7pgwlkifzg_kRY6zmBUtg,511474,518162,6688
DianaTon_UCRJLEVgUHtnnj7pgwlkifzg_kRY6zmBUtg_518362_519978.wav,DianaTon_UCRJLEVgUHtnnj7pgwlkifzg_kRY6zmBUtg,518362,519978,1616
DianaTon_UCRJLEVgUHtnnj7pgwlkifzg_kRY6zmBUtg_520810_526394.wav,DianaTon_UCRJLEVgUHtnnj7pgwlkifzg_kRY6zmBUtg,520810,526394,5584
DianaTon_UCRJLEVgUHtnnj7pgwlkifzg_kRY6zmBUtg_526658_530274.wav,DianaTon_UCRJLEVgUHtnnj7pgwlkifzg_kRY6zmBUtg,526658,530274,3616
DianaTon_UCRJLEVgUHtnnj7pgwlkifzg_kRY6zmBUtg_531186_533506.wav,DianaTon_UCRJLEVgUHtnnj7pgwlkifzg_kRY6zmBUtg,531186,533506,2320
DianaTon_UCRJLEVgUHtnnj7pgwlkifzg_kRY6zmBUtg_533794_534314.wav,DianaTon_UCRJLEVgUHtnnj7pgwlkifzg_kRY6zmBUtg,533794,534314,520
DianaTon_UCRJLEVgUHtnnj7pgwlkifzg_kRY6zmBUtg_534714_537818.wav,DianaTon_UCRJLEVgUHtnnj7pgwlkifzg_kRY6zmBUtg,534714,537818,3104
DianaTon_UCRJLEVgUHtnnj7pgwlkifzg_kRY6zmBUtg_538474_538730.wav,DianaTon_UCRJLEVgUHtnnj7pgwlkifzg_kRY6zmBUtg,538474,538730,256
DianaTon_UCRJLEVgUHtnnj7pgwlkifzg_kRY6zmBUtg_539130_542898.wav,DianaTon_UCRJLEVgUHtnnj7pgwlkifzg_kRY6zmBUtg,539130,542898,3768
DianaTon_UCRJLEVgUHtnnj7pgwlkifzg_kRY6zmBUtg_543266_544114.wav,DianaTon_UCRJLEVgUHtnnj7pgwlkifzg_kRY6zmBUtg,543266,544114,848
DianaTon_UCRJLEVgUHtnnj7pgwlkifzg_kRY6zmBUtg_544938_547794.wav,DianaTon_UCRJLEVgUHtnnj7pgwlkifzg_kRY6zmBUtg,544938,547794,2856
DianaTon_UCRJLEVgUHtnnj7pgwlkifzg_kRY6zmBUtg_548066_548282.wav,DianaTon_UCRJLEVgUHtnnj7pgwlkifzg_kRY6zmBUtg,548066,548282,216
DianaTon_UCRJLEVgUHtnnj7pgwlkifzg_kRY6zmBUtg_548666_555346.wav,DianaTon_UCRJLEVgUHtnnj7pgwlkifzg_kRY6zmBUtg,548666,555346,6680
DianaTon_UCRJLEVgUHtnnj7pgwlkifzg_kRY6zmBUtg_555530_556994.wav,DianaTon_UCRJLEVgUHtnnj7pgwlkifzg_kRY6zmBUtg,555530,556994,1464
DianaTon_UCRJLEVgUHtnnj7pgwlkifzg_kRY6zmBUtg_557282_557810.wav,DianaTon_UCRJLEVgUHtnnj7pgwlkifzg_kRY6zmBUtg,557282,557810,528
DianaTon_UCRJLEVgUHtnnj7pgwlkifzg_kRY6zmBUtg_558850_560866.wav,DianaTon_UCRJLEVgUHtnnj7pgwlkifzg_kRY6zmBUtg,558850,560866,2016
DianaTon_UCRJLEVgUHtnnj7pgwlkifzg_kRY6zmBUtg_561018_567790.wav,DianaTon_UCRJLEVgUHtnnj7pgwlkifzg_kRY6zmBUtg,561018,567790,6772
DianaTon_UCRJLEVgUHtnnj7pgwlkifzg_kRY6zmBUtg_567942_572370.wav,DianaTon_UCRJLEVgUHtnnj7pgwlkifzg_kRY6zmBUtg,567942,572370,4428
DianaTon_UCRJLEVgUHtnnj7pgwlkifzg_kRY6zmBUtg_572714_577422.wav,DianaTon_UCRJLEVgUHtnnj7pgwlkifzg_kRY6zmBUtg,572714,577422,4708
DianaTon_UCRJLEVgUHtnnj7pgwlkifzg_kRY6zmBUtg_577614_580506.wav,DianaTon_UCRJLEVgUHtnnj7pgwlkifzg_kRY6zmBUtg,577614,580506,2892
DianaTon_UCRJLEVgUHtnnj7pgwlkifzg_kRY6zmBUtg_580778_581474.wav,DianaTon_UCRJLEVgUHtnnj7pgwlkifzg_kRY6zmBUtg,580778,581474,696
DianaTon_UCRJLEVgUHtnnj7pgwlkifzg_kRY6zmBUtg_583210_584866.wav,DianaTon_UCRJLEVgUHtnnj7pgwlkifzg_kRY6zmBUtg,583210,584866,1656
DianaTon_UCRJLEVgUHtnnj7pgwlkifzg_kRY6zmBUtg_585186_589330.wav,DianaTon_UCRJLEVgUHtnnj7pgwlkifzg_kRY6zmBUtg,585186,589330,4144
DianaTon_UCRJLEVgUHtnnj7pgwlkifzg_kRY6zmBUtg_589930_590130.wav,DianaTon_UCRJLEVgUHtnnj7pgwlkifzg_kRY6zmBUtg,589930,590130,200
DianaTon_UCRJLEVgUHtnnj7pgwlkifzg_kRY6zmBUtg_590130_591946.wav,DianaTon_UCRJLEVgUHtnnj7pgwlkifzg_kRY6zmBUtg,590130,591946,1816
DianaTon_UCRJLEVgUHtnnj7pgwlkifzg_kRY6zmBUtg_592162_599058.wav,DianaTon_UCRJLEVgUHtnnj7pgwlkifzg_kRY6zmBUtg,592162,599058,6896
DianaTon_UCRJLEVgUHtnnj7pgwlkifzg_kRY6zmBUtg_599202_602738.wav,DianaTon_UCRJLEVgUHtnnj7pgwlkifzg_kRY6zmBUtg,599202,602738,3536
DianaTon_UCRJLEVgUHtnnj7pgwlkifzg_kRY6zmBUtg_603370_603474.wav,DianaTon_UCRJLEVgUHtnnj7pgwlkifzg_kRY6zmBUtg,603370,603474,104
DianaTon_UCRJLEVgUHtnnj7pgwlkifzg_kRY6zmBUtg_603930_606466.wav,DianaTon_UCRJLEVgUHtnnj7pgwlkifzg_kRY6zmBUtg,603930,606466,2536
DianaTon_UCRJLEVgUHtnnj7pgwlkifzg_kRY6zmBUtg_606938_615266.wav,DianaTon_UCRJLEVgUHtnnj7pgwlkifzg_kRY6zmBUtg,606938,615266,8328
DianaTon_UCRJLEVgUHtnnj7pgwlkifzg_kRY6zmBUtg_615562_619082.wav,DianaTon_UCRJLEVgUHtnnj7pgwlkifzg_kRY6zmBUtg,615562,619082,3520
DianaTon_UCRJLEVgUHtnnj7pgwlkifzg_kRY6zmBUtg_619242_619858.wav,DianaTon_UCRJLEVgUHtnnj7pgwlkifzg_kRY6zmBUtg,619242,619858,616
DianaTon_UCRJLEVgUHtnnj7pgwlkifzg_kRY6zmBUtg_620010_623482.wav,DianaTon_UCRJLEVgUHtnnj7pgwlkifzg_kRY6zmBUtg,620010,623482,3472
DianaTon_UCRJLEVgUHtnnj7pgwlkifzg_kRY6zmBUtg_623818_624594.wav,DianaTon_UCRJLEVgUHtnnj7pgwlkifzg_kRY6zmBUtg,623818,624594,776
DianaTon_UCRJLEVgUHtnnj7pgwlkifzg_kRY6zmBUtg_624818_632298.wav,DianaTon_UCRJLEVgUHtnnj7pgwlkifzg_kRY6zmBUtg,624818,632298,7480
DianaTon_UCRJLEVgUHtnnj7pgwlkifzg_kRY6zmBUtg_632634_636826.wav,DianaTon_UCRJLEVgUHtnnj7pgwlkifzg_kRY6zmBUtg,632634,636826,4192
DianaTon_UCRJLEVgUHtnnj7pgwlkifzg_kRY6zmBUtg_637138_637442.wav,DianaTon_UCRJLEVgUHtnnj7pgwlkifzg_kRY6zmBUtg,637138,637442,304
DianaTon_UCRJLEVgUHtnnj7pgwlkifzg_kRY6zmBUtg_637714_641098.wav,DianaTon_UCRJLEVgUHtnnj7pgwlkifzg_kRY6zmBUtg,637714,641098,3384
DianaTon_UCRJLEVgUHtnnj7pgwlkifzg_kRY6zmBUtg_641434_648618.wav,DianaTon_UCRJLEVgUHtnnj7pgwlkifzg_kRY6zmBUtg,641434,648618,7184
DianaTon_UCRJLEVgUHtnnj7pgwlkifzg_kRY6zmBUtg_649946_651986.wav,DianaTon_UCRJLEVgUHtnnj7pgwlkifzg_kRY6zmBUtg,649946,651986,2040
DianaTon_UCRJLEVgUHtnnj7pgwlkifzg_kRY6zmBUtg_652186_664282.wav,DianaTon_UCRJLEVgUHtnnj7pgwlkifzg_kRY6zmBUtg,652186,664282,12096
DianaTon_UCRJLEVgUHtnnj7pgwlkifzg_kRY6zmBUtg_664554_666418.wav,DianaTon_UCRJLEVgUHtnnj7pgwlkifzg_kRY6zmBUtg,664554,666418,1864
DianaTon_UCRJLEVgUHtnnj7pgwlkifzg_kRY6zmBUtg_667002_676874.wav,DianaTon_UCRJLEVgUHtnnj7pgwlkifzg_kRY6zmBUtg,667002,676874,9872
DianaTon_UCRJLEVgUHtnnj7pgwlkifzg_kRY6zmBUtg_677170_685772.wav,DianaTon_UCRJLEVgUHtnnj7pgwlkifzg_kRY6zmBUtg,677170,685772,8602
DianaTon_UCRJLEVgUHtnnj7pgwlkifzg_kRY6zmBUtg_685940_692294.wav,DianaTon_UCRJLEVgUHtnnj7pgwlkifzg_kRY6zmBUtg,685940,692294,6354
DianaTon_UCRJLEVgUHtnnj7pgwlkifzg_kRY6zmBUtg_692550_693958.wav,DianaTon_UCRJLEVgUHtnnj7pgwlkifzg_kRY6zmBUtg,692550,693958,1408
DianaTon_UCRJLEVgUHtnnj7pgwlkifzg_kRY6zmBUtg_694278_695194.wav,DianaTon_UCRJLEVgUHtnnj7pgwlkifzg_kRY6zmBUtg,694278,695194,916
DianaTon_UCRJLEVgUHtnnj7pgwlkifzg_kRY6zmBUtg_695682_701275.wav,DianaTon_UCRJLEVgUHtnnj7pgwlkifzg_kRY6zmBUtg,695682,701275,5593
DianaTon_UCRJLEVgUHtnnj7pgwlkifzg_kRY6zmBUtg_701547_706972.wav,DianaTon_UCRJLEVgUHtnnj7pgwlkifzg_kRY6zmBUtg,701547,706972,5425
DianaTon_UCRJLEVgUHtnnj7pgwlkifzg_kRY6zmBUtg_707212_710294.wav,DianaTon_UCRJLEVgUHtnnj7pgwlkifzg_kRY6zmBUtg,707212,710294,3082
DianaTon_UCRJLEVgUHtnnj7pgwlkifzg_kRY6zmBUtg_710574_714270.wav,DianaTon_UCRJLEVgUHtnnj7pgwlkifzg_kRY6zmBUtg,710574,714270,3696
DianaTon_UCRJLEVgUHtnnj7pgwlkifzg_kRY6zmBUtg_714526_721406.wav,DianaTon_UCRJLEVgUHtnnj7pgwlkifzg_kRY6zmBUtg,714526,721406,6880
DianaTon_UCRJLEVgUHtnnj7pgwlkifzg_kRY6zmBUtg_721558_722078.wav,DianaTon_UCRJLEVgUHtnnj7pgwlkifzg_kRY6zmBUtg,721558,722078,520
DianaTon_UCRJLEVgUHtnnj7pgwlkifzg_kRY6zmBUtg_722398_723479.wav,DianaTon_UCRJLEVgUHtnnj7pgwlkifzg_kRY6zmBUtg,722398,723479,1081
DianaTon_UCRJLEVgUHtnnj7pgwlkifzg_kRY6zmBUtg_723711_724392.wav,DianaTon_UCRJLEVgUHtnnj7pgwlkifzg_kRY6zmBUtg,723711,724392,681
DianaTon_UCRJLEVgUHtnnj7pgwlkifzg_kRY6zmBUtg_724552_726720.wav,DianaTon_UCRJLEVgUHtnnj7pgwlkifzg_kRY6zmBUtg,724552,726720,2168
DianaTon_UCRJLEVgUHtnnj7pgwlkifzg_kRY6zmBUtg_726872_727114.wav,DianaTon_UCRJLEVgUHtnnj7pgwlkifzg_kRY6zmBUtg,726872,727114,242
DianaTon_UCRJLEVgUHtnnj7pgwlkifzg_kRY6zmBUtg_727530_730995.wav,DianaTon_UCRJLEVgUHtnnj7pgwlkifzg_kRY6zmBUtg,727530,730995,3465
DianaTon_UCRJLEVgUHtnnj7pgwlkifzg_kRY6zmBUtg_731115_739979.wav,DianaTon_UCRJLEVgUHtnnj7pgwlkifzg_kRY6zmBUtg,731115,739979,8864
DianaTon_UCRJLEVgUHtnnj7pgwlkifzg_kRY6zmBUtg_740059_741243.wav,DianaTon_UCRJLEVgUHtnnj7pgwlkifzg_kRY6zmBUtg,740059,741243,1184
DianaTon_UCRJLEVgUHtnnj7pgwlkifzg_kRY6zmBUtg_741323_744899.wav,DianaTon_UCRJLEVgUHtnnj7pgwlkifzg_kRY6zmBUtg,741323,744899,3576
DianaTon_UCRJLEVgUHtnnj7pgwlkifzg_kRY6zmBUtg_744995_746436.wav,DianaTon_UCRJLEVgUHtnnj7pgwlkifzg_kRY6zmBUtg,744995,746436,1441
DianaTon_UCRJLEVgUHtnnj7pgwlkifzg_kRY6zmBUtg_746636_748990.wav,DianaTon_UCRJLEVgUHtnnj7pgwlkifzg_kRY6zmBUtg,746636,748990,2354
DianaTon_UCRJLEVgUHtnnj7pgwlkifzg_kRY6zmBUtg_749606_753902.wav,DianaTon_UCRJLEVgUHtnnj7pgwlkifzg_kRY6zmBUtg,749606,753902,4296
DianaTon_UCRJLEVgUHtnnj7pgwlkifzg_kRY6zmBUtg_754794_760966.wav,DianaTon_UCRJLEVgUHtnnj7pgwlkifzg_kRY6zmBUtg,754794,760966,6172
DianaTon_UCRJLEVgUHtnnj7pgwlkifzg_kRY6zmBUtg_761358_761526.wav,DianaTon_UCRJLEVgUHtnnj7pgwlkifzg_kRY6zmBUtg,761358,761526,168
DianaTon_UCRJLEVgUHtnnj7pgwlkifzg_kRY6zmBUtg_762270_762822.wav,DianaTon_UCRJLEVgUHtnnj7pgwlkifzg_kRY6zmBUtg,762270,762822,552
DianaTon_UCRJLEVgUHtnnj7pgwlkifzg_kRY6zmBUtg_763446_763686.wav,DianaTon_UCRJLEVgUHtnnj7pgwlkifzg_kRY6zmBUtg,763446,763686,240
DianaTon_UCRJLEVgUHtnnj7pgwlkifzg_kRY6zmBUtg_763686_767574.wav,DianaTon_UCRJLEVgUHtnnj7pgwlkifzg_kRY6zmBUtg,763686,767574,3888
DianaTon_UCRJLEVgUHtnnj7pgwlkifzg_kRY6zmBUtg_767742_769822.wav,DianaTon_UCRJLEVgUHtnnj7pgwlkifzg_kRY6zmBUtg,767742,769822,2080
DianaTon_UCRJLEVgUHtnnj7pgwlkifzg_kRY6zmBUtg_769998_773934.wav,DianaTon_UCRJLEVgUHtnnj7pgwlkifzg_kRY6zmBUtg,769998,773934,3936
DianaTon_UCRJLEVgUHtnnj7pgwlkifzg_kRY6zmBUtg_774550_781830.wav,DianaTon_UCRJLEVgUHtnnj7pgwlkifzg_kRY6zmBUtg,774550,781830,7280
DianaTon_UCRJLEVgUHtnnj7pgwlkifzg_kRY6zmBUtg_782014_782470.wav,DianaTon_UCRJLEVgUHtnnj7pgwlkifzg_kRY6zmBUtg,782014,782470,456
DianaTon_UCRJLEVgUHtnnj7pgwlkifzg_kRY6zmBUtg_782654_782774.wav,DianaTon_UCRJLEVgUHtnnj7pgwlkifzg_kRY6zmBUtg,782654,782774,120
DianaTon_UCRJLEVgUHtnnj7pgwlkifzg_kRY6zmBUtg_783262_783490.wav,DianaTon_UCRJLEVgUHtnnj7pgwlkifzg_kRY6zmBUtg,783262,783490,228
DianaTon_UCRJLEVgUHtnnj7pgwlkifzg_kRY6zmBUtg_784370_785010.wav,DianaTon_UCRJLEVgUHtnnj7pgwlkifzg_kRY6zmBUtg,784370,785010,640
DianaTon_UCRJLEVgUHtnnj7pgwlkifzg_kRY6zmBUtg_785266_785524.wav,DianaTon_UCRJLEVgUHtnnj7pgwlkifzg_kRY6zmBUtg,785266,785524,258
DianaTon_UCRJLEVgUHtnnj7pgwlkifzg_kRY6zmBUtg_785524_788981.wav,DianaTon_UCRJLEVgUHtnnj7pgwlkifzg_kRY6zmBUtg,785524,788981,3457
DianaTon_UCRJLEVgUHtnnj7pgwlkifzg_kRY6zmBUtg_789125_796046.wav,DianaTon_UCRJLEVgUHtnnj7pgwlkifzg_kRY6zmBUtg,789125,796046,6921
DianaTon_UCRJLEVgUHtnnj7pgwlkifzg_kRY6zmBUtg_796962_799726.wav,DianaTon_UCRJLEVgUHtnnj7pgwlkifzg_kRY6zmBUtg,796962,799726,2764
DianaTon_UCRJLEVgUHtnnj7pgwlkifzg_kRY6zmBUtg_800006_800118.wav,DianaTon_UCRJLEVgUHtnnj7pgwlkifzg_kRY6zmBUtg,800006,800118,112
DianaTon_UCRJLEVgUHtnnj7pgwlkifzg_kRY6zmBUtg_800470_801146.wav,DianaTon_UCRJLEVgUHtnnj7pgwlkifzg_kRY6zmBUtg,800470,801146,676
DianaTon_UCRJLEVgUHtnnj7pgwlkifzg_kRY6zmBUtg_801434_801538.wav,DianaTon_UCRJLEVgUHtnnj7pgwlkifzg_kRY6zmBUtg,801434,801538,104
DianaTon_UCRJLEVgUHtnnj7pgwlkifzg_kRY6zmBUtg_801882_802642.wav,DianaTon_UCRJLEVgUHtnnj7pgwlkifzg_kRY6zmBUtg,801882,802642,760
DianaTon_UCRJLEVgUHtnnj7pgwlkifzg_kRY6zmBUtg_803266_803578.wav,DianaTon_UCRJLEVgUHtnnj7pgwlkifzg_kRY6zmBUtg,803266,803578,312
DianaTon_UCRJLEVgUHtnnj7pgwlkifzg_kRY6zmBUtg_803578_810338.wav,DianaTon_UCRJLEVgUHtnnj7pgwlkifzg_kRY6zmBUtg,803578,810338,6760
DianaTon_UCRJLEVgUHtnnj7pgwlkifzg_kRY6zmBUtg_810666_818718.wav,DianaTon_UCRJLEVgUHtnnj7pgwlkifzg_kRY6zmBUtg,810666,818718,8052
DianaTon_UCRJLEVgUHtnnj7pgwlkifzg_kRY6zmBUtg_818982_822744.wav,DianaTon_UCRJLEVgUHtnnj7pgwlkifzg_kRY6zmBUtg,818982,822744,3762
DianaTon_UCRJLEVgUHtnnj7pgwlkifzg_kRY6zmBUtg_822952_827560.wav,DianaTon_UCRJLEVgUHtnnj7pgwlkifzg_kRY6zmBUtg,822952,827560,4608
DianaTon_UCRJLEVgUHtnnj7pgwlkifzg_kRY6zmBUtg_827800_829008.wav,DianaTon_UCRJLEVgUHtnnj7pgwlkifzg_kRY6zmBUtg,827800,829008,1208
DianaTon_UCRJLEVgUHtnnj7pgwlkifzg_kRY6zmBUtg_829168_829296.wav,DianaTon_UCRJLEVgUHtnnj7pgwlkifzg_kRY6zmBUtg,829168,829296,128
DianaTon_UCRJLEVgUHtnnj7pgwlkifzg_kRY6zmBUtg_829440_836665.wav,DianaTon_UCRJLEVgUHtnnj7pgwlkifzg_kRY6zmBUtg,829440,836665,7225
DianaTon_UCRJLEVgUHtnnj7pgwlkifzg_kRY6zmBUtg_836817_839665.wav,DianaTon_UCRJLEVgUHtnnj7pgwlkifzg_kRY6zmBUtg,836817,839665,2848
DianaTon_UCRJLEVgUHtnnj7pgwlkifzg_kRY6zmBUtg_839881_844338.wav,DianaTon_UCRJLEVgUHtnnj7pgwlkifzg_kRY6zmBUtg,839881,844338,4457
DianaTon_UCRJLEVgUHtnnj7pgwlkifzg_kRY6zmBUtg_844738_846818.wav,DianaTon_UCRJLEVgUHtnnj7pgwlkifzg_kRY6zmBUtg,844738,846818,2080
DianaTon_UCRJLEVgUHtnnj7pgwlkifzg_kRY6zmBUtg_846986_854658.wav,DianaTon_UCRJLEVgUHtnnj7pgwlkifzg_kRY6zmBUtg,846986,854658,7672
DianaTon_UCRJLEVgUHtnnj7pgwlkifzg_kRY6zmBUtg_854882_856138.wav,DianaTon_UCRJLEVgUHtnnj7pgwlkifzg_kRY6zmBUtg,854882,856138,1256
DianaTon_UCRJLEVgUHtnnj7pgwlkifzg_kRY6zmBUtg_856370_858634.wav,DianaTon_UCRJLEVgUHtnnj7pgwlkifzg_kRY6zmBUtg,856370,858634,2264
DianaTon_UCRJLEVgUHtnnj7pgwlkifzg_kRY6zmBUtg_859186_861134.wav,DianaTon_UCRJLEVgUHtnnj7pgwlkifzg_kRY6zmBUtg,859186,861134,1948
DianaTon_UCRJLEVgUHtnnj7pgwlkifzg_kRY6zmBUtg_861350_863838.wav,DianaTon_UCRJLEVgUHtnnj7pgwlkifzg_kRY6zmBUtg,861350,863838,2488
DianaTon_UCRJLEVgUHtnnj7pgwlkifzg_kRY6zmBUtg_864142_871262.wav,DianaTon_UCRJLEVgUHtnnj7pgwlkifzg_kRY6zmBUtg,864142,871262,7120
DianaTon_UCRJLEVgUHtnnj7pgwlkifzg_kRY6zmBUtg_871414_872870.wav,DianaTon_UCRJLEVgUHtnnj7pgwlkifzg_kRY6zmBUtg,871414,872870,1456
DianaTon_UCRJLEVgUHtnnj7pgwlkifzg_kRY6zmBUtg_873382_877542.wav,DianaTon_UCRJLEVgUHtnnj7pgwlkifzg_kRY6zmBUtg,873382,877542,4160
DianaTon_UCRJLEVgUHtnnj7pgwlkifzg_kRY6zmBUtg_878094_878374.wav,DianaTon_UCRJLEVgUHtnnj7pgwlkifzg_kRY6zmBUtg,878094,878374,280
DianaTon_UCRJLEVgUHtnnj7pgwlkifzg_kRY6zmBUtg_878598_883822.wav,DianaTon_UCRJLEVgUHtnnj7pgwlkifzg_kRY6zmBUtg,878598,883822,5224
DianaTon_UCRJLEVgUHtnnj7pgwlkifzg_kRY6zmBUtg_884046_889070.wav,DianaTon_UCRJLEVgUHtnnj7pgwlkifzg_kRY6zmBUtg,884046,889070,5024
DianaTon_UCRJLEVgUHtnnj7pgwlkifzg_kRY6zmBUtg_889310_896738.wav,DianaTon_UCRJLEVgUHtnnj7pgwlkifzg_kRY6zmBUtg,889310,896738,7428
DianaTon_UCRJLEVgUHtnnj7pgwlkifzg_kRY6zmBUtg_897002_904722.wav,DianaTon_UCRJLEVgUHtnnj7pgwlkifzg_kRY6zmBUtg,897002,904722,7720
DianaTon_UCRJLEVgUHtnnj7pgwlkifzg_kRY6zmBUtg_905322_910650.wav,DianaTon_UCRJLEVgUHtnnj7pgwlkifzg_kRY6zmBUtg,905322,910650,5328
DianaTon_UCRJLEVgUHtnnj7pgwlkifzg_kRY6zmBUtg_910914_913486.wav,DianaTon_UCRJLEVgUHtnnj7pgwlkifzg_kRY6zmBUtg,910914,913486,2572
DianaTon_UCRJLEVgUHtnnj7pgwlkifzg_kRY6zmBUtg_913766_920418.wav,DianaTon_UCRJLEVgUHtnnj7pgwlkifzg_kRY6zmBUtg,913766,920418,6652
DianaTon_UCRJLEVgUHtnnj7pgwlkifzg_kRY6zmBUtg_920586_920874.wav,DianaTon_UCRJLEVgUHtnnj7pgwlkifzg_kRY6zmBUtg,920586,920874,288
DianaTon_UCRJLEVgUHtnnj7pgwlkifzg_kRY6zmBUtg_921242_928974.wav,DianaTon_UCRJLEVgUHtnnj7pgwlkifzg_kRY6zmBUtg,921242,928974,7732
DianaTon_UCRJLEVgUHtnnj7pgwlkifzg_kRY6zmBUtg_929134_931794.wav,DianaTon_UCRJLEVgUHtnnj7pgwlkifzg_kRY6zmBUtg,929134,931794,2660
DianaTon_UCRJLEVgUHtnnj7pgwlkifzg_kRY6zmBUtg_932026_937390.wav,DianaTon_UCRJLEVgUHtnnj7pgwlkifzg_kRY6zmBUtg,932026,937390,5364
DianaTon_UCRJLEVgUHtnnj7pgwlkifzg_kRY6zmBUtg_937590_946618.wav,DianaTon_UCRJLEVgUHtnnj7pgwlkifzg_kRY6zmBUtg,937590,946618,9028
DianaTon_UCRJLEVgUHtnnj7pgwlkifzg_kRY6zmBUtg_946858_947562.wav,DianaTon_UCRJLEVgUHtnnj7pgwlkifzg_kRY6zmBUtg,946858,947562,704
DianaTon_UCRJLEVgUHtnnj7pgwlkifzg_kRY6zmBUtg_947946_949018.wav,DianaTon_UCRJLEVgUHtnnj7pgwlkifzg_kRY6zmBUtg,947946,949018,1072
DianaTon_UCRJLEVgUHtnnj7pgwlkifzg_kRY6zmBUtg_949466_951290.wav,DianaTon_UCRJLEVgUHtnnj7pgwlkifzg_kRY6zmBUtg,949466,951290,1824
DianaTon_UCRJLEVgUHtnnj7pgwlkifzg_kRY6zmBUtg_951946_957218.wav,DianaTon_UCRJLEVgUHtnnj7pgwlkifzg_kRY6zmBUtg,951946,957218,5272
DianaTon_UCRJLEVgUHtnnj7pgwlkifzg_kRY6zmBUtg_958026_959794.wav,DianaTon_UCRJLEVgUHtnnj7pgwlkifzg_kRY6zmBUtg,958026,959794,1768
DianaTon_UCRJLEVgUHtnnj7pgwlkifzg_kRY6zmBUtg_960042_967274.wav,DianaTon_UCRJLEVgUHtnnj7pgwlkifzg_kRY6zmBUtg,960042,967274,7232
DianaTon_UCRJLEVgUHtnnj7pgwlkifzg_kRY6zmBUtg_967594_974754.wav,DianaTon_UCRJLEVgUHtnnj7pgwlkifzg_kRY6zmBUtg,967594,974754,7160
DianaTon_UCRJLEVgUHtnnj7pgwlkifzg_kRY6zmBUtg_975074_980418.wav,DianaTon_UCRJLEVgUHtnnj7pgwlkifzg_kRY6zmBUtg,975074,980418,5344
DianaTon_UCRJLEVgUHtnnj7pgwlkifzg_kRY6zmBUtg_980602_984562.wav,DianaTon_UCRJLEVgUHtnnj7pgwlkifzg_kRY6zmBUtg,980602,984562,3960
DianaTon_UCRJLEVgUHtnnj7pgwlkifzg_kRY6zmBUtg_985138_987234.wav,DianaTon_UCRJLEVgUHtnnj7pgwlkifzg_kRY6zmBUtg,985138,987234,2096
DianaTon_UCRJLEVgUHtnnj7pgwlkifzg_kRY6zmBUtg_987554_989786.wav,DianaTon_UCRJLEVgUHtnnj7pgwlkifzg_kRY6zmBUtg,987554,989786,2232
DianaTon_UCRJLEVgUHtnnj7pgwlkifzg_kRY6zmBUtg_990226_990498.wav,DianaTon_UCRJLEVgUHtnnj7pgwlkifzg_kRY6zmBUtg,990226,990498,272
DianaTon_UCRJLEVgUHtnnj7pgwlkifzg_kRY6zmBUtg_990842_991250.wav,DianaTon_UCRJLEVgUHtnnj7pgwlkifzg_kRY6zmBUtg,990842,991250,408
DianaTon_UCRJLEVgUHtnnj7pgwlkifzg_kRY6zmBUtg_991738_991898.wav,DianaTon_UCRJLEVgUHtnnj7pgwlkifzg_kRY6zmBUtg,991738,991898,160
DianaTon_UCRJLEVgUHtnnj7pgwlkifzg_kRY6zmBUtg_992594_1000804.wav,DianaTon_UCRJLEVgUHtnnj7pgwlkifzg_kRY6zmBUtg,992594,1000804,8210
DianaTon_UCRJLEVgUHtnnj7pgwlkifzg_kRY6zmBUtg_1000940_1009518.wav,DianaTon_UCRJLEVgUHtnnj7pgwlkifzg_kRY6zmBUtg,1000940,1009518,8578
DianaTon_UCRJLEVgUHtnnj7pgwlkifzg_kRY6zmBUtg_1010038_1010150.wav,DianaTon_UCRJLEVgUHtnnj7pgwlkifzg_kRY6zmBUtg,1010038,1010150,112
DianaTon_UCRJLEVgUHtnnj7pgwlkifzg_kRY6zmBUtg_1011250_1014138.wav,DianaTon_UCRJLEVgUHtnnj7pgwlkifzg_kRY6zmBUtg,1011250,1014138,2888
DianaTon_UCRJLEVgUHtnnj7pgwlkifzg_kRY6zmBUtg_1014290_1019490.wav,DianaTon_UCRJLEVgUHtnnj7pgwlkifzg_kRY6zmBUtg,1014290,1019490,5200
DianaTon_UCRJLEVgUHtnnj7pgwlkifzg_kRY6zmBUtg_1019810_1023770.wav,DianaTon_UCRJLEVgUHtnnj7pgwlkifzg_kRY6zmBUtg,1019810,1023770,3960
DianaTon_UCRJLEVgUHtnnj7pgwlkifzg_kRY6zmBUtg_1024138_1027178.wav,DianaTon_UCRJLEVgUHtnnj7pgwlkifzg_kRY6zmBUtg,1024138,1027178,3040
DianaTon_UCRJLEVgUHtnnj7pgwlkifzg_kRY6zmBUtg_1027450_1028778.wav,DianaTon_UCRJLEVgUHtnnj7pgwlkifzg_kRY6zmBUtg,1027450,1028778,1328
DianaTon_UCRJLEVgUHtnnj7pgwlkifzg_kRY6zmBUtg_1029378_1029514.wav,DianaTon_UCRJLEVgUHtnnj7pgwlkifzg_kRY6zmBUtg,1029378,1029514,136
DianaTon_UCRJLEVgUHtnnj7pgwlkifzg_kRY6zmBUtg_1030330_1034914.wav,DianaTon_UCRJLEVgUHtnnj7pgwlkifzg_kRY6zmBUtg,1030330,1034914,4584
DianaTon_UCRJLEVgUHtnnj7pgwlkifzg_kRY6zmBUtg_1035570_1036179.wav,DianaTon_UCRJLEVgUHtnnj7pgwlkifzg_kRY6zmBUtg,1035570,1036179,609
DianaTon_UCRJLEVgUHtnnj7pgwlkifzg_kRY6zmBUtg_1037379_1037563.wav,DianaTon_UCRJLEVgUHtnnj7pgwlkifzg_kRY6zmBUtg,1037379,1037563,184
DianaTon_UCRJLEVgUHtnnj7pgwlkifzg_kRY6zmBUtg_1038099_1044855.wav,DianaTon_UCRJLEVgUHtnnj7pgwlkifzg_kRY6zmBUtg,1038099,1044855,6756
DianaTon_UCRJLEVgUHtnnj7pgwlkifzg_kRY6zmBUtg_1045255_1045959.wav,DianaTon_UCRJLEVgUHtnnj7pgwlkifzg_kRY6zmBUtg,1045255,1045959,704
DianaTon_UCRJLEVgUHtnnj7pgwlkifzg_kRY6zmBUtg_1046631_1052323.wav,DianaTon_UCRJLEVgUHtnnj7pgwlkifzg_kRY6zmBUtg,1046631,1052323,5692
DianaTon_UCRJLEVgUHtnnj7pgwlkifzg_kRY6zmBUtg_1052619_1054415.wav,DianaTon_UCRJLEVgUHtnnj7pgwlkifzg_kRY6zmBUtg,1052619,1054415,1796
DianaTon_UCRJLEVgUHtnnj7pgwlkifzg_kRY6zmBUtg_1054639_1063275.wav,DianaTon_UCRJLEVgUHtnnj7pgwlkifzg_kRY6zmBUtg,1054639,1063275,8636
DianaTon_UCRJLEVgUHtnnj7pgwlkifzg_kRY6zmBUtg_1064227_1066083.wav,DianaTon_UCRJLEVgUHtnnj7pgwlkifzg_kRY6zmBUtg,1064227,1066083,1856
DianaTon_UCRJLEVgUHtnnj7pgwlkifzg_kRY6zmBUtg_1066403_1068723.wav,DianaTon_UCRJLEVgUHtnnj7pgwlkifzg_kRY6zmBUtg,1066403,1068723,2320
DianaTon_UCRJLEVgUHtnnj7pgwlkifzg_kRY6zmBUtg_1069043_1074211.wav,DianaTon_UCRJLEVgUHtnnj7pgwlkifzg_kRY6zmBUtg,1069043,1074211,5168
DianaTon_UCRJLEVgUHtnnj7pgwlkifzg_kRY6zmBUtg_1074523_1083011.wav,DianaTon_UCRJLEVgUHtnnj7pgwlkifzg_kRY6zmBUtg,1074523,1083011,8488
DianaTon_UCRJLEVgUHtnnj7pgwlkifzg_kRY6zmBUtg_1083659_1087931.wav,DianaTon_UCRJLEVgUHtnnj7pgwlkifzg_kRY6zmBUtg,1083659,1087931,4272
DianaTon_UCRJLEVgUHtnnj7pgwlkifzg_kRY6zmBUtg_1088251_1091851.wav,DianaTon_UCRJLEVgUHtnnj7pgwlkifzg_kRY6zmBUtg,1088251,1091851,3600
DianaTon_UCRJLEVgUHtnnj7pgwlkifzg_kRY6zmBUtg_1092139_1092523.wav,DianaTon_UCRJLEVgUHtnnj7pgwlkifzg_kRY6zmBUtg,1092139,1092523,384
DianaTon_UCRJLEVgUHtnnj7pgwlkifzg_kRY6zmBUtg_1092523_1099339.wav,DianaTon_UCRJLEVgUHtnnj7pgwlkifzg_kRY6zmBUtg,1092523,1099339,6816
DianaTon_UCRJLEVgUHtnnj7pgwlkifzg_kRY6zmBUtg_1099755_1104563.wav,DianaTon_UCRJLEVgUHtnnj7pgwlkifzg_kRY6zmBUtg,1099755,1104563,4808
DianaTon_UCRJLEVgUHtnnj7pgwlkifzg_kRY6zmBUtg_1105003_1106675.wav,DianaTon_UCRJLEVgUHtnnj7pgwlkifzg_kRY6zmBUtg,1105003,1106675,1672
DianaTon_UCRJLEVgUHtnnj7pgwlkifzg_kRY6zmBUtg_1106931_1107659.wav,DianaTon_UCRJLEVgUHtnnj7pgwlkifzg_kRY6zmBUtg,1106931,1107659,728
DianaTon_UCRJLEVgUHtnnj7pgwlkifzg_kRY6zmBUtg_1108291_1108747.wav,DianaTon_UCRJLEVgUHtnnj7pgwlkifzg_kRY6zmBUtg,1108291,1108747,456
DianaTon_UCRJLEVgUHtnnj7pgwlkifzg_kRY6zmBUtg_1108747_1109499.wav,DianaTon_UCRJLEVgUHtnnj7pgwlkifzg_kRY6zmBUtg,1108747,1109499,752
DianaTon_UCRJLEVgUHtnnj7pgwlkifzg_kRY6zmBUtg_1109875_1109979.wav,DianaTon_UCRJLEVgUHtnnj7pgwlkifzg_kRY6zmBUtg,1109875,1109979,104
DianaTon_UCRJLEVgUHtnnj7pgwlkifzg_kRY6zmBUtg_1110211_1111811.wav,DianaTon_UCRJLEVgUHtnnj7pgwlkifzg_kRY6zmBUtg,1110211,1111811,1600
DianaTon_UCRJLEVgUHtnnj7pgwlkifzg_kRY6zmBUtg_1112067_1112571.wav,DianaTon_UCRJLEVgUHtnnj7pgwlkifzg_kRY6zmBUtg,1112067,1112571,504
DianaTon_UCRJLEVgUHtnnj7pgwlkifzg_kRY6zmBUtg_1112811_1114091.wav,DianaTon_UCRJLEVgUHtnnj7pgwlkifzg_kRY6zmBUtg,1112811,1114091,1280
DianaTon_UCRJLEVgUHtnnj7pgwlkifzg_kRY6zmBUtg_1114331_1114955.wav,DianaTon_UCRJLEVgUHtnnj7pgwlkifzg_kRY6zmBUtg,1114331,1114955,624
DianaTon_UCRJLEVgUHtnnj7pgwlkifzg_kRY6zmBUtg_1115395_1119363.wav,DianaTon_UCRJLEVgUHtnnj7pgwlkifzg_kRY6zmBUtg,1115395,1119363,3968
DianaTon_UCRJLEVgUHtnnj7pgwlkifzg_kRY6zmBUtg_1120019_1120627.wav,DianaTon_UCRJLEVgUHtnnj7pgwlkifzg_kRY6zmBUtg,1120019,1120627,608
DianaTon_UCRJLEVgUHtnnj7pgwlkifzg_kRY6zmBUtg_1121267_1128603.wav,DianaTon_UCRJLEVgUHtnnj7pgwlkifzg_kRY6zmBUtg,1121267,1128603,7336
DianaTon_UCRJLEVgUHtnnj7pgwlkifzg_kRY6zmBUtg_1128827_1128931.wav,DianaTon_UCRJLEVgUHtnnj7pgwlkifzg_kRY6zmBUtg,1128827,1128931,104
DianaTon_UCRJLEVgUHtnnj7pgwlkifzg_kRY6zmBUtg_1129291_1133491.wav,DianaTon_UCRJLEVgUHtnnj7pgwlkifzg_kRY6zmBUtg,1129291,1133491,4200
DianaTon_UCRJLEVgUHtnnj7pgwlkifzg_kRY6zmBUtg_1133691_1134595.wav,DianaTon_UCRJLEVgUHtnnj7pgwlkifzg_kRY6zmBUtg,1133691,1134595,904
DianaTon_UCRJLEVgUHtnnj7pgwlkifzg_kRY6zmBUtg_1134859_1135235.wav,DianaTon_UCRJLEVgUHtnnj7pgwlkifzg_kRY6zmBUtg,1134859,1135235,376
DianaTon_UCRJLEVgUHtnnj7pgwlkifzg_kRY6zmBUtg_1135979_1137803.wav,DianaTon_UCRJLEVgUHtnnj7pgwlkifzg_kRY6zmBUtg,1135979,1137803,1824
DianaTon_UCRJLEVgUHtnnj7pgwlkifzg_kRY6zmBUtg_1138115_1138243.wav,DianaTon_UCRJLEVgUHtnnj7pgwlkifzg_kRY6zmBUtg,1138115,1138243,128
DianaTon_UCRJLEVgUHtnnj7pgwlkifzg_kRY6zmBUtg_1138523_1145269.wav,DianaTon_UCRJLEVgUHtnnj7pgwlkifzg_kRY6zmBUtg,1138523,1145269,6746
DianaTon_UCRJLEVgUHtnnj7pgwlkifzg_kRY6zmBUtg_1145509_1147029.wav,DianaTon_UCRJLEVgUHtnnj7pgwlkifzg_kRY6zmBUtg,1145509,1147029,1520
DianaTon_UCRJLEVgUHtnnj7pgwlkifzg_kRY6zmBUtg_1147221_1148725.wav,DianaTon_UCRJLEVgUHtnnj7pgwlkifzg_kRY6zmBUtg,1147221,1148725,1504
DianaTon_UCRJLEVgUHtnnj7pgwlkifzg_kRY6zmBUtg_1148925_1152607.wav,DianaTon_UCRJLEVgUHtnnj7pgwlkifzg_kRY6zmBUtg,1148925,1152607,3682
DianaTon_UCRJLEVgUHtnnj7pgwlkifzg_kRY6zmBUtg_1152799_1152979.wav,DianaTon_UCRJLEVgUHtnnj7pgwlkifzg_kRY6zmBUtg,1152799,1152979,180
DianaTon_UCRJLEVgUHtnnj7pgwlkifzg_kRY6zmBUtg_1153659_1154323.wav,DianaTon_UCRJLEVgUHtnnj7pgwlkifzg_kRY6zmBUtg,1153659,1154323,664
DianaTon_UCRJLEVgUHtnnj7pgwlkifzg_kRY6zmBUtg_1154611_1154755.wav,DianaTon_UCRJLEVgUHtnnj7pgwlkifzg_kRY6zmBUtg,1154611,1154755,144
DianaTon_UCRJLEVgUHtnnj7pgwlkifzg_kRY6zmBUtg_1155339_1155564.wav,DianaTon_UCRJLEVgUHtnnj7pgwlkifzg_kRY6zmBUtg,1155339,1155564,225
