filename,video_id,start_time,end_time,duration
AlachiaQueen_UCMtD0xLX339zdD3yan8cg_gQ5GNQ73RM_0_4850.wav,AlachiaQueen_UCMtD0xLX339zdD3yan8cg_gQ5GNQ73RM,0,4850,4850
AlachiaQueen_UCMtD0xLX339zdD3yan8cg_gQ5GNQ73RM_5434_6490.wav,AlachiaQueen_UCMtD0xLX339zdD3yan8cg_gQ5GNQ73RM,5434,6490,1056
AlachiaQueen_UCMtD0xLX339zdD3yan8cg_gQ5GNQ73RM_7090_8850.wav,AlachiaQueen_UCMtD0xLX339zdD3yan8cg_gQ5GNQ73RM,7090,8850,1760
AlachiaQueen_UCMtD0xLX339zdD3yan8cg_gQ5GNQ73RM_9146_23058.wav,AlachiaQueen_UCMtD0xLX339zdD3yan8cg_gQ5GNQ73RM,9146,23058,13912
AlachiaQueen_UCMtD0xLX339zdD3yan8cg_gQ5GNQ73RM_23258_26082.wav,AlachiaQueen_UCMtD0xLX339zdD3yan8cg_gQ5GNQ73RM,23258,26082,2824
AlachiaQueen_UCMtD0xLX339zdD3yan8cg_gQ5GNQ73RM_26610_31454.wav,AlachiaQueen_UCMtD0xLX339zdD3yan8cg_gQ5GNQ73RM,26610,31454,4844
AlachiaQueen_UCMtD0xLX339zdD3yan8cg_gQ5GNQ73RM_31862_32558.wav,AlachiaQueen_UCMtD0xLX339zdD3yan8cg_gQ5GNQ73RM,31862,32558,696
AlachiaQueen_UCMtD0xLX339zdD3yan8cg_gQ5GNQ73RM_33138_39970.wav,AlachiaQueen_UCMtD0xLX339zdD3yan8cg_gQ5GNQ73RM,33138,39970,6832
AlachiaQueen_UCMtD0xLX339zdD3yan8cg_gQ5GNQ73RM_40786_51730.wav,AlachiaQueen_UCMtD0xLX339zdD3yan8cg_gQ5GNQ73RM,40786,51730,10944
AlachiaQueen_UCMtD0xLX339zdD3yan8cg_gQ5GNQ73RM_51890_53450.wav,AlachiaQueen_UCMtD0xLX339zdD3yan8cg_gQ5GNQ73RM,51890,53450,1560
AlachiaQueen_UCMtD0xLX339zdD3yan8cg_gQ5GNQ73RM_53858_55938.wav,AlachiaQueen_UCMtD0xLX339zdD3yan8cg_gQ5GNQ73RM,53858,55938,2080
AlachiaQueen_UCMtD0xLX339zdD3yan8cg_gQ5GNQ73RM_56666_57658.wav,AlachiaQueen_UCMtD0xLX339zdD3yan8cg_gQ5GNQ73RM,56666,57658,992
AlachiaQueen_UCMtD0xLX339zdD3yan8cg_gQ5GNQ73RM_57882_65146.wav,AlachiaQueen_UCMtD0xLX339zdD3yan8cg_gQ5GNQ73RM,57882,65146,7264
AlachiaQueen_UCMtD0xLX339zdD3yan8cg_gQ5GNQ73RM_65418_67732.wav,AlachiaQueen_UCMtD0xLX339zdD3yan8cg_gQ5GNQ73RM,65418,67732,2314
AlachiaQueen_UCMtD0xLX339zdD3yan8cg_gQ5GNQ73RM_68036_71334.wav,AlachiaQueen_UCMtD0xLX339zdD3yan8cg_gQ5GNQ73RM,68036,71334,3298
AlachiaQueen_UCMtD0xLX339zdD3yan8cg_gQ5GNQ73RM_71742_74078.wav,AlachiaQueen_UCMtD0xLX339zdD3yan8cg_gQ5GNQ73RM,71742,74078,2336
AlachiaQueen_UCMtD0xLX339zdD3yan8cg_gQ5GNQ73RM_74454_83160.wav,AlachiaQueen_UCMtD0xLX339zdD3yan8cg_gQ5GNQ73RM,74454,83160,8706
AlachiaQueen_UCMtD0xLX339zdD3yan8cg_gQ5GNQ73RM_83408_89673.wav,AlachiaQueen_UCMtD0xLX339zdD3yan8cg_gQ5GNQ73RM,83408,89673,6265
AlachiaQueen_UCMtD0xLX339zdD3yan8cg_gQ5GNQ73RM_89849_104546.wav,AlachiaQueen_UCMtD0xLX339zdD3yan8cg_gQ5GNQ73RM,89849,104546,14697
AlachiaQueen_UCMtD0xLX339zdD3yan8cg_gQ5GNQ73RM_105522_109066.wav,AlachiaQueen_UCMtD0xLX339zdD3yan8cg_gQ5GNQ73RM,105522,109066,3544
AlachiaQueen_UCMtD0xLX339zdD3yan8cg_gQ5GNQ73RM_109362_111514.wav,AlachiaQueen_UCMtD0xLX339zdD3yan8cg_gQ5GNQ73RM,109362,111514,2152
AlachiaQueen_UCMtD0xLX339zdD3yan8cg_gQ5GNQ73RM_111906_114242.wav,AlachiaQueen_UCMtD0xLX339zdD3yan8cg_gQ5GNQ73RM,111906,114242,2336
AlachiaQueen_UCMtD0xLX339zdD3yan8cg_gQ5GNQ73RM_114386_128170.wav,AlachiaQueen_UCMtD0xLX339zdD3yan8cg_gQ5GNQ73RM,114386,128170,13784
AlachiaQueen_UCMtD0xLX339zdD3yan8cg_gQ5GNQ73RM_128314_130722.wav,AlachiaQueen_UCMtD0xLX339zdD3yan8cg_gQ5GNQ73RM,128314,130722,2408
AlachiaQueen_UCMtD0xLX339zdD3yan8cg_gQ5GNQ73RM_131738_135170.wav,AlachiaQueen_UCMtD0xLX339zdD3yan8cg_gQ5GNQ73RM,131738,135170,3432
AlachiaQueen_UCMtD0xLX339zdD3yan8cg_gQ5GNQ73RM_135714_140410.wav,AlachiaQueen_UCMtD0xLX339zdD3yan8cg_gQ5GNQ73RM,135714,140410,4696
AlachiaQueen_UCMtD0xLX339zdD3yan8cg_gQ5GNQ73RM_140570_147390.wav,AlachiaQueen_UCMtD0xLX339zdD3yan8cg_gQ5GNQ73RM,140570,147390,6820
AlachiaQueen_UCMtD0xLX339zdD3yan8cg_gQ5GNQ73RM_147662_147950.wav,AlachiaQueen_UCMtD0xLX339zdD3yan8cg_gQ5GNQ73RM,147662,147950,288
AlachiaQueen_UCMtD0xLX339zdD3yan8cg_gQ5GNQ73RM_148118_154242.wav,AlachiaQueen_UCMtD0xLX339zdD3yan8cg_gQ5GNQ73RM,148118,154242,6124
AlachiaQueen_UCMtD0xLX339zdD3yan8cg_gQ5GNQ73RM_155362_156564.wav,AlachiaQueen_UCMtD0xLX339zdD3yan8cg_gQ5GNQ73RM,155362,156564,1202
AlachiaQueen_UCMtD0xLX339zdD3yan8cg_gQ5GNQ73RM_156748_162918.wav,AlachiaQueen_UCMtD0xLX339zdD3yan8cg_gQ5GNQ73RM,156748,162918,6170
AlachiaQueen_UCMtD0xLX339zdD3yan8cg_gQ5GNQ73RM_163262_165878.wav,AlachiaQueen_UCMtD0xLX339zdD3yan8cg_gQ5GNQ73RM,163262,165878,2616
AlachiaQueen_UCMtD0xLX339zdD3yan8cg_gQ5GNQ73RM_166198_173174.wav,AlachiaQueen_UCMtD0xLX339zdD3yan8cg_gQ5GNQ73RM,166198,173174,6976
AlachiaQueen_UCMtD0xLX339zdD3yan8cg_gQ5GNQ73RM_173518_176054.wav,AlachiaQueen_UCMtD0xLX339zdD3yan8cg_gQ5GNQ73RM,173518,176054,2536
AlachiaQueen_UCMtD0xLX339zdD3yan8cg_gQ5GNQ73RM_176918_180786.wav,AlachiaQueen_UCMtD0xLX339zdD3yan8cg_gQ5GNQ73RM,176918,180786,3868
AlachiaQueen_UCMtD0xLX339zdD3yan8cg_gQ5GNQ73RM_181114_183138.wav,AlachiaQueen_UCMtD0xLX339zdD3yan8cg_gQ5GNQ73RM,181114,183138,2024
AlachiaQueen_UCMtD0xLX339zdD3yan8cg_gQ5GNQ73RM_183410_190650.wav,AlachiaQueen_UCMtD0xLX339zdD3yan8cg_gQ5GNQ73RM,183410,190650,7240
AlachiaQueen_UCMtD0xLX339zdD3yan8cg_gQ5GNQ73RM_191330_204122.wav,AlachiaQueen_UCMtD0xLX339zdD3yan8cg_gQ5GNQ73RM,191330,204122,12792
AlachiaQueen_UCMtD0xLX339zdD3yan8cg_gQ5GNQ73RM_204482_208370.wav,AlachiaQueen_UCMtD0xLX339zdD3yan8cg_gQ5GNQ73RM,204482,208370,3888
AlachiaQueen_UCMtD0xLX339zdD3yan8cg_gQ5GNQ73RM_209058_214690.wav,AlachiaQueen_UCMtD0xLX339zdD3yan8cg_gQ5GNQ73RM,209058,214690,5632
AlachiaQueen_UCMtD0xLX339zdD3yan8cg_gQ5GNQ73RM_215474_216630.wav,AlachiaQueen_UCMtD0xLX339zdD3yan8cg_gQ5GNQ73RM,215474,216630,1156
AlachiaQueen_UCMtD0xLX339zdD3yan8cg_gQ5GNQ73RM_216854_224186.wav,AlachiaQueen_UCMtD0xLX339zdD3yan8cg_gQ5GNQ73RM,216854,224186,7332
AlachiaQueen_UCMtD0xLX339zdD3yan8cg_gQ5GNQ73RM_224474_230770.wav,AlachiaQueen_UCMtD0xLX339zdD3yan8cg_gQ5GNQ73RM,224474,230770,6296
AlachiaQueen_UCMtD0xLX339zdD3yan8cg_gQ5GNQ73RM_231378_235362.wav,AlachiaQueen_UCMtD0xLX339zdD3yan8cg_gQ5GNQ73RM,231378,235362,3984
AlachiaQueen_UCMtD0xLX339zdD3yan8cg_gQ5GNQ73RM_235850_236202.wav,AlachiaQueen_UCMtD0xLX339zdD3yan8cg_gQ5GNQ73RM,235850,236202,352
AlachiaQueen_UCMtD0xLX339zdD3yan8cg_gQ5GNQ73RM_236466_240290.wav,AlachiaQueen_UCMtD0xLX339zdD3yan8cg_gQ5GNQ73RM,236466,240290,3824
AlachiaQueen_UCMtD0xLX339zdD3yan8cg_gQ5GNQ73RM_240530_244258.wav,AlachiaQueen_UCMtD0xLX339zdD3yan8cg_gQ5GNQ73RM,240530,244258,3728
AlachiaQueen_UCMtD0xLX339zdD3yan8cg_gQ5GNQ73RM_244538_250294.wav,AlachiaQueen_UCMtD0xLX339zdD3yan8cg_gQ5GNQ73RM,244538,250294,5756
AlachiaQueen_UCMtD0xLX339zdD3yan8cg_gQ5GNQ73RM_250574_250754.wav,AlachiaQueen_UCMtD0xLX339zdD3yan8cg_gQ5GNQ73RM,250574,250754,180
AlachiaQueen_UCMtD0xLX339zdD3yan8cg_gQ5GNQ73RM_251122_255626.wav,AlachiaQueen_UCMtD0xLX339zdD3yan8cg_gQ5GNQ73RM,251122,255626,4504
AlachiaQueen_UCMtD0xLX339zdD3yan8cg_gQ5GNQ73RM_256178_262586.wav,AlachiaQueen_UCMtD0xLX339zdD3yan8cg_gQ5GNQ73RM,256178,262586,6408
AlachiaQueen_UCMtD0xLX339zdD3yan8cg_gQ5GNQ73RM_263026_264506.wav,AlachiaQueen_UCMtD0xLX339zdD3yan8cg_gQ5GNQ73RM,263026,264506,1480
AlachiaQueen_UCMtD0xLX339zdD3yan8cg_gQ5GNQ73RM_265226_269258.wav,AlachiaQueen_UCMtD0xLX339zdD3yan8cg_gQ5GNQ73RM,265226,269258,4032
AlachiaQueen_UCMtD0xLX339zdD3yan8cg_gQ5GNQ73RM_269562_277994.wav,AlachiaQueen_UCMtD0xLX339zdD3yan8cg_gQ5GNQ73RM,269562,277994,8432
AlachiaQueen_UCMtD0xLX339zdD3yan8cg_gQ5GNQ73RM_278282_282538.wav,AlachiaQueen_UCMtD0xLX339zdD3yan8cg_gQ5GNQ73RM,278282,282538,4256
AlachiaQueen_UCMtD0xLX339zdD3yan8cg_gQ5GNQ73RM_282834_284770.wav,AlachiaQueen_UCMtD0xLX339zdD3yan8cg_gQ5GNQ73RM,282834,284770,1936
AlachiaQueen_UCMtD0xLX339zdD3yan8cg_gQ5GNQ73RM_285162_286986.wav,AlachiaQueen_UCMtD0xLX339zdD3yan8cg_gQ5GNQ73RM,285162,286986,1824
AlachiaQueen_UCMtD0xLX339zdD3yan8cg_gQ5GNQ73RM_287762_294662.wav,AlachiaQueen_UCMtD0xLX339zdD3yan8cg_gQ5GNQ73RM,287762,294662,6900
AlachiaQueen_UCMtD0xLX339zdD3yan8cg_gQ5GNQ73RM_294822_298278.wav,AlachiaQueen_UCMtD0xLX339zdD3yan8cg_gQ5GNQ73RM,294822,298278,3456
AlachiaQueen_UCMtD0xLX339zdD3yan8cg_gQ5GNQ73RM_298446_299194.wav,AlachiaQueen_UCMtD0xLX339zdD3yan8cg_gQ5GNQ73RM,298446,299194,748
AlachiaQueen_UCMtD0xLX339zdD3yan8cg_gQ5GNQ73RM_299506_307618.wav,AlachiaQueen_UCMtD0xLX339zdD3yan8cg_gQ5GNQ73RM,299506,307618,8112
AlachiaQueen_UCMtD0xLX339zdD3yan8cg_gQ5GNQ73RM_308010_311090.wav,AlachiaQueen_UCMtD0xLX339zdD3yan8cg_gQ5GNQ73RM,308010,311090,3080
AlachiaQueen_UCMtD0xLX339zdD3yan8cg_gQ5GNQ73RM_311698_312274.wav,AlachiaQueen_UCMtD0xLX339zdD3yan8cg_gQ5GNQ73RM,311698,312274,576
AlachiaQueen_UCMtD0xLX339zdD3yan8cg_gQ5GNQ73RM_312538_317874.wav,AlachiaQueen_UCMtD0xLX339zdD3yan8cg_gQ5GNQ73RM,312538,317874,5336
AlachiaQueen_UCMtD0xLX339zdD3yan8cg_gQ5GNQ73RM_318554_324818.wav,AlachiaQueen_UCMtD0xLX339zdD3yan8cg_gQ5GNQ73RM,318554,324818,6264
AlachiaQueen_UCMtD0xLX339zdD3yan8cg_gQ5GNQ73RM_325098_327346.wav,AlachiaQueen_UCMtD0xLX339zdD3yan8cg_gQ5GNQ73RM,325098,327346,2248
AlachiaQueen_UCMtD0xLX339zdD3yan8cg_gQ5GNQ73RM_328258_339036.wav,AlachiaQueen_UCMtD0xLX339zdD3yan8cg_gQ5GNQ73RM,328258,339036,10778
AlachiaQueen_UCMtD0xLX339zdD3yan8cg_gQ5GNQ73RM_339236_341592.wav,AlachiaQueen_UCMtD0xLX339zdD3yan8cg_gQ5GNQ73RM,339236,341592,2356
AlachiaQueen_UCMtD0xLX339zdD3yan8cg_gQ5GNQ73RM_341720_342952.wav,AlachiaQueen_UCMtD0xLX339zdD3yan8cg_gQ5GNQ73RM,341720,342952,1232
AlachiaQueen_UCMtD0xLX339zdD3yan8cg_gQ5GNQ73RM_343080_351972.wav,AlachiaQueen_UCMtD0xLX339zdD3yan8cg_gQ5GNQ73RM,343080,351972,8892
AlachiaQueen_UCMtD0xLX339zdD3yan8cg_gQ5GNQ73RM_352212_352406.wav,AlachiaQueen_UCMtD0xLX339zdD3yan8cg_gQ5GNQ73RM,352212,352406,194
AlachiaQueen_UCMtD0xLX339zdD3yan8cg_gQ5GNQ73RM_352710_362312.wav,AlachiaQueen_UCMtD0xLX339zdD3yan8cg_gQ5GNQ73RM,352710,362312,9602
AlachiaQueen_UCMtD0xLX339zdD3yan8cg_gQ5GNQ73RM_362512_368810.wav,AlachiaQueen_UCMtD0xLX339zdD3yan8cg_gQ5GNQ73RM,362512,368810,6298
AlachiaQueen_UCMtD0xLX339zdD3yan8cg_gQ5GNQ73RM_369322_376658.wav,AlachiaQueen_UCMtD0xLX339zdD3yan8cg_gQ5GNQ73RM,369322,376658,7336
AlachiaQueen_UCMtD0xLX339zdD3yan8cg_gQ5GNQ73RM_377970_382010.wav,AlachiaQueen_UCMtD0xLX339zdD3yan8cg_gQ5GNQ73RM,377970,382010,4040
AlachiaQueen_UCMtD0xLX339zdD3yan8cg_gQ5GNQ73RM_382370_383994.wav,AlachiaQueen_UCMtD0xLX339zdD3yan8cg_gQ5GNQ73RM,382370,383994,1624
AlachiaQueen_UCMtD0xLX339zdD3yan8cg_gQ5GNQ73RM_384802_388154.wav,AlachiaQueen_UCMtD0xLX339zdD3yan8cg_gQ5GNQ73RM,384802,388154,3352
AlachiaQueen_UCMtD0xLX339zdD3yan8cg_gQ5GNQ73RM_388514_392530.wav,AlachiaQueen_UCMtD0xLX339zdD3yan8cg_gQ5GNQ73RM,388514,392530,4016
AlachiaQueen_UCMtD0xLX339zdD3yan8cg_gQ5GNQ73RM_392962_393378.wav,AlachiaQueen_UCMtD0xLX339zdD3yan8cg_gQ5GNQ73RM,392962,393378,416
AlachiaQueen_UCMtD0xLX339zdD3yan8cg_gQ5GNQ73RM_393642_400474.wav,AlachiaQueen_UCMtD0xLX339zdD3yan8cg_gQ5GNQ73RM,393642,400474,6832
AlachiaQueen_UCMtD0xLX339zdD3yan8cg_gQ5GNQ73RM_400730_406418.wav,AlachiaQueen_UCMtD0xLX339zdD3yan8cg_gQ5GNQ73RM,400730,406418,5688
AlachiaQueen_UCMtD0xLX339zdD3yan8cg_gQ5GNQ73RM_407346_407970.wav,AlachiaQueen_UCMtD0xLX339zdD3yan8cg_gQ5GNQ73RM,407346,407970,624
AlachiaQueen_UCMtD0xLX339zdD3yan8cg_gQ5GNQ73RM_408370_408980.wav,AlachiaQueen_UCMtD0xLX339zdD3yan8cg_gQ5GNQ73RM,408370,408980,610
AlachiaQueen_UCMtD0xLX339zdD3yan8cg_gQ5GNQ73RM_409148_409292.wav,AlachiaQueen_UCMtD0xLX339zdD3yan8cg_gQ5GNQ73RM,409148,409292,144
AlachiaQueen_UCMtD0xLX339zdD3yan8cg_gQ5GNQ73RM_409460_417908.wav,AlachiaQueen_UCMtD0xLX339zdD3yan8cg_gQ5GNQ73RM,409460,417908,8448
AlachiaQueen_UCMtD0xLX339zdD3yan8cg_gQ5GNQ73RM_418076_420468.wav,AlachiaQueen_UCMtD0xLX339zdD3yan8cg_gQ5GNQ73RM,418076,420468,2392
AlachiaQueen_UCMtD0xLX339zdD3yan8cg_gQ5GNQ73RM_420620_424862.wav,AlachiaQueen_UCMtD0xLX339zdD3yan8cg_gQ5GNQ73RM,420620,424862,4242
AlachiaQueen_UCMtD0xLX339zdD3yan8cg_gQ5GNQ73RM_425054_428422.wav,AlachiaQueen_UCMtD0xLX339zdD3yan8cg_gQ5GNQ73RM,425054,428422,3368
AlachiaQueen_UCMtD0xLX339zdD3yan8cg_gQ5GNQ73RM_428622_429362.wav,AlachiaQueen_UCMtD0xLX339zdD3yan8cg_gQ5GNQ73RM,428622,429362,740
AlachiaQueen_UCMtD0xLX339zdD3yan8cg_gQ5GNQ73RM_430386_433674.wav,AlachiaQueen_UCMtD0xLX339zdD3yan8cg_gQ5GNQ73RM,430386,433674,3288
AlachiaQueen_UCMtD0xLX339zdD3yan8cg_gQ5GNQ73RM_434410_436170.wav,AlachiaQueen_UCMtD0xLX339zdD3yan8cg_gQ5GNQ73RM,434410,436170,1760
AlachiaQueen_UCMtD0xLX339zdD3yan8cg_gQ5GNQ73RM_437074_440142.wav,AlachiaQueen_UCMtD0xLX339zdD3yan8cg_gQ5GNQ73RM,437074,440142,3068
AlachiaQueen_UCMtD0xLX339zdD3yan8cg_gQ5GNQ73RM_440302_444198.wav,AlachiaQueen_UCMtD0xLX339zdD3yan8cg_gQ5GNQ73RM,440302,444198,3896
AlachiaQueen_UCMtD0xLX339zdD3yan8cg_gQ5GNQ73RM_444358_447614.wav,AlachiaQueen_UCMtD0xLX339zdD3yan8cg_gQ5GNQ73RM,444358,447614,3256
AlachiaQueen_UCMtD0xLX339zdD3yan8cg_gQ5GNQ73RM_447790_449190.wav,AlachiaQueen_UCMtD0xLX339zdD3yan8cg_gQ5GNQ73RM,447790,449190,1400
AlachiaQueen_UCMtD0xLX339zdD3yan8cg_gQ5GNQ73RM_449374_455826.wav,AlachiaQueen_UCMtD0xLX339zdD3yan8cg_gQ5GNQ73RM,449374,455826,6452
AlachiaQueen_UCMtD0xLX339zdD3yan8cg_gQ5GNQ73RM_456210_459042.wav,AlachiaQueen_UCMtD0xLX339zdD3yan8cg_gQ5GNQ73RM,456210,459042,2832
AlachiaQueen_UCMtD0xLX339zdD3yan8cg_gQ5GNQ73RM_459250_467306.wav,AlachiaQueen_UCMtD0xLX339zdD3yan8cg_gQ5GNQ73RM,459250,467306,8056
AlachiaQueen_UCMtD0xLX339zdD3yan8cg_gQ5GNQ73RM_467434_468234.wav,AlachiaQueen_UCMtD0xLX339zdD3yan8cg_gQ5GNQ73RM,467434,468234,800
AlachiaQueen_UCMtD0xLX339zdD3yan8cg_gQ5GNQ73RM_468370_477698.wav,AlachiaQueen_UCMtD0xLX339zdD3yan8cg_gQ5GNQ73RM,468370,477698,9328
AlachiaQueen_UCMtD0xLX339zdD3yan8cg_gQ5GNQ73RM_478170_480410.wav,AlachiaQueen_UCMtD0xLX339zdD3yan8cg_gQ5GNQ73RM,478170,480410,2240
AlachiaQueen_UCMtD0xLX339zdD3yan8cg_gQ5GNQ73RM_480778_484978.wav,AlachiaQueen_UCMtD0xLX339zdD3yan8cg_gQ5GNQ73RM,480778,484978,4200
AlachiaQueen_UCMtD0xLX339zdD3yan8cg_gQ5GNQ73RM_485818_487106.wav,AlachiaQueen_UCMtD0xLX339zdD3yan8cg_gQ5GNQ73RM,485818,487106,1288
AlachiaQueen_UCMtD0xLX339zdD3yan8cg_gQ5GNQ73RM_487682_492098.wav,AlachiaQueen_UCMtD0xLX339zdD3yan8cg_gQ5GNQ73RM,487682,492098,4416
AlachiaQueen_UCMtD0xLX339zdD3yan8cg_gQ5GNQ73RM_492226_495130.wav,AlachiaQueen_UCMtD0xLX339zdD3yan8cg_gQ5GNQ73RM,492226,495130,2904
AlachiaQueen_UCMtD0xLX339zdD3yan8cg_gQ5GNQ73RM_495258_499210.wav,AlachiaQueen_UCMtD0xLX339zdD3yan8cg_gQ5GNQ73RM,495258,499210,3952
AlachiaQueen_UCMtD0xLX339zdD3yan8cg_gQ5GNQ73RM_499578_501218.wav,AlachiaQueen_UCMtD0xLX339zdD3yan8cg_gQ5GNQ73RM,499578,501218,1640
AlachiaQueen_UCMtD0xLX339zdD3yan8cg_gQ5GNQ73RM_501498_502902.wav,AlachiaQueen_UCMtD0xLX339zdD3yan8cg_gQ5GNQ73RM,501498,502902,1404
AlachiaQueen_UCMtD0xLX339zdD3yan8cg_gQ5GNQ73RM_503254_506136.wav,AlachiaQueen_UCMtD0xLX339zdD3yan8cg_gQ5GNQ73RM,503254,506136,2882
AlachiaQueen_UCMtD0xLX339zdD3yan8cg_gQ5GNQ73RM_506416_512762.wav,AlachiaQueen_UCMtD0xLX339zdD3yan8cg_gQ5GNQ73RM,506416,512762,6346
AlachiaQueen_UCMtD0xLX339zdD3yan8cg_gQ5GNQ73RM_513082_513618.wav,AlachiaQueen_UCMtD0xLX339zdD3yan8cg_gQ5GNQ73RM,513082,513618,536
AlachiaQueen_UCMtD0xLX339zdD3yan8cg_gQ5GNQ73RM_513914_517458.wav,AlachiaQueen_UCMtD0xLX339zdD3yan8cg_gQ5GNQ73RM,513914,517458,3544
AlachiaQueen_UCMtD0xLX339zdD3yan8cg_gQ5GNQ73RM_518362_523234.wav,AlachiaQueen_UCMtD0xLX339zdD3yan8cg_gQ5GNQ73RM,518362,523234,4872
AlachiaQueen_UCMtD0xLX339zdD3yan8cg_gQ5GNQ73RM_524194_531498.wav,AlachiaQueen_UCMtD0xLX339zdD3yan8cg_gQ5GNQ73RM,524194,531498,7304
AlachiaQueen_UCMtD0xLX339zdD3yan8cg_gQ5GNQ73RM_531906_533658.wav,AlachiaQueen_UCMtD0xLX339zdD3yan8cg_gQ5GNQ73RM,531906,533658,1752
AlachiaQueen_UCMtD0xLX339zdD3yan8cg_gQ5GNQ73RM_533938_536426.wav,AlachiaQueen_UCMtD0xLX339zdD3yan8cg_gQ5GNQ73RM,533938,536426,2488
AlachiaQueen_UCMtD0xLX339zdD3yan8cg_gQ5GNQ73RM_537002_539018.wav,AlachiaQueen_UCMtD0xLX339zdD3yan8cg_gQ5GNQ73RM,537002,539018,2016
AlachiaQueen_UCMtD0xLX339zdD3yan8cg_gQ5GNQ73RM_539818_545114.wav,AlachiaQueen_UCMtD0xLX339zdD3yan8cg_gQ5GNQ73RM,539818,545114,5296
AlachiaQueen_UCMtD0xLX339zdD3yan8cg_gQ5GNQ73RM_546770_555698.wav,AlachiaQueen_UCMtD0xLX339zdD3yan8cg_gQ5GNQ73RM,546770,555698,8928
AlachiaQueen_UCMtD0xLX339zdD3yan8cg_gQ5GNQ73RM_556466_564290.wav,AlachiaQueen_UCMtD0xLX339zdD3yan8cg_gQ5GNQ73RM,556466,564290,7824
AlachiaQueen_UCMtD0xLX339zdD3yan8cg_gQ5GNQ73RM_565282_568882.wav,AlachiaQueen_UCMtD0xLX339zdD3yan8cg_gQ5GNQ73RM,565282,568882,3600
AlachiaQueen_UCMtD0xLX339zdD3yan8cg_gQ5GNQ73RM_569202_574082.wav,AlachiaQueen_UCMtD0xLX339zdD3yan8cg_gQ5GNQ73RM,569202,574082,4880
AlachiaQueen_UCMtD0xLX339zdD3yan8cg_gQ5GNQ73RM_574698_577402.wav,AlachiaQueen_UCMtD0xLX339zdD3yan8cg_gQ5GNQ73RM,574698,577402,2704
AlachiaQueen_UCMtD0xLX339zdD3yan8cg_gQ5GNQ73RM_578122_585986.wav,AlachiaQueen_UCMtD0xLX339zdD3yan8cg_gQ5GNQ73RM,578122,585986,7864
AlachiaQueen_UCMtD0xLX339zdD3yan8cg_gQ5GNQ73RM_586418_586562.wav,AlachiaQueen_UCMtD0xLX339zdD3yan8cg_gQ5GNQ73RM,586418,586562,144
AlachiaQueen_UCMtD0xLX339zdD3yan8cg_gQ5GNQ73RM_586874_595774.wav,AlachiaQueen_UCMtD0xLX339zdD3yan8cg_gQ5GNQ73RM,586874,595774,8900
AlachiaQueen_UCMtD0xLX339zdD3yan8cg_gQ5GNQ73RM_595966_606866.wav,AlachiaQueen_UCMtD0xLX339zdD3yan8cg_gQ5GNQ73RM,595966,606866,10900
AlachiaQueen_UCMtD0xLX339zdD3yan8cg_gQ5GNQ73RM_607994_615474.wav,AlachiaQueen_UCMtD0xLX339zdD3yan8cg_gQ5GNQ73RM,607994,615474,7480
AlachiaQueen_UCMtD0xLX339zdD3yan8cg_gQ5GNQ73RM_615706_615994.wav,AlachiaQueen_UCMtD0xLX339zdD3yan8cg_gQ5GNQ73RM,615706,615994,288
AlachiaQueen_UCMtD0xLX339zdD3yan8cg_gQ5GNQ73RM_616682_623990.wav,AlachiaQueen_UCMtD0xLX339zdD3yan8cg_gQ5GNQ73RM,616682,623990,7308
AlachiaQueen_UCMtD0xLX339zdD3yan8cg_gQ5GNQ73RM_624150_625794.wav,AlachiaQueen_UCMtD0xLX339zdD3yan8cg_gQ5GNQ73RM,624150,625794,1644
AlachiaQueen_UCMtD0xLX339zdD3yan8cg_gQ5GNQ73RM_626338_633026.wav,AlachiaQueen_UCMtD0xLX339zdD3yan8cg_gQ5GNQ73RM,626338,633026,6688
AlachiaQueen_UCMtD0xLX339zdD3yan8cg_gQ5GNQ73RM_633402_633634.wav,AlachiaQueen_UCMtD0xLX339zdD3yan8cg_gQ5GNQ73RM,633402,633634,232
AlachiaQueen_UCMtD0xLX339zdD3yan8cg_gQ5GNQ73RM_634258_635730.wav,AlachiaQueen_UCMtD0xLX339zdD3yan8cg_gQ5GNQ73RM,634258,635730,1472
AlachiaQueen_UCMtD0xLX339zdD3yan8cg_gQ5GNQ73RM_636522_639898.wav,AlachiaQueen_UCMtD0xLX339zdD3yan8cg_gQ5GNQ73RM,636522,639898,3376
AlachiaQueen_UCMtD0xLX339zdD3yan8cg_gQ5GNQ73RM_640146_648234.wav,AlachiaQueen_UCMtD0xLX339zdD3yan8cg_gQ5GNQ73RM,640146,648234,8088
AlachiaQueen_UCMtD0xLX339zdD3yan8cg_gQ5GNQ73RM_648386_649210.wav,AlachiaQueen_UCMtD0xLX339zdD3yan8cg_gQ5GNQ73RM,648386,649210,824
AlachiaQueen_UCMtD0xLX339zdD3yan8cg_gQ5GNQ73RM_649362_651770.wav,AlachiaQueen_UCMtD0xLX339zdD3yan8cg_gQ5GNQ73RM,649362,651770,2408
AlachiaQueen_UCMtD0xLX339zdD3yan8cg_gQ5GNQ73RM_651946_657290.wav,AlachiaQueen_UCMtD0xLX339zdD3yan8cg_gQ5GNQ73RM,651946,657290,5344
AlachiaQueen_UCMtD0xLX339zdD3yan8cg_gQ5GNQ73RM_657794_665418.wav,AlachiaQueen_UCMtD0xLX339zdD3yan8cg_gQ5GNQ73RM,657794,665418,7624
AlachiaQueen_UCMtD0xLX339zdD3yan8cg_gQ5GNQ73RM_665666_668138.wav,AlachiaQueen_UCMtD0xLX339zdD3yan8cg_gQ5GNQ73RM,665666,668138,2472
AlachiaQueen_UCMtD0xLX339zdD3yan8cg_gQ5GNQ73RM_668434_670602.wav,AlachiaQueen_UCMtD0xLX339zdD3yan8cg_gQ5GNQ73RM,668434,670602,2168
AlachiaQueen_UCMtD0xLX339zdD3yan8cg_gQ5GNQ73RM_671602_677966.wav,AlachiaQueen_UCMtD0xLX339zdD3yan8cg_gQ5GNQ73RM,671602,677966,6364
AlachiaQueen_UCMtD0xLX339zdD3yan8cg_gQ5GNQ73RM_678134_681826.wav,AlachiaQueen_UCMtD0xLX339zdD3yan8cg_gQ5GNQ73RM,678134,681826,3692
AlachiaQueen_UCMtD0xLX339zdD3yan8cg_gQ5GNQ73RM_682474_685954.wav,AlachiaQueen_UCMtD0xLX339zdD3yan8cg_gQ5GNQ73RM,682474,685954,3480
AlachiaQueen_UCMtD0xLX339zdD3yan8cg_gQ5GNQ73RM_686234_688650.wav,AlachiaQueen_UCMtD0xLX339zdD3yan8cg_gQ5GNQ73RM,686234,688650,2416
AlachiaQueen_UCMtD0xLX339zdD3yan8cg_gQ5GNQ73RM_688938_692130.wav,AlachiaQueen_UCMtD0xLX339zdD3yan8cg_gQ5GNQ73RM,688938,692130,3192
AlachiaQueen_UCMtD0xLX339zdD3yan8cg_gQ5GNQ73RM_692386_698378.wav,AlachiaQueen_UCMtD0xLX339zdD3yan8cg_gQ5GNQ73RM,692386,698378,5992
AlachiaQueen_UCMtD0xLX339zdD3yan8cg_gQ5GNQ73RM_698666_699914.wav,AlachiaQueen_UCMtD0xLX339zdD3yan8cg_gQ5GNQ73RM,698666,699914,1248
AlachiaQueen_UCMtD0xLX339zdD3yan8cg_gQ5GNQ73RM_700426_707818.wav,AlachiaQueen_UCMtD0xLX339zdD3yan8cg_gQ5GNQ73RM,700426,707818,7392
AlachiaQueen_UCMtD0xLX339zdD3yan8cg_gQ5GNQ73RM_708538_714466.wav,AlachiaQueen_UCMtD0xLX339zdD3yan8cg_gQ5GNQ73RM,708538,714466,5928
AlachiaQueen_UCMtD0xLX339zdD3yan8cg_gQ5GNQ73RM_714802_716130.wav,AlachiaQueen_UCMtD0xLX339zdD3yan8cg_gQ5GNQ73RM,714802,716130,1328
AlachiaQueen_UCMtD0xLX339zdD3yan8cg_gQ5GNQ73RM_717082_717546.wav,AlachiaQueen_UCMtD0xLX339zdD3yan8cg_gQ5GNQ73RM,717082,717546,464
AlachiaQueen_UCMtD0xLX339zdD3yan8cg_gQ5GNQ73RM_718058_720834.wav,AlachiaQueen_UCMtD0xLX339zdD3yan8cg_gQ5GNQ73RM,718058,720834,2776
AlachiaQueen_UCMtD0xLX339zdD3yan8cg_gQ5GNQ73RM_721466_725162.wav,AlachiaQueen_UCMtD0xLX339zdD3yan8cg_gQ5GNQ73RM,721466,725162,3696
AlachiaQueen_UCMtD0xLX339zdD3yan8cg_gQ5GNQ73RM_725882_726170.wav,AlachiaQueen_UCMtD0xLX339zdD3yan8cg_gQ5GNQ73RM,725882,726170,288
AlachiaQueen_UCMtD0xLX339zdD3yan8cg_gQ5GNQ73RM_727418_729122.wav,AlachiaQueen_UCMtD0xLX339zdD3yan8cg_gQ5GNQ73RM,727418,729122,1704
AlachiaQueen_UCMtD0xLX339zdD3yan8cg_gQ5GNQ73RM_729618_731522.wav,AlachiaQueen_UCMtD0xLX339zdD3yan8cg_gQ5GNQ73RM,729618,731522,1904
AlachiaQueen_UCMtD0xLX339zdD3yan8cg_gQ5GNQ73RM_733450_739738.wav,AlachiaQueen_UCMtD0xLX339zdD3yan8cg_gQ5GNQ73RM,733450,739738,6288
AlachiaQueen_UCMtD0xLX339zdD3yan8cg_gQ5GNQ73RM_740298_743410.wav,AlachiaQueen_UCMtD0xLX339zdD3yan8cg_gQ5GNQ73RM,740298,743410,3112
AlachiaQueen_UCMtD0xLX339zdD3yan8cg_gQ5GNQ73RM_743810_747690.wav,AlachiaQueen_UCMtD0xLX339zdD3yan8cg_gQ5GNQ73RM,743810,747690,3880
AlachiaQueen_UCMtD0xLX339zdD3yan8cg_gQ5GNQ73RM_748338_751646.wav,AlachiaQueen_UCMtD0xLX339zdD3yan8cg_gQ5GNQ73RM,748338,751646,3308
AlachiaQueen_UCMtD0xLX339zdD3yan8cg_gQ5GNQ73RM_751854_756570.wav,AlachiaQueen_UCMtD0xLX339zdD3yan8cg_gQ5GNQ73RM,751854,756570,4716
AlachiaQueen_UCMtD0xLX339zdD3yan8cg_gQ5GNQ73RM_757178_765462.wav,AlachiaQueen_UCMtD0xLX339zdD3yan8cg_gQ5GNQ73RM,757178,765462,8284
AlachiaQueen_UCMtD0xLX339zdD3yan8cg_gQ5GNQ73RM_765694_768594.wav,AlachiaQueen_UCMtD0xLX339zdD3yan8cg_gQ5GNQ73RM,765694,768594,2900
AlachiaQueen_UCMtD0xLX339zdD3yan8cg_gQ5GNQ73RM_769042_769194.wav,AlachiaQueen_UCMtD0xLX339zdD3yan8cg_gQ5GNQ73RM,769042,769194,152
AlachiaQueen_UCMtD0xLX339zdD3yan8cg_gQ5GNQ73RM_769546_774538.wav,AlachiaQueen_UCMtD0xLX339zdD3yan8cg_gQ5GNQ73RM,769546,774538,4992
AlachiaQueen_UCMtD0xLX339zdD3yan8cg_gQ5GNQ73RM_774938_777242.wav,AlachiaQueen_UCMtD0xLX339zdD3yan8cg_gQ5GNQ73RM,774938,777242,2304
AlachiaQueen_UCMtD0xLX339zdD3yan8cg_gQ5GNQ73RM_777650_778490.wav,AlachiaQueen_UCMtD0xLX339zdD3yan8cg_gQ5GNQ73RM,777650,778490,840
AlachiaQueen_UCMtD0xLX339zdD3yan8cg_gQ5GNQ73RM_778962_779986.wav,AlachiaQueen_UCMtD0xLX339zdD3yan8cg_gQ5GNQ73RM,778962,779986,1024
AlachiaQueen_UCMtD0xLX339zdD3yan8cg_gQ5GNQ73RM_780498_783786.wav,AlachiaQueen_UCMtD0xLX339zdD3yan8cg_gQ5GNQ73RM,780498,783786,3288
AlachiaQueen_UCMtD0xLX339zdD3yan8cg_gQ5GNQ73RM_784674_785546.wav,AlachiaQueen_UCMtD0xLX339zdD3yan8cg_gQ5GNQ73RM,784674,785546,872
AlachiaQueen_UCMtD0xLX339zdD3yan8cg_gQ5GNQ73RM_785970_795650.wav,AlachiaQueen_UCMtD0xLX339zdD3yan8cg_gQ5GNQ73RM,785970,795650,9680
AlachiaQueen_UCMtD0xLX339zdD3yan8cg_gQ5GNQ73RM_796058_796882.wav,AlachiaQueen_UCMtD0xLX339zdD3yan8cg_gQ5GNQ73RM,796058,796882,824
AlachiaQueen_UCMtD0xLX339zdD3yan8cg_gQ5GNQ73RM_797258_804370.wav,AlachiaQueen_UCMtD0xLX339zdD3yan8cg_gQ5GNQ73RM,797258,804370,7112
AlachiaQueen_UCMtD0xLX339zdD3yan8cg_gQ5GNQ73RM_804794_812506.wav,AlachiaQueen_UCMtD0xLX339zdD3yan8cg_gQ5GNQ73RM,804794,812506,7712
AlachiaQueen_UCMtD0xLX339zdD3yan8cg_gQ5GNQ73RM_812962_820634.wav,AlachiaQueen_UCMtD0xLX339zdD3yan8cg_gQ5GNQ73RM,812962,820634,7672
AlachiaQueen_UCMtD0xLX339zdD3yan8cg_gQ5GNQ73RM_820938_824882.wav,AlachiaQueen_UCMtD0xLX339zdD3yan8cg_gQ5GNQ73RM,820938,824882,3944
AlachiaQueen_UCMtD0xLX339zdD3yan8cg_gQ5GNQ73RM_825162_826706.wav,AlachiaQueen_UCMtD0xLX339zdD3yan8cg_gQ5GNQ73RM,825162,826706,1544
AlachiaQueen_UCMtD0xLX339zdD3yan8cg_gQ5GNQ73RM_827586_835106.wav,AlachiaQueen_UCMtD0xLX339zdD3yan8cg_gQ5GNQ73RM,827586,835106,7520
AlachiaQueen_UCMtD0xLX339zdD3yan8cg_gQ5GNQ73RM_835594_840838.wav,AlachiaQueen_UCMtD0xLX339zdD3yan8cg_gQ5GNQ73RM,835594,840838,5244
AlachiaQueen_UCMtD0xLX339zdD3yan8cg_gQ5GNQ73RM_841062_846950.wav,AlachiaQueen_UCMtD0xLX339zdD3yan8cg_gQ5GNQ73RM,841062,846950,5888
AlachiaQueen_UCMtD0xLX339zdD3yan8cg_gQ5GNQ73RM_847190_852278.wav,AlachiaQueen_UCMtD0xLX339zdD3yan8cg_gQ5GNQ73RM,847190,852278,5088
AlachiaQueen_UCMtD0xLX339zdD3yan8cg_gQ5GNQ73RM_852478_858910.wav,AlachiaQueen_UCMtD0xLX339zdD3yan8cg_gQ5GNQ73RM,852478,858910,6432
AlachiaQueen_UCMtD0xLX339zdD3yan8cg_gQ5GNQ73RM_859158_863506.wav,AlachiaQueen_UCMtD0xLX339zdD3yan8cg_gQ5GNQ73RM,859158,863506,4348
AlachiaQueen_UCMtD0xLX339zdD3yan8cg_gQ5GNQ73RM_863866_867362.wav,AlachiaQueen_UCMtD0xLX339zdD3yan8cg_gQ5GNQ73RM,863866,867362,3496
AlachiaQueen_UCMtD0xLX339zdD3yan8cg_gQ5GNQ73RM_868178_870674.wav,AlachiaQueen_UCMtD0xLX339zdD3yan8cg_gQ5GNQ73RM,868178,870674,2496
AlachiaQueen_UCMtD0xLX339zdD3yan8cg_gQ5GNQ73RM_870978_876698.wav,AlachiaQueen_UCMtD0xLX339zdD3yan8cg_gQ5GNQ73RM,870978,876698,5720
AlachiaQueen_UCMtD0xLX339zdD3yan8cg_gQ5GNQ73RM_877018_879838.wav,AlachiaQueen_UCMtD0xLX339zdD3yan8cg_gQ5GNQ73RM,877018,879838,2820
AlachiaQueen_UCMtD0xLX339zdD3yan8cg_gQ5GNQ73RM_880102_886872.wav,AlachiaQueen_UCMtD0xLX339zdD3yan8cg_gQ5GNQ73RM,880102,886872,6770
AlachiaQueen_UCMtD0xLX339zdD3yan8cg_gQ5GNQ73RM_887088_888056.wav,AlachiaQueen_UCMtD0xLX339zdD3yan8cg_gQ5GNQ73RM,887088,888056,968
AlachiaQueen_UCMtD0xLX339zdD3yan8cg_gQ5GNQ73RM_888272_892914.wav,AlachiaQueen_UCMtD0xLX339zdD3yan8cg_gQ5GNQ73RM,888272,892914,4642
AlachiaQueen_UCMtD0xLX339zdD3yan8cg_gQ5GNQ73RM_893466_902370.wav,AlachiaQueen_UCMtD0xLX339zdD3yan8cg_gQ5GNQ73RM,893466,902370,8904
AlachiaQueen_UCMtD0xLX339zdD3yan8cg_gQ5GNQ73RM_902522_908066.wav,AlachiaQueen_UCMtD0xLX339zdD3yan8cg_gQ5GNQ73RM,902522,908066,5544
AlachiaQueen_UCMtD0xLX339zdD3yan8cg_gQ5GNQ73RM_908258_909322.wav,AlachiaQueen_UCMtD0xLX339zdD3yan8cg_gQ5GNQ73RM,908258,909322,1064
AlachiaQueen_UCMtD0xLX339zdD3yan8cg_gQ5GNQ73RM_909458_920810.wav,AlachiaQueen_UCMtD0xLX339zdD3yan8cg_gQ5GNQ73RM,909458,920810,11352
AlachiaQueen_UCMtD0xLX339zdD3yan8cg_gQ5GNQ73RM_921418_923106.wav,AlachiaQueen_UCMtD0xLX339zdD3yan8cg_gQ5GNQ73RM,921418,923106,1688
AlachiaQueen_UCMtD0xLX339zdD3yan8cg_gQ5GNQ73RM_923458_925234.wav,AlachiaQueen_UCMtD0xLX339zdD3yan8cg_gQ5GNQ73RM,923458,925234,1776
AlachiaQueen_UCMtD0xLX339zdD3yan8cg_gQ5GNQ73RM_926154_931850.wav,AlachiaQueen_UCMtD0xLX339zdD3yan8cg_gQ5GNQ73RM,926154,931850,5696
AlachiaQueen_UCMtD0xLX339zdD3yan8cg_gQ5GNQ73RM_932586_937850.wav,AlachiaQueen_UCMtD0xLX339zdD3yan8cg_gQ5GNQ73RM,932586,937850,5264
AlachiaQueen_UCMtD0xLX339zdD3yan8cg_gQ5GNQ73RM_938610_941602.wav,AlachiaQueen_UCMtD0xLX339zdD3yan8cg_gQ5GNQ73RM,938610,941602,2992
AlachiaQueen_UCMtD0xLX339zdD3yan8cg_gQ5GNQ73RM_941906_942890.wav,AlachiaQueen_UCMtD0xLX339zdD3yan8cg_gQ5GNQ73RM,941906,942890,984
AlachiaQueen_UCMtD0xLX339zdD3yan8cg_gQ5GNQ73RM_943634_944426.wav,AlachiaQueen_UCMtD0xLX339zdD3yan8cg_gQ5GNQ73RM,943634,944426,792
AlachiaQueen_UCMtD0xLX339zdD3yan8cg_gQ5GNQ73RM_944746_947218.wav,AlachiaQueen_UCMtD0xLX339zdD3yan8cg_gQ5GNQ73RM,944746,947218,2472
AlachiaQueen_UCMtD0xLX339zdD3yan8cg_gQ5GNQ73RM_947498_949170.wav,AlachiaQueen_UCMtD0xLX339zdD3yan8cg_gQ5GNQ73RM,947498,949170,1672
AlachiaQueen_UCMtD0xLX339zdD3yan8cg_gQ5GNQ73RM_949626_951130.wav,AlachiaQueen_UCMtD0xLX339zdD3yan8cg_gQ5GNQ73RM,949626,951130,1504
AlachiaQueen_UCMtD0xLX339zdD3yan8cg_gQ5GNQ73RM_951394_955138.wav,AlachiaQueen_UCMtD0xLX339zdD3yan8cg_gQ5GNQ73RM,951394,955138,3744
AlachiaQueen_UCMtD0xLX339zdD3yan8cg_gQ5GNQ73RM_956138_957362.wav,AlachiaQueen_UCMtD0xLX339zdD3yan8cg_gQ5GNQ73RM,956138,957362,1224
AlachiaQueen_UCMtD0xLX339zdD3yan8cg_gQ5GNQ73RM_957642_961194.wav,AlachiaQueen_UCMtD0xLX339zdD3yan8cg_gQ5GNQ73RM,957642,961194,3552
AlachiaQueen_UCMtD0xLX339zdD3yan8cg_gQ5GNQ73RM_962082_966338.wav,AlachiaQueen_UCMtD0xLX339zdD3yan8cg_gQ5GNQ73RM,962082,966338,4256
AlachiaQueen_UCMtD0xLX339zdD3yan8cg_gQ5GNQ73RM_966554_970138.wav,AlachiaQueen_UCMtD0xLX339zdD3yan8cg_gQ5GNQ73RM,966554,970138,3584
AlachiaQueen_UCMtD0xLX339zdD3yan8cg_gQ5GNQ73RM_971058_972670.wav,AlachiaQueen_UCMtD0xLX339zdD3yan8cg_gQ5GNQ73RM,971058,972670,1612
AlachiaQueen_UCMtD0xLX339zdD3yan8cg_gQ5GNQ73RM_972822_980222.wav,AlachiaQueen_UCMtD0xLX339zdD3yan8cg_gQ5GNQ73RM,972822,980222,7400
AlachiaQueen_UCMtD0xLX339zdD3yan8cg_gQ5GNQ73RM_980406_980934.wav,AlachiaQueen_UCMtD0xLX339zdD3yan8cg_gQ5GNQ73RM,980406,980934,528
AlachiaQueen_UCMtD0xLX339zdD3yan8cg_gQ5GNQ73RM_981110_983554.wav,AlachiaQueen_UCMtD0xLX339zdD3yan8cg_gQ5GNQ73RM,981110,983554,2444
AlachiaQueen_UCMtD0xLX339zdD3yan8cg_gQ5GNQ73RM_984114_985826.wav,AlachiaQueen_UCMtD0xLX339zdD3yan8cg_gQ5GNQ73RM,984114,985826,1712
AlachiaQueen_UCMtD0xLX339zdD3yan8cg_gQ5GNQ73RM_986378_987378.wav,AlachiaQueen_UCMtD0xLX339zdD3yan8cg_gQ5GNQ73RM,986378,987378,1000
AlachiaQueen_UCMtD0xLX339zdD3yan8cg_gQ5GNQ73RM_988050_988802.wav,AlachiaQueen_UCMtD0xLX339zdD3yan8cg_gQ5GNQ73RM,988050,988802,752
AlachiaQueen_UCMtD0xLX339zdD3yan8cg_gQ5GNQ73RM_989666_992202.wav,AlachiaQueen_UCMtD0xLX339zdD3yan8cg_gQ5GNQ73RM,989666,992202,2536
AlachiaQueen_UCMtD0xLX339zdD3yan8cg_gQ5GNQ73RM_992434_999882.wav,AlachiaQueen_UCMtD0xLX339zdD3yan8cg_gQ5GNQ73RM,992434,999882,7448
AlachiaQueen_UCMtD0xLX339zdD3yan8cg_gQ5GNQ73RM_1000082_1001434.wav,AlachiaQueen_UCMtD0xLX339zdD3yan8cg_gQ5GNQ73RM,1000082,1001434,1352
AlachiaQueen_UCMtD0xLX339zdD3yan8cg_gQ5GNQ73RM_1002226_1005410.wav,AlachiaQueen_UCMtD0xLX339zdD3yan8cg_gQ5GNQ73RM,1002226,1005410,3184
AlachiaQueen_UCMtD0xLX339zdD3yan8cg_gQ5GNQ73RM_1005810_1009546.wav,AlachiaQueen_UCMtD0xLX339zdD3yan8cg_gQ5GNQ73RM,1005810,1009546,3736
AlachiaQueen_UCMtD0xLX339zdD3yan8cg_gQ5GNQ73RM_1010546_1013154.wav,AlachiaQueen_UCMtD0xLX339zdD3yan8cg_gQ5GNQ73RM,1010546,1013154,2608
AlachiaQueen_UCMtD0xLX339zdD3yan8cg_gQ5GNQ73RM_1013546_1017930.wav,AlachiaQueen_UCMtD0xLX339zdD3yan8cg_gQ5GNQ73RM,1013546,1017930,4384
AlachiaQueen_UCMtD0xLX339zdD3yan8cg_gQ5GNQ73RM_1018410_1025482.wav,AlachiaQueen_UCMtD0xLX339zdD3yan8cg_gQ5GNQ73RM,1018410,1025482,7072
AlachiaQueen_UCMtD0xLX339zdD3yan8cg_gQ5GNQ73RM_1026042_1030898.wav,AlachiaQueen_UCMtD0xLX339zdD3yan8cg_gQ5GNQ73RM,1026042,1030898,4856
AlachiaQueen_UCMtD0xLX339zdD3yan8cg_gQ5GNQ73RM_1031050_1034778.wav,AlachiaQueen_UCMtD0xLX339zdD3yan8cg_gQ5GNQ73RM,1031050,1034778,3728
AlachiaQueen_UCMtD0xLX339zdD3yan8cg_gQ5GNQ73RM_1035634_1040898.wav,AlachiaQueen_UCMtD0xLX339zdD3yan8cg_gQ5GNQ73RM,1035634,1040898,5264
AlachiaQueen_UCMtD0xLX339zdD3yan8cg_gQ5GNQ73RM_1041306_1048410.wav,AlachiaQueen_UCMtD0xLX339zdD3yan8cg_gQ5GNQ73RM,1041306,1048410,7104
AlachiaQueen_UCMtD0xLX339zdD3yan8cg_gQ5GNQ73RM_1048642_1049074.wav,AlachiaQueen_UCMtD0xLX339zdD3yan8cg_gQ5GNQ73RM,1048642,1049074,432
AlachiaQueen_UCMtD0xLX339zdD3yan8cg_gQ5GNQ73RM_1049314_1052970.wav,AlachiaQueen_UCMtD0xLX339zdD3yan8cg_gQ5GNQ73RM,1049314,1052970,3656
AlachiaQueen_UCMtD0xLX339zdD3yan8cg_gQ5GNQ73RM_1053186_1056810.wav,AlachiaQueen_UCMtD0xLX339zdD3yan8cg_gQ5GNQ73RM,1053186,1056810,3624
AlachiaQueen_UCMtD0xLX339zdD3yan8cg_gQ5GNQ73RM_1057442_1058202.wav,AlachiaQueen_UCMtD0xLX339zdD3yan8cg_gQ5GNQ73RM,1057442,1058202,760
AlachiaQueen_UCMtD0xLX339zdD3yan8cg_gQ5GNQ73RM_1058650_1061146.wav,AlachiaQueen_UCMtD0xLX339zdD3yan8cg_gQ5GNQ73RM,1058650,1061146,2496
AlachiaQueen_UCMtD0xLX339zdD3yan8cg_gQ5GNQ73RM_1061554_1064978.wav,AlachiaQueen_UCMtD0xLX339zdD3yan8cg_gQ5GNQ73RM,1061554,1064978,3424
AlachiaQueen_UCMtD0xLX339zdD3yan8cg_gQ5GNQ73RM_1065610_1070034.wav,AlachiaQueen_UCMtD0xLX339zdD3yan8cg_gQ5GNQ73RM,1065610,1070034,4424
AlachiaQueen_UCMtD0xLX339zdD3yan8cg_gQ5GNQ73RM_1070290_1070654.wav,AlachiaQueen_UCMtD0xLX339zdD3yan8cg_gQ5GNQ73RM,1070290,1070654,364
AlachiaQueen_UCMtD0xLX339zdD3yan8cg_gQ5GNQ73RM_1070854_1077454.wav,AlachiaQueen_UCMtD0xLX339zdD3yan8cg_gQ5GNQ73RM,1070854,1077454,6600
AlachiaQueen_UCMtD0xLX339zdD3yan8cg_gQ5GNQ73RM_1077654_1081042.wav,AlachiaQueen_UCMtD0xLX339zdD3yan8cg_gQ5GNQ73RM,1077654,1081042,3388
AlachiaQueen_UCMtD0xLX339zdD3yan8cg_gQ5GNQ73RM_1081402_1087258.wav,AlachiaQueen_UCMtD0xLX339zdD3yan8cg_gQ5GNQ73RM,1081402,1087258,5856
AlachiaQueen_UCMtD0xLX339zdD3yan8cg_gQ5GNQ73RM_1087666_1088890.wav,AlachiaQueen_UCMtD0xLX339zdD3yan8cg_gQ5GNQ73RM,1087666,1088890,1224
AlachiaQueen_UCMtD0xLX339zdD3yan8cg_gQ5GNQ73RM_1089234_1094362.wav,AlachiaQueen_UCMtD0xLX339zdD3yan8cg_gQ5GNQ73RM,1089234,1094362,5128
AlachiaQueen_UCMtD0xLX339zdD3yan8cg_gQ5GNQ73RM_1094722_1099466.wav,AlachiaQueen_UCMtD0xLX339zdD3yan8cg_gQ5GNQ73RM,1094722,1099466,4744
AlachiaQueen_UCMtD0xLX339zdD3yan8cg_gQ5GNQ73RM_1099834_1102602.wav,AlachiaQueen_UCMtD0xLX339zdD3yan8cg_gQ5GNQ73RM,1099834,1102602,2768
AlachiaQueen_UCMtD0xLX339zdD3yan8cg_gQ5GNQ73RM_1102922_1106026.wav,AlachiaQueen_UCMtD0xLX339zdD3yan8cg_gQ5GNQ73RM,1102922,1106026,3104
AlachiaQueen_UCMtD0xLX339zdD3yan8cg_gQ5GNQ73RM_1106850_1109982.wav,AlachiaQueen_UCMtD0xLX339zdD3yan8cg_gQ5GNQ73RM,1106850,1109982,3132
AlachiaQueen_UCMtD0xLX339zdD3yan8cg_gQ5GNQ73RM_1110214_1119592.wav,AlachiaQueen_UCMtD0xLX339zdD3yan8cg_gQ5GNQ73RM,1110214,1119592,9378
AlachiaQueen_UCMtD0xLX339zdD3yan8cg_gQ5GNQ73RM_1119768_1121466.wav,AlachiaQueen_UCMtD0xLX339zdD3yan8cg_gQ5GNQ73RM,1119768,1121466,1698
AlachiaQueen_UCMtD0xLX339zdD3yan8cg_gQ5GNQ73RM_1122202_1122626.wav,AlachiaQueen_UCMtD0xLX339zdD3yan8cg_gQ5GNQ73RM,1122202,1122626,424
AlachiaQueen_UCMtD0xLX339zdD3yan8cg_gQ5GNQ73RM_1122938_1129518.wav,AlachiaQueen_UCMtD0xLX339zdD3yan8cg_gQ5GNQ73RM,1122938,1129518,6580
AlachiaQueen_UCMtD0xLX339zdD3yan8cg_gQ5GNQ73RM_1129942_1132562.wav,AlachiaQueen_UCMtD0xLX339zdD3yan8cg_gQ5GNQ73RM,1129942,1132562,2620
AlachiaQueen_UCMtD0xLX339zdD3yan8cg_gQ5GNQ73RM_1133330_1139522.wav,AlachiaQueen_UCMtD0xLX339zdD3yan8cg_gQ5GNQ73RM,1133330,1139522,6192
AlachiaQueen_UCMtD0xLX339zdD3yan8cg_gQ5GNQ73RM_1140058_1141462.wav,AlachiaQueen_UCMtD0xLX339zdD3yan8cg_gQ5GNQ73RM,1140058,1141462,1404
AlachiaQueen_UCMtD0xLX339zdD3yan8cg_gQ5GNQ73RM_1141702_1143678.wav,AlachiaQueen_UCMtD0xLX339zdD3yan8cg_gQ5GNQ73RM,1141702,1143678,1976
AlachiaQueen_UCMtD0xLX339zdD3yan8cg_gQ5GNQ73RM_1143910_1150202.wav,AlachiaQueen_UCMtD0xLX339zdD3yan8cg_gQ5GNQ73RM,1143910,1150202,6292
AlachiaQueen_UCMtD0xLX339zdD3yan8cg_gQ5GNQ73RM_1150682_1152595.wav,AlachiaQueen_UCMtD0xLX339zdD3yan8cg_gQ5GNQ73RM,1150682,1152595,1913
AlachiaQueen_UCMtD0xLX339zdD3yan8cg_gQ5GNQ73RM_1152739_1155755.wav,AlachiaQueen_UCMtD0xLX339zdD3yan8cg_gQ5GNQ73RM,1152739,1155755,3016
AlachiaQueen_UCMtD0xLX339zdD3yan8cg_gQ5GNQ73RM_1155899_1163484.wav,AlachiaQueen_UCMtD0xLX339zdD3yan8cg_gQ5GNQ73RM,1155899,1163484,7585
AlachiaQueen_UCMtD0xLX339zdD3yan8cg_gQ5GNQ73RM_1163652_1164942.wav,AlachiaQueen_UCMtD0xLX339zdD3yan8cg_gQ5GNQ73RM,1163652,1164942,1290
AlachiaQueen_UCMtD0xLX339zdD3yan8cg_gQ5GNQ73RM_1165778_1169058.wav,AlachiaQueen_UCMtD0xLX339zdD3yan8cg_gQ5GNQ73RM,1165778,1169058,3280
AlachiaQueen_UCMtD0xLX339zdD3yan8cg_gQ5GNQ73RM_1169706_1172082.wav,AlachiaQueen_UCMtD0xLX339zdD3yan8cg_gQ5GNQ73RM,1169706,1172082,2376
AlachiaQueen_UCMtD0xLX339zdD3yan8cg_gQ5GNQ73RM_1172234_1178002.wav,AlachiaQueen_UCMtD0xLX339zdD3yan8cg_gQ5GNQ73RM,1172234,1178002,5768
AlachiaQueen_UCMtD0xLX339zdD3yan8cg_gQ5GNQ73RM_1178706_1185578.wav,AlachiaQueen_UCMtD0xLX339zdD3yan8cg_gQ5GNQ73RM,1178706,1185578,6872
AlachiaQueen_UCMtD0xLX339zdD3yan8cg_gQ5GNQ73RM_1185850_1189226.wav,AlachiaQueen_UCMtD0xLX339zdD3yan8cg_gQ5GNQ73RM,1185850,1189226,3376
AlachiaQueen_UCMtD0xLX339zdD3yan8cg_gQ5GNQ73RM_1189562_1189698.wav,AlachiaQueen_UCMtD0xLX339zdD3yan8cg_gQ5GNQ73RM,1189562,1189698,136
AlachiaQueen_UCMtD0xLX339zdD3yan8cg_gQ5GNQ73RM_1190074_1191674.wav,AlachiaQueen_UCMtD0xLX339zdD3yan8cg_gQ5GNQ73RM,1190074,1191674,1600
AlachiaQueen_UCMtD0xLX339zdD3yan8cg_gQ5GNQ73RM_1192002_1192498.wav,AlachiaQueen_UCMtD0xLX339zdD3yan8cg_gQ5GNQ73RM,1192002,1192498,496
AlachiaQueen_UCMtD0xLX339zdD3yan8cg_gQ5GNQ73RM_1193010_1201570.wav,AlachiaQueen_UCMtD0xLX339zdD3yan8cg_gQ5GNQ73RM,1193010,1201570,8560
AlachiaQueen_UCMtD0xLX339zdD3yan8cg_gQ5GNQ73RM_1202122_1202570.wav,AlachiaQueen_UCMtD0xLX339zdD3yan8cg_gQ5GNQ73RM,1202122,1202570,448
AlachiaQueen_UCMtD0xLX339zdD3yan8cg_gQ5GNQ73RM_1202874_1206090.wav,AlachiaQueen_UCMtD0xLX339zdD3yan8cg_gQ5GNQ73RM,1202874,1206090,3216
AlachiaQueen_UCMtD0xLX339zdD3yan8cg_gQ5GNQ73RM_1206354_1217572.wav,AlachiaQueen_UCMtD0xLX339zdD3yan8cg_gQ5GNQ73RM,1206354,1217572,11218
AlachiaQueen_UCMtD0xLX339zdD3yan8cg_gQ5GNQ73RM_1217716_1220964.wav,AlachiaQueen_UCMtD0xLX339zdD3yan8cg_gQ5GNQ73RM,1217716,1220964,3248
AlachiaQueen_UCMtD0xLX339zdD3yan8cg_gQ5GNQ73RM_1221100_1221870.wav,AlachiaQueen_UCMtD0xLX339zdD3yan8cg_gQ5GNQ73RM,1221100,1221870,770
AlachiaQueen_UCMtD0xLX339zdD3yan8cg_gQ5GNQ73RM_1222318_1224898.wav,AlachiaQueen_UCMtD0xLX339zdD3yan8cg_gQ5GNQ73RM,1222318,1224898,2580
AlachiaQueen_UCMtD0xLX339zdD3yan8cg_gQ5GNQ73RM_1225098_1225618.wav,AlachiaQueen_UCMtD0xLX339zdD3yan8cg_gQ5GNQ73RM,1225098,1225618,520
AlachiaQueen_UCMtD0xLX339zdD3yan8cg_gQ5GNQ73RM_1225866_1226914.wav,AlachiaQueen_UCMtD0xLX339zdD3yan8cg_gQ5GNQ73RM,1225866,1226914,1048
AlachiaQueen_UCMtD0xLX339zdD3yan8cg_gQ5GNQ73RM_1227218_1231450.wav,AlachiaQueen_UCMtD0xLX339zdD3yan8cg_gQ5GNQ73RM,1227218,1231450,4232
AlachiaQueen_UCMtD0xLX339zdD3yan8cg_gQ5GNQ73RM_1231858_1236738.wav,AlachiaQueen_UCMtD0xLX339zdD3yan8cg_gQ5GNQ73RM,1231858,1236738,4880
AlachiaQueen_UCMtD0xLX339zdD3yan8cg_gQ5GNQ73RM_1236954_1240538.wav,AlachiaQueen_UCMtD0xLX339zdD3yan8cg_gQ5GNQ73RM,1236954,1240538,3584
AlachiaQueen_UCMtD0xLX339zdD3yan8cg_gQ5GNQ73RM_1240874_1243436.wav,AlachiaQueen_UCMtD0xLX339zdD3yan8cg_gQ5GNQ73RM,1240874,1243436,2562
AlachiaQueen_UCMtD0xLX339zdD3yan8cg_gQ5GNQ73RM_1243588_1245813.wav,AlachiaQueen_UCMtD0xLX339zdD3yan8cg_gQ5GNQ73RM,1243588,1245813,2225
AlachiaQueen_UCMtD0xLX339zdD3yan8cg_gQ5GNQ73RM_1246045_1253510.wav,AlachiaQueen_UCMtD0xLX339zdD3yan8cg_gQ5GNQ73RM,1246045,1253510,7465
AlachiaQueen_UCMtD0xLX339zdD3yan8cg_gQ5GNQ73RM_1253758_1257186.wav,AlachiaQueen_UCMtD0xLX339zdD3yan8cg_gQ5GNQ73RM,1253758,1257186,3428
AlachiaQueen_UCMtD0xLX339zdD3yan8cg_gQ5GNQ73RM_1257490_1261010.wav,AlachiaQueen_UCMtD0xLX339zdD3yan8cg_gQ5GNQ73RM,1257490,1261010,3520
AlachiaQueen_UCMtD0xLX339zdD3yan8cg_gQ5GNQ73RM_1261322_1263530.wav,AlachiaQueen_UCMtD0xLX339zdD3yan8cg_gQ5GNQ73RM,1261322,1263530,2208
AlachiaQueen_UCMtD0xLX339zdD3yan8cg_gQ5GNQ73RM_1264018_1268754.wav,AlachiaQueen_UCMtD0xLX339zdD3yan8cg_gQ5GNQ73RM,1264018,1268754,4736
AlachiaQueen_UCMtD0xLX339zdD3yan8cg_gQ5GNQ73RM_1269010_1276482.wav,AlachiaQueen_UCMtD0xLX339zdD3yan8cg_gQ5GNQ73RM,1269010,1276482,7472
AlachiaQueen_UCMtD0xLX339zdD3yan8cg_gQ5GNQ73RM_1277074_1277674.wav,AlachiaQueen_UCMtD0xLX339zdD3yan8cg_gQ5GNQ73RM,1277074,1277674,600
AlachiaQueen_UCMtD0xLX339zdD3yan8cg_gQ5GNQ73RM_1277826_1284602.wav,AlachiaQueen_UCMtD0xLX339zdD3yan8cg_gQ5GNQ73RM,1277826,1284602,6776
AlachiaQueen_UCMtD0xLX339zdD3yan8cg_gQ5GNQ73RM_1285106_1286738.wav,AlachiaQueen_UCMtD0xLX339zdD3yan8cg_gQ5GNQ73RM,1285106,1286738,1632
AlachiaQueen_UCMtD0xLX339zdD3yan8cg_gQ5GNQ73RM_1287066_1290178.wav,AlachiaQueen_UCMtD0xLX339zdD3yan8cg_gQ5GNQ73RM,1287066,1290178,3112
AlachiaQueen_UCMtD0xLX339zdD3yan8cg_gQ5GNQ73RM_1290882_1299002.wav,AlachiaQueen_UCMtD0xLX339zdD3yan8cg_gQ5GNQ73RM,1290882,1299002,8120
AlachiaQueen_UCMtD0xLX339zdD3yan8cg_gQ5GNQ73RM_1299162_1300762.wav,AlachiaQueen_UCMtD0xLX339zdD3yan8cg_gQ5GNQ73RM,1299162,1300762,1600
AlachiaQueen_UCMtD0xLX339zdD3yan8cg_gQ5GNQ73RM_1301474_1304730.wav,AlachiaQueen_UCMtD0xLX339zdD3yan8cg_gQ5GNQ73RM,1301474,1304730,3256
AlachiaQueen_UCMtD0xLX339zdD3yan8cg_gQ5GNQ73RM_1305586_1306810.wav,AlachiaQueen_UCMtD0xLX339zdD3yan8cg_gQ5GNQ73RM,1305586,1306810,1224
AlachiaQueen_UCMtD0xLX339zdD3yan8cg_gQ5GNQ73RM_1307186_1307818.wav,AlachiaQueen_UCMtD0xLX339zdD3yan8cg_gQ5GNQ73RM,1307186,1307818,632
AlachiaQueen_UCMtD0xLX339zdD3yan8cg_gQ5GNQ73RM_1308274_1308866.wav,AlachiaQueen_UCMtD0xLX339zdD3yan8cg_gQ5GNQ73RM,1308274,1308866,592
AlachiaQueen_UCMtD0xLX339zdD3yan8cg_gQ5GNQ73RM_1309754_1310002.wav,AlachiaQueen_UCMtD0xLX339zdD3yan8cg_gQ5GNQ73RM,1309754,1310002,248
AlachiaQueen_UCMtD0xLX339zdD3yan8cg_gQ5GNQ73RM_1310850_1313874.wav,AlachiaQueen_UCMtD0xLX339zdD3yan8cg_gQ5GNQ73RM,1310850,1313874,3024
AlachiaQueen_UCMtD0xLX339zdD3yan8cg_gQ5GNQ73RM_1314202_1321658.wav,AlachiaQueen_UCMtD0xLX339zdD3yan8cg_gQ5GNQ73RM,1314202,1321658,7456
AlachiaQueen_UCMtD0xLX339zdD3yan8cg_gQ5GNQ73RM_1322282_1324026.wav,AlachiaQueen_UCMtD0xLX339zdD3yan8cg_gQ5GNQ73RM,1322282,1324026,1744
AlachiaQueen_UCMtD0xLX339zdD3yan8cg_gQ5GNQ73RM_1324418_1325242.wav,AlachiaQueen_UCMtD0xLX339zdD3yan8cg_gQ5GNQ73RM,1324418,1325242,824
AlachiaQueen_UCMtD0xLX339zdD3yan8cg_gQ5GNQ73RM_1326154_1327026.wav,AlachiaQueen_UCMtD0xLX339zdD3yan8cg_gQ5GNQ73RM,1326154,1327026,872
AlachiaQueen_UCMtD0xLX339zdD3yan8cg_gQ5GNQ73RM_1327690_1328698.wav,AlachiaQueen_UCMtD0xLX339zdD3yan8cg_gQ5GNQ73RM,1327690,1328698,1008
AlachiaQueen_UCMtD0xLX339zdD3yan8cg_gQ5GNQ73RM_1329034_1330434.wav,AlachiaQueen_UCMtD0xLX339zdD3yan8cg_gQ5GNQ73RM,1329034,1330434,1400
AlachiaQueen_UCMtD0xLX339zdD3yan8cg_gQ5GNQ73RM_1330938_1333842.wav,AlachiaQueen_UCMtD0xLX339zdD3yan8cg_gQ5GNQ73RM,1330938,1333842,2904
AlachiaQueen_UCMtD0xLX339zdD3yan8cg_gQ5GNQ73RM_1334370_1339604.wav,AlachiaQueen_UCMtD0xLX339zdD3yan8cg_gQ5GNQ73RM,1334370,1339604,5234
AlachiaQueen_UCMtD0xLX339zdD3yan8cg_gQ5GNQ73RM_1339764_1342732.wav,AlachiaQueen_UCMtD0xLX339zdD3yan8cg_gQ5GNQ73RM,1339764,1342732,2968
AlachiaQueen_UCMtD0xLX339zdD3yan8cg_gQ5GNQ73RM_1342924_1345197.wav,AlachiaQueen_UCMtD0xLX339zdD3yan8cg_gQ5GNQ73RM,1342924,1345197,2273
AlachiaQueen_UCMtD0xLX339zdD3yan8cg_gQ5GNQ73RM_1345349_1347981.wav,AlachiaQueen_UCMtD0xLX339zdD3yan8cg_gQ5GNQ73RM,1345349,1347981,2632
AlachiaQueen_UCMtD0xLX339zdD3yan8cg_gQ5GNQ73RM_1348125_1352229.wav,AlachiaQueen_UCMtD0xLX339zdD3yan8cg_gQ5GNQ73RM,1348125,1352229,4104
AlachiaQueen_UCMtD0xLX339zdD3yan8cg_gQ5GNQ73RM_1352373_1359990.wav,AlachiaQueen_UCMtD0xLX339zdD3yan8cg_gQ5GNQ73RM,1352373,1359990,7617
AlachiaQueen_UCMtD0xLX339zdD3yan8cg_gQ5GNQ73RM_1360190_1363002.wav,AlachiaQueen_UCMtD0xLX339zdD3yan8cg_gQ5GNQ73RM,1360190,1363002,2812
AlachiaQueen_UCMtD0xLX339zdD3yan8cg_gQ5GNQ73RM_1363490_1363882.wav,AlachiaQueen_UCMtD0xLX339zdD3yan8cg_gQ5GNQ73RM,1363490,1363882,392
AlachiaQueen_UCMtD0xLX339zdD3yan8cg_gQ5GNQ73RM_1364474_1366970.wav,AlachiaQueen_UCMtD0xLX339zdD3yan8cg_gQ5GNQ73RM,1364474,1366970,2496
AlachiaQueen_UCMtD0xLX339zdD3yan8cg_gQ5GNQ73RM_1367258_1369682.wav,AlachiaQueen_UCMtD0xLX339zdD3yan8cg_gQ5GNQ73RM,1367258,1369682,2424
AlachiaQueen_UCMtD0xLX339zdD3yan8cg_gQ5GNQ73RM_1370026_1373466.wav,AlachiaQueen_UCMtD0xLX339zdD3yan8cg_gQ5GNQ73RM,1370026,1373466,3440
AlachiaQueen_UCMtD0xLX339zdD3yan8cg_gQ5GNQ73RM_1373706_1381074.wav,AlachiaQueen_UCMtD0xLX339zdD3yan8cg_gQ5GNQ73RM,1373706,1381074,7368
AlachiaQueen_UCMtD0xLX339zdD3yan8cg_gQ5GNQ73RM_1381418_1383578.wav,AlachiaQueen_UCMtD0xLX339zdD3yan8cg_gQ5GNQ73RM,1381418,1383578,2160
AlachiaQueen_UCMtD0xLX339zdD3yan8cg_gQ5GNQ73RM_1384402_1384914.wav,AlachiaQueen_UCMtD0xLX339zdD3yan8cg_gQ5GNQ73RM,1384402,1384914,512
AlachiaQueen_UCMtD0xLX339zdD3yan8cg_gQ5GNQ73RM_1385618_1389842.wav,AlachiaQueen_UCMtD0xLX339zdD3yan8cg_gQ5GNQ73RM,1385618,1389842,4224
AlachiaQueen_UCMtD0xLX339zdD3yan8cg_gQ5GNQ73RM_1390730_1393266.wav,AlachiaQueen_UCMtD0xLX339zdD3yan8cg_gQ5GNQ73RM,1390730,1393266,2536
AlachiaQueen_UCMtD0xLX339zdD3yan8cg_gQ5GNQ73RM_1393594_1399322.wav,AlachiaQueen_UCMtD0xLX339zdD3yan8cg_gQ5GNQ73RM,1393594,1399322,5728
AlachiaQueen_UCMtD0xLX339zdD3yan8cg_gQ5GNQ73RM_1399754_1405578.wav,AlachiaQueen_UCMtD0xLX339zdD3yan8cg_gQ5GNQ73RM,1399754,1405578,5824
AlachiaQueen_UCMtD0xLX339zdD3yan8cg_gQ5GNQ73RM_1406026_1409738.wav,AlachiaQueen_UCMtD0xLX339zdD3yan8cg_gQ5GNQ73RM,1406026,1409738,3712
AlachiaQueen_UCMtD0xLX339zdD3yan8cg_gQ5GNQ73RM_1410426_1410850.wav,AlachiaQueen_UCMtD0xLX339zdD3yan8cg_gQ5GNQ73RM,1410426,1410850,424
AlachiaQueen_UCMtD0xLX339zdD3yan8cg_gQ5GNQ73RM_1411178_1411538.wav,AlachiaQueen_UCMtD0xLX339zdD3yan8cg_gQ5GNQ73RM,1411178,1411538,360
AlachiaQueen_UCMtD0xLX339zdD3yan8cg_gQ5GNQ73RM_1411802_1413010.wav,AlachiaQueen_UCMtD0xLX339zdD3yan8cg_gQ5GNQ73RM,1411802,1413010,1208
AlachiaQueen_UCMtD0xLX339zdD3yan8cg_gQ5GNQ73RM_1413522_1417826.wav,AlachiaQueen_UCMtD0xLX339zdD3yan8cg_gQ5GNQ73RM,1413522,1417826,4304
AlachiaQueen_UCMtD0xLX339zdD3yan8cg_gQ5GNQ73RM_1418178_1419002.wav,AlachiaQueen_UCMtD0xLX339zdD3yan8cg_gQ5GNQ73RM,1418178,1419002,824
AlachiaQueen_UCMtD0xLX339zdD3yan8cg_gQ5GNQ73RM_1419778_1422442.wav,AlachiaQueen_UCMtD0xLX339zdD3yan8cg_gQ5GNQ73RM,1419778,1422442,2664
AlachiaQueen_UCMtD0xLX339zdD3yan8cg_gQ5GNQ73RM_1422786_1425458.wav,AlachiaQueen_UCMtD0xLX339zdD3yan8cg_gQ5GNQ73RM,1422786,1425458,2672
AlachiaQueen_UCMtD0xLX339zdD3yan8cg_gQ5GNQ73RM_1425890_1427706.wav,AlachiaQueen_UCMtD0xLX339zdD3yan8cg_gQ5GNQ73RM,1425890,1427706,1816
AlachiaQueen_UCMtD0xLX339zdD3yan8cg_gQ5GNQ73RM_1428554_1430946.wav,AlachiaQueen_UCMtD0xLX339zdD3yan8cg_gQ5GNQ73RM,1428554,1430946,2392
AlachiaQueen_UCMtD0xLX339zdD3yan8cg_gQ5GNQ73RM_1431810_1434890.wav,AlachiaQueen_UCMtD0xLX339zdD3yan8cg_gQ5GNQ73RM,1431810,1434890,3080
AlachiaQueen_UCMtD0xLX339zdD3yan8cg_gQ5GNQ73RM_1435490_1436874.wav,AlachiaQueen_UCMtD0xLX339zdD3yan8cg_gQ5GNQ73RM,1435490,1436874,1384
AlachiaQueen_UCMtD0xLX339zdD3yan8cg_gQ5GNQ73RM_1437130_1440610.wav,AlachiaQueen_UCMtD0xLX339zdD3yan8cg_gQ5GNQ73RM,1437130,1440610,3480
AlachiaQueen_UCMtD0xLX339zdD3yan8cg_gQ5GNQ73RM_1440882_1441466.wav,AlachiaQueen_UCMtD0xLX339zdD3yan8cg_gQ5GNQ73RM,1440882,1441466,584
AlachiaQueen_UCMtD0xLX339zdD3yan8cg_gQ5GNQ73RM_1441810_1449330.wav,AlachiaQueen_UCMtD0xLX339zdD3yan8cg_gQ5GNQ73RM,1441810,1449330,7520
AlachiaQueen_UCMtD0xLX339zdD3yan8cg_gQ5GNQ73RM_1449482_1451186.wav,AlachiaQueen_UCMtD0xLX339zdD3yan8cg_gQ5GNQ73RM,1449482,1451186,1704
AlachiaQueen_UCMtD0xLX339zdD3yan8cg_gQ5GNQ73RM_1451386_1455586.wav,AlachiaQueen_UCMtD0xLX339zdD3yan8cg_gQ5GNQ73RM,1451386,1455586,4200
AlachiaQueen_UCMtD0xLX339zdD3yan8cg_gQ5GNQ73RM_1455930_1456698.wav,AlachiaQueen_UCMtD0xLX339zdD3yan8cg_gQ5GNQ73RM,1455930,1456698,768
AlachiaQueen_UCMtD0xLX339zdD3yan8cg_gQ5GNQ73RM_1457010_1461538.wav,AlachiaQueen_UCMtD0xLX339zdD3yan8cg_gQ5GNQ73RM,1457010,1461538,4528
AlachiaQueen_UCMtD0xLX339zdD3yan8cg_gQ5GNQ73RM_1462498_1468354.wav,AlachiaQueen_UCMtD0xLX339zdD3yan8cg_gQ5GNQ73RM,1462498,1468354,5856
AlachiaQueen_UCMtD0xLX339zdD3yan8cg_gQ5GNQ73RM_1468882_1472858.wav,AlachiaQueen_UCMtD0xLX339zdD3yan8cg_gQ5GNQ73RM,1468882,1472858,3976
AlachiaQueen_UCMtD0xLX339zdD3yan8cg_gQ5GNQ73RM_1474106_1474474.wav,AlachiaQueen_UCMtD0xLX339zdD3yan8cg_gQ5GNQ73RM,1474106,1474474,368
AlachiaQueen_UCMtD0xLX339zdD3yan8cg_gQ5GNQ73RM_1475098_1480930.wav,AlachiaQueen_UCMtD0xLX339zdD3yan8cg_gQ5GNQ73RM,1475098,1480930,5832
AlachiaQueen_UCMtD0xLX339zdD3yan8cg_gQ5GNQ73RM_1482002_1482762.wav,AlachiaQueen_UCMtD0xLX339zdD3yan8cg_gQ5GNQ73RM,1482002,1482762,760
AlachiaQueen_UCMtD0xLX339zdD3yan8cg_gQ5GNQ73RM_1483026_1488378.wav,AlachiaQueen_UCMtD0xLX339zdD3yan8cg_gQ5GNQ73RM,1483026,1488378,5352
AlachiaQueen_UCMtD0xLX339zdD3yan8cg_gQ5GNQ73RM_1488802_1493178.wav,AlachiaQueen_UCMtD0xLX339zdD3yan8cg_gQ5GNQ73RM,1488802,1493178,4376
AlachiaQueen_UCMtD0xLX339zdD3yan8cg_gQ5GNQ73RM_1493866_1494594.wav,AlachiaQueen_UCMtD0xLX339zdD3yan8cg_gQ5GNQ73RM,1493866,1494594,728
AlachiaQueen_UCMtD0xLX339zdD3yan8cg_gQ5GNQ73RM_1494850_1495786.wav,AlachiaQueen_UCMtD0xLX339zdD3yan8cg_gQ5GNQ73RM,1494850,1495786,936
AlachiaQueen_UCMtD0xLX339zdD3yan8cg_gQ5GNQ73RM_1496322_1497330.wav,AlachiaQueen_UCMtD0xLX339zdD3yan8cg_gQ5GNQ73RM,1496322,1497330,1008
AlachiaQueen_UCMtD0xLX339zdD3yan8cg_gQ5GNQ73RM_1497730_1501978.wav,AlachiaQueen_UCMtD0xLX339zdD3yan8cg_gQ5GNQ73RM,1497730,1501978,4248
AlachiaQueen_UCMtD0xLX339zdD3yan8cg_gQ5GNQ73RM_1502154_1505970.wav,AlachiaQueen_UCMtD0xLX339zdD3yan8cg_gQ5GNQ73RM,1502154,1505970,3816
AlachiaQueen_UCMtD0xLX339zdD3yan8cg_gQ5GNQ73RM_1506282_1511706.wav,AlachiaQueen_UCMtD0xLX339zdD3yan8cg_gQ5GNQ73RM,1506282,1511706,5424
AlachiaQueen_UCMtD0xLX339zdD3yan8cg_gQ5GNQ73RM_1512154_1518418.wav,AlachiaQueen_UCMtD0xLX339zdD3yan8cg_gQ5GNQ73RM,1512154,1518418,6264
AlachiaQueen_UCMtD0xLX339zdD3yan8cg_gQ5GNQ73RM_1518746_1521818.wav,AlachiaQueen_UCMtD0xLX339zdD3yan8cg_gQ5GNQ73RM,1518746,1521818,3072
AlachiaQueen_UCMtD0xLX339zdD3yan8cg_gQ5GNQ73RM_1522162_1524666.wav,AlachiaQueen_UCMtD0xLX339zdD3yan8cg_gQ5GNQ73RM,1522162,1524666,2504
AlachiaQueen_UCMtD0xLX339zdD3yan8cg_gQ5GNQ73RM_1524842_1525234.wav,AlachiaQueen_UCMtD0xLX339zdD3yan8cg_gQ5GNQ73RM,1524842,1525234,392
AlachiaQueen_UCMtD0xLX339zdD3yan8cg_gQ5GNQ73RM_1525426_1526418.wav,AlachiaQueen_UCMtD0xLX339zdD3yan8cg_gQ5GNQ73RM,1525426,1526418,992
AlachiaQueen_UCMtD0xLX339zdD3yan8cg_gQ5GNQ73RM_1526578_1530806.wav,AlachiaQueen_UCMtD0xLX339zdD3yan8cg_gQ5GNQ73RM,1526578,1530806,4228
AlachiaQueen_UCMtD0xLX339zdD3yan8cg_gQ5GNQ73RM_1530934_1535502.wav,AlachiaQueen_UCMtD0xLX339zdD3yan8cg_gQ5GNQ73RM,1530934,1535502,4568
AlachiaQueen_UCMtD0xLX339zdD3yan8cg_gQ5GNQ73RM_1535638_1536702.wav,AlachiaQueen_UCMtD0xLX339zdD3yan8cg_gQ5GNQ73RM,1535638,1536702,1064
AlachiaQueen_UCMtD0xLX339zdD3yan8cg_gQ5GNQ73RM_1536838_1540606.wav,AlachiaQueen_UCMtD0xLX339zdD3yan8cg_gQ5GNQ73RM,1536838,1540606,3768
AlachiaQueen_UCMtD0xLX339zdD3yan8cg_gQ5GNQ73RM_1540742_1542134.wav,AlachiaQueen_UCMtD0xLX339zdD3yan8cg_gQ5GNQ73RM,1540742,1542134,1392
AlachiaQueen_UCMtD0xLX339zdD3yan8cg_gQ5GNQ73RM_1542262_1543162.wav,AlachiaQueen_UCMtD0xLX339zdD3yan8cg_gQ5GNQ73RM,1542262,1543162,900
AlachiaQueen_UCMtD0xLX339zdD3yan8cg_gQ5GNQ73RM_1543338_1545098.wav,AlachiaQueen_UCMtD0xLX339zdD3yan8cg_gQ5GNQ73RM,1543338,1545098,1760
AlachiaQueen_UCMtD0xLX339zdD3yan8cg_gQ5GNQ73RM_1546082_1547546.wav,AlachiaQueen_UCMtD0xLX339zdD3yan8cg_gQ5GNQ73RM,1546082,1547546,1464
AlachiaQueen_UCMtD0xLX339zdD3yan8cg_gQ5GNQ73RM_1547930_1548682.wav,AlachiaQueen_UCMtD0xLX339zdD3yan8cg_gQ5GNQ73RM,1547930,1548682,752
AlachiaQueen_UCMtD0xLX339zdD3yan8cg_gQ5GNQ73RM_1548986_1550298.wav,AlachiaQueen_UCMtD0xLX339zdD3yan8cg_gQ5GNQ73RM,1548986,1550298,1312
AlachiaQueen_UCMtD0xLX339zdD3yan8cg_gQ5GNQ73RM_1550682_1552810.wav,AlachiaQueen_UCMtD0xLX339zdD3yan8cg_gQ5GNQ73RM,1550682,1552810,2128
AlachiaQueen_UCMtD0xLX339zdD3yan8cg_gQ5GNQ73RM_1553922_1557130.wav,AlachiaQueen_UCMtD0xLX339zdD3yan8cg_gQ5GNQ73RM,1553922,1557130,3208
AlachiaQueen_UCMtD0xLX339zdD3yan8cg_gQ5GNQ73RM_1557594_1560674.wav,AlachiaQueen_UCMtD0xLX339zdD3yan8cg_gQ5GNQ73RM,1557594,1560674,3080
AlachiaQueen_UCMtD0xLX339zdD3yan8cg_gQ5GNQ73RM_1562122_1568642.wav,AlachiaQueen_UCMtD0xLX339zdD3yan8cg_gQ5GNQ73RM,1562122,1568642,6520
AlachiaQueen_UCMtD0xLX339zdD3yan8cg_gQ5GNQ73RM_1568906_1569898.wav,AlachiaQueen_UCMtD0xLX339zdD3yan8cg_gQ5GNQ73RM,1568906,1569898,992
AlachiaQueen_UCMtD0xLX339zdD3yan8cg_gQ5GNQ73RM_1570258_1577194.wav,AlachiaQueen_UCMtD0xLX339zdD3yan8cg_gQ5GNQ73RM,1570258,1577194,6936
AlachiaQueen_UCMtD0xLX339zdD3yan8cg_gQ5GNQ73RM_1578018_1579154.wav,AlachiaQueen_UCMtD0xLX339zdD3yan8cg_gQ5GNQ73RM,1578018,1579154,1136
AlachiaQueen_UCMtD0xLX339zdD3yan8cg_gQ5GNQ73RM_1580042_1584930.wav,AlachiaQueen_UCMtD0xLX339zdD3yan8cg_gQ5GNQ73RM,1580042,1584930,4888
AlachiaQueen_UCMtD0xLX339zdD3yan8cg_gQ5GNQ73RM_1585338_1590362.wav,AlachiaQueen_UCMtD0xLX339zdD3yan8cg_gQ5GNQ73RM,1585338,1590362,5024
AlachiaQueen_UCMtD0xLX339zdD3yan8cg_gQ5GNQ73RM_1590666_1593594.wav,AlachiaQueen_UCMtD0xLX339zdD3yan8cg_gQ5GNQ73RM,1590666,1593594,2928
AlachiaQueen_UCMtD0xLX339zdD3yan8cg_gQ5GNQ73RM_1593842_1601202.wav,AlachiaQueen_UCMtD0xLX339zdD3yan8cg_gQ5GNQ73RM,1593842,1601202,7360
AlachiaQueen_UCMtD0xLX339zdD3yan8cg_gQ5GNQ73RM_1601978_1605742.wav,AlachiaQueen_UCMtD0xLX339zdD3yan8cg_gQ5GNQ73RM,1601978,1605742,3764
AlachiaQueen_UCMtD0xLX339zdD3yan8cg_gQ5GNQ73RM_1605926_1609686.wav,AlachiaQueen_UCMtD0xLX339zdD3yan8cg_gQ5GNQ73RM,1605926,1609686,3760
AlachiaQueen_UCMtD0xLX339zdD3yan8cg_gQ5GNQ73RM_1609854_1611770.wav,AlachiaQueen_UCMtD0xLX339zdD3yan8cg_gQ5GNQ73RM,1609854,1611770,1916
AlachiaQueen_UCMtD0xLX339zdD3yan8cg_gQ5GNQ73RM_1612098_1613274.wav,AlachiaQueen_UCMtD0xLX339zdD3yan8cg_gQ5GNQ73RM,1612098,1613274,1176
AlachiaQueen_UCMtD0xLX339zdD3yan8cg_gQ5GNQ73RM_1613538_1616858.wav,AlachiaQueen_UCMtD0xLX339zdD3yan8cg_gQ5GNQ73RM,1613538,1616858,3320
AlachiaQueen_UCMtD0xLX339zdD3yan8cg_gQ5GNQ73RM_1617306_1620354.wav,AlachiaQueen_UCMtD0xLX339zdD3yan8cg_gQ5GNQ73RM,1617306,1620354,3048
AlachiaQueen_UCMtD0xLX339zdD3yan8cg_gQ5GNQ73RM_1621154_1623410.wav,AlachiaQueen_UCMtD0xLX339zdD3yan8cg_gQ5GNQ73RM,1621154,1623410,2256
AlachiaQueen_UCMtD0xLX339zdD3yan8cg_gQ5GNQ73RM_1623746_1625610.wav,AlachiaQueen_UCMtD0xLX339zdD3yan8cg_gQ5GNQ73RM,1623746,1625610,1864
AlachiaQueen_UCMtD0xLX339zdD3yan8cg_gQ5GNQ73RM_1626146_1629362.wav,AlachiaQueen_UCMtD0xLX339zdD3yan8cg_gQ5GNQ73RM,1626146,1629362,3216
AlachiaQueen_UCMtD0xLX339zdD3yan8cg_gQ5GNQ73RM_1629586_1639434.wav,AlachiaQueen_UCMtD0xLX339zdD3yan8cg_gQ5GNQ73RM,1629586,1639434,9848
AlachiaQueen_UCMtD0xLX339zdD3yan8cg_gQ5GNQ73RM_1639578_1640498.wav,AlachiaQueen_UCMtD0xLX339zdD3yan8cg_gQ5GNQ73RM,1639578,1640498,920
AlachiaQueen_UCMtD0xLX339zdD3yan8cg_gQ5GNQ73RM_1641050_1651306.wav,AlachiaQueen_UCMtD0xLX339zdD3yan8cg_gQ5GNQ73RM,1641050,1651306,10256
AlachiaQueen_UCMtD0xLX339zdD3yan8cg_gQ5GNQ73RM_1652098_1652758.wav,AlachiaQueen_UCMtD0xLX339zdD3yan8cg_gQ5GNQ73RM,1652098,1652758,660
AlachiaQueen_UCMtD0xLX339zdD3yan8cg_gQ5GNQ73RM_1652758_1657776.wav,AlachiaQueen_UCMtD0xLX339zdD3yan8cg_gQ5GNQ73RM,1652758,1657776,5018
AlachiaQueen_UCMtD0xLX339zdD3yan8cg_gQ5GNQ73RM_1657992_1663377.wav,AlachiaQueen_UCMtD0xLX339zdD3yan8cg_gQ5GNQ73RM,1657992,1663377,5385
AlachiaQueen_UCMtD0xLX339zdD3yan8cg_gQ5GNQ73RM_1663721_1664849.wav,AlachiaQueen_UCMtD0xLX339zdD3yan8cg_gQ5GNQ73RM,1663721,1664849,1128
AlachiaQueen_UCMtD0xLX339zdD3yan8cg_gQ5GNQ73RM_1665281_1670762.wav,AlachiaQueen_UCMtD0xLX339zdD3yan8cg_gQ5GNQ73RM,1665281,1670762,5481
AlachiaQueen_UCMtD0xLX339zdD3yan8cg_gQ5GNQ73RM_1671306_1675034.wav,AlachiaQueen_UCMtD0xLX339zdD3yan8cg_gQ5GNQ73RM,1671306,1675034,3728
AlachiaQueen_UCMtD0xLX339zdD3yan8cg_gQ5GNQ73RM_1675266_1675754.wav,AlachiaQueen_UCMtD0xLX339zdD3yan8cg_gQ5GNQ73RM,1675266,1675754,488
AlachiaQueen_UCMtD0xLX339zdD3yan8cg_gQ5GNQ73RM_1675954_1681322.wav,AlachiaQueen_UCMtD0xLX339zdD3yan8cg_gQ5GNQ73RM,1675954,1681322,5368
AlachiaQueen_UCMtD0xLX339zdD3yan8cg_gQ5GNQ73RM_1681546_1682850.wav,AlachiaQueen_UCMtD0xLX339zdD3yan8cg_gQ5GNQ73RM,1681546,1682850,1304
AlachiaQueen_UCMtD0xLX339zdD3yan8cg_gQ5GNQ73RM_1682970_1683386.wav,AlachiaQueen_UCMtD0xLX339zdD3yan8cg_gQ5GNQ73RM,1682970,1683386,416
AlachiaQueen_UCMtD0xLX339zdD3yan8cg_gQ5GNQ73RM_1683498_1702002.wav,AlachiaQueen_UCMtD0xLX339zdD3yan8cg_gQ5GNQ73RM,1683498,1702002,18504
