filename,video_id,start_time,end_time,duration
AlachiaQueen_UCMtD0xLX339zdD3yan8cg_gQ5GNQ73RM_0_4850.wav,AlachiaQueen_UCMtD0xLX339zdD3yan8cg_gQ5GNQ73RM,0,4850,4850
AlachiaQueen_UCMtD0xLX339zdD3yan8cg_gQ5GNQ73RM_5434_6490.wav,AlachiaQueen_UCMtD0xLX339zdD3yan8cg_gQ5GNQ73RM,5434,6490,1056
AlachiaQueen_UCMtD0xLX339zdD3yan8cg_gQ5GNQ73RM_7090_8850.wav,AlachiaQueen_UCMtD0xLX339zdD3yan8cg_gQ5GNQ73RM,7090,8850,1760
AlachiaQueen_UCMtD0xLX339zdD3yan8cg_gQ5GNQ73RM_9146_13966.wav,AlachiaQueen_UCMtD0xLX339zdD3yan8cg_gQ5GNQ73RM,9146,13966,4820
AlachiaQueen_UCMtD0xLX339zdD3yan8cg_gQ5GNQ73RM_14286_22654.wav,AlachiaQueen_UCMtD0xLX339zdD3yan8cg_gQ5GNQ73RM,14286,22654,8368
AlachiaQueen_UCMtD0xLX339zdD3yan8cg_gQ5GNQ73RM_23258_26082.wav,AlachiaQueen_UCMtD0xLX339zdD3yan8cg_gQ5GNQ73RM,23258,26082,2824
AlachiaQueen_UCMtD0xLX339zdD3yan8cg_gQ5GNQ73RM_26610_32874.wav,AlachiaQueen_UCMtD0xLX339zdD3yan8cg_gQ5GNQ73RM,26610,32874,6264
AlachiaQueen_UCMtD0xLX339zdD3yan8cg_gQ5GNQ73RM_33138_39970.wav,AlachiaQueen_UCMtD0xLX339zdD3yan8cg_gQ5GNQ73RM,33138,39970,6832
AlachiaQueen_UCMtD0xLX339zdD3yan8cg_gQ5GNQ73RM_40786_46442.wav,AlachiaQueen_UCMtD0xLX339zdD3yan8cg_gQ5GNQ73RM,40786,46442,5656
AlachiaQueen_UCMtD0xLX339zdD3yan8cg_gQ5GNQ73RM_46618_46898.wav,AlachiaQueen_UCMtD0xLX339zdD3yan8cg_gQ5GNQ73RM,46618,46898,280
AlachiaQueen_UCMtD0xLX339zdD3yan8cg_gQ5GNQ73RM_47066_51730.wav,AlachiaQueen_UCMtD0xLX339zdD3yan8cg_gQ5GNQ73RM,47066,51730,4664
AlachiaQueen_UCMtD0xLX339zdD3yan8cg_gQ5GNQ73RM_51890_53450.wav,AlachiaQueen_UCMtD0xLX339zdD3yan8cg_gQ5GNQ73RM,51890,53450,1560
AlachiaQueen_UCMtD0xLX339zdD3yan8cg_gQ5GNQ73RM_53858_55938.wav,AlachiaQueen_UCMtD0xLX339zdD3yan8cg_gQ5GNQ73RM,53858,55938,2080
AlachiaQueen_UCMtD0xLX339zdD3yan8cg_gQ5GNQ73RM_56666_65146.wav,AlachiaQueen_UCMtD0xLX339zdD3yan8cg_gQ5GNQ73RM,56666,65146,8480
AlachiaQueen_UCMtD0xLX339zdD3yan8cg_gQ5GNQ73RM_65418_67894.wav,AlachiaQueen_UCMtD0xLX339zdD3yan8cg_gQ5GNQ73RM,65418,67894,2476
AlachiaQueen_UCMtD0xLX339zdD3yan8cg_gQ5GNQ73RM_68030_71334.wav,AlachiaQueen_UCMtD0xLX339zdD3yan8cg_gQ5GNQ73RM,68030,71334,3304
AlachiaQueen_UCMtD0xLX339zdD3yan8cg_gQ5GNQ73RM_71742_71942.wav,AlachiaQueen_UCMtD0xLX339zdD3yan8cg_gQ5GNQ73RM,71742,71942,200
AlachiaQueen_UCMtD0xLX339zdD3yan8cg_gQ5GNQ73RM_72046_72918.wav,AlachiaQueen_UCMtD0xLX339zdD3yan8cg_gQ5GNQ73RM,72046,72918,872
AlachiaQueen_UCMtD0xLX339zdD3yan8cg_gQ5GNQ73RM_73054_74078.wav,AlachiaQueen_UCMtD0xLX339zdD3yan8cg_gQ5GNQ73RM,73054,74078,1024
AlachiaQueen_UCMtD0xLX339zdD3yan8cg_gQ5GNQ73RM_74454_83166.wav,AlachiaQueen_UCMtD0xLX339zdD3yan8cg_gQ5GNQ73RM,74454,83166,8712
AlachiaQueen_UCMtD0xLX339zdD3yan8cg_gQ5GNQ73RM_83406_84094.wav,AlachiaQueen_UCMtD0xLX339zdD3yan8cg_gQ5GNQ73RM,83406,84094,688
AlachiaQueen_UCMtD0xLX339zdD3yan8cg_gQ5GNQ73RM_84214_89670.wav,AlachiaQueen_UCMtD0xLX339zdD3yan8cg_gQ5GNQ73RM,84214,89670,5456
AlachiaQueen_UCMtD0xLX339zdD3yan8cg_gQ5GNQ73RM_89846_92016.wav,AlachiaQueen_UCMtD0xLX339zdD3yan8cg_gQ5GNQ73RM,89846,92016,2170
AlachiaQueen_UCMtD0xLX339zdD3yan8cg_gQ5GNQ73RM_92168_101249.wav,AlachiaQueen_UCMtD0xLX339zdD3yan8cg_gQ5GNQ73RM,92168,101249,9081
AlachiaQueen_UCMtD0xLX339zdD3yan8cg_gQ5GNQ73RM_101553_101889.wav,AlachiaQueen_UCMtD0xLX339zdD3yan8cg_gQ5GNQ73RM,101553,101889,336
AlachiaQueen_UCMtD0xLX339zdD3yan8cg_gQ5GNQ73RM_102129_104546.wav,AlachiaQueen_UCMtD0xLX339zdD3yan8cg_gQ5GNQ73RM,102129,104546,2417
AlachiaQueen_UCMtD0xLX339zdD3yan8cg_gQ5GNQ73RM_105522_109066.wav,AlachiaQueen_UCMtD0xLX339zdD3yan8cg_gQ5GNQ73RM,105522,109066,3544
AlachiaQueen_UCMtD0xLX339zdD3yan8cg_gQ5GNQ73RM_109362_111514.wav,AlachiaQueen_UCMtD0xLX339zdD3yan8cg_gQ5GNQ73RM,109362,111514,2152
AlachiaQueen_UCMtD0xLX339zdD3yan8cg_gQ5GNQ73RM_111906_114242.wav,AlachiaQueen_UCMtD0xLX339zdD3yan8cg_gQ5GNQ73RM,111906,114242,2336
AlachiaQueen_UCMtD0xLX339zdD3yan8cg_gQ5GNQ73RM_114386_120586.wav,AlachiaQueen_UCMtD0xLX339zdD3yan8cg_gQ5GNQ73RM,114386,120586,6200
AlachiaQueen_UCMtD0xLX339zdD3yan8cg_gQ5GNQ73RM_120746_124530.wav,AlachiaQueen_UCMtD0xLX339zdD3yan8cg_gQ5GNQ73RM,120746,124530,3784
AlachiaQueen_UCMtD0xLX339zdD3yan8cg_gQ5GNQ73RM_124642_128170.wav,AlachiaQueen_UCMtD0xLX339zdD3yan8cg_gQ5GNQ73RM,124642,128170,3528
AlachiaQueen_UCMtD0xLX339zdD3yan8cg_gQ5GNQ73RM_128314_128522.wav,AlachiaQueen_UCMtD0xLX339zdD3yan8cg_gQ5GNQ73RM,128314,128522,208
AlachiaQueen_UCMtD0xLX339zdD3yan8cg_gQ5GNQ73RM_128634_129090.wav,AlachiaQueen_UCMtD0xLX339zdD3yan8cg_gQ5GNQ73RM,128634,129090,456
AlachiaQueen_UCMtD0xLX339zdD3yan8cg_gQ5GNQ73RM_129194_130722.wav,AlachiaQueen_UCMtD0xLX339zdD3yan8cg_gQ5GNQ73RM,129194,130722,1528
AlachiaQueen_UCMtD0xLX339zdD3yan8cg_gQ5GNQ73RM_131738_134810.wav,AlachiaQueen_UCMtD0xLX339zdD3yan8cg_gQ5GNQ73RM,131738,134810,3072
AlachiaQueen_UCMtD0xLX339zdD3yan8cg_gQ5GNQ73RM_134954_135170.wav,AlachiaQueen_UCMtD0xLX339zdD3yan8cg_gQ5GNQ73RM,134954,135170,216
AlachiaQueen_UCMtD0xLX339zdD3yan8cg_gQ5GNQ73RM_135714_137386.wav,AlachiaQueen_UCMtD0xLX339zdD3yan8cg_gQ5GNQ73RM,135714,137386,1672
AlachiaQueen_UCMtD0xLX339zdD3yan8cg_gQ5GNQ73RM_137498_137978.wav,AlachiaQueen_UCMtD0xLX339zdD3yan8cg_gQ5GNQ73RM,137498,137978,480
AlachiaQueen_UCMtD0xLX339zdD3yan8cg_gQ5GNQ73RM_138114_140410.wav,AlachiaQueen_UCMtD0xLX339zdD3yan8cg_gQ5GNQ73RM,138114,140410,2296
AlachiaQueen_UCMtD0xLX339zdD3yan8cg_gQ5GNQ73RM_140570_147970.wav,AlachiaQueen_UCMtD0xLX339zdD3yan8cg_gQ5GNQ73RM,140570,147970,7400
AlachiaQueen_UCMtD0xLX339zdD3yan8cg_gQ5GNQ73RM_148114_154242.wav,AlachiaQueen_UCMtD0xLX339zdD3yan8cg_gQ5GNQ73RM,148114,154242,6128
AlachiaQueen_UCMtD0xLX339zdD3yan8cg_gQ5GNQ73RM_155362_156622.wav,AlachiaQueen_UCMtD0xLX339zdD3yan8cg_gQ5GNQ73RM,155362,156622,1260
AlachiaQueen_UCMtD0xLX339zdD3yan8cg_gQ5GNQ73RM_156750_162918.wav,AlachiaQueen_UCMtD0xLX339zdD3yan8cg_gQ5GNQ73RM,156750,162918,6168
AlachiaQueen_UCMtD0xLX339zdD3yan8cg_gQ5GNQ73RM_163262_165878.wav,AlachiaQueen_UCMtD0xLX339zdD3yan8cg_gQ5GNQ73RM,163262,165878,2616
AlachiaQueen_UCMtD0xLX339zdD3yan8cg_gQ5GNQ73RM_166198_173382.wav,AlachiaQueen_UCMtD0xLX339zdD3yan8cg_gQ5GNQ73RM,166198,173382,7184
AlachiaQueen_UCMtD0xLX339zdD3yan8cg_gQ5GNQ73RM_173518_176054.wav,AlachiaQueen_UCMtD0xLX339zdD3yan8cg_gQ5GNQ73RM,173518,176054,2536
AlachiaQueen_UCMtD0xLX339zdD3yan8cg_gQ5GNQ73RM_176918_179134.wav,AlachiaQueen_UCMtD0xLX339zdD3yan8cg_gQ5GNQ73RM,176918,179134,2216
AlachiaQueen_UCMtD0xLX339zdD3yan8cg_gQ5GNQ73RM_179318_180574.wav,AlachiaQueen_UCMtD0xLX339zdD3yan8cg_gQ5GNQ73RM,179318,180574,1256
AlachiaQueen_UCMtD0xLX339zdD3yan8cg_gQ5GNQ73RM_181114_190802.wav,AlachiaQueen_UCMtD0xLX339zdD3yan8cg_gQ5GNQ73RM,181114,190802,9688
AlachiaQueen_UCMtD0xLX339zdD3yan8cg_gQ5GNQ73RM_191330_198766.wav,AlachiaQueen_UCMtD0xLX339zdD3yan8cg_gQ5GNQ73RM,191330,198766,7436
AlachiaQueen_UCMtD0xLX339zdD3yan8cg_gQ5GNQ73RM_198918_200982.wav,AlachiaQueen_UCMtD0xLX339zdD3yan8cg_gQ5GNQ73RM,198918,200982,2064
AlachiaQueen_UCMtD0xLX339zdD3yan8cg_gQ5GNQ73RM_201134_203958.wav,AlachiaQueen_UCMtD0xLX339zdD3yan8cg_gQ5GNQ73RM,201134,203958,2824
AlachiaQueen_UCMtD0xLX339zdD3yan8cg_gQ5GNQ73RM_204482_207802.wav,AlachiaQueen_UCMtD0xLX339zdD3yan8cg_gQ5GNQ73RM,204482,207802,3320
AlachiaQueen_UCMtD0xLX339zdD3yan8cg_gQ5GNQ73RM_207970_208370.wav,AlachiaQueen_UCMtD0xLX339zdD3yan8cg_gQ5GNQ73RM,207970,208370,400
AlachiaQueen_UCMtD0xLX339zdD3yan8cg_gQ5GNQ73RM_209058_214690.wav,AlachiaQueen_UCMtD0xLX339zdD3yan8cg_gQ5GNQ73RM,209058,214690,5632
AlachiaQueen_UCMtD0xLX339zdD3yan8cg_gQ5GNQ73RM_215474_224186.wav,AlachiaQueen_UCMtD0xLX339zdD3yan8cg_gQ5GNQ73RM,215474,224186,8712
AlachiaQueen_UCMtD0xLX339zdD3yan8cg_gQ5GNQ73RM_224474_225994.wav,AlachiaQueen_UCMtD0xLX339zdD3yan8cg_gQ5GNQ73RM,224474,225994,1520
AlachiaQueen_UCMtD0xLX339zdD3yan8cg_gQ5GNQ73RM_226098_227490.wav,AlachiaQueen_UCMtD0xLX339zdD3yan8cg_gQ5GNQ73RM,226098,227490,1392
AlachiaQueen_UCMtD0xLX339zdD3yan8cg_gQ5GNQ73RM_227602_231226.wav,AlachiaQueen_UCMtD0xLX339zdD3yan8cg_gQ5GNQ73RM,227602,231226,3624
AlachiaQueen_UCMtD0xLX339zdD3yan8cg_gQ5GNQ73RM_231378_235362.wav,AlachiaQueen_UCMtD0xLX339zdD3yan8cg_gQ5GNQ73RM,231378,235362,3984
AlachiaQueen_UCMtD0xLX339zdD3yan8cg_gQ5GNQ73RM_235850_236202.wav,AlachiaQueen_UCMtD0xLX339zdD3yan8cg_gQ5GNQ73RM,235850,236202,352
AlachiaQueen_UCMtD0xLX339zdD3yan8cg_gQ5GNQ73RM_236466_240290.wav,AlachiaQueen_UCMtD0xLX339zdD3yan8cg_gQ5GNQ73RM,236466,240290,3824
AlachiaQueen_UCMtD0xLX339zdD3yan8cg_gQ5GNQ73RM_240530_242098.wav,AlachiaQueen_UCMtD0xLX339zdD3yan8cg_gQ5GNQ73RM,240530,242098,1568
AlachiaQueen_UCMtD0xLX339zdD3yan8cg_gQ5GNQ73RM_242242_244106.wav,AlachiaQueen_UCMtD0xLX339zdD3yan8cg_gQ5GNQ73RM,242242,244106,1864
AlachiaQueen_UCMtD0xLX339zdD3yan8cg_gQ5GNQ73RM_244538_250754.wav,AlachiaQueen_UCMtD0xLX339zdD3yan8cg_gQ5GNQ73RM,244538,250754,6216
AlachiaQueen_UCMtD0xLX339zdD3yan8cg_gQ5GNQ73RM_251122_255626.wav,AlachiaQueen_UCMtD0xLX339zdD3yan8cg_gQ5GNQ73RM,251122,255626,4504
AlachiaQueen_UCMtD0xLX339zdD3yan8cg_gQ5GNQ73RM_256178_262586.wav,AlachiaQueen_UCMtD0xLX339zdD3yan8cg_gQ5GNQ73RM,256178,262586,6408
AlachiaQueen_UCMtD0xLX339zdD3yan8cg_gQ5GNQ73RM_263026_264506.wav,AlachiaQueen_UCMtD0xLX339zdD3yan8cg_gQ5GNQ73RM,263026,264506,1480
AlachiaQueen_UCMtD0xLX339zdD3yan8cg_gQ5GNQ73RM_265386_269258.wav,AlachiaQueen_UCMtD0xLX339zdD3yan8cg_gQ5GNQ73RM,265386,269258,3872
AlachiaQueen_UCMtD0xLX339zdD3yan8cg_gQ5GNQ73RM_269562_277994.wav,AlachiaQueen_UCMtD0xLX339zdD3yan8cg_gQ5GNQ73RM,269562,277994,8432
AlachiaQueen_UCMtD0xLX339zdD3yan8cg_gQ5GNQ73RM_278282_282538.wav,AlachiaQueen_UCMtD0xLX339zdD3yan8cg_gQ5GNQ73RM,278282,282538,4256
AlachiaQueen_UCMtD0xLX339zdD3yan8cg_gQ5GNQ73RM_282834_284770.wav,AlachiaQueen_UCMtD0xLX339zdD3yan8cg_gQ5GNQ73RM,282834,284770,1936
AlachiaQueen_UCMtD0xLX339zdD3yan8cg_gQ5GNQ73RM_285162_286986.wav,AlachiaQueen_UCMtD0xLX339zdD3yan8cg_gQ5GNQ73RM,285162,286986,1824
AlachiaQueen_UCMtD0xLX339zdD3yan8cg_gQ5GNQ73RM_287762_294662.wav,AlachiaQueen_UCMtD0xLX339zdD3yan8cg_gQ5GNQ73RM,287762,294662,6900
AlachiaQueen_UCMtD0xLX339zdD3yan8cg_gQ5GNQ73RM_294822_298278.wav,AlachiaQueen_UCMtD0xLX339zdD3yan8cg_gQ5GNQ73RM,294822,298278,3456
AlachiaQueen_UCMtD0xLX339zdD3yan8cg_gQ5GNQ73RM_298446_299194.wav,AlachiaQueen_UCMtD0xLX339zdD3yan8cg_gQ5GNQ73RM,298446,299194,748
AlachiaQueen_UCMtD0xLX339zdD3yan8cg_gQ5GNQ73RM_299506_307618.wav,AlachiaQueen_UCMtD0xLX339zdD3yan8cg_gQ5GNQ73RM,299506,307618,8112
AlachiaQueen_UCMtD0xLX339zdD3yan8cg_gQ5GNQ73RM_308010_311090.wav,AlachiaQueen_UCMtD0xLX339zdD3yan8cg_gQ5GNQ73RM,308010,311090,3080
AlachiaQueen_UCMtD0xLX339zdD3yan8cg_gQ5GNQ73RM_311698_312274.wav,AlachiaQueen_UCMtD0xLX339zdD3yan8cg_gQ5GNQ73RM,311698,312274,576
AlachiaQueen_UCMtD0xLX339zdD3yan8cg_gQ5GNQ73RM_312538_314106.wav,AlachiaQueen_UCMtD0xLX339zdD3yan8cg_gQ5GNQ73RM,312538,314106,1568
AlachiaQueen_UCMtD0xLX339zdD3yan8cg_gQ5GNQ73RM_314266_317874.wav,AlachiaQueen_UCMtD0xLX339zdD3yan8cg_gQ5GNQ73RM,314266,317874,3608
AlachiaQueen_UCMtD0xLX339zdD3yan8cg_gQ5GNQ73RM_318554_321210.wav,AlachiaQueen_UCMtD0xLX339zdD3yan8cg_gQ5GNQ73RM,318554,321210,2656
AlachiaQueen_UCMtD0xLX339zdD3yan8cg_gQ5GNQ73RM_321378_324818.wav,AlachiaQueen_UCMtD0xLX339zdD3yan8cg_gQ5GNQ73RM,321378,324818,3440
AlachiaQueen_UCMtD0xLX339zdD3yan8cg_gQ5GNQ73RM_325098_327346.wav,AlachiaQueen_UCMtD0xLX339zdD3yan8cg_gQ5GNQ73RM,325098,327346,2248
AlachiaQueen_UCMtD0xLX339zdD3yan8cg_gQ5GNQ73RM_328258_337100.wav,AlachiaQueen_UCMtD0xLX339zdD3yan8cg_gQ5GNQ73RM,328258,337100,8842
AlachiaQueen_UCMtD0xLX339zdD3yan8cg_gQ5GNQ73RM_337364_339030.wav,AlachiaQueen_UCMtD0xLX339zdD3yan8cg_gQ5GNQ73RM,337364,339030,1666
AlachiaQueen_UCMtD0xLX339zdD3yan8cg_gQ5GNQ73RM_339238_341590.wav,AlachiaQueen_UCMtD0xLX339zdD3yan8cg_gQ5GNQ73RM,339238,341590,2352
AlachiaQueen_UCMtD0xLX339zdD3yan8cg_gQ5GNQ73RM_341718_342958.wav,AlachiaQueen_UCMtD0xLX339zdD3yan8cg_gQ5GNQ73RM,341718,342958,1240
AlachiaQueen_UCMtD0xLX339zdD3yan8cg_gQ5GNQ73RM_343078_345534.wav,AlachiaQueen_UCMtD0xLX339zdD3yan8cg_gQ5GNQ73RM,343078,345534,2456
AlachiaQueen_UCMtD0xLX339zdD3yan8cg_gQ5GNQ73RM_345654_351974.wav,AlachiaQueen_UCMtD0xLX339zdD3yan8cg_gQ5GNQ73RM,345654,351974,6320
AlachiaQueen_UCMtD0xLX339zdD3yan8cg_gQ5GNQ73RM_352214_352406.wav,AlachiaQueen_UCMtD0xLX339zdD3yan8cg_gQ5GNQ73RM,352214,352406,192
AlachiaQueen_UCMtD0xLX339zdD3yan8cg_gQ5GNQ73RM_352710_362318.wav,AlachiaQueen_UCMtD0xLX339zdD3yan8cg_gQ5GNQ73RM,352710,362318,9608
AlachiaQueen_UCMtD0xLX339zdD3yan8cg_gQ5GNQ73RM_362510_366430.wav,AlachiaQueen_UCMtD0xLX339zdD3yan8cg_gQ5GNQ73RM,362510,366430,3920
AlachiaQueen_UCMtD0xLX339zdD3yan8cg_gQ5GNQ73RM_366598_368810.wav,AlachiaQueen_UCMtD0xLX339zdD3yan8cg_gQ5GNQ73RM,366598,368810,2212
AlachiaQueen_UCMtD0xLX339zdD3yan8cg_gQ5GNQ73RM_369322_376658.wav,AlachiaQueen_UCMtD0xLX339zdD3yan8cg_gQ5GNQ73RM,369322,376658,7336
AlachiaQueen_UCMtD0xLX339zdD3yan8cg_gQ5GNQ73RM_377970_382010.wav,AlachiaQueen_UCMtD0xLX339zdD3yan8cg_gQ5GNQ73RM,377970,382010,4040
AlachiaQueen_UCMtD0xLX339zdD3yan8cg_gQ5GNQ73RM_382370_383994.wav,AlachiaQueen_UCMtD0xLX339zdD3yan8cg_gQ5GNQ73RM,382370,383994,1624
AlachiaQueen_UCMtD0xLX339zdD3yan8cg_gQ5GNQ73RM_384802_388154.wav,AlachiaQueen_UCMtD0xLX339zdD3yan8cg_gQ5GNQ73RM,384802,388154,3352
AlachiaQueen_UCMtD0xLX339zdD3yan8cg_gQ5GNQ73RM_388514_392530.wav,AlachiaQueen_UCMtD0xLX339zdD3yan8cg_gQ5GNQ73RM,388514,392530,4016
AlachiaQueen_UCMtD0xLX339zdD3yan8cg_gQ5GNQ73RM_392962_393378.wav,AlachiaQueen_UCMtD0xLX339zdD3yan8cg_gQ5GNQ73RM,392962,393378,416
AlachiaQueen_UCMtD0xLX339zdD3yan8cg_gQ5GNQ73RM_393642_400474.wav,AlachiaQueen_UCMtD0xLX339zdD3yan8cg_gQ5GNQ73RM,393642,400474,6832
AlachiaQueen_UCMtD0xLX339zdD3yan8cg_gQ5GNQ73RM_400730_406418.wav,AlachiaQueen_UCMtD0xLX339zdD3yan8cg_gQ5GNQ73RM,400730,406418,5688
AlachiaQueen_UCMtD0xLX339zdD3yan8cg_gQ5GNQ73RM_407346_407970.wav,AlachiaQueen_UCMtD0xLX339zdD3yan8cg_gQ5GNQ73RM,407346,407970,624
AlachiaQueen_UCMtD0xLX339zdD3yan8cg_gQ5GNQ73RM_408370_408982.wav,AlachiaQueen_UCMtD0xLX339zdD3yan8cg_gQ5GNQ73RM,408370,408982,612
AlachiaQueen_UCMtD0xLX339zdD3yan8cg_gQ5GNQ73RM_409126_409318.wav,AlachiaQueen_UCMtD0xLX339zdD3yan8cg_gQ5GNQ73RM,409126,409318,192
AlachiaQueen_UCMtD0xLX339zdD3yan8cg_gQ5GNQ73RM_409462_411926.wav,AlachiaQueen_UCMtD0xLX339zdD3yan8cg_gQ5GNQ73RM,409462,411926,2464
AlachiaQueen_UCMtD0xLX339zdD3yan8cg_gQ5GNQ73RM_412174_417902.wav,AlachiaQueen_UCMtD0xLX339zdD3yan8cg_gQ5GNQ73RM,412174,417902,5728
AlachiaQueen_UCMtD0xLX339zdD3yan8cg_gQ5GNQ73RM_418094_418502.wav,AlachiaQueen_UCMtD0xLX339zdD3yan8cg_gQ5GNQ73RM,418094,418502,408
AlachiaQueen_UCMtD0xLX339zdD3yan8cg_gQ5GNQ73RM_418654_420478.wav,AlachiaQueen_UCMtD0xLX339zdD3yan8cg_gQ5GNQ73RM,418654,420478,1824
AlachiaQueen_UCMtD0xLX339zdD3yan8cg_gQ5GNQ73RM_420590_424862.wav,AlachiaQueen_UCMtD0xLX339zdD3yan8cg_gQ5GNQ73RM,420590,424862,4272
AlachiaQueen_UCMtD0xLX339zdD3yan8cg_gQ5GNQ73RM_425054_428422.wav,AlachiaQueen_UCMtD0xLX339zdD3yan8cg_gQ5GNQ73RM,425054,428422,3368
AlachiaQueen_UCMtD0xLX339zdD3yan8cg_gQ5GNQ73RM_428622_429362.wav,AlachiaQueen_UCMtD0xLX339zdD3yan8cg_gQ5GNQ73RM,428622,429362,740
AlachiaQueen_UCMtD0xLX339zdD3yan8cg_gQ5GNQ73RM_430386_433674.wav,AlachiaQueen_UCMtD0xLX339zdD3yan8cg_gQ5GNQ73RM,430386,433674,3288
AlachiaQueen_UCMtD0xLX339zdD3yan8cg_gQ5GNQ73RM_434410_436170.wav,AlachiaQueen_UCMtD0xLX339zdD3yan8cg_gQ5GNQ73RM,434410,436170,1760
AlachiaQueen_UCMtD0xLX339zdD3yan8cg_gQ5GNQ73RM_437074_440142.wav,AlachiaQueen_UCMtD0xLX339zdD3yan8cg_gQ5GNQ73RM,437074,440142,3068
AlachiaQueen_UCMtD0xLX339zdD3yan8cg_gQ5GNQ73RM_440302_440870.wav,AlachiaQueen_UCMtD0xLX339zdD3yan8cg_gQ5GNQ73RM,440302,440870,568
AlachiaQueen_UCMtD0xLX339zdD3yan8cg_gQ5GNQ73RM_441006_441422.wav,AlachiaQueen_UCMtD0xLX339zdD3yan8cg_gQ5GNQ73RM,441006,441422,416
AlachiaQueen_UCMtD0xLX339zdD3yan8cg_gQ5GNQ73RM_441566_444198.wav,AlachiaQueen_UCMtD0xLX339zdD3yan8cg_gQ5GNQ73RM,441566,444198,2632
AlachiaQueen_UCMtD0xLX339zdD3yan8cg_gQ5GNQ73RM_444358_447614.wav,AlachiaQueen_UCMtD0xLX339zdD3yan8cg_gQ5GNQ73RM,444358,447614,3256
AlachiaQueen_UCMtD0xLX339zdD3yan8cg_gQ5GNQ73RM_447790_449190.wav,AlachiaQueen_UCMtD0xLX339zdD3yan8cg_gQ5GNQ73RM,447790,449190,1400
AlachiaQueen_UCMtD0xLX339zdD3yan8cg_gQ5GNQ73RM_449374_455826.wav,AlachiaQueen_UCMtD0xLX339zdD3yan8cg_gQ5GNQ73RM,449374,455826,6452
AlachiaQueen_UCMtD0xLX339zdD3yan8cg_gQ5GNQ73RM_456210_456610.wav,AlachiaQueen_UCMtD0xLX339zdD3yan8cg_gQ5GNQ73RM,456210,456610,400
AlachiaQueen_UCMtD0xLX339zdD3yan8cg_gQ5GNQ73RM_456794_459042.wav,AlachiaQueen_UCMtD0xLX339zdD3yan8cg_gQ5GNQ73RM,456794,459042,2248
AlachiaQueen_UCMtD0xLX339zdD3yan8cg_gQ5GNQ73RM_459250_467306.wav,AlachiaQueen_UCMtD0xLX339zdD3yan8cg_gQ5GNQ73RM,459250,467306,8056
AlachiaQueen_UCMtD0xLX339zdD3yan8cg_gQ5GNQ73RM_467434_468242.wav,AlachiaQueen_UCMtD0xLX339zdD3yan8cg_gQ5GNQ73RM,467434,468242,808
AlachiaQueen_UCMtD0xLX339zdD3yan8cg_gQ5GNQ73RM_468370_476882.wav,AlachiaQueen_UCMtD0xLX339zdD3yan8cg_gQ5GNQ73RM,468370,476882,8512
AlachiaQueen_UCMtD0xLX339zdD3yan8cg_gQ5GNQ73RM_476986_477698.wav,AlachiaQueen_UCMtD0xLX339zdD3yan8cg_gQ5GNQ73RM,476986,477698,712
AlachiaQueen_UCMtD0xLX339zdD3yan8cg_gQ5GNQ73RM_478170_484978.wav,AlachiaQueen_UCMtD0xLX339zdD3yan8cg_gQ5GNQ73RM,478170,484978,6808
AlachiaQueen_UCMtD0xLX339zdD3yan8cg_gQ5GNQ73RM_485818_487106.wav,AlachiaQueen_UCMtD0xLX339zdD3yan8cg_gQ5GNQ73RM,485818,487106,1288
AlachiaQueen_UCMtD0xLX339zdD3yan8cg_gQ5GNQ73RM_487682_492098.wav,AlachiaQueen_UCMtD0xLX339zdD3yan8cg_gQ5GNQ73RM,487682,492098,4416
AlachiaQueen_UCMtD0xLX339zdD3yan8cg_gQ5GNQ73RM_492226_495130.wav,AlachiaQueen_UCMtD0xLX339zdD3yan8cg_gQ5GNQ73RM,492226,495130,2904
AlachiaQueen_UCMtD0xLX339zdD3yan8cg_gQ5GNQ73RM_495258_498210.wav,AlachiaQueen_UCMtD0xLX339zdD3yan8cg_gQ5GNQ73RM,495258,498210,2952
AlachiaQueen_UCMtD0xLX339zdD3yan8cg_gQ5GNQ73RM_498330_499210.wav,AlachiaQueen_UCMtD0xLX339zdD3yan8cg_gQ5GNQ73RM,498330,499210,880
AlachiaQueen_UCMtD0xLX339zdD3yan8cg_gQ5GNQ73RM_499578_501218.wav,AlachiaQueen_UCMtD0xLX339zdD3yan8cg_gQ5GNQ73RM,499578,501218,1640
AlachiaQueen_UCMtD0xLX339zdD3yan8cg_gQ5GNQ73RM_501498_502902.wav,AlachiaQueen_UCMtD0xLX339zdD3yan8cg_gQ5GNQ73RM,501498,502902,1404
AlachiaQueen_UCMtD0xLX339zdD3yan8cg_gQ5GNQ73RM_503254_512762.wav,AlachiaQueen_UCMtD0xLX339zdD3yan8cg_gQ5GNQ73RM,503254,512762,9508
AlachiaQueen_UCMtD0xLX339zdD3yan8cg_gQ5GNQ73RM_513082_513618.wav,AlachiaQueen_UCMtD0xLX339zdD3yan8cg_gQ5GNQ73RM,513082,513618,536
AlachiaQueen_UCMtD0xLX339zdD3yan8cg_gQ5GNQ73RM_513914_517458.wav,AlachiaQueen_UCMtD0xLX339zdD3yan8cg_gQ5GNQ73RM,513914,517458,3544
AlachiaQueen_UCMtD0xLX339zdD3yan8cg_gQ5GNQ73RM_518362_523234.wav,AlachiaQueen_UCMtD0xLX339zdD3yan8cg_gQ5GNQ73RM,518362,523234,4872
AlachiaQueen_UCMtD0xLX339zdD3yan8cg_gQ5GNQ73RM_524194_531498.wav,AlachiaQueen_UCMtD0xLX339zdD3yan8cg_gQ5GNQ73RM,524194,531498,7304
AlachiaQueen_UCMtD0xLX339zdD3yan8cg_gQ5GNQ73RM_531906_533658.wav,AlachiaQueen_UCMtD0xLX339zdD3yan8cg_gQ5GNQ73RM,531906,533658,1752
AlachiaQueen_UCMtD0xLX339zdD3yan8cg_gQ5GNQ73RM_533938_536426.wav,AlachiaQueen_UCMtD0xLX339zdD3yan8cg_gQ5GNQ73RM,533938,536426,2488
AlachiaQueen_UCMtD0xLX339zdD3yan8cg_gQ5GNQ73RM_537002_539018.wav,AlachiaQueen_UCMtD0xLX339zdD3yan8cg_gQ5GNQ73RM,537002,539018,2016
AlachiaQueen_UCMtD0xLX339zdD3yan8cg_gQ5GNQ73RM_539818_545114.wav,AlachiaQueen_UCMtD0xLX339zdD3yan8cg_gQ5GNQ73RM,539818,545114,5296
AlachiaQueen_UCMtD0xLX339zdD3yan8cg_gQ5GNQ73RM_546770_555698.wav,AlachiaQueen_UCMtD0xLX339zdD3yan8cg_gQ5GNQ73RM,546770,555698,8928
AlachiaQueen_UCMtD0xLX339zdD3yan8cg_gQ5GNQ73RM_556466_564290.wav,AlachiaQueen_UCMtD0xLX339zdD3yan8cg_gQ5GNQ73RM,556466,564290,7824
AlachiaQueen_UCMtD0xLX339zdD3yan8cg_gQ5GNQ73RM_565282_568882.wav,AlachiaQueen_UCMtD0xLX339zdD3yan8cg_gQ5GNQ73RM,565282,568882,3600
AlachiaQueen_UCMtD0xLX339zdD3yan8cg_gQ5GNQ73RM_569202_574082.wav,AlachiaQueen_UCMtD0xLX339zdD3yan8cg_gQ5GNQ73RM,569202,574082,4880
AlachiaQueen_UCMtD0xLX339zdD3yan8cg_gQ5GNQ73RM_574698_577402.wav,AlachiaQueen_UCMtD0xLX339zdD3yan8cg_gQ5GNQ73RM,574698,577402,2704
AlachiaQueen_UCMtD0xLX339zdD3yan8cg_gQ5GNQ73RM_578122_585986.wav,AlachiaQueen_UCMtD0xLX339zdD3yan8cg_gQ5GNQ73RM,578122,585986,7864
AlachiaQueen_UCMtD0xLX339zdD3yan8cg_gQ5GNQ73RM_586418_586562.wav,AlachiaQueen_UCMtD0xLX339zdD3yan8cg_gQ5GNQ73RM,586418,586562,144
AlachiaQueen_UCMtD0xLX339zdD3yan8cg_gQ5GNQ73RM_586874_593470.wav,AlachiaQueen_UCMtD0xLX339zdD3yan8cg_gQ5GNQ73RM,586874,593470,6596
AlachiaQueen_UCMtD0xLX339zdD3yan8cg_gQ5GNQ73RM_593582_595774.wav,AlachiaQueen_UCMtD0xLX339zdD3yan8cg_gQ5GNQ73RM,593582,595774,2192
AlachiaQueen_UCMtD0xLX339zdD3yan8cg_gQ5GNQ73RM_595966_603726.wav,AlachiaQueen_UCMtD0xLX339zdD3yan8cg_gQ5GNQ73RM,595966,603726,7760
AlachiaQueen_UCMtD0xLX339zdD3yan8cg_gQ5GNQ73RM_603838_604518.wav,AlachiaQueen_UCMtD0xLX339zdD3yan8cg_gQ5GNQ73RM,603838,604518,680
AlachiaQueen_UCMtD0xLX339zdD3yan8cg_gQ5GNQ73RM_604630_606866.wav,AlachiaQueen_UCMtD0xLX339zdD3yan8cg_gQ5GNQ73RM,604630,606866,2236
AlachiaQueen_UCMtD0xLX339zdD3yan8cg_gQ5GNQ73RM_607994_615994.wav,AlachiaQueen_UCMtD0xLX339zdD3yan8cg_gQ5GNQ73RM,607994,615994,8000
AlachiaQueen_UCMtD0xLX339zdD3yan8cg_gQ5GNQ73RM_616682_625794.wav,AlachiaQueen_UCMtD0xLX339zdD3yan8cg_gQ5GNQ73RM,616682,625794,9112
AlachiaQueen_UCMtD0xLX339zdD3yan8cg_gQ5GNQ73RM_626338_633026.wav,AlachiaQueen_UCMtD0xLX339zdD3yan8cg_gQ5GNQ73RM,626338,633026,6688
AlachiaQueen_UCMtD0xLX339zdD3yan8cg_gQ5GNQ73RM_633402_633634.wav,AlachiaQueen_UCMtD0xLX339zdD3yan8cg_gQ5GNQ73RM,633402,633634,232
AlachiaQueen_UCMtD0xLX339zdD3yan8cg_gQ5GNQ73RM_634258_635730.wav,AlachiaQueen_UCMtD0xLX339zdD3yan8cg_gQ5GNQ73RM,634258,635730,1472
AlachiaQueen_UCMtD0xLX339zdD3yan8cg_gQ5GNQ73RM_636522_639898.wav,AlachiaQueen_UCMtD0xLX339zdD3yan8cg_gQ5GNQ73RM,636522,639898,3376
AlachiaQueen_UCMtD0xLX339zdD3yan8cg_gQ5GNQ73RM_640146_648234.wav,AlachiaQueen_UCMtD0xLX339zdD3yan8cg_gQ5GNQ73RM,640146,648234,8088
AlachiaQueen_UCMtD0xLX339zdD3yan8cg_gQ5GNQ73RM_648386_649210.wav,AlachiaQueen_UCMtD0xLX339zdD3yan8cg_gQ5GNQ73RM,648386,649210,824
AlachiaQueen_UCMtD0xLX339zdD3yan8cg_gQ5GNQ73RM_649362_651770.wav,AlachiaQueen_UCMtD0xLX339zdD3yan8cg_gQ5GNQ73RM,649362,651770,2408
AlachiaQueen_UCMtD0xLX339zdD3yan8cg_gQ5GNQ73RM_651946_657290.wav,AlachiaQueen_UCMtD0xLX339zdD3yan8cg_gQ5GNQ73RM,651946,657290,5344
AlachiaQueen_UCMtD0xLX339zdD3yan8cg_gQ5GNQ73RM_657794_662538.wav,AlachiaQueen_UCMtD0xLX339zdD3yan8cg_gQ5GNQ73RM,657794,662538,4744
AlachiaQueen_UCMtD0xLX339zdD3yan8cg_gQ5GNQ73RM_662682_665418.wav,AlachiaQueen_UCMtD0xLX339zdD3yan8cg_gQ5GNQ73RM,662682,665418,2736
AlachiaQueen_UCMtD0xLX339zdD3yan8cg_gQ5GNQ73RM_665666_668138.wav,AlachiaQueen_UCMtD0xLX339zdD3yan8cg_gQ5GNQ73RM,665666,668138,2472
AlachiaQueen_UCMtD0xLX339zdD3yan8cg_gQ5GNQ73RM_668434_670602.wav,AlachiaQueen_UCMtD0xLX339zdD3yan8cg_gQ5GNQ73RM,668434,670602,2168
AlachiaQueen_UCMtD0xLX339zdD3yan8cg_gQ5GNQ73RM_671602_675614.wav,AlachiaQueen_UCMtD0xLX339zdD3yan8cg_gQ5GNQ73RM,671602,675614,4012
AlachiaQueen_UCMtD0xLX339zdD3yan8cg_gQ5GNQ73RM_675750_676774.wav,AlachiaQueen_UCMtD0xLX339zdD3yan8cg_gQ5GNQ73RM,675750,676774,1024
AlachiaQueen_UCMtD0xLX339zdD3yan8cg_gQ5GNQ73RM_676910_677966.wav,AlachiaQueen_UCMtD0xLX339zdD3yan8cg_gQ5GNQ73RM,676910,677966,1056
AlachiaQueen_UCMtD0xLX339zdD3yan8cg_gQ5GNQ73RM_678134_681826.wav,AlachiaQueen_UCMtD0xLX339zdD3yan8cg_gQ5GNQ73RM,678134,681826,3692
AlachiaQueen_UCMtD0xLX339zdD3yan8cg_gQ5GNQ73RM_682474_688650.wav,AlachiaQueen_UCMtD0xLX339zdD3yan8cg_gQ5GNQ73RM,682474,688650,6176
AlachiaQueen_UCMtD0xLX339zdD3yan8cg_gQ5GNQ73RM_688938_692130.wav,AlachiaQueen_UCMtD0xLX339zdD3yan8cg_gQ5GNQ73RM,688938,692130,3192
AlachiaQueen_UCMtD0xLX339zdD3yan8cg_gQ5GNQ73RM_692386_698378.wav,AlachiaQueen_UCMtD0xLX339zdD3yan8cg_gQ5GNQ73RM,692386,698378,5992
AlachiaQueen_UCMtD0xLX339zdD3yan8cg_gQ5GNQ73RM_698666_699914.wav,AlachiaQueen_UCMtD0xLX339zdD3yan8cg_gQ5GNQ73RM,698666,699914,1248
AlachiaQueen_UCMtD0xLX339zdD3yan8cg_gQ5GNQ73RM_700426_707818.wav,AlachiaQueen_UCMtD0xLX339zdD3yan8cg_gQ5GNQ73RM,700426,707818,7392
AlachiaQueen_UCMtD0xLX339zdD3yan8cg_gQ5GNQ73RM_708538_714466.wav,AlachiaQueen_UCMtD0xLX339zdD3yan8cg_gQ5GNQ73RM,708538,714466,5928
AlachiaQueen_UCMtD0xLX339zdD3yan8cg_gQ5GNQ73RM_714802_716130.wav,AlachiaQueen_UCMtD0xLX339zdD3yan8cg_gQ5GNQ73RM,714802,716130,1328
AlachiaQueen_UCMtD0xLX339zdD3yan8cg_gQ5GNQ73RM_717082_717546.wav,AlachiaQueen_UCMtD0xLX339zdD3yan8cg_gQ5GNQ73RM,717082,717546,464
AlachiaQueen_UCMtD0xLX339zdD3yan8cg_gQ5GNQ73RM_718058_720834.wav,AlachiaQueen_UCMtD0xLX339zdD3yan8cg_gQ5GNQ73RM,718058,720834,2776
AlachiaQueen_UCMtD0xLX339zdD3yan8cg_gQ5GNQ73RM_721466_725162.wav,AlachiaQueen_UCMtD0xLX339zdD3yan8cg_gQ5GNQ73RM,721466,725162,3696
AlachiaQueen_UCMtD0xLX339zdD3yan8cg_gQ5GNQ73RM_725882_726170.wav,AlachiaQueen_UCMtD0xLX339zdD3yan8cg_gQ5GNQ73RM,725882,726170,288
AlachiaQueen_UCMtD0xLX339zdD3yan8cg_gQ5GNQ73RM_727418_729122.wav,AlachiaQueen_UCMtD0xLX339zdD3yan8cg_gQ5GNQ73RM,727418,729122,1704
AlachiaQueen_UCMtD0xLX339zdD3yan8cg_gQ5GNQ73RM_729618_731522.wav,AlachiaQueen_UCMtD0xLX339zdD3yan8cg_gQ5GNQ73RM,729618,731522,1904
AlachiaQueen_UCMtD0xLX339zdD3yan8cg_gQ5GNQ73RM_733450_739738.wav,AlachiaQueen_UCMtD0xLX339zdD3yan8cg_gQ5GNQ73RM,733450,739738,6288
AlachiaQueen_UCMtD0xLX339zdD3yan8cg_gQ5GNQ73RM_740298_743410.wav,AlachiaQueen_UCMtD0xLX339zdD3yan8cg_gQ5GNQ73RM,740298,743410,3112
AlachiaQueen_UCMtD0xLX339zdD3yan8cg_gQ5GNQ73RM_743810_747690.wav,AlachiaQueen_UCMtD0xLX339zdD3yan8cg_gQ5GNQ73RM,743810,747690,3880
AlachiaQueen_UCMtD0xLX339zdD3yan8cg_gQ5GNQ73RM_748338_756570.wav,AlachiaQueen_UCMtD0xLX339zdD3yan8cg_gQ5GNQ73RM,748338,756570,8232
AlachiaQueen_UCMtD0xLX339zdD3yan8cg_gQ5GNQ73RM_757178_764238.wav,AlachiaQueen_UCMtD0xLX339zdD3yan8cg_gQ5GNQ73RM,757178,764238,7060
AlachiaQueen_UCMtD0xLX339zdD3yan8cg_gQ5GNQ73RM_764342_765462.wav,AlachiaQueen_UCMtD0xLX339zdD3yan8cg_gQ5GNQ73RM,764342,765462,1120
AlachiaQueen_UCMtD0xLX339zdD3yan8cg_gQ5GNQ73RM_765694_767838.wav,AlachiaQueen_UCMtD0xLX339zdD3yan8cg_gQ5GNQ73RM,765694,767838,2144
AlachiaQueen_UCMtD0xLX339zdD3yan8cg_gQ5GNQ73RM_767942_768594.wav,AlachiaQueen_UCMtD0xLX339zdD3yan8cg_gQ5GNQ73RM,767942,768594,652
AlachiaQueen_UCMtD0xLX339zdD3yan8cg_gQ5GNQ73RM_769042_769194.wav,AlachiaQueen_UCMtD0xLX339zdD3yan8cg_gQ5GNQ73RM,769042,769194,152
AlachiaQueen_UCMtD0xLX339zdD3yan8cg_gQ5GNQ73RM_769546_774538.wav,AlachiaQueen_UCMtD0xLX339zdD3yan8cg_gQ5GNQ73RM,769546,774538,4992
AlachiaQueen_UCMtD0xLX339zdD3yan8cg_gQ5GNQ73RM_774938_777242.wav,AlachiaQueen_UCMtD0xLX339zdD3yan8cg_gQ5GNQ73RM,774938,777242,2304
AlachiaQueen_UCMtD0xLX339zdD3yan8cg_gQ5GNQ73RM_777650_778490.wav,AlachiaQueen_UCMtD0xLX339zdD3yan8cg_gQ5GNQ73RM,777650,778490,840
AlachiaQueen_UCMtD0xLX339zdD3yan8cg_gQ5GNQ73RM_778962_779986.wav,AlachiaQueen_UCMtD0xLX339zdD3yan8cg_gQ5GNQ73RM,778962,779986,1024
AlachiaQueen_UCMtD0xLX339zdD3yan8cg_gQ5GNQ73RM_780498_783786.wav,AlachiaQueen_UCMtD0xLX339zdD3yan8cg_gQ5GNQ73RM,780498,783786,3288
AlachiaQueen_UCMtD0xLX339zdD3yan8cg_gQ5GNQ73RM_784674_785546.wav,AlachiaQueen_UCMtD0xLX339zdD3yan8cg_gQ5GNQ73RM,784674,785546,872
AlachiaQueen_UCMtD0xLX339zdD3yan8cg_gQ5GNQ73RM_785970_795650.wav,AlachiaQueen_UCMtD0xLX339zdD3yan8cg_gQ5GNQ73RM,785970,795650,9680
AlachiaQueen_UCMtD0xLX339zdD3yan8cg_gQ5GNQ73RM_796058_796882.wav,AlachiaQueen_UCMtD0xLX339zdD3yan8cg_gQ5GNQ73RM,796058,796882,824
AlachiaQueen_UCMtD0xLX339zdD3yan8cg_gQ5GNQ73RM_797258_804370.wav,AlachiaQueen_UCMtD0xLX339zdD3yan8cg_gQ5GNQ73RM,797258,804370,7112
AlachiaQueen_UCMtD0xLX339zdD3yan8cg_gQ5GNQ73RM_804794_812506.wav,AlachiaQueen_UCMtD0xLX339zdD3yan8cg_gQ5GNQ73RM,804794,812506,7712
AlachiaQueen_UCMtD0xLX339zdD3yan8cg_gQ5GNQ73RM_812962_820634.wav,AlachiaQueen_UCMtD0xLX339zdD3yan8cg_gQ5GNQ73RM,812962,820634,7672
AlachiaQueen_UCMtD0xLX339zdD3yan8cg_gQ5GNQ73RM_820938_824882.wav,AlachiaQueen_UCMtD0xLX339zdD3yan8cg_gQ5GNQ73RM,820938,824882,3944
AlachiaQueen_UCMtD0xLX339zdD3yan8cg_gQ5GNQ73RM_825162_826706.wav,AlachiaQueen_UCMtD0xLX339zdD3yan8cg_gQ5GNQ73RM,825162,826706,1544
AlachiaQueen_UCMtD0xLX339zdD3yan8cg_gQ5GNQ73RM_827586_835106.wav,AlachiaQueen_UCMtD0xLX339zdD3yan8cg_gQ5GNQ73RM,827586,835106,7520
AlachiaQueen_UCMtD0xLX339zdD3yan8cg_gQ5GNQ73RM_835594_840838.wav,AlachiaQueen_UCMtD0xLX339zdD3yan8cg_gQ5GNQ73RM,835594,840838,5244
AlachiaQueen_UCMtD0xLX339zdD3yan8cg_gQ5GNQ73RM_841062_841790.wav,AlachiaQueen_UCMtD0xLX339zdD3yan8cg_gQ5GNQ73RM,841062,841790,728
AlachiaQueen_UCMtD0xLX339zdD3yan8cg_gQ5GNQ73RM_841958_846950.wav,AlachiaQueen_UCMtD0xLX339zdD3yan8cg_gQ5GNQ73RM,841958,846950,4992
AlachiaQueen_UCMtD0xLX339zdD3yan8cg_gQ5GNQ73RM_847190_852278.wav,AlachiaQueen_UCMtD0xLX339zdD3yan8cg_gQ5GNQ73RM,847190,852278,5088
AlachiaQueen_UCMtD0xLX339zdD3yan8cg_gQ5GNQ73RM_852478_857150.wav,AlachiaQueen_UCMtD0xLX339zdD3yan8cg_gQ5GNQ73RM,852478,857150,4672
AlachiaQueen_UCMtD0xLX339zdD3yan8cg_gQ5GNQ73RM_857278_858910.wav,AlachiaQueen_UCMtD0xLX339zdD3yan8cg_gQ5GNQ73RM,857278,858910,1632
AlachiaQueen_UCMtD0xLX339zdD3yan8cg_gQ5GNQ73RM_859158_863506.wav,AlachiaQueen_UCMtD0xLX339zdD3yan8cg_gQ5GNQ73RM,859158,863506,4348
AlachiaQueen_UCMtD0xLX339zdD3yan8cg_gQ5GNQ73RM_863866_867362.wav,AlachiaQueen_UCMtD0xLX339zdD3yan8cg_gQ5GNQ73RM,863866,867362,3496
AlachiaQueen_UCMtD0xLX339zdD3yan8cg_gQ5GNQ73RM_868178_870674.wav,AlachiaQueen_UCMtD0xLX339zdD3yan8cg_gQ5GNQ73RM,868178,870674,2496
AlachiaQueen_UCMtD0xLX339zdD3yan8cg_gQ5GNQ73RM_870978_876698.wav,AlachiaQueen_UCMtD0xLX339zdD3yan8cg_gQ5GNQ73RM,870978,876698,5720
AlachiaQueen_UCMtD0xLX339zdD3yan8cg_gQ5GNQ73RM_877018_878014.wav,AlachiaQueen_UCMtD0xLX339zdD3yan8cg_gQ5GNQ73RM,877018,878014,996
AlachiaQueen_UCMtD0xLX339zdD3yan8cg_gQ5GNQ73RM_878190_879838.wav,AlachiaQueen_UCMtD0xLX339zdD3yan8cg_gQ5GNQ73RM,878190,879838,1648
AlachiaQueen_UCMtD0xLX339zdD3yan8cg_gQ5GNQ73RM_880102_886870.wav,AlachiaQueen_UCMtD0xLX339zdD3yan8cg_gQ5GNQ73RM,880102,886870,6768
AlachiaQueen_UCMtD0xLX339zdD3yan8cg_gQ5GNQ73RM_887086_888062.wav,AlachiaQueen_UCMtD0xLX339zdD3yan8cg_gQ5GNQ73RM,887086,888062,976
AlachiaQueen_UCMtD0xLX339zdD3yan8cg_gQ5GNQ73RM_888270_889014.wav,AlachiaQueen_UCMtD0xLX339zdD3yan8cg_gQ5GNQ73RM,888270,889014,744
AlachiaQueen_UCMtD0xLX339zdD3yan8cg_gQ5GNQ73RM_889118_889718.wav,AlachiaQueen_UCMtD0xLX339zdD3yan8cg_gQ5GNQ73RM,889118,889718,600
AlachiaQueen_UCMtD0xLX339zdD3yan8cg_gQ5GNQ73RM_889910_890990.wav,AlachiaQueen_UCMtD0xLX339zdD3yan8cg_gQ5GNQ73RM,889910,890990,1080
AlachiaQueen_UCMtD0xLX339zdD3yan8cg_gQ5GNQ73RM_891102_892914.wav,AlachiaQueen_UCMtD0xLX339zdD3yan8cg_gQ5GNQ73RM,891102,892914,1812
AlachiaQueen_UCMtD0xLX339zdD3yan8cg_gQ5GNQ73RM_893466_896666.wav,AlachiaQueen_UCMtD0xLX339zdD3yan8cg_gQ5GNQ73RM,893466,896666,3200
AlachiaQueen_UCMtD0xLX339zdD3yan8cg_gQ5GNQ73RM_896778_902370.wav,AlachiaQueen_UCMtD0xLX339zdD3yan8cg_gQ5GNQ73RM,896778,902370,5592
AlachiaQueen_UCMtD0xLX339zdD3yan8cg_gQ5GNQ73RM_902522_908066.wav,AlachiaQueen_UCMtD0xLX339zdD3yan8cg_gQ5GNQ73RM,902522,908066,5544
AlachiaQueen_UCMtD0xLX339zdD3yan8cg_gQ5GNQ73RM_908258_909314.wav,AlachiaQueen_UCMtD0xLX339zdD3yan8cg_gQ5GNQ73RM,908258,909314,1056
AlachiaQueen_UCMtD0xLX339zdD3yan8cg_gQ5GNQ73RM_909458_909602.wav,AlachiaQueen_UCMtD0xLX339zdD3yan8cg_gQ5GNQ73RM,909458,909602,144
AlachiaQueen_UCMtD0xLX339zdD3yan8cg_gQ5GNQ73RM_909722_914306.wav,AlachiaQueen_UCMtD0xLX339zdD3yan8cg_gQ5GNQ73RM,909722,914306,4584
AlachiaQueen_UCMtD0xLX339zdD3yan8cg_gQ5GNQ73RM_914410_920810.wav,AlachiaQueen_UCMtD0xLX339zdD3yan8cg_gQ5GNQ73RM,914410,920810,6400
AlachiaQueen_UCMtD0xLX339zdD3yan8cg_gQ5GNQ73RM_921418_923106.wav,AlachiaQueen_UCMtD0xLX339zdD3yan8cg_gQ5GNQ73RM,921418,923106,1688
AlachiaQueen_UCMtD0xLX339zdD3yan8cg_gQ5GNQ73RM_923458_925234.wav,AlachiaQueen_UCMtD0xLX339zdD3yan8cg_gQ5GNQ73RM,923458,925234,1776
AlachiaQueen_UCMtD0xLX339zdD3yan8cg_gQ5GNQ73RM_926154_931850.wav,AlachiaQueen_UCMtD0xLX339zdD3yan8cg_gQ5GNQ73RM,926154,931850,5696
AlachiaQueen_UCMtD0xLX339zdD3yan8cg_gQ5GNQ73RM_932586_937850.wav,AlachiaQueen_UCMtD0xLX339zdD3yan8cg_gQ5GNQ73RM,932586,937850,5264
AlachiaQueen_UCMtD0xLX339zdD3yan8cg_gQ5GNQ73RM_938610_941602.wav,AlachiaQueen_UCMtD0xLX339zdD3yan8cg_gQ5GNQ73RM,938610,941602,2992
AlachiaQueen_UCMtD0xLX339zdD3yan8cg_gQ5GNQ73RM_941906_942890.wav,AlachiaQueen_UCMtD0xLX339zdD3yan8cg_gQ5GNQ73RM,941906,942890,984
AlachiaQueen_UCMtD0xLX339zdD3yan8cg_gQ5GNQ73RM_943634_944426.wav,AlachiaQueen_UCMtD0xLX339zdD3yan8cg_gQ5GNQ73RM,943634,944426,792
AlachiaQueen_UCMtD0xLX339zdD3yan8cg_gQ5GNQ73RM_944746_947218.wav,AlachiaQueen_UCMtD0xLX339zdD3yan8cg_gQ5GNQ73RM,944746,947218,2472
AlachiaQueen_UCMtD0xLX339zdD3yan8cg_gQ5GNQ73RM_947498_949170.wav,AlachiaQueen_UCMtD0xLX339zdD3yan8cg_gQ5GNQ73RM,947498,949170,1672
AlachiaQueen_UCMtD0xLX339zdD3yan8cg_gQ5GNQ73RM_949626_951130.wav,AlachiaQueen_UCMtD0xLX339zdD3yan8cg_gQ5GNQ73RM,949626,951130,1504
AlachiaQueen_UCMtD0xLX339zdD3yan8cg_gQ5GNQ73RM_951394_955138.wav,AlachiaQueen_UCMtD0xLX339zdD3yan8cg_gQ5GNQ73RM,951394,955138,3744
AlachiaQueen_UCMtD0xLX339zdD3yan8cg_gQ5GNQ73RM_956138_957362.wav,AlachiaQueen_UCMtD0xLX339zdD3yan8cg_gQ5GNQ73RM,956138,957362,1224
AlachiaQueen_UCMtD0xLX339zdD3yan8cg_gQ5GNQ73RM_957642_961194.wav,AlachiaQueen_UCMtD0xLX339zdD3yan8cg_gQ5GNQ73RM,957642,961194,3552
AlachiaQueen_UCMtD0xLX339zdD3yan8cg_gQ5GNQ73RM_962082_970138.wav,AlachiaQueen_UCMtD0xLX339zdD3yan8cg_gQ5GNQ73RM,962082,970138,8056
AlachiaQueen_UCMtD0xLX339zdD3yan8cg_gQ5GNQ73RM_971058_972670.wav,AlachiaQueen_UCMtD0xLX339zdD3yan8cg_gQ5GNQ73RM,971058,972670,1612
AlachiaQueen_UCMtD0xLX339zdD3yan8cg_gQ5GNQ73RM_972822_979902.wav,AlachiaQueen_UCMtD0xLX339zdD3yan8cg_gQ5GNQ73RM,972822,979902,7080
AlachiaQueen_UCMtD0xLX339zdD3yan8cg_gQ5GNQ73RM_980046_980222.wav,AlachiaQueen_UCMtD0xLX339zdD3yan8cg_gQ5GNQ73RM,980046,980222,176
AlachiaQueen_UCMtD0xLX339zdD3yan8cg_gQ5GNQ73RM_980406_980934.wav,AlachiaQueen_UCMtD0xLX339zdD3yan8cg_gQ5GNQ73RM,980406,980934,528
AlachiaQueen_UCMtD0xLX339zdD3yan8cg_gQ5GNQ73RM_981110_983554.wav,AlachiaQueen_UCMtD0xLX339zdD3yan8cg_gQ5GNQ73RM,981110,983554,2444
AlachiaQueen_UCMtD0xLX339zdD3yan8cg_gQ5GNQ73RM_984114_985826.wav,AlachiaQueen_UCMtD0xLX339zdD3yan8cg_gQ5GNQ73RM,984114,985826,1712
AlachiaQueen_UCMtD0xLX339zdD3yan8cg_gQ5GNQ73RM_986378_987378.wav,AlachiaQueen_UCMtD0xLX339zdD3yan8cg_gQ5GNQ73RM,986378,987378,1000
AlachiaQueen_UCMtD0xLX339zdD3yan8cg_gQ5GNQ73RM_988050_988802.wav,AlachiaQueen_UCMtD0xLX339zdD3yan8cg_gQ5GNQ73RM,988050,988802,752
AlachiaQueen_UCMtD0xLX339zdD3yan8cg_gQ5GNQ73RM_989666_991346.wav,AlachiaQueen_UCMtD0xLX339zdD3yan8cg_gQ5GNQ73RM,989666,991346,1680
AlachiaQueen_UCMtD0xLX339zdD3yan8cg_gQ5GNQ73RM_991450_992202.wav,AlachiaQueen_UCMtD0xLX339zdD3yan8cg_gQ5GNQ73RM,991450,992202,752
AlachiaQueen_UCMtD0xLX339zdD3yan8cg_gQ5GNQ73RM_992434_997330.wav,AlachiaQueen_UCMtD0xLX339zdD3yan8cg_gQ5GNQ73RM,992434,997330,4896
AlachiaQueen_UCMtD0xLX339zdD3yan8cg_gQ5GNQ73RM_997434_998410.wav,AlachiaQueen_UCMtD0xLX339zdD3yan8cg_gQ5GNQ73RM,997434,998410,976
AlachiaQueen_UCMtD0xLX339zdD3yan8cg_gQ5GNQ73RM_998530_999882.wav,AlachiaQueen_UCMtD0xLX339zdD3yan8cg_gQ5GNQ73RM,998530,999882,1352
AlachiaQueen_UCMtD0xLX339zdD3yan8cg_gQ5GNQ73RM_1000082_1001434.wav,AlachiaQueen_UCMtD0xLX339zdD3yan8cg_gQ5GNQ73RM,1000082,1001434,1352
AlachiaQueen_UCMtD0xLX339zdD3yan8cg_gQ5GNQ73RM_1002226_1005410.wav,AlachiaQueen_UCMtD0xLX339zdD3yan8cg_gQ5GNQ73RM,1002226,1005410,3184
AlachiaQueen_UCMtD0xLX339zdD3yan8cg_gQ5GNQ73RM_1005810_1009546.wav,AlachiaQueen_UCMtD0xLX339zdD3yan8cg_gQ5GNQ73RM,1005810,1009546,3736
AlachiaQueen_UCMtD0xLX339zdD3yan8cg_gQ5GNQ73RM_1010546_1013154.wav,AlachiaQueen_UCMtD0xLX339zdD3yan8cg_gQ5GNQ73RM,1010546,1013154,2608
AlachiaQueen_UCMtD0xLX339zdD3yan8cg_gQ5GNQ73RM_1013546_1017930.wav,AlachiaQueen_UCMtD0xLX339zdD3yan8cg_gQ5GNQ73RM,1013546,1017930,4384
AlachiaQueen_UCMtD0xLX339zdD3yan8cg_gQ5GNQ73RM_1018410_1025482.wav,AlachiaQueen_UCMtD0xLX339zdD3yan8cg_gQ5GNQ73RM,1018410,1025482,7072
AlachiaQueen_UCMtD0xLX339zdD3yan8cg_gQ5GNQ73RM_1026042_1034778.wav,AlachiaQueen_UCMtD0xLX339zdD3yan8cg_gQ5GNQ73RM,1026042,1034778,8736
AlachiaQueen_UCMtD0xLX339zdD3yan8cg_gQ5GNQ73RM_1035634_1040898.wav,AlachiaQueen_UCMtD0xLX339zdD3yan8cg_gQ5GNQ73RM,1035634,1040898,5264
AlachiaQueen_UCMtD0xLX339zdD3yan8cg_gQ5GNQ73RM_1041306_1042162.wav,AlachiaQueen_UCMtD0xLX339zdD3yan8cg_gQ5GNQ73RM,1041306,1042162,856
AlachiaQueen_UCMtD0xLX339zdD3yan8cg_gQ5GNQ73RM_1042274_1046698.wav,AlachiaQueen_UCMtD0xLX339zdD3yan8cg_gQ5GNQ73RM,1042274,1046698,4424
AlachiaQueen_UCMtD0xLX339zdD3yan8cg_gQ5GNQ73RM_1046818_1048410.wav,AlachiaQueen_UCMtD0xLX339zdD3yan8cg_gQ5GNQ73RM,1046818,1048410,1592
AlachiaQueen_UCMtD0xLX339zdD3yan8cg_gQ5GNQ73RM_1048642_1049074.wav,AlachiaQueen_UCMtD0xLX339zdD3yan8cg_gQ5GNQ73RM,1048642,1049074,432
AlachiaQueen_UCMtD0xLX339zdD3yan8cg_gQ5GNQ73RM_1049314_1052970.wav,AlachiaQueen_UCMtD0xLX339zdD3yan8cg_gQ5GNQ73RM,1049314,1052970,3656
AlachiaQueen_UCMtD0xLX339zdD3yan8cg_gQ5GNQ73RM_1053186_1055770.wav,AlachiaQueen_UCMtD0xLX339zdD3yan8cg_gQ5GNQ73RM,1053186,1055770,2584
AlachiaQueen_UCMtD0xLX339zdD3yan8cg_gQ5GNQ73RM_1055954_1056810.wav,AlachiaQueen_UCMtD0xLX339zdD3yan8cg_gQ5GNQ73RM,1055954,1056810,856
AlachiaQueen_UCMtD0xLX339zdD3yan8cg_gQ5GNQ73RM_1057442_1058202.wav,AlachiaQueen_UCMtD0xLX339zdD3yan8cg_gQ5GNQ73RM,1057442,1058202,760
AlachiaQueen_UCMtD0xLX339zdD3yan8cg_gQ5GNQ73RM_1058650_1061146.wav,AlachiaQueen_UCMtD0xLX339zdD3yan8cg_gQ5GNQ73RM,1058650,1061146,2496
AlachiaQueen_UCMtD0xLX339zdD3yan8cg_gQ5GNQ73RM_1061554_1064978.wav,AlachiaQueen_UCMtD0xLX339zdD3yan8cg_gQ5GNQ73RM,1061554,1064978,3424
AlachiaQueen_UCMtD0xLX339zdD3yan8cg_gQ5GNQ73RM_1065610_1070034.wav,AlachiaQueen_UCMtD0xLX339zdD3yan8cg_gQ5GNQ73RM,1065610,1070034,4424
AlachiaQueen_UCMtD0xLX339zdD3yan8cg_gQ5GNQ73RM_1070290_1070654.wav,AlachiaQueen_UCMtD0xLX339zdD3yan8cg_gQ5GNQ73RM,1070290,1070654,364
AlachiaQueen_UCMtD0xLX339zdD3yan8cg_gQ5GNQ73RM_1070854_1076894.wav,AlachiaQueen_UCMtD0xLX339zdD3yan8cg_gQ5GNQ73RM,1070854,1076894,6040
AlachiaQueen_UCMtD0xLX339zdD3yan8cg_gQ5GNQ73RM_1076998_1077454.wav,AlachiaQueen_UCMtD0xLX339zdD3yan8cg_gQ5GNQ73RM,1076998,1077454,456
AlachiaQueen_UCMtD0xLX339zdD3yan8cg_gQ5GNQ73RM_1077654_1079350.wav,AlachiaQueen_UCMtD0xLX339zdD3yan8cg_gQ5GNQ73RM,1077654,1079350,1696
AlachiaQueen_UCMtD0xLX339zdD3yan8cg_gQ5GNQ73RM_1079470_1081042.wav,AlachiaQueen_UCMtD0xLX339zdD3yan8cg_gQ5GNQ73RM,1079470,1081042,1572
AlachiaQueen_UCMtD0xLX339zdD3yan8cg_gQ5GNQ73RM_1081402_1087258.wav,AlachiaQueen_UCMtD0xLX339zdD3yan8cg_gQ5GNQ73RM,1081402,1087258,5856
AlachiaQueen_UCMtD0xLX339zdD3yan8cg_gQ5GNQ73RM_1087666_1088890.wav,AlachiaQueen_UCMtD0xLX339zdD3yan8cg_gQ5GNQ73RM,1087666,1088890,1224
AlachiaQueen_UCMtD0xLX339zdD3yan8cg_gQ5GNQ73RM_1089234_1094362.wav,AlachiaQueen_UCMtD0xLX339zdD3yan8cg_gQ5GNQ73RM,1089234,1094362,5128
AlachiaQueen_UCMtD0xLX339zdD3yan8cg_gQ5GNQ73RM_1094722_1096178.wav,AlachiaQueen_UCMtD0xLX339zdD3yan8cg_gQ5GNQ73RM,1094722,1096178,1456
AlachiaQueen_UCMtD0xLX339zdD3yan8cg_gQ5GNQ73RM_1096298_1096466.wav,AlachiaQueen_UCMtD0xLX339zdD3yan8cg_gQ5GNQ73RM,1096298,1096466,168
AlachiaQueen_UCMtD0xLX339zdD3yan8cg_gQ5GNQ73RM_1096626_1098890.wav,AlachiaQueen_UCMtD0xLX339zdD3yan8cg_gQ5GNQ73RM,1096626,1098890,2264
AlachiaQueen_UCMtD0xLX339zdD3yan8cg_gQ5GNQ73RM_1098994_1099466.wav,AlachiaQueen_UCMtD0xLX339zdD3yan8cg_gQ5GNQ73RM,1098994,1099466,472
AlachiaQueen_UCMtD0xLX339zdD3yan8cg_gQ5GNQ73RM_1099834_1102602.wav,AlachiaQueen_UCMtD0xLX339zdD3yan8cg_gQ5GNQ73RM,1099834,1102602,2768
AlachiaQueen_UCMtD0xLX339zdD3yan8cg_gQ5GNQ73RM_1102922_1106026.wav,AlachiaQueen_UCMtD0xLX339zdD3yan8cg_gQ5GNQ73RM,1102922,1106026,3104
AlachiaQueen_UCMtD0xLX339zdD3yan8cg_gQ5GNQ73RM_1106850_1109982.wav,AlachiaQueen_UCMtD0xLX339zdD3yan8cg_gQ5GNQ73RM,1106850,1109982,3132
AlachiaQueen_UCMtD0xLX339zdD3yan8cg_gQ5GNQ73RM_1110214_1118518.wav,AlachiaQueen_UCMtD0xLX339zdD3yan8cg_gQ5GNQ73RM,1110214,1118518,8304
AlachiaQueen_UCMtD0xLX339zdD3yan8cg_gQ5GNQ73RM_1118622_1119606.wav,AlachiaQueen_UCMtD0xLX339zdD3yan8cg_gQ5GNQ73RM,1118622,1119606,984
AlachiaQueen_UCMtD0xLX339zdD3yan8cg_gQ5GNQ73RM_1119766_1121466.wav,AlachiaQueen_UCMtD0xLX339zdD3yan8cg_gQ5GNQ73RM,1119766,1121466,1700
AlachiaQueen_UCMtD0xLX339zdD3yan8cg_gQ5GNQ73RM_1122202_1122626.wav,AlachiaQueen_UCMtD0xLX339zdD3yan8cg_gQ5GNQ73RM,1122202,1122626,424
AlachiaQueen_UCMtD0xLX339zdD3yan8cg_gQ5GNQ73RM_1122938_1132562.wav,AlachiaQueen_UCMtD0xLX339zdD3yan8cg_gQ5GNQ73RM,1122938,1132562,9624
AlachiaQueen_UCMtD0xLX339zdD3yan8cg_gQ5GNQ73RM_1133330_1139522.wav,AlachiaQueen_UCMtD0xLX339zdD3yan8cg_gQ5GNQ73RM,1133330,1139522,6192
AlachiaQueen_UCMtD0xLX339zdD3yan8cg_gQ5GNQ73RM_1140058_1141462.wav,AlachiaQueen_UCMtD0xLX339zdD3yan8cg_gQ5GNQ73RM,1140058,1141462,1404
AlachiaQueen_UCMtD0xLX339zdD3yan8cg_gQ5GNQ73RM_1141702_1143678.wav,AlachiaQueen_UCMtD0xLX339zdD3yan8cg_gQ5GNQ73RM,1141702,1143678,1976
AlachiaQueen_UCMtD0xLX339zdD3yan8cg_gQ5GNQ73RM_1143910_1150202.wav,AlachiaQueen_UCMtD0xLX339zdD3yan8cg_gQ5GNQ73RM,1143910,1150202,6292
AlachiaQueen_UCMtD0xLX339zdD3yan8cg_gQ5GNQ73RM_1150682_1152598.wav,AlachiaQueen_UCMtD0xLX339zdD3yan8cg_gQ5GNQ73RM,1150682,1152598,1916
AlachiaQueen_UCMtD0xLX339zdD3yan8cg_gQ5GNQ73RM_1152742_1155766.wav,AlachiaQueen_UCMtD0xLX339zdD3yan8cg_gQ5GNQ73RM,1152742,1155766,3024
AlachiaQueen_UCMtD0xLX339zdD3yan8cg_gQ5GNQ73RM_1155894_1163486.wav,AlachiaQueen_UCMtD0xLX339zdD3yan8cg_gQ5GNQ73RM,1155894,1163486,7592
AlachiaQueen_UCMtD0xLX339zdD3yan8cg_gQ5GNQ73RM_1163646_1164942.wav,AlachiaQueen_UCMtD0xLX339zdD3yan8cg_gQ5GNQ73RM,1163646,1164942,1296
AlachiaQueen_UCMtD0xLX339zdD3yan8cg_gQ5GNQ73RM_1165778_1169058.wav,AlachiaQueen_UCMtD0xLX339zdD3yan8cg_gQ5GNQ73RM,1165778,1169058,3280
AlachiaQueen_UCMtD0xLX339zdD3yan8cg_gQ5GNQ73RM_1169706_1178002.wav,AlachiaQueen_UCMtD0xLX339zdD3yan8cg_gQ5GNQ73RM,1169706,1178002,8296
AlachiaQueen_UCMtD0xLX339zdD3yan8cg_gQ5GNQ73RM_1178706_1185578.wav,AlachiaQueen_UCMtD0xLX339zdD3yan8cg_gQ5GNQ73RM,1178706,1185578,6872
AlachiaQueen_UCMtD0xLX339zdD3yan8cg_gQ5GNQ73RM_1185850_1189226.wav,AlachiaQueen_UCMtD0xLX339zdD3yan8cg_gQ5GNQ73RM,1185850,1189226,3376
AlachiaQueen_UCMtD0xLX339zdD3yan8cg_gQ5GNQ73RM_1189562_1189698.wav,AlachiaQueen_UCMtD0xLX339zdD3yan8cg_gQ5GNQ73RM,1189562,1189698,136
AlachiaQueen_UCMtD0xLX339zdD3yan8cg_gQ5GNQ73RM_1190074_1191674.wav,AlachiaQueen_UCMtD0xLX339zdD3yan8cg_gQ5GNQ73RM,1190074,1191674,1600
AlachiaQueen_UCMtD0xLX339zdD3yan8cg_gQ5GNQ73RM_1192002_1192498.wav,AlachiaQueen_UCMtD0xLX339zdD3yan8cg_gQ5GNQ73RM,1192002,1192498,496
AlachiaQueen_UCMtD0xLX339zdD3yan8cg_gQ5GNQ73RM_1193010_1201570.wav,AlachiaQueen_UCMtD0xLX339zdD3yan8cg_gQ5GNQ73RM,1193010,1201570,8560
AlachiaQueen_UCMtD0xLX339zdD3yan8cg_gQ5GNQ73RM_1202122_1202570.wav,AlachiaQueen_UCMtD0xLX339zdD3yan8cg_gQ5GNQ73RM,1202122,1202570,448
AlachiaQueen_UCMtD0xLX339zdD3yan8cg_gQ5GNQ73RM_1202874_1206090.wav,AlachiaQueen_UCMtD0xLX339zdD3yan8cg_gQ5GNQ73RM,1202874,1206090,3216
AlachiaQueen_UCMtD0xLX339zdD3yan8cg_gQ5GNQ73RM_1206354_1208306.wav,AlachiaQueen_UCMtD0xLX339zdD3yan8cg_gQ5GNQ73RM,1206354,1208306,1952
AlachiaQueen_UCMtD0xLX339zdD3yan8cg_gQ5GNQ73RM_1208410_1215954.wav,AlachiaQueen_UCMtD0xLX339zdD3yan8cg_gQ5GNQ73RM,1208410,1215954,7544
AlachiaQueen_UCMtD0xLX339zdD3yan8cg_gQ5GNQ73RM_1216058_1217578.wav,AlachiaQueen_UCMtD0xLX339zdD3yan8cg_gQ5GNQ73RM,1216058,1217578,1520
AlachiaQueen_UCMtD0xLX339zdD3yan8cg_gQ5GNQ73RM_1217706_1220970.wav,AlachiaQueen_UCMtD0xLX339zdD3yan8cg_gQ5GNQ73RM,1217706,1220970,3264
AlachiaQueen_UCMtD0xLX339zdD3yan8cg_gQ5GNQ73RM_1221098_1221874.wav,AlachiaQueen_UCMtD0xLX339zdD3yan8cg_gQ5GNQ73RM,1221098,1221874,776
AlachiaQueen_UCMtD0xLX339zdD3yan8cg_gQ5GNQ73RM_1222034_1222202.wav,AlachiaQueen_UCMtD0xLX339zdD3yan8cg_gQ5GNQ73RM,1222034,1222202,168
AlachiaQueen_UCMtD0xLX339zdD3yan8cg_gQ5GNQ73RM_1222322_1224898.wav,AlachiaQueen_UCMtD0xLX339zdD3yan8cg_gQ5GNQ73RM,1222322,1224898,2576
AlachiaQueen_UCMtD0xLX339zdD3yan8cg_gQ5GNQ73RM_1225098_1225618.wav,AlachiaQueen_UCMtD0xLX339zdD3yan8cg_gQ5GNQ73RM,1225098,1225618,520
AlachiaQueen_UCMtD0xLX339zdD3yan8cg_gQ5GNQ73RM_1225866_1226914.wav,AlachiaQueen_UCMtD0xLX339zdD3yan8cg_gQ5GNQ73RM,1225866,1226914,1048
AlachiaQueen_UCMtD0xLX339zdD3yan8cg_gQ5GNQ73RM_1227218_1231450.wav,AlachiaQueen_UCMtD0xLX339zdD3yan8cg_gQ5GNQ73RM,1227218,1231450,4232
AlachiaQueen_UCMtD0xLX339zdD3yan8cg_gQ5GNQ73RM_1231858_1240538.wav,AlachiaQueen_UCMtD0xLX339zdD3yan8cg_gQ5GNQ73RM,1231858,1240538,8680
AlachiaQueen_UCMtD0xLX339zdD3yan8cg_gQ5GNQ73RM_1240874_1242406.wav,AlachiaQueen_UCMtD0xLX339zdD3yan8cg_gQ5GNQ73RM,1240874,1242406,1532
AlachiaQueen_UCMtD0xLX339zdD3yan8cg_gQ5GNQ73RM_1242518_1242630.wav,AlachiaQueen_UCMtD0xLX339zdD3yan8cg_gQ5GNQ73RM,1242518,1242630,112
AlachiaQueen_UCMtD0xLX339zdD3yan8cg_gQ5GNQ73RM_1242750_1243438.wav,AlachiaQueen_UCMtD0xLX339zdD3yan8cg_gQ5GNQ73RM,1242750,1243438,688
AlachiaQueen_UCMtD0xLX339zdD3yan8cg_gQ5GNQ73RM_1243590_1243814.wav,AlachiaQueen_UCMtD0xLX339zdD3yan8cg_gQ5GNQ73RM,1243590,1243814,224
AlachiaQueen_UCMtD0xLX339zdD3yan8cg_gQ5GNQ73RM_1243942_1244070.wav,AlachiaQueen_UCMtD0xLX339zdD3yan8cg_gQ5GNQ73RM,1243942,1244070,128
AlachiaQueen_UCMtD0xLX339zdD3yan8cg_gQ5GNQ73RM_1244174_1245934.wav,AlachiaQueen_UCMtD0xLX339zdD3yan8cg_gQ5GNQ73RM,1244174,1245934,1760
AlachiaQueen_UCMtD0xLX339zdD3yan8cg_gQ5GNQ73RM_1246038_1250958.wav,AlachiaQueen_UCMtD0xLX339zdD3yan8cg_gQ5GNQ73RM,1246038,1250958,4920
AlachiaQueen_UCMtD0xLX339zdD3yan8cg_gQ5GNQ73RM_1251070_1253510.wav,AlachiaQueen_UCMtD0xLX339zdD3yan8cg_gQ5GNQ73RM,1251070,1253510,2440
AlachiaQueen_UCMtD0xLX339zdD3yan8cg_gQ5GNQ73RM_1253758_1257186.wav,AlachiaQueen_UCMtD0xLX339zdD3yan8cg_gQ5GNQ73RM,1253758,1257186,3428
AlachiaQueen_UCMtD0xLX339zdD3yan8cg_gQ5GNQ73RM_1257490_1261010.wav,AlachiaQueen_UCMtD0xLX339zdD3yan8cg_gQ5GNQ73RM,1257490,1261010,3520
AlachiaQueen_UCMtD0xLX339zdD3yan8cg_gQ5GNQ73RM_1261322_1263530.wav,AlachiaQueen_UCMtD0xLX339zdD3yan8cg_gQ5GNQ73RM,1261322,1263530,2208
AlachiaQueen_UCMtD0xLX339zdD3yan8cg_gQ5GNQ73RM_1264018_1268754.wav,AlachiaQueen_UCMtD0xLX339zdD3yan8cg_gQ5GNQ73RM,1264018,1268754,4736
AlachiaQueen_UCMtD0xLX339zdD3yan8cg_gQ5GNQ73RM_1269010_1276482.wav,AlachiaQueen_UCMtD0xLX339zdD3yan8cg_gQ5GNQ73RM,1269010,1276482,7472
AlachiaQueen_UCMtD0xLX339zdD3yan8cg_gQ5GNQ73RM_1277074_1284602.wav,AlachiaQueen_UCMtD0xLX339zdD3yan8cg_gQ5GNQ73RM,1277074,1284602,7528
AlachiaQueen_UCMtD0xLX339zdD3yan8cg_gQ5GNQ73RM_1285106_1286738.wav,AlachiaQueen_UCMtD0xLX339zdD3yan8cg_gQ5GNQ73RM,1285106,1286738,1632
AlachiaQueen_UCMtD0xLX339zdD3yan8cg_gQ5GNQ73RM_1287066_1290178.wav,AlachiaQueen_UCMtD0xLX339zdD3yan8cg_gQ5GNQ73RM,1287066,1290178,3112
AlachiaQueen_UCMtD0xLX339zdD3yan8cg_gQ5GNQ73RM_1290882_1300762.wav,AlachiaQueen_UCMtD0xLX339zdD3yan8cg_gQ5GNQ73RM,1290882,1300762,9880
AlachiaQueen_UCMtD0xLX339zdD3yan8cg_gQ5GNQ73RM_1301474_1304730.wav,AlachiaQueen_UCMtD0xLX339zdD3yan8cg_gQ5GNQ73RM,1301474,1304730,3256
AlachiaQueen_UCMtD0xLX339zdD3yan8cg_gQ5GNQ73RM_1305586_1306810.wav,AlachiaQueen_UCMtD0xLX339zdD3yan8cg_gQ5GNQ73RM,1305586,1306810,1224
AlachiaQueen_UCMtD0xLX339zdD3yan8cg_gQ5GNQ73RM_1307186_1307818.wav,AlachiaQueen_UCMtD0xLX339zdD3yan8cg_gQ5GNQ73RM,1307186,1307818,632
AlachiaQueen_UCMtD0xLX339zdD3yan8cg_gQ5GNQ73RM_1308274_1308866.wav,AlachiaQueen_UCMtD0xLX339zdD3yan8cg_gQ5GNQ73RM,1308274,1308866,592
AlachiaQueen_UCMtD0xLX339zdD3yan8cg_gQ5GNQ73RM_1309754_1310002.wav,AlachiaQueen_UCMtD0xLX339zdD3yan8cg_gQ5GNQ73RM,1309754,1310002,248
AlachiaQueen_UCMtD0xLX339zdD3yan8cg_gQ5GNQ73RM_1310850_1313874.wav,AlachiaQueen_UCMtD0xLX339zdD3yan8cg_gQ5GNQ73RM,1310850,1313874,3024
AlachiaQueen_UCMtD0xLX339zdD3yan8cg_gQ5GNQ73RM_1314202_1321658.wav,AlachiaQueen_UCMtD0xLX339zdD3yan8cg_gQ5GNQ73RM,1314202,1321658,7456
AlachiaQueen_UCMtD0xLX339zdD3yan8cg_gQ5GNQ73RM_1322282_1324026.wav,AlachiaQueen_UCMtD0xLX339zdD3yan8cg_gQ5GNQ73RM,1322282,1324026,1744
AlachiaQueen_UCMtD0xLX339zdD3yan8cg_gQ5GNQ73RM_1324418_1325242.wav,AlachiaQueen_UCMtD0xLX339zdD3yan8cg_gQ5GNQ73RM,1324418,1325242,824
AlachiaQueen_UCMtD0xLX339zdD3yan8cg_gQ5GNQ73RM_1326154_1327026.wav,AlachiaQueen_UCMtD0xLX339zdD3yan8cg_gQ5GNQ73RM,1326154,1327026,872
AlachiaQueen_UCMtD0xLX339zdD3yan8cg_gQ5GNQ73RM_1327690_1328698.wav,AlachiaQueen_UCMtD0xLX339zdD3yan8cg_gQ5GNQ73RM,1327690,1328698,1008
AlachiaQueen_UCMtD0xLX339zdD3yan8cg_gQ5GNQ73RM_1329034_1330434.wav,AlachiaQueen_UCMtD0xLX339zdD3yan8cg_gQ5GNQ73RM,1329034,1330434,1400
AlachiaQueen_UCMtD0xLX339zdD3yan8cg_gQ5GNQ73RM_1330938_1333842.wav,AlachiaQueen_UCMtD0xLX339zdD3yan8cg_gQ5GNQ73RM,1330938,1333842,2904
AlachiaQueen_UCMtD0xLX339zdD3yan8cg_gQ5GNQ73RM_1334370_1339614.wav,AlachiaQueen_UCMtD0xLX339zdD3yan8cg_gQ5GNQ73RM,1334370,1339614,5244
AlachiaQueen_UCMtD0xLX339zdD3yan8cg_gQ5GNQ73RM_1339758_1342734.wav,AlachiaQueen_UCMtD0xLX339zdD3yan8cg_gQ5GNQ73RM,1339758,1342734,2976
AlachiaQueen_UCMtD0xLX339zdD3yan8cg_gQ5GNQ73RM_1342926_1345198.wav,AlachiaQueen_UCMtD0xLX339zdD3yan8cg_gQ5GNQ73RM,1342926,1345198,2272
AlachiaQueen_UCMtD0xLX339zdD3yan8cg_gQ5GNQ73RM_1345342_1347982.wav,AlachiaQueen_UCMtD0xLX339zdD3yan8cg_gQ5GNQ73RM,1345342,1347982,2640
AlachiaQueen_UCMtD0xLX339zdD3yan8cg_gQ5GNQ73RM_1348126_1352230.wav,AlachiaQueen_UCMtD0xLX339zdD3yan8cg_gQ5GNQ73RM,1348126,1352230,4104
AlachiaQueen_UCMtD0xLX339zdD3yan8cg_gQ5GNQ73RM_1352366_1359606.wav,AlachiaQueen_UCMtD0xLX339zdD3yan8cg_gQ5GNQ73RM,1352366,1359606,7240
AlachiaQueen_UCMtD0xLX339zdD3yan8cg_gQ5GNQ73RM_1359718_1359990.wav,AlachiaQueen_UCMtD0xLX339zdD3yan8cg_gQ5GNQ73RM,1359718,1359990,272
AlachiaQueen_UCMtD0xLX339zdD3yan8cg_gQ5GNQ73RM_1360190_1362518.wav,AlachiaQueen_UCMtD0xLX339zdD3yan8cg_gQ5GNQ73RM,1360190,1362518,2328
AlachiaQueen_UCMtD0xLX339zdD3yan8cg_gQ5GNQ73RM_1362622_1363002.wav,AlachiaQueen_UCMtD0xLX339zdD3yan8cg_gQ5GNQ73RM,1362622,1363002,380
AlachiaQueen_UCMtD0xLX339zdD3yan8cg_gQ5GNQ73RM_1363490_1363882.wav,AlachiaQueen_UCMtD0xLX339zdD3yan8cg_gQ5GNQ73RM,1363490,1363882,392
AlachiaQueen_UCMtD0xLX339zdD3yan8cg_gQ5GNQ73RM_1364474_1366970.wav,AlachiaQueen_UCMtD0xLX339zdD3yan8cg_gQ5GNQ73RM,1364474,1366970,2496
AlachiaQueen_UCMtD0xLX339zdD3yan8cg_gQ5GNQ73RM_1367258_1369682.wav,AlachiaQueen_UCMtD0xLX339zdD3yan8cg_gQ5GNQ73RM,1367258,1369682,2424
AlachiaQueen_UCMtD0xLX339zdD3yan8cg_gQ5GNQ73RM_1370026_1370146.wav,AlachiaQueen_UCMtD0xLX339zdD3yan8cg_gQ5GNQ73RM,1370026,1370146,120
AlachiaQueen_UCMtD0xLX339zdD3yan8cg_gQ5GNQ73RM_1370274_1371722.wav,AlachiaQueen_UCMtD0xLX339zdD3yan8cg_gQ5GNQ73RM,1370274,1371722,1448
AlachiaQueen_UCMtD0xLX339zdD3yan8cg_gQ5GNQ73RM_1371842_1373466.wav,AlachiaQueen_UCMtD0xLX339zdD3yan8cg_gQ5GNQ73RM,1371842,1373466,1624
AlachiaQueen_UCMtD0xLX339zdD3yan8cg_gQ5GNQ73RM_1373706_1381074.wav,AlachiaQueen_UCMtD0xLX339zdD3yan8cg_gQ5GNQ73RM,1373706,1381074,7368
AlachiaQueen_UCMtD0xLX339zdD3yan8cg_gQ5GNQ73RM_1381418_1383578.wav,AlachiaQueen_UCMtD0xLX339zdD3yan8cg_gQ5GNQ73RM,1381418,1383578,2160
AlachiaQueen_UCMtD0xLX339zdD3yan8cg_gQ5GNQ73RM_1384402_1384914.wav,AlachiaQueen_UCMtD0xLX339zdD3yan8cg_gQ5GNQ73RM,1384402,1384914,512
AlachiaQueen_UCMtD0xLX339zdD3yan8cg_gQ5GNQ73RM_1385618_1389842.wav,AlachiaQueen_UCMtD0xLX339zdD3yan8cg_gQ5GNQ73RM,1385618,1389842,4224
AlachiaQueen_UCMtD0xLX339zdD3yan8cg_gQ5GNQ73RM_1390730_1393266.wav,AlachiaQueen_UCMtD0xLX339zdD3yan8cg_gQ5GNQ73RM,1390730,1393266,2536
AlachiaQueen_UCMtD0xLX339zdD3yan8cg_gQ5GNQ73RM_1393594_1399322.wav,AlachiaQueen_UCMtD0xLX339zdD3yan8cg_gQ5GNQ73RM,1393594,1399322,5728
AlachiaQueen_UCMtD0xLX339zdD3yan8cg_gQ5GNQ73RM_1399754_1405578.wav,AlachiaQueen_UCMtD0xLX339zdD3yan8cg_gQ5GNQ73RM,1399754,1405578,5824
AlachiaQueen_UCMtD0xLX339zdD3yan8cg_gQ5GNQ73RM_1406026_1409738.wav,AlachiaQueen_UCMtD0xLX339zdD3yan8cg_gQ5GNQ73RM,1406026,1409738,3712
AlachiaQueen_UCMtD0xLX339zdD3yan8cg_gQ5GNQ73RM_1410426_1410850.wav,AlachiaQueen_UCMtD0xLX339zdD3yan8cg_gQ5GNQ73RM,1410426,1410850,424
AlachiaQueen_UCMtD0xLX339zdD3yan8cg_gQ5GNQ73RM_1411178_1411538.wav,AlachiaQueen_UCMtD0xLX339zdD3yan8cg_gQ5GNQ73RM,1411178,1411538,360
AlachiaQueen_UCMtD0xLX339zdD3yan8cg_gQ5GNQ73RM_1411802_1413010.wav,AlachiaQueen_UCMtD0xLX339zdD3yan8cg_gQ5GNQ73RM,1411802,1413010,1208
AlachiaQueen_UCMtD0xLX339zdD3yan8cg_gQ5GNQ73RM_1413522_1417826.wav,AlachiaQueen_UCMtD0xLX339zdD3yan8cg_gQ5GNQ73RM,1413522,1417826,4304
AlachiaQueen_UCMtD0xLX339zdD3yan8cg_gQ5GNQ73RM_1418178_1419002.wav,AlachiaQueen_UCMtD0xLX339zdD3yan8cg_gQ5GNQ73RM,1418178,1419002,824
AlachiaQueen_UCMtD0xLX339zdD3yan8cg_gQ5GNQ73RM_1419778_1422442.wav,AlachiaQueen_UCMtD0xLX339zdD3yan8cg_gQ5GNQ73RM,1419778,1422442,2664
AlachiaQueen_UCMtD0xLX339zdD3yan8cg_gQ5GNQ73RM_1422786_1425458.wav,AlachiaQueen_UCMtD0xLX339zdD3yan8cg_gQ5GNQ73RM,1422786,1425458,2672
AlachiaQueen_UCMtD0xLX339zdD3yan8cg_gQ5GNQ73RM_1425890_1427706.wav,AlachiaQueen_UCMtD0xLX339zdD3yan8cg_gQ5GNQ73RM,1425890,1427706,1816
AlachiaQueen_UCMtD0xLX339zdD3yan8cg_gQ5GNQ73RM_1428554_1430946.wav,AlachiaQueen_UCMtD0xLX339zdD3yan8cg_gQ5GNQ73RM,1428554,1430946,2392
AlachiaQueen_UCMtD0xLX339zdD3yan8cg_gQ5GNQ73RM_1431810_1434890.wav,AlachiaQueen_UCMtD0xLX339zdD3yan8cg_gQ5GNQ73RM,1431810,1434890,3080
AlachiaQueen_UCMtD0xLX339zdD3yan8cg_gQ5GNQ73RM_1435490_1436874.wav,AlachiaQueen_UCMtD0xLX339zdD3yan8cg_gQ5GNQ73RM,1435490,1436874,1384
AlachiaQueen_UCMtD0xLX339zdD3yan8cg_gQ5GNQ73RM_1437130_1440610.wav,AlachiaQueen_UCMtD0xLX339zdD3yan8cg_gQ5GNQ73RM,1437130,1440610,3480
AlachiaQueen_UCMtD0xLX339zdD3yan8cg_gQ5GNQ73RM_1440882_1441546.wav,AlachiaQueen_UCMtD0xLX339zdD3yan8cg_gQ5GNQ73RM,1440882,1441546,664
AlachiaQueen_UCMtD0xLX339zdD3yan8cg_gQ5GNQ73RM_1441698_1451186.wav,AlachiaQueen_UCMtD0xLX339zdD3yan8cg_gQ5GNQ73RM,1441698,1451186,9488
AlachiaQueen_UCMtD0xLX339zdD3yan8cg_gQ5GNQ73RM_1451562_1452098.wav,AlachiaQueen_UCMtD0xLX339zdD3yan8cg_gQ5GNQ73RM,1451562,1452098,536
AlachiaQueen_UCMtD0xLX339zdD3yan8cg_gQ5GNQ73RM_1452274_1455698.wav,AlachiaQueen_UCMtD0xLX339zdD3yan8cg_gQ5GNQ73RM,1452274,1455698,3424
AlachiaQueen_UCMtD0xLX339zdD3yan8cg_gQ5GNQ73RM_1455930_1456698.wav,AlachiaQueen_UCMtD0xLX339zdD3yan8cg_gQ5GNQ73RM,1455930,1456698,768
AlachiaQueen_UCMtD0xLX339zdD3yan8cg_gQ5GNQ73RM_1457010_1461538.wav,AlachiaQueen_UCMtD0xLX339zdD3yan8cg_gQ5GNQ73RM,1457010,1461538,4528
AlachiaQueen_UCMtD0xLX339zdD3yan8cg_gQ5GNQ73RM_1462498_1468354.wav,AlachiaQueen_UCMtD0xLX339zdD3yan8cg_gQ5GNQ73RM,1462498,1468354,5856
AlachiaQueen_UCMtD0xLX339zdD3yan8cg_gQ5GNQ73RM_1468882_1472858.wav,AlachiaQueen_UCMtD0xLX339zdD3yan8cg_gQ5GNQ73RM,1468882,1472858,3976
AlachiaQueen_UCMtD0xLX339zdD3yan8cg_gQ5GNQ73RM_1474106_1474474.wav,AlachiaQueen_UCMtD0xLX339zdD3yan8cg_gQ5GNQ73RM,1474106,1474474,368
AlachiaQueen_UCMtD0xLX339zdD3yan8cg_gQ5GNQ73RM_1475098_1480930.wav,AlachiaQueen_UCMtD0xLX339zdD3yan8cg_gQ5GNQ73RM,1475098,1480930,5832
AlachiaQueen_UCMtD0xLX339zdD3yan8cg_gQ5GNQ73RM_1482002_1482762.wav,AlachiaQueen_UCMtD0xLX339zdD3yan8cg_gQ5GNQ73RM,1482002,1482762,760
AlachiaQueen_UCMtD0xLX339zdD3yan8cg_gQ5GNQ73RM_1483026_1488378.wav,AlachiaQueen_UCMtD0xLX339zdD3yan8cg_gQ5GNQ73RM,1483026,1488378,5352
AlachiaQueen_UCMtD0xLX339zdD3yan8cg_gQ5GNQ73RM_1488802_1493178.wav,AlachiaQueen_UCMtD0xLX339zdD3yan8cg_gQ5GNQ73RM,1488802,1493178,4376
AlachiaQueen_UCMtD0xLX339zdD3yan8cg_gQ5GNQ73RM_1493866_1494594.wav,AlachiaQueen_UCMtD0xLX339zdD3yan8cg_gQ5GNQ73RM,1493866,1494594,728
AlachiaQueen_UCMtD0xLX339zdD3yan8cg_gQ5GNQ73RM_1494850_1495786.wav,AlachiaQueen_UCMtD0xLX339zdD3yan8cg_gQ5GNQ73RM,1494850,1495786,936
AlachiaQueen_UCMtD0xLX339zdD3yan8cg_gQ5GNQ73RM_1496322_1497330.wav,AlachiaQueen_UCMtD0xLX339zdD3yan8cg_gQ5GNQ73RM,1496322,1497330,1008
AlachiaQueen_UCMtD0xLX339zdD3yan8cg_gQ5GNQ73RM_1497730_1505970.wav,AlachiaQueen_UCMtD0xLX339zdD3yan8cg_gQ5GNQ73RM,1497730,1505970,8240
AlachiaQueen_UCMtD0xLX339zdD3yan8cg_gQ5GNQ73RM_1506282_1511706.wav,AlachiaQueen_UCMtD0xLX339zdD3yan8cg_gQ5GNQ73RM,1506282,1511706,5424
AlachiaQueen_UCMtD0xLX339zdD3yan8cg_gQ5GNQ73RM_1512154_1518418.wav,AlachiaQueen_UCMtD0xLX339zdD3yan8cg_gQ5GNQ73RM,1512154,1518418,6264
AlachiaQueen_UCMtD0xLX339zdD3yan8cg_gQ5GNQ73RM_1518746_1521818.wav,AlachiaQueen_UCMtD0xLX339zdD3yan8cg_gQ5GNQ73RM,1518746,1521818,3072
AlachiaQueen_UCMtD0xLX339zdD3yan8cg_gQ5GNQ73RM_1522162_1524666.wav,AlachiaQueen_UCMtD0xLX339zdD3yan8cg_gQ5GNQ73RM,1522162,1524666,2504
AlachiaQueen_UCMtD0xLX339zdD3yan8cg_gQ5GNQ73RM_1524842_1525234.wav,AlachiaQueen_UCMtD0xLX339zdD3yan8cg_gQ5GNQ73RM,1524842,1525234,392
AlachiaQueen_UCMtD0xLX339zdD3yan8cg_gQ5GNQ73RM_1525426_1526418.wav,AlachiaQueen_UCMtD0xLX339zdD3yan8cg_gQ5GNQ73RM,1525426,1526418,992
AlachiaQueen_UCMtD0xLX339zdD3yan8cg_gQ5GNQ73RM_1526578_1530802.wav,AlachiaQueen_UCMtD0xLX339zdD3yan8cg_gQ5GNQ73RM,1526578,1530802,4224
AlachiaQueen_UCMtD0xLX339zdD3yan8cg_gQ5GNQ73RM_1530938_1535506.wav,AlachiaQueen_UCMtD0xLX339zdD3yan8cg_gQ5GNQ73RM,1530938,1535506,4568
AlachiaQueen_UCMtD0xLX339zdD3yan8cg_gQ5GNQ73RM_1535642_1536698.wav,AlachiaQueen_UCMtD0xLX339zdD3yan8cg_gQ5GNQ73RM,1535642,1536698,1056
AlachiaQueen_UCMtD0xLX339zdD3yan8cg_gQ5GNQ73RM_1536834_1540618.wav,AlachiaQueen_UCMtD0xLX339zdD3yan8cg_gQ5GNQ73RM,1536834,1540618,3784
AlachiaQueen_UCMtD0xLX339zdD3yan8cg_gQ5GNQ73RM_1540738_1543162.wav,AlachiaQueen_UCMtD0xLX339zdD3yan8cg_gQ5GNQ73RM,1540738,1543162,2424
AlachiaQueen_UCMtD0xLX339zdD3yan8cg_gQ5GNQ73RM_1543338_1545098.wav,AlachiaQueen_UCMtD0xLX339zdD3yan8cg_gQ5GNQ73RM,1543338,1545098,1760
AlachiaQueen_UCMtD0xLX339zdD3yan8cg_gQ5GNQ73RM_1546082_1547546.wav,AlachiaQueen_UCMtD0xLX339zdD3yan8cg_gQ5GNQ73RM,1546082,1547546,1464
AlachiaQueen_UCMtD0xLX339zdD3yan8cg_gQ5GNQ73RM_1547930_1548682.wav,AlachiaQueen_UCMtD0xLX339zdD3yan8cg_gQ5GNQ73RM,1547930,1548682,752
AlachiaQueen_UCMtD0xLX339zdD3yan8cg_gQ5GNQ73RM_1548986_1550298.wav,AlachiaQueen_UCMtD0xLX339zdD3yan8cg_gQ5GNQ73RM,1548986,1550298,1312
AlachiaQueen_UCMtD0xLX339zdD3yan8cg_gQ5GNQ73RM_1550682_1552810.wav,AlachiaQueen_UCMtD0xLX339zdD3yan8cg_gQ5GNQ73RM,1550682,1552810,2128
AlachiaQueen_UCMtD0xLX339zdD3yan8cg_gQ5GNQ73RM_1553922_1557130.wav,AlachiaQueen_UCMtD0xLX339zdD3yan8cg_gQ5GNQ73RM,1553922,1557130,3208
AlachiaQueen_UCMtD0xLX339zdD3yan8cg_gQ5GNQ73RM_1557594_1560674.wav,AlachiaQueen_UCMtD0xLX339zdD3yan8cg_gQ5GNQ73RM,1557594,1560674,3080
AlachiaQueen_UCMtD0xLX339zdD3yan8cg_gQ5GNQ73RM_1562122_1568642.wav,AlachiaQueen_UCMtD0xLX339zdD3yan8cg_gQ5GNQ73RM,1562122,1568642,6520
AlachiaQueen_UCMtD0xLX339zdD3yan8cg_gQ5GNQ73RM_1568906_1569898.wav,AlachiaQueen_UCMtD0xLX339zdD3yan8cg_gQ5GNQ73RM,1568906,1569898,992
AlachiaQueen_UCMtD0xLX339zdD3yan8cg_gQ5GNQ73RM_1570258_1577194.wav,AlachiaQueen_UCMtD0xLX339zdD3yan8cg_gQ5GNQ73RM,1570258,1577194,6936
AlachiaQueen_UCMtD0xLX339zdD3yan8cg_gQ5GNQ73RM_1578018_1579154.wav,AlachiaQueen_UCMtD0xLX339zdD3yan8cg_gQ5GNQ73RM,1578018,1579154,1136
AlachiaQueen_UCMtD0xLX339zdD3yan8cg_gQ5GNQ73RM_1580210_1584930.wav,AlachiaQueen_UCMtD0xLX339zdD3yan8cg_gQ5GNQ73RM,1580210,1584930,4720
AlachiaQueen_UCMtD0xLX339zdD3yan8cg_gQ5GNQ73RM_1585338_1590362.wav,AlachiaQueen_UCMtD0xLX339zdD3yan8cg_gQ5GNQ73RM,1585338,1590362,5024
AlachiaQueen_UCMtD0xLX339zdD3yan8cg_gQ5GNQ73RM_1590666_1592714.wav,AlachiaQueen_UCMtD0xLX339zdD3yan8cg_gQ5GNQ73RM,1590666,1592714,2048
AlachiaQueen_UCMtD0xLX339zdD3yan8cg_gQ5GNQ73RM_1592874_1593594.wav,AlachiaQueen_UCMtD0xLX339zdD3yan8cg_gQ5GNQ73RM,1592874,1593594,720
AlachiaQueen_UCMtD0xLX339zdD3yan8cg_gQ5GNQ73RM_1593842_1601202.wav,AlachiaQueen_UCMtD0xLX339zdD3yan8cg_gQ5GNQ73RM,1593842,1601202,7360
AlachiaQueen_UCMtD0xLX339zdD3yan8cg_gQ5GNQ73RM_1601978_1611770.wav,AlachiaQueen_UCMtD0xLX339zdD3yan8cg_gQ5GNQ73RM,1601978,1611770,9792
AlachiaQueen_UCMtD0xLX339zdD3yan8cg_gQ5GNQ73RM_1612098_1613274.wav,AlachiaQueen_UCMtD0xLX339zdD3yan8cg_gQ5GNQ73RM,1612098,1613274,1176
AlachiaQueen_UCMtD0xLX339zdD3yan8cg_gQ5GNQ73RM_1613538_1616858.wav,AlachiaQueen_UCMtD0xLX339zdD3yan8cg_gQ5GNQ73RM,1613538,1616858,3320
AlachiaQueen_UCMtD0xLX339zdD3yan8cg_gQ5GNQ73RM_1617306_1620354.wav,AlachiaQueen_UCMtD0xLX339zdD3yan8cg_gQ5GNQ73RM,1617306,1620354,3048
AlachiaQueen_UCMtD0xLX339zdD3yan8cg_gQ5GNQ73RM_1621154_1623410.wav,AlachiaQueen_UCMtD0xLX339zdD3yan8cg_gQ5GNQ73RM,1621154,1623410,2256
AlachiaQueen_UCMtD0xLX339zdD3yan8cg_gQ5GNQ73RM_1623746_1625610.wav,AlachiaQueen_UCMtD0xLX339zdD3yan8cg_gQ5GNQ73RM,1623746,1625610,1864
AlachiaQueen_UCMtD0xLX339zdD3yan8cg_gQ5GNQ73RM_1626146_1626626.wav,AlachiaQueen_UCMtD0xLX339zdD3yan8cg_gQ5GNQ73RM,1626146,1626626,480
AlachiaQueen_UCMtD0xLX339zdD3yan8cg_gQ5GNQ73RM_1626770_1629362.wav,AlachiaQueen_UCMtD0xLX339zdD3yan8cg_gQ5GNQ73RM,1626770,1629362,2592
AlachiaQueen_UCMtD0xLX339zdD3yan8cg_gQ5GNQ73RM_1629586_1639434.wav,AlachiaQueen_UCMtD0xLX339zdD3yan8cg_gQ5GNQ73RM,1629586,1639434,9848
AlachiaQueen_UCMtD0xLX339zdD3yan8cg_gQ5GNQ73RM_1639578_1640498.wav,AlachiaQueen_UCMtD0xLX339zdD3yan8cg_gQ5GNQ73RM,1639578,1640498,920
AlachiaQueen_UCMtD0xLX339zdD3yan8cg_gQ5GNQ73RM_1641050_1641286.wav,AlachiaQueen_UCMtD0xLX339zdD3yan8cg_gQ5GNQ73RM,1641050,1641286,236
AlachiaQueen_UCMtD0xLX339zdD3yan8cg_gQ5GNQ73RM_1641406_1651306.wav,AlachiaQueen_UCMtD0xLX339zdD3yan8cg_gQ5GNQ73RM,1641406,1651306,9900
AlachiaQueen_UCMtD0xLX339zdD3yan8cg_gQ5GNQ73RM_1652758_1657578.wav,AlachiaQueen_UCMtD0xLX339zdD3yan8cg_gQ5GNQ73RM,1652758,1657578,4820
AlachiaQueen_UCMtD0xLX339zdD3yan8cg_gQ5GNQ73RM_1657994_1663378.wav,AlachiaQueen_UCMtD0xLX339zdD3yan8cg_gQ5GNQ73RM,1657994,1663378,5384
AlachiaQueen_UCMtD0xLX339zdD3yan8cg_gQ5GNQ73RM_1663730_1664854.wav,AlachiaQueen_UCMtD0xLX339zdD3yan8cg_gQ5GNQ73RM,1663730,1664854,1124
AlachiaQueen_UCMtD0xLX339zdD3yan8cg_gQ5GNQ73RM_1664974_1665150.wav,AlachiaQueen_UCMtD0xLX339zdD3yan8cg_gQ5GNQ73RM,1664974,1665150,176
AlachiaQueen_UCMtD0xLX339zdD3yan8cg_gQ5GNQ73RM_1665278_1670762.wav,AlachiaQueen_UCMtD0xLX339zdD3yan8cg_gQ5GNQ73RM,1665278,1670762,5484
AlachiaQueen_UCMtD0xLX339zdD3yan8cg_gQ5GNQ73RM_1671306_1675034.wav,AlachiaQueen_UCMtD0xLX339zdD3yan8cg_gQ5GNQ73RM,1671306,1675034,3728
AlachiaQueen_UCMtD0xLX339zdD3yan8cg_gQ5GNQ73RM_1675266_1675754.wav,AlachiaQueen_UCMtD0xLX339zdD3yan8cg_gQ5GNQ73RM,1675266,1675754,488
AlachiaQueen_UCMtD0xLX339zdD3yan8cg_gQ5GNQ73RM_1675954_1680122.wav,AlachiaQueen_UCMtD0xLX339zdD3yan8cg_gQ5GNQ73RM,1675954,1680122,4168
AlachiaQueen_UCMtD0xLX339zdD3yan8cg_gQ5GNQ73RM_1680226_1681322.wav,AlachiaQueen_UCMtD0xLX339zdD3yan8cg_gQ5GNQ73RM,1680226,1681322,1096
AlachiaQueen_UCMtD0xLX339zdD3yan8cg_gQ5GNQ73RM_1681546_1682818.wav,AlachiaQueen_UCMtD0xLX339zdD3yan8cg_gQ5GNQ73RM,1681546,1682818,1272
AlachiaQueen_UCMtD0xLX339zdD3yan8cg_gQ5GNQ73RM_1682970_1683318.wav,AlachiaQueen_UCMtD0xLX339zdD3yan8cg_gQ5GNQ73RM,1682970,1683318,348
AlachiaQueen_UCMtD0xLX339zdD3yan8cg_gQ5GNQ73RM_1683734_1685270.wav,AlachiaQueen_UCMtD0xLX339zdD3yan8cg_gQ5GNQ73RM,1683734,1685270,1536
AlachiaQueen_UCMtD0xLX339zdD3yan8cg_gQ5GNQ73RM_1685606_1686526.wav,AlachiaQueen_UCMtD0xLX339zdD3yan8cg_gQ5GNQ73RM,1685606,1686526,920
AlachiaQueen_UCMtD0xLX339zdD3yan8cg_gQ5GNQ73RM_1686646_1691806.wav,AlachiaQueen_UCMtD0xLX339zdD3yan8cg_gQ5GNQ73RM,1686646,1691806,5160
AlachiaQueen_UCMtD0xLX339zdD3yan8cg_gQ5GNQ73RM_1691910_1694438.wav,AlachiaQueen_UCMtD0xLX339zdD3yan8cg_gQ5GNQ73RM,1691910,1694438,2528
AlachiaQueen_UCMtD0xLX339zdD3yan8cg_gQ5GNQ73RM_1694542_1696006.wav,AlachiaQueen_UCMtD0xLX339zdD3yan8cg_gQ5GNQ73RM,1694542,1696006,1464
AlachiaQueen_UCMtD0xLX339zdD3yan8cg_gQ5GNQ73RM_1696126_1696542.wav,AlachiaQueen_UCMtD0xLX339zdD3yan8cg_gQ5GNQ73RM,1696126,1696542,416
AlachiaQueen_UCMtD0xLX339zdD3yan8cg_gQ5GNQ73RM_1696654_1699710.wav,AlachiaQueen_UCMtD0xLX339zdD3yan8cg_gQ5GNQ73RM,1696654,1699710,3056
AlachiaQueen_UCMtD0xLX339zdD3yan8cg_gQ5GNQ73RM_1699814_1700214.wav,AlachiaQueen_UCMtD0xLX339zdD3yan8cg_gQ5GNQ73RM,1699814,1700214,400
AlachiaQueen_UCMtD0xLX339zdD3yan8cg_gQ5GNQ73RM_1700334_1700758.wav,AlachiaQueen_UCMtD0xLX339zdD3yan8cg_gQ5GNQ73RM,1700334,1700758,424
AlachiaQueen_UCMtD0xLX339zdD3yan8cg_gQ5GNQ73RM_1700862_1701782.wav,AlachiaQueen_UCMtD0xLX339zdD3yan8cg_gQ5GNQ73RM,1700862,1701782,920
