filename,video_id,start_time,end_time,duration
NoelleGallagher_UC3bhtu1HRRPbtRngYDtxuQ_yvjS24qHLY_209_8210.wav,NoelleGallagher_UC3bhtu1HRRPbtRngYDtxuQ_yvjS24qHLY,209,8210,8001
NoelleGallagher_UC3bhtu1HRRPbtRngYDtxuQ_yvjS24qHLY_8706_22010.wav,NoelleGallagher_UC3bhtu1HRRPbtRngYDtxuQ_yvjS24qHLY,8706,22010,13304
NoelleGallagher_UC3bhtu1HRRPbtRngYDtxuQ_yvjS24qHLY_23554_25794.wav,NoelleGallagher_UC3bhtu1HRRPbtRngYDtxuQ_yvjS24qHLY,23554,25794,2240
NoelleGallagher_UC3bhtu1HRRPbtRngYDtxuQ_yvjS24qHLY_26634_27370.wav,NoelleGallagher_UC3bhtu1HRRPbtRngYDtxuQ_yvjS24qHLY,26634,27370,736
NoelleGallagher_UC3bhtu1HRRPbtRngYDtxuQ_yvjS24qHLY_27546_27698.wav,NoelleGallagher_UC3bhtu1HRRPbtRngYDtxuQ_yvjS24qHLY,27546,27698,152
NoelleGallagher_UC3bhtu1HRRPbtRngYDtxuQ_yvjS24qHLY_27818_37338.wav,NoelleGallagher_UC3bhtu1HRRPbtRngYDtxuQ_yvjS24qHLY,27818,37338,9520
NoelleGallagher_UC3bhtu1HRRPbtRngYDtxuQ_yvjS24qHLY_37442_43178.wav,NoelleGallagher_UC3bhtu1HRRPbtRngYDtxuQ_yvjS24qHLY,37442,43178,5736
NoelleGallagher_UC3bhtu1HRRPbtRngYDtxuQ_yvjS24qHLY_43378_53242.wav,NoelleGallagher_UC3bhtu1HRRPbtRngYDtxuQ_yvjS24qHLY,43378,53242,9864
NoelleGallagher_UC3bhtu1HRRPbtRngYDtxuQ_yvjS24qHLY_53322_60098.wav,NoelleGallagher_UC3bhtu1HRRPbtRngYDtxuQ_yvjS24qHLY,53322,60098,6776
NoelleGallagher_UC3bhtu1HRRPbtRngYDtxuQ_yvjS24qHLY_60178_62090.wav,NoelleGallagher_UC3bhtu1HRRPbtRngYDtxuQ_yvjS24qHLY,60178,62090,1912
NoelleGallagher_UC3bhtu1HRRPbtRngYDtxuQ_yvjS24qHLY_62186_63578.wav,NoelleGallagher_UC3bhtu1HRRPbtRngYDtxuQ_yvjS24qHLY,62186,63578,1392
NoelleGallagher_UC3bhtu1HRRPbtRngYDtxuQ_yvjS24qHLY_63698_71170.wav,NoelleGallagher_UC3bhtu1HRRPbtRngYDtxuQ_yvjS24qHLY,63698,71170,7472
NoelleGallagher_UC3bhtu1HRRPbtRngYDtxuQ_yvjS24qHLY_71354_79746.wav,NoelleGallagher_UC3bhtu1HRRPbtRngYDtxuQ_yvjS24qHLY,71354,79746,8392
NoelleGallagher_UC3bhtu1HRRPbtRngYDtxuQ_yvjS24qHLY_80194_83022.wav,NoelleGallagher_UC3bhtu1HRRPbtRngYDtxuQ_yvjS24qHLY,80194,83022,2828
NoelleGallagher_UC3bhtu1HRRPbtRngYDtxuQ_yvjS24qHLY_83158_83598.wav,NoelleGallagher_UC3bhtu1HRRPbtRngYDtxuQ_yvjS24qHLY,83158,83598,440
NoelleGallagher_UC3bhtu1HRRPbtRngYDtxuQ_yvjS24qHLY_83702_101798.wav,NoelleGallagher_UC3bhtu1HRRPbtRngYDtxuQ_yvjS24qHLY,83702,101798,18096
NoelleGallagher_UC3bhtu1HRRPbtRngYDtxuQ_yvjS24qHLY_101926_108648.wav,NoelleGallagher_UC3bhtu1HRRPbtRngYDtxuQ_yvjS24qHLY,101926,108648,6722
NoelleGallagher_UC3bhtu1HRRPbtRngYDtxuQ_yvjS24qHLY_108768_123089.wav,NoelleGallagher_UC3bhtu1HRRPbtRngYDtxuQ_yvjS24qHLY,108768,123089,14321
NoelleGallagher_UC3bhtu1HRRPbtRngYDtxuQ_yvjS24qHLY_123193_128066.wav,NoelleGallagher_UC3bhtu1HRRPbtRngYDtxuQ_yvjS24qHLY,123193,128066,4873
NoelleGallagher_UC3bhtu1HRRPbtRngYDtxuQ_yvjS24qHLY_128306_137410.wav,NoelleGallagher_UC3bhtu1HRRPbtRngYDtxuQ_yvjS24qHLY,128306,137410,9104
NoelleGallagher_UC3bhtu1HRRPbtRngYDtxuQ_yvjS24qHLY_137530_138810.wav,NoelleGallagher_UC3bhtu1HRRPbtRngYDtxuQ_yvjS24qHLY,137530,138810,1280
NoelleGallagher_UC3bhtu1HRRPbtRngYDtxuQ_yvjS24qHLY_138914_143378.wav,NoelleGallagher_UC3bhtu1HRRPbtRngYDtxuQ_yvjS24qHLY,138914,143378,4464
NoelleGallagher_UC3bhtu1HRRPbtRngYDtxuQ_yvjS24qHLY_143466_146498.wav,NoelleGallagher_UC3bhtu1HRRPbtRngYDtxuQ_yvjS24qHLY,143466,146498,3032
NoelleGallagher_UC3bhtu1HRRPbtRngYDtxuQ_yvjS24qHLY_146594_147690.wav,NoelleGallagher_UC3bhtu1HRRPbtRngYDtxuQ_yvjS24qHLY,146594,147690,1096
NoelleGallagher_UC3bhtu1HRRPbtRngYDtxuQ_yvjS24qHLY_147946_155658.wav,NoelleGallagher_UC3bhtu1HRRPbtRngYDtxuQ_yvjS24qHLY,147946,155658,7712
NoelleGallagher_UC3bhtu1HRRPbtRngYDtxuQ_yvjS24qHLY_156042_163922.wav,NoelleGallagher_UC3bhtu1HRRPbtRngYDtxuQ_yvjS24qHLY,156042,163922,7880
NoelleGallagher_UC3bhtu1HRRPbtRngYDtxuQ_yvjS24qHLY_164114_169242.wav,NoelleGallagher_UC3bhtu1HRRPbtRngYDtxuQ_yvjS24qHLY,164114,169242,5128
NoelleGallagher_UC3bhtu1HRRPbtRngYDtxuQ_yvjS24qHLY_169594_171018.wav,NoelleGallagher_UC3bhtu1HRRPbtRngYDtxuQ_yvjS24qHLY,169594,171018,1424
NoelleGallagher_UC3bhtu1HRRPbtRngYDtxuQ_yvjS24qHLY_171474_172594.wav,NoelleGallagher_UC3bhtu1HRRPbtRngYDtxuQ_yvjS24qHLY,171474,172594,1120
NoelleGallagher_UC3bhtu1HRRPbtRngYDtxuQ_yvjS24qHLY_173026_178898.wav,NoelleGallagher_UC3bhtu1HRRPbtRngYDtxuQ_yvjS24qHLY,173026,178898,5872
NoelleGallagher_UC3bhtu1HRRPbtRngYDtxuQ_yvjS24qHLY_179882_181174.wav,NoelleGallagher_UC3bhtu1HRRPbtRngYDtxuQ_yvjS24qHLY,179882,181174,1292
NoelleGallagher_UC3bhtu1HRRPbtRngYDtxuQ_yvjS24qHLY_181358_184278.wav,NoelleGallagher_UC3bhtu1HRRPbtRngYDtxuQ_yvjS24qHLY,181358,184278,2920
NoelleGallagher_UC3bhtu1HRRPbtRngYDtxuQ_yvjS24qHLY_184390_197326.wav,NoelleGallagher_UC3bhtu1HRRPbtRngYDtxuQ_yvjS24qHLY,184390,197326,12936
NoelleGallagher_UC3bhtu1HRRPbtRngYDtxuQ_yvjS24qHLY_197510_206714.wav,NoelleGallagher_UC3bhtu1HRRPbtRngYDtxuQ_yvjS24qHLY,197510,206714,9204
NoelleGallagher_UC3bhtu1HRRPbtRngYDtxuQ_yvjS24qHLY_206938_207370.wav,NoelleGallagher_UC3bhtu1HRRPbtRngYDtxuQ_yvjS24qHLY,206938,207370,432
NoelleGallagher_UC3bhtu1HRRPbtRngYDtxuQ_yvjS24qHLY_208426_210522.wav,NoelleGallagher_UC3bhtu1HRRPbtRngYDtxuQ_yvjS24qHLY,208426,210522,2096
NoelleGallagher_UC3bhtu1HRRPbtRngYDtxuQ_yvjS24qHLY_210666_222866.wav,NoelleGallagher_UC3bhtu1HRRPbtRngYDtxuQ_yvjS24qHLY,210666,222866,12200
NoelleGallagher_UC3bhtu1HRRPbtRngYDtxuQ_yvjS24qHLY_222970_226218.wav,NoelleGallagher_UC3bhtu1HRRPbtRngYDtxuQ_yvjS24qHLY,222970,226218,3248
NoelleGallagher_UC3bhtu1HRRPbtRngYDtxuQ_yvjS24qHLY_226410_235738.wav,NoelleGallagher_UC3bhtu1HRRPbtRngYDtxuQ_yvjS24qHLY,226410,235738,9328
NoelleGallagher_UC3bhtu1HRRPbtRngYDtxuQ_yvjS24qHLY_235914_241378.wav,NoelleGallagher_UC3bhtu1HRRPbtRngYDtxuQ_yvjS24qHLY,235914,241378,5464
NoelleGallagher_UC3bhtu1HRRPbtRngYDtxuQ_yvjS24qHLY_241850_244194.wav,NoelleGallagher_UC3bhtu1HRRPbtRngYDtxuQ_yvjS24qHLY,241850,244194,2344
NoelleGallagher_UC3bhtu1HRRPbtRngYDtxuQ_yvjS24qHLY_244738_245266.wav,NoelleGallagher_UC3bhtu1HRRPbtRngYDtxuQ_yvjS24qHLY,244738,245266,528
NoelleGallagher_UC3bhtu1HRRPbtRngYDtxuQ_yvjS24qHLY_245778_247970.wav,NoelleGallagher_UC3bhtu1HRRPbtRngYDtxuQ_yvjS24qHLY,245778,247970,2192
NoelleGallagher_UC3bhtu1HRRPbtRngYDtxuQ_yvjS24qHLY_248370_251274.wav,NoelleGallagher_UC3bhtu1HRRPbtRngYDtxuQ_yvjS24qHLY,248370,251274,2904
NoelleGallagher_UC3bhtu1HRRPbtRngYDtxuQ_yvjS24qHLY_251746_255994.wav,NoelleGallagher_UC3bhtu1HRRPbtRngYDtxuQ_yvjS24qHLY,251746,255994,4248
NoelleGallagher_UC3bhtu1HRRPbtRngYDtxuQ_yvjS24qHLY_257034_257226.wav,NoelleGallagher_UC3bhtu1HRRPbtRngYDtxuQ_yvjS24qHLY,257034,257226,192
NoelleGallagher_UC3bhtu1HRRPbtRngYDtxuQ_yvjS24qHLY_258274_266674.wav,NoelleGallagher_UC3bhtu1HRRPbtRngYDtxuQ_yvjS24qHLY,258274,266674,8400
NoelleGallagher_UC3bhtu1HRRPbtRngYDtxuQ_yvjS24qHLY_266842_268690.wav,NoelleGallagher_UC3bhtu1HRRPbtRngYDtxuQ_yvjS24qHLY,266842,268690,1848
NoelleGallagher_UC3bhtu1HRRPbtRngYDtxuQ_yvjS24qHLY_268778_275442.wav,NoelleGallagher_UC3bhtu1HRRPbtRngYDtxuQ_yvjS24qHLY,268778,275442,6664
NoelleGallagher_UC3bhtu1HRRPbtRngYDtxuQ_yvjS24qHLY_275522_279506.wav,NoelleGallagher_UC3bhtu1HRRPbtRngYDtxuQ_yvjS24qHLY,275522,279506,3984
NoelleGallagher_UC3bhtu1HRRPbtRngYDtxuQ_yvjS24qHLY_279602_285642.wav,NoelleGallagher_UC3bhtu1HRRPbtRngYDtxuQ_yvjS24qHLY,279602,285642,6040
NoelleGallagher_UC3bhtu1HRRPbtRngYDtxuQ_yvjS24qHLY_285930_288906.wav,NoelleGallagher_UC3bhtu1HRRPbtRngYDtxuQ_yvjS24qHLY,285930,288906,2976
NoelleGallagher_UC3bhtu1HRRPbtRngYDtxuQ_yvjS24qHLY_289378_296050.wav,NoelleGallagher_UC3bhtu1HRRPbtRngYDtxuQ_yvjS24qHLY,289378,296050,6672
NoelleGallagher_UC3bhtu1HRRPbtRngYDtxuQ_yvjS24qHLY_296882_298610.wav,NoelleGallagher_UC3bhtu1HRRPbtRngYDtxuQ_yvjS24qHLY,296882,298610,1728
NoelleGallagher_UC3bhtu1HRRPbtRngYDtxuQ_yvjS24qHLY_298866_300682.wav,NoelleGallagher_UC3bhtu1HRRPbtRngYDtxuQ_yvjS24qHLY,298866,300682,1816
NoelleGallagher_UC3bhtu1HRRPbtRngYDtxuQ_yvjS24qHLY_301218_303330.wav,NoelleGallagher_UC3bhtu1HRRPbtRngYDtxuQ_yvjS24qHLY,301218,303330,2112
NoelleGallagher_UC3bhtu1HRRPbtRngYDtxuQ_yvjS24qHLY_303818_305138.wav,NoelleGallagher_UC3bhtu1HRRPbtRngYDtxuQ_yvjS24qHLY,303818,305138,1320
NoelleGallagher_UC3bhtu1HRRPbtRngYDtxuQ_yvjS24qHLY_305450_315276.wav,NoelleGallagher_UC3bhtu1HRRPbtRngYDtxuQ_yvjS24qHLY,305450,315276,9826
NoelleGallagher_UC3bhtu1HRRPbtRngYDtxuQ_yvjS24qHLY_315508_323310.wav,NoelleGallagher_UC3bhtu1HRRPbtRngYDtxuQ_yvjS24qHLY,315508,323310,7802
NoelleGallagher_UC3bhtu1HRRPbtRngYDtxuQ_yvjS24qHLY_323734_327914.wav,NoelleGallagher_UC3bhtu1HRRPbtRngYDtxuQ_yvjS24qHLY,323734,327914,4180
NoelleGallagher_UC3bhtu1HRRPbtRngYDtxuQ_yvjS24qHLY_328498_335814.wav,NoelleGallagher_UC3bhtu1HRRPbtRngYDtxuQ_yvjS24qHLY,328498,335814,7316
NoelleGallagher_UC3bhtu1HRRPbtRngYDtxuQ_yvjS24qHLY_335966_347806.wav,NoelleGallagher_UC3bhtu1HRRPbtRngYDtxuQ_yvjS24qHLY,335966,347806,11840
NoelleGallagher_UC3bhtu1HRRPbtRngYDtxuQ_yvjS24qHLY_347958_350130.wav,NoelleGallagher_UC3bhtu1HRRPbtRngYDtxuQ_yvjS24qHLY,347958,350130,2172
NoelleGallagher_UC3bhtu1HRRPbtRngYDtxuQ_yvjS24qHLY_350458_353636.wav,NoelleGallagher_UC3bhtu1HRRPbtRngYDtxuQ_yvjS24qHLY,350458,353636,3178
NoelleGallagher_UC3bhtu1HRRPbtRngYDtxuQ_yvjS24qHLY_353732_364292.wav,NoelleGallagher_UC3bhtu1HRRPbtRngYDtxuQ_yvjS24qHLY,353732,364292,10560
NoelleGallagher_UC3bhtu1HRRPbtRngYDtxuQ_yvjS24qHLY_364372_366054.wav,NoelleGallagher_UC3bhtu1HRRPbtRngYDtxuQ_yvjS24qHLY,364372,366054,1682
NoelleGallagher_UC3bhtu1HRRPbtRngYDtxuQ_yvjS24qHLY_366222_366546.wav,NoelleGallagher_UC3bhtu1HRRPbtRngYDtxuQ_yvjS24qHLY,366222,366546,324
NoelleGallagher_UC3bhtu1HRRPbtRngYDtxuQ_yvjS24qHLY_366802_372002.wav,NoelleGallagher_UC3bhtu1HRRPbtRngYDtxuQ_yvjS24qHLY,366802,372002,5200
NoelleGallagher_UC3bhtu1HRRPbtRngYDtxuQ_yvjS24qHLY_372538_373098.wav,NoelleGallagher_UC3bhtu1HRRPbtRngYDtxuQ_yvjS24qHLY,372538,373098,560
NoelleGallagher_UC3bhtu1HRRPbtRngYDtxuQ_yvjS24qHLY_373562_376258.wav,NoelleGallagher_UC3bhtu1HRRPbtRngYDtxuQ_yvjS24qHLY,373562,376258,2696
NoelleGallagher_UC3bhtu1HRRPbtRngYDtxuQ_yvjS24qHLY_376698_380450.wav,NoelleGallagher_UC3bhtu1HRRPbtRngYDtxuQ_yvjS24qHLY,376698,380450,3752
NoelleGallagher_UC3bhtu1HRRPbtRngYDtxuQ_yvjS24qHLY_380978_382122.wav,NoelleGallagher_UC3bhtu1HRRPbtRngYDtxuQ_yvjS24qHLY,380978,382122,1144
NoelleGallagher_UC3bhtu1HRRPbtRngYDtxuQ_yvjS24qHLY_382698_394908.wav,NoelleGallagher_UC3bhtu1HRRPbtRngYDtxuQ_yvjS24qHLY,382698,394908,12210
NoelleGallagher_UC3bhtu1HRRPbtRngYDtxuQ_yvjS24qHLY_395124_397038.wav,NoelleGallagher_UC3bhtu1HRRPbtRngYDtxuQ_yvjS24qHLY,395124,397038,1914
NoelleGallagher_UC3bhtu1HRRPbtRngYDtxuQ_yvjS24qHLY_397230_401322.wav,NoelleGallagher_UC3bhtu1HRRPbtRngYDtxuQ_yvjS24qHLY,397230,401322,4092
NoelleGallagher_UC3bhtu1HRRPbtRngYDtxuQ_yvjS24qHLY_401458_416043.wav,NoelleGallagher_UC3bhtu1HRRPbtRngYDtxuQ_yvjS24qHLY,401458,416043,14585
NoelleGallagher_UC3bhtu1HRRPbtRngYDtxuQ_yvjS24qHLY_416131_417372.wav,NoelleGallagher_UC3bhtu1HRRPbtRngYDtxuQ_yvjS24qHLY,416131,417372,1241
NoelleGallagher_UC3bhtu1HRRPbtRngYDtxuQ_yvjS24qHLY_417492_419214.wav,NoelleGallagher_UC3bhtu1HRRPbtRngYDtxuQ_yvjS24qHLY,417492,419214,1722
NoelleGallagher_UC3bhtu1HRRPbtRngYDtxuQ_yvjS24qHLY_419382_432304.wav,NoelleGallagher_UC3bhtu1HRRPbtRngYDtxuQ_yvjS24qHLY,419382,432304,12922
NoelleGallagher_UC3bhtu1HRRPbtRngYDtxuQ_yvjS24qHLY_432416_434714.wav,NoelleGallagher_UC3bhtu1HRRPbtRngYDtxuQ_yvjS24qHLY,432416,434714,2298
NoelleGallagher_UC3bhtu1HRRPbtRngYDtxuQ_yvjS24qHLY_435042_437050.wav,NoelleGallagher_UC3bhtu1HRRPbtRngYDtxuQ_yvjS24qHLY,435042,437050,2008
NoelleGallagher_UC3bhtu1HRRPbtRngYDtxuQ_yvjS24qHLY_437626_443574.wav,NoelleGallagher_UC3bhtu1HRRPbtRngYDtxuQ_yvjS24qHLY,437626,443574,5948
NoelleGallagher_UC3bhtu1HRRPbtRngYDtxuQ_yvjS24qHLY_443742_443878.wav,NoelleGallagher_UC3bhtu1HRRPbtRngYDtxuQ_yvjS24qHLY,443742,443878,136
NoelleGallagher_UC3bhtu1HRRPbtRngYDtxuQ_yvjS24qHLY_443982_452022.wav,NoelleGallagher_UC3bhtu1HRRPbtRngYDtxuQ_yvjS24qHLY,443982,452022,8040
NoelleGallagher_UC3bhtu1HRRPbtRngYDtxuQ_yvjS24qHLY_452126_462230.wav,NoelleGallagher_UC3bhtu1HRRPbtRngYDtxuQ_yvjS24qHLY,452126,462230,10104
NoelleGallagher_UC3bhtu1HRRPbtRngYDtxuQ_yvjS24qHLY_462558_462984.wav,NoelleGallagher_UC3bhtu1HRRPbtRngYDtxuQ_yvjS24qHLY,462558,462984,426
NoelleGallagher_UC3bhtu1HRRPbtRngYDtxuQ_yvjS24qHLY_463096_468328.wav,NoelleGallagher_UC3bhtu1HRRPbtRngYDtxuQ_yvjS24qHLY,463096,468328,5232
NoelleGallagher_UC3bhtu1HRRPbtRngYDtxuQ_yvjS24qHLY_468440_477898.wav,NoelleGallagher_UC3bhtu1HRRPbtRngYDtxuQ_yvjS24qHLY,468440,477898,9458
NoelleGallagher_UC3bhtu1HRRPbtRngYDtxuQ_yvjS24qHLY_478762_479642.wav,NoelleGallagher_UC3bhtu1HRRPbtRngYDtxuQ_yvjS24qHLY,478762,479642,880
NoelleGallagher_UC3bhtu1HRRPbtRngYDtxuQ_yvjS24qHLY_479786_484722.wav,NoelleGallagher_UC3bhtu1HRRPbtRngYDtxuQ_yvjS24qHLY,479786,484722,4936
NoelleGallagher_UC3bhtu1HRRPbtRngYDtxuQ_yvjS24qHLY_484834_491298.wav,NoelleGallagher_UC3bhtu1HRRPbtRngYDtxuQ_yvjS24qHLY,484834,491298,6464
NoelleGallagher_UC3bhtu1HRRPbtRngYDtxuQ_yvjS24qHLY_491410_504162.wav,NoelleGallagher_UC3bhtu1HRRPbtRngYDtxuQ_yvjS24qHLY,491410,504162,12752
NoelleGallagher_UC3bhtu1HRRPbtRngYDtxuQ_yvjS24qHLY_504322_516346.wav,NoelleGallagher_UC3bhtu1HRRPbtRngYDtxuQ_yvjS24qHLY,504322,516346,12024
NoelleGallagher_UC3bhtu1HRRPbtRngYDtxuQ_yvjS24qHLY_516482_522122.wav,NoelleGallagher_UC3bhtu1HRRPbtRngYDtxuQ_yvjS24qHLY,516482,522122,5640
NoelleGallagher_UC3bhtu1HRRPbtRngYDtxuQ_yvjS24qHLY_522770_533282.wav,NoelleGallagher_UC3bhtu1HRRPbtRngYDtxuQ_yvjS24qHLY,522770,533282,10512
NoelleGallagher_UC3bhtu1HRRPbtRngYDtxuQ_yvjS24qHLY_533618_539610.wav,NoelleGallagher_UC3bhtu1HRRPbtRngYDtxuQ_yvjS24qHLY,533618,539610,5992
NoelleGallagher_UC3bhtu1HRRPbtRngYDtxuQ_yvjS24qHLY_539954_545026.wav,NoelleGallagher_UC3bhtu1HRRPbtRngYDtxuQ_yvjS24qHLY,539954,545026,5072
NoelleGallagher_UC3bhtu1HRRPbtRngYDtxuQ_yvjS24qHLY_545170_556340.wav,NoelleGallagher_UC3bhtu1HRRPbtRngYDtxuQ_yvjS24qHLY,545170,556340,11170
NoelleGallagher_UC3bhtu1HRRPbtRngYDtxuQ_yvjS24qHLY_556444_561253.wav,NoelleGallagher_UC3bhtu1HRRPbtRngYDtxuQ_yvjS24qHLY,556444,561253,4809
NoelleGallagher_UC3bhtu1HRRPbtRngYDtxuQ_yvjS24qHLY_561349_572198.wav,NoelleGallagher_UC3bhtu1HRRPbtRngYDtxuQ_yvjS24qHLY,561349,572198,10849
NoelleGallagher_UC3bhtu1HRRPbtRngYDtxuQ_yvjS24qHLY_572302_573354.wav,NoelleGallagher_UC3bhtu1HRRPbtRngYDtxuQ_yvjS24qHLY,572302,573354,1052
NoelleGallagher_UC3bhtu1HRRPbtRngYDtxuQ_yvjS24qHLY_573554_594066.wav,NoelleGallagher_UC3bhtu1HRRPbtRngYDtxuQ_yvjS24qHLY,573554,594066,20512
NoelleGallagher_UC3bhtu1HRRPbtRngYDtxuQ_yvjS24qHLY_594154_595554.wav,NoelleGallagher_UC3bhtu1HRRPbtRngYDtxuQ_yvjS24qHLY,594154,595554,1400
NoelleGallagher_UC3bhtu1HRRPbtRngYDtxuQ_yvjS24qHLY_595882_604570.wav,NoelleGallagher_UC3bhtu1HRRPbtRngYDtxuQ_yvjS24qHLY,595882,604570,8688
NoelleGallagher_UC3bhtu1HRRPbtRngYDtxuQ_yvjS24qHLY_604746_610970.wav,NoelleGallagher_UC3bhtu1HRRPbtRngYDtxuQ_yvjS24qHLY,604746,610970,6224
NoelleGallagher_UC3bhtu1HRRPbtRngYDtxuQ_yvjS24qHLY_611906_624778.wav,NoelleGallagher_UC3bhtu1HRRPbtRngYDtxuQ_yvjS24qHLY,611906,624778,12872
NoelleGallagher_UC3bhtu1HRRPbtRngYDtxuQ_yvjS24qHLY_625026_631426.wav,NoelleGallagher_UC3bhtu1HRRPbtRngYDtxuQ_yvjS24qHLY,625026,631426,6400
NoelleGallagher_UC3bhtu1HRRPbtRngYDtxuQ_yvjS24qHLY_631698_644234.wav,NoelleGallagher_UC3bhtu1HRRPbtRngYDtxuQ_yvjS24qHLY,631698,644234,12536
NoelleGallagher_UC3bhtu1HRRPbtRngYDtxuQ_yvjS24qHLY_644562_658882.wav,NoelleGallagher_UC3bhtu1HRRPbtRngYDtxuQ_yvjS24qHLY,644562,658882,14320
NoelleGallagher_UC3bhtu1HRRPbtRngYDtxuQ_yvjS24qHLY_659034_660330.wav,NoelleGallagher_UC3bhtu1HRRPbtRngYDtxuQ_yvjS24qHLY,659034,660330,1296
NoelleGallagher_UC3bhtu1HRRPbtRngYDtxuQ_yvjS24qHLY_660490_670786.wav,NoelleGallagher_UC3bhtu1HRRPbtRngYDtxuQ_yvjS24qHLY,660490,670786,10296
NoelleGallagher_UC3bhtu1HRRPbtRngYDtxuQ_yvjS24qHLY_671066_673130.wav,NoelleGallagher_UC3bhtu1HRRPbtRngYDtxuQ_yvjS24qHLY,671066,673130,2064
NoelleGallagher_UC3bhtu1HRRPbtRngYDtxuQ_yvjS24qHLY_673298_676347.wav,NoelleGallagher_UC3bhtu1HRRPbtRngYDtxuQ_yvjS24qHLY,673298,676347,3049
NoelleGallagher_UC3bhtu1HRRPbtRngYDtxuQ_yvjS24qHLY_676451_682139.wav,NoelleGallagher_UC3bhtu1HRRPbtRngYDtxuQ_yvjS24qHLY,676451,682139,5688
NoelleGallagher_UC3bhtu1HRRPbtRngYDtxuQ_yvjS24qHLY_682259_696380.wav,NoelleGallagher_UC3bhtu1HRRPbtRngYDtxuQ_yvjS24qHLY,682259,696380,14121
NoelleGallagher_UC3bhtu1HRRPbtRngYDtxuQ_yvjS24qHLY_696708_698950.wav,NoelleGallagher_UC3bhtu1HRRPbtRngYDtxuQ_yvjS24qHLY,696708,698950,2242
NoelleGallagher_UC3bhtu1HRRPbtRngYDtxuQ_yvjS24qHLY_699134_701570.wav,NoelleGallagher_UC3bhtu1HRRPbtRngYDtxuQ_yvjS24qHLY,699134,701570,2436
NoelleGallagher_UC3bhtu1HRRPbtRngYDtxuQ_yvjS24qHLY_701810_703322.wav,NoelleGallagher_UC3bhtu1HRRPbtRngYDtxuQ_yvjS24qHLY,701810,703322,1512
NoelleGallagher_UC3bhtu1HRRPbtRngYDtxuQ_yvjS24qHLY_703538_705258.wav,NoelleGallagher_UC3bhtu1HRRPbtRngYDtxuQ_yvjS24qHLY,703538,705258,1720
NoelleGallagher_UC3bhtu1HRRPbtRngYDtxuQ_yvjS24qHLY_705546_708138.wav,NoelleGallagher_UC3bhtu1HRRPbtRngYDtxuQ_yvjS24qHLY,705546,708138,2592
NoelleGallagher_UC3bhtu1HRRPbtRngYDtxuQ_yvjS24qHLY_708346_712212.wav,NoelleGallagher_UC3bhtu1HRRPbtRngYDtxuQ_yvjS24qHLY,708346,712212,3866
NoelleGallagher_UC3bhtu1HRRPbtRngYDtxuQ_yvjS24qHLY_712380_726101.wav,NoelleGallagher_UC3bhtu1HRRPbtRngYDtxuQ_yvjS24qHLY,712380,726101,13721
NoelleGallagher_UC3bhtu1HRRPbtRngYDtxuQ_yvjS24qHLY_726229_730942.wav,NoelleGallagher_UC3bhtu1HRRPbtRngYDtxuQ_yvjS24qHLY,726229,730942,4713
NoelleGallagher_UC3bhtu1HRRPbtRngYDtxuQ_yvjS24qHLY_731158_731294.wav,NoelleGallagher_UC3bhtu1HRRPbtRngYDtxuQ_yvjS24qHLY,731158,731294,136
NoelleGallagher_UC3bhtu1HRRPbtRngYDtxuQ_yvjS24qHLY_731634_735658.wav,NoelleGallagher_UC3bhtu1HRRPbtRngYDtxuQ_yvjS24qHLY,731634,735658,4024
NoelleGallagher_UC3bhtu1HRRPbtRngYDtxuQ_yvjS24qHLY_735834_742414.wav,NoelleGallagher_UC3bhtu1HRRPbtRngYDtxuQ_yvjS24qHLY,735834,742414,6580
NoelleGallagher_UC3bhtu1HRRPbtRngYDtxuQ_yvjS24qHLY_742550_749698.wav,NoelleGallagher_UC3bhtu1HRRPbtRngYDtxuQ_yvjS24qHLY,742550,749698,7148
NoelleGallagher_UC3bhtu1HRRPbtRngYDtxuQ_yvjS24qHLY_749898_755306.wav,NoelleGallagher_UC3bhtu1HRRPbtRngYDtxuQ_yvjS24qHLY,749898,755306,5408
NoelleGallagher_UC3bhtu1HRRPbtRngYDtxuQ_yvjS24qHLY_755530_756066.wav,NoelleGallagher_UC3bhtu1HRRPbtRngYDtxuQ_yvjS24qHLY,755530,756066,536
NoelleGallagher_UC3bhtu1HRRPbtRngYDtxuQ_yvjS24qHLY_756418_758746.wav,NoelleGallagher_UC3bhtu1HRRPbtRngYDtxuQ_yvjS24qHLY,756418,758746,2328
NoelleGallagher_UC3bhtu1HRRPbtRngYDtxuQ_yvjS24qHLY_759698_763282.wav,NoelleGallagher_UC3bhtu1HRRPbtRngYDtxuQ_yvjS24qHLY,759698,763282,3584
NoelleGallagher_UC3bhtu1HRRPbtRngYDtxuQ_yvjS24qHLY_763586_765754.wav,NoelleGallagher_UC3bhtu1HRRPbtRngYDtxuQ_yvjS24qHLY,763586,765754,2168
NoelleGallagher_UC3bhtu1HRRPbtRngYDtxuQ_yvjS24qHLY_766114_771626.wav,NoelleGallagher_UC3bhtu1HRRPbtRngYDtxuQ_yvjS24qHLY,766114,771626,5512
NoelleGallagher_UC3bhtu1HRRPbtRngYDtxuQ_yvjS24qHLY_771954_775954.wav,NoelleGallagher_UC3bhtu1HRRPbtRngYDtxuQ_yvjS24qHLY,771954,775954,4000
NoelleGallagher_UC3bhtu1HRRPbtRngYDtxuQ_yvjS24qHLY_776546_776722.wav,NoelleGallagher_UC3bhtu1HRRPbtRngYDtxuQ_yvjS24qHLY,776546,776722,176
NoelleGallagher_UC3bhtu1HRRPbtRngYDtxuQ_yvjS24qHLY_776946_789346.wav,NoelleGallagher_UC3bhtu1HRRPbtRngYDtxuQ_yvjS24qHLY,776946,789346,12400
NoelleGallagher_UC3bhtu1HRRPbtRngYDtxuQ_yvjS24qHLY_789594_804578.wav,NoelleGallagher_UC3bhtu1HRRPbtRngYDtxuQ_yvjS24qHLY,789594,804578,14984
NoelleGallagher_UC3bhtu1HRRPbtRngYDtxuQ_yvjS24qHLY_805058_807348.wav,NoelleGallagher_UC3bhtu1HRRPbtRngYDtxuQ_yvjS24qHLY,805058,807348,2290
NoelleGallagher_UC3bhtu1HRRPbtRngYDtxuQ_yvjS24qHLY_807556_815550.wav,NoelleGallagher_UC3bhtu1HRRPbtRngYDtxuQ_yvjS24qHLY,807556,815550,7994
NoelleGallagher_UC3bhtu1HRRPbtRngYDtxuQ_yvjS24qHLY_815710_820842.wav,NoelleGallagher_UC3bhtu1HRRPbtRngYDtxuQ_yvjS24qHLY,815710,820842,5132
NoelleGallagher_UC3bhtu1HRRPbtRngYDtxuQ_yvjS24qHLY_821738_822294.wav,NoelleGallagher_UC3bhtu1HRRPbtRngYDtxuQ_yvjS24qHLY,821738,822294,556
NoelleGallagher_UC3bhtu1HRRPbtRngYDtxuQ_yvjS24qHLY_822768_828673.wav,NoelleGallagher_UC3bhtu1HRRPbtRngYDtxuQ_yvjS24qHLY,822768,828673,5905
NoelleGallagher_UC3bhtu1HRRPbtRngYDtxuQ_yvjS24qHLY_828833_833201.wav,NoelleGallagher_UC3bhtu1HRRPbtRngYDtxuQ_yvjS24qHLY,828833,833201,4368
NoelleGallagher_UC3bhtu1HRRPbtRngYDtxuQ_yvjS24qHLY_833353_835626.wav,NoelleGallagher_UC3bhtu1HRRPbtRngYDtxuQ_yvjS24qHLY,833353,835626,2273
NoelleGallagher_UC3bhtu1HRRPbtRngYDtxuQ_yvjS24qHLY_835810_840978.wav,NoelleGallagher_UC3bhtu1HRRPbtRngYDtxuQ_yvjS24qHLY,835810,840978,5168
NoelleGallagher_UC3bhtu1HRRPbtRngYDtxuQ_yvjS24qHLY_841138_845006.wav,NoelleGallagher_UC3bhtu1HRRPbtRngYDtxuQ_yvjS24qHLY,841138,845006,3868
NoelleGallagher_UC3bhtu1HRRPbtRngYDtxuQ_yvjS24qHLY_845238_846720.wav,NoelleGallagher_UC3bhtu1HRRPbtRngYDtxuQ_yvjS24qHLY,845238,846720,1482
NoelleGallagher_UC3bhtu1HRRPbtRngYDtxuQ_yvjS24qHLY_846904_853354.wav,NoelleGallagher_UC3bhtu1HRRPbtRngYDtxuQ_yvjS24qHLY,846904,853354,6450
NoelleGallagher_UC3bhtu1HRRPbtRngYDtxuQ_yvjS24qHLY_853578_854102.wav,NoelleGallagher_UC3bhtu1HRRPbtRngYDtxuQ_yvjS24qHLY,853578,854102,524
NoelleGallagher_UC3bhtu1HRRPbtRngYDtxuQ_yvjS24qHLY_854294_860062.wav,NoelleGallagher_UC3bhtu1HRRPbtRngYDtxuQ_yvjS24qHLY,854294,860062,5768
NoelleGallagher_UC3bhtu1HRRPbtRngYDtxuQ_yvjS24qHLY_860230_863770.wav,NoelleGallagher_UC3bhtu1HRRPbtRngYDtxuQ_yvjS24qHLY,860230,863770,3540
NoelleGallagher_UC3bhtu1HRRPbtRngYDtxuQ_yvjS24qHLY_864442_869970.wav,NoelleGallagher_UC3bhtu1HRRPbtRngYDtxuQ_yvjS24qHLY,864442,869970,5528
NoelleGallagher_UC3bhtu1HRRPbtRngYDtxuQ_yvjS24qHLY_870354_875722.wav,NoelleGallagher_UC3bhtu1HRRPbtRngYDtxuQ_yvjS24qHLY,870354,875722,5368
NoelleGallagher_UC3bhtu1HRRPbtRngYDtxuQ_yvjS24qHLY_875986_889134.wav,NoelleGallagher_UC3bhtu1HRRPbtRngYDtxuQ_yvjS24qHLY,875986,889134,13148
NoelleGallagher_UC3bhtu1HRRPbtRngYDtxuQ_yvjS24qHLY_889262_894618.wav,NoelleGallagher_UC3bhtu1HRRPbtRngYDtxuQ_yvjS24qHLY,889262,894618,5356
NoelleGallagher_UC3bhtu1HRRPbtRngYDtxuQ_yvjS24qHLY_894762_894882.wav,NoelleGallagher_UC3bhtu1HRRPbtRngYDtxuQ_yvjS24qHLY,894762,894882,120
NoelleGallagher_UC3bhtu1HRRPbtRngYDtxuQ_yvjS24qHLY_895098_898322.wav,NoelleGallagher_UC3bhtu1HRRPbtRngYDtxuQ_yvjS24qHLY,895098,898322,3224
NoelleGallagher_UC3bhtu1HRRPbtRngYDtxuQ_yvjS24qHLY_898498_905378.wav,NoelleGallagher_UC3bhtu1HRRPbtRngYDtxuQ_yvjS24qHLY,898498,905378,6880
NoelleGallagher_UC3bhtu1HRRPbtRngYDtxuQ_yvjS24qHLY_906202_910994.wav,NoelleGallagher_UC3bhtu1HRRPbtRngYDtxuQ_yvjS24qHLY,906202,910994,4792
NoelleGallagher_UC3bhtu1HRRPbtRngYDtxuQ_yvjS24qHLY_911882_913026.wav,NoelleGallagher_UC3bhtu1HRRPbtRngYDtxuQ_yvjS24qHLY,911882,913026,1144
NoelleGallagher_UC3bhtu1HRRPbtRngYDtxuQ_yvjS24qHLY_913410_916282.wav,NoelleGallagher_UC3bhtu1HRRPbtRngYDtxuQ_yvjS24qHLY,913410,916282,2872
NoelleGallagher_UC3bhtu1HRRPbtRngYDtxuQ_yvjS24qHLY_916978_919874.wav,NoelleGallagher_UC3bhtu1HRRPbtRngYDtxuQ_yvjS24qHLY,916978,919874,2896
NoelleGallagher_UC3bhtu1HRRPbtRngYDtxuQ_yvjS24qHLY_920154_927954.wav,NoelleGallagher_UC3bhtu1HRRPbtRngYDtxuQ_yvjS24qHLY,920154,927954,7800
NoelleGallagher_UC3bhtu1HRRPbtRngYDtxuQ_yvjS24qHLY_928282_937486.wav,NoelleGallagher_UC3bhtu1HRRPbtRngYDtxuQ_yvjS24qHLY,928282,937486,9204
NoelleGallagher_UC3bhtu1HRRPbtRngYDtxuQ_yvjS24qHLY_937750_949554.wav,NoelleGallagher_UC3bhtu1HRRPbtRngYDtxuQ_yvjS24qHLY,937750,949554,11804
NoelleGallagher_UC3bhtu1HRRPbtRngYDtxuQ_yvjS24qHLY_949850_957290.wav,NoelleGallagher_UC3bhtu1HRRPbtRngYDtxuQ_yvjS24qHLY,949850,957290,7440
NoelleGallagher_UC3bhtu1HRRPbtRngYDtxuQ_yvjS24qHLY_957674_964002.wav,NoelleGallagher_UC3bhtu1HRRPbtRngYDtxuQ_yvjS24qHLY,957674,964002,6328
NoelleGallagher_UC3bhtu1HRRPbtRngYDtxuQ_yvjS24qHLY_964186_967082.wav,NoelleGallagher_UC3bhtu1HRRPbtRngYDtxuQ_yvjS24qHLY,964186,967082,2896
NoelleGallagher_UC3bhtu1HRRPbtRngYDtxuQ_yvjS24qHLY_967418_972378.wav,NoelleGallagher_UC3bhtu1HRRPbtRngYDtxuQ_yvjS24qHLY,967418,972378,4960
NoelleGallagher_UC3bhtu1HRRPbtRngYDtxuQ_yvjS24qHLY_972538_975170.wav,NoelleGallagher_UC3bhtu1HRRPbtRngYDtxuQ_yvjS24qHLY,972538,975170,2632
NoelleGallagher_UC3bhtu1HRRPbtRngYDtxuQ_yvjS24qHLY_975362_975618.wav,NoelleGallagher_UC3bhtu1HRRPbtRngYDtxuQ_yvjS24qHLY,975362,975618,256
NoelleGallagher_UC3bhtu1HRRPbtRngYDtxuQ_yvjS24qHLY_975978_979914.wav,NoelleGallagher_UC3bhtu1HRRPbtRngYDtxuQ_yvjS24qHLY,975978,979914,3936
NoelleGallagher_UC3bhtu1HRRPbtRngYDtxuQ_yvjS24qHLY_980218_980902.wav,NoelleGallagher_UC3bhtu1HRRPbtRngYDtxuQ_yvjS24qHLY,980218,980902,684
NoelleGallagher_UC3bhtu1HRRPbtRngYDtxuQ_yvjS24qHLY_981046_986222.wav,NoelleGallagher_UC3bhtu1HRRPbtRngYDtxuQ_yvjS24qHLY,981046,986222,5176
NoelleGallagher_UC3bhtu1HRRPbtRngYDtxuQ_yvjS24qHLY_986350_986958.wav,NoelleGallagher_UC3bhtu1HRRPbtRngYDtxuQ_yvjS24qHLY,986350,986958,608
NoelleGallagher_UC3bhtu1HRRPbtRngYDtxuQ_yvjS24qHLY_987102_991008.wav,NoelleGallagher_UC3bhtu1HRRPbtRngYDtxuQ_yvjS24qHLY,987102,991008,3906
NoelleGallagher_UC3bhtu1HRRPbtRngYDtxuQ_yvjS24qHLY_991144_992744.wav,NoelleGallagher_UC3bhtu1HRRPbtRngYDtxuQ_yvjS24qHLY,991144,992744,1600
NoelleGallagher_UC3bhtu1HRRPbtRngYDtxuQ_yvjS24qHLY_992984_1002632.wav,NoelleGallagher_UC3bhtu1HRRPbtRngYDtxuQ_yvjS24qHLY,992984,1002632,9648
NoelleGallagher_UC3bhtu1HRRPbtRngYDtxuQ_yvjS24qHLY_1002784_1004384.wav,NoelleGallagher_UC3bhtu1HRRPbtRngYDtxuQ_yvjS24qHLY,1002784,1004384,1600
NoelleGallagher_UC3bhtu1HRRPbtRngYDtxuQ_yvjS24qHLY_1004776_1011153.wav,NoelleGallagher_UC3bhtu1HRRPbtRngYDtxuQ_yvjS24qHLY,1004776,1011153,6377
NoelleGallagher_UC3bhtu1HRRPbtRngYDtxuQ_yvjS24qHLY_1011393_1011689.wav,NoelleGallagher_UC3bhtu1HRRPbtRngYDtxuQ_yvjS24qHLY,1011393,1011689,296
NoelleGallagher_UC3bhtu1HRRPbtRngYDtxuQ_yvjS24qHLY_1011849_1013586.wav,NoelleGallagher_UC3bhtu1HRRPbtRngYDtxuQ_yvjS24qHLY,1011849,1013586,1737
NoelleGallagher_UC3bhtu1HRRPbtRngYDtxuQ_yvjS24qHLY_1014026_1017546.wav,NoelleGallagher_UC3bhtu1HRRPbtRngYDtxuQ_yvjS24qHLY,1014026,1017546,3520
NoelleGallagher_UC3bhtu1HRRPbtRngYDtxuQ_yvjS24qHLY_1017922_1020706.wav,NoelleGallagher_UC3bhtu1HRRPbtRngYDtxuQ_yvjS24qHLY,1017922,1020706,2784
NoelleGallagher_UC3bhtu1HRRPbtRngYDtxuQ_yvjS24qHLY_1020850_1023162.wav,NoelleGallagher_UC3bhtu1HRRPbtRngYDtxuQ_yvjS24qHLY,1020850,1023162,2312
NoelleGallagher_UC3bhtu1HRRPbtRngYDtxuQ_yvjS24qHLY_1023298_1032442.wav,NoelleGallagher_UC3bhtu1HRRPbtRngYDtxuQ_yvjS24qHLY,1023298,1032442,9144
NoelleGallagher_UC3bhtu1HRRPbtRngYDtxuQ_yvjS24qHLY_1033118_1040994.wav,NoelleGallagher_UC3bhtu1HRRPbtRngYDtxuQ_yvjS24qHLY,1033118,1040994,7876
NoelleGallagher_UC3bhtu1HRRPbtRngYDtxuQ_yvjS24qHLY_1041178_1043282.wav,NoelleGallagher_UC3bhtu1HRRPbtRngYDtxuQ_yvjS24qHLY,1041178,1043282,2104
NoelleGallagher_UC3bhtu1HRRPbtRngYDtxuQ_yvjS24qHLY_1043642_1051779.wav,NoelleGallagher_UC3bhtu1HRRPbtRngYDtxuQ_yvjS24qHLY,1043642,1051779,8137
NoelleGallagher_UC3bhtu1HRRPbtRngYDtxuQ_yvjS24qHLY_1052180_1053320.wav,NoelleGallagher_UC3bhtu1HRRPbtRngYDtxuQ_yvjS24qHLY,1052180,1053320,1140
NoelleGallagher_UC3bhtu1HRRPbtRngYDtxuQ_yvjS24qHLY_1053440_1060624.wav,NoelleGallagher_UC3bhtu1HRRPbtRngYDtxuQ_yvjS24qHLY,1053440,1060624,7184
NoelleGallagher_UC3bhtu1HRRPbtRngYDtxuQ_yvjS24qHLY_1060744_1068244.wav,NoelleGallagher_UC3bhtu1HRRPbtRngYDtxuQ_yvjS24qHLY,1060744,1068244,7500
NoelleGallagher_UC3bhtu1HRRPbtRngYDtxuQ_yvjS24qHLY_1068404_1070206.wav,NoelleGallagher_UC3bhtu1HRRPbtRngYDtxuQ_yvjS24qHLY,1068404,1070206,1802
NoelleGallagher_UC3bhtu1HRRPbtRngYDtxuQ_yvjS24qHLY_1070366_1076823.wav,NoelleGallagher_UC3bhtu1HRRPbtRngYDtxuQ_yvjS24qHLY,1070366,1076823,6457
NoelleGallagher_UC3bhtu1HRRPbtRngYDtxuQ_yvjS24qHLY_1076951_1087152.wav,NoelleGallagher_UC3bhtu1HRRPbtRngYDtxuQ_yvjS24qHLY,1076951,1087152,10201
NoelleGallagher_UC3bhtu1HRRPbtRngYDtxuQ_yvjS24qHLY_1087288_1093000.wav,NoelleGallagher_UC3bhtu1HRRPbtRngYDtxuQ_yvjS24qHLY,1087288,1093000,5712
NoelleGallagher_UC3bhtu1HRRPbtRngYDtxuQ_yvjS24qHLY_1093128_1106274.wav,NoelleGallagher_UC3bhtu1HRRPbtRngYDtxuQ_yvjS24qHLY,1093128,1106274,13146
NoelleGallagher_UC3bhtu1HRRPbtRngYDtxuQ_yvjS24qHLY_1106562_1108978.wav,NoelleGallagher_UC3bhtu1HRRPbtRngYDtxuQ_yvjS24qHLY,1106562,1108978,2416
NoelleGallagher_UC3bhtu1HRRPbtRngYDtxuQ_yvjS24qHLY_1109290_1109410.wav,NoelleGallagher_UC3bhtu1HRRPbtRngYDtxuQ_yvjS24qHLY,1109290,1109410,120
NoelleGallagher_UC3bhtu1HRRPbtRngYDtxuQ_yvjS24qHLY_1109682_1118194.wav,NoelleGallagher_UC3bhtu1HRRPbtRngYDtxuQ_yvjS24qHLY,1109682,1118194,8512
NoelleGallagher_UC3bhtu1HRRPbtRngYDtxuQ_yvjS24qHLY_1118778_1126390.wav,NoelleGallagher_UC3bhtu1HRRPbtRngYDtxuQ_yvjS24qHLY,1118778,1126390,7612
NoelleGallagher_UC3bhtu1HRRPbtRngYDtxuQ_yvjS24qHLY_1126598_1132776.wav,NoelleGallagher_UC3bhtu1HRRPbtRngYDtxuQ_yvjS24qHLY,1126598,1132776,6178
NoelleGallagher_UC3bhtu1HRRPbtRngYDtxuQ_yvjS24qHLY_1132856_1141842.wav,NoelleGallagher_UC3bhtu1HRRPbtRngYDtxuQ_yvjS24qHLY,1132856,1141842,8986
NoelleGallagher_UC3bhtu1HRRPbtRngYDtxuQ_yvjS24qHLY_1142162_1142338.wav,NoelleGallagher_UC3bhtu1HRRPbtRngYDtxuQ_yvjS24qHLY,1142162,1142338,176
NoelleGallagher_UC3bhtu1HRRPbtRngYDtxuQ_yvjS24qHLY_1142570_1147186.wav,NoelleGallagher_UC3bhtu1HRRPbtRngYDtxuQ_yvjS24qHLY,1142570,1147186,4616
NoelleGallagher_UC3bhtu1HRRPbtRngYDtxuQ_yvjS24qHLY_1147410_1151882.wav,NoelleGallagher_UC3bhtu1HRRPbtRngYDtxuQ_yvjS24qHLY,1147410,1151882,4472
NoelleGallagher_UC3bhtu1HRRPbtRngYDtxuQ_yvjS24qHLY_1152058_1162844.wav,NoelleGallagher_UC3bhtu1HRRPbtRngYDtxuQ_yvjS24qHLY,1152058,1162844,10786
NoelleGallagher_UC3bhtu1HRRPbtRngYDtxuQ_yvjS24qHLY_1163084_1163454.wav,NoelleGallagher_UC3bhtu1HRRPbtRngYDtxuQ_yvjS24qHLY,1163084,1163454,370
