filename,video_id,start_time,end_time,duration
Malysa_UCzu1Ng1RSeJ4IfTtFAF6yDg_JYkdMsuSFA_437_5991.wav,Malysa_UCzu1Ng1RSeJ4IfTtFAF6yDg_JYkdMsuSFA,437,5991,5554
Malysa_UCzu1Ng1RSeJ4IfTtFAF6yDg_JYkdMsuSFA_6143_19791.wav,Malysa_UCzu1Ng1RSeJ4IfTtFAF6yDg_JYkdMsuSFA,6143,19791,13648
Malysa_UCzu1Ng1RSeJ4IfTtFAF6yDg_JYkdMsuSFA_19975_20289.wav,Malysa_UCzu1Ng1RSeJ4IfTtFAF6yDg_JYkdMsuSFA,19975,20289,314
Malysa_UCzu1Ng1RSeJ4IfTtFAF6yDg_JYkdMsuSFA_20441_24739.wav,Malysa_UCzu1Ng1RSeJ4IfTtFAF6yDg_JYkdMsuSFA,20441,24739,4298
Malysa_UCzu1Ng1RSeJ4IfTtFAF6yDg_JYkdMsuSFA_25043_29151.wav,Malysa_UCzu1Ng1RSeJ4IfTtFAF6yDg_JYkdMsuSFA,25043,29151,4108
Malysa_UCzu1Ng1RSeJ4IfTtFAF6yDg_JYkdMsuSFA_29255_31255.wav,Malysa_UCzu1Ng1RSeJ4IfTtFAF6yDg_JYkdMsuSFA,29255,31255,2000
Malysa_UCzu1Ng1RSeJ4IfTtFAF6yDg_JYkdMsuSFA_31359_40555.wav,Malysa_UCzu1Ng1RSeJ4IfTtFAF6yDg_JYkdMsuSFA,31359,40555,9196
Malysa_UCzu1Ng1RSeJ4IfTtFAF6yDg_JYkdMsuSFA_40739_43155.wav,Malysa_UCzu1Ng1RSeJ4IfTtFAF6yDg_JYkdMsuSFA,40739,43155,2416
Malysa_UCzu1Ng1RSeJ4IfTtFAF6yDg_JYkdMsuSFA_43259_57147.wav,Malysa_UCzu1Ng1RSeJ4IfTtFAF6yDg_JYkdMsuSFA,43259,57147,13888
Malysa_UCzu1Ng1RSeJ4IfTtFAF6yDg_JYkdMsuSFA_57235_65819.wav,Malysa_UCzu1Ng1RSeJ4IfTtFAF6yDg_JYkdMsuSFA,57235,65819,8584
Malysa_UCzu1Ng1RSeJ4IfTtFAF6yDg_JYkdMsuSFA_65907_66499.wav,Malysa_UCzu1Ng1RSeJ4IfTtFAF6yDg_JYkdMsuSFA,65907,66499,592
Malysa_UCzu1Ng1RSeJ4IfTtFAF6yDg_JYkdMsuSFA_66595_70923.wav,Malysa_UCzu1Ng1RSeJ4IfTtFAF6yDg_JYkdMsuSFA,66595,70923,4328
Malysa_UCzu1Ng1RSeJ4IfTtFAF6yDg_JYkdMsuSFA_71019_72635.wav,Malysa_UCzu1Ng1RSeJ4IfTtFAF6yDg_JYkdMsuSFA,71019,72635,1616
Malysa_UCzu1Ng1RSeJ4IfTtFAF6yDg_JYkdMsuSFA_72723_74099.wav,Malysa_UCzu1Ng1RSeJ4IfTtFAF6yDg_JYkdMsuSFA,72723,74099,1376
Malysa_UCzu1Ng1RSeJ4IfTtFAF6yDg_JYkdMsuSFA_74331_76819.wav,Malysa_UCzu1Ng1RSeJ4IfTtFAF6yDg_JYkdMsuSFA,74331,76819,2488
Malysa_UCzu1Ng1RSeJ4IfTtFAF6yDg_JYkdMsuSFA_77243_82795.wav,Malysa_UCzu1Ng1RSeJ4IfTtFAF6yDg_JYkdMsuSFA,77243,82795,5552
Malysa_UCzu1Ng1RSeJ4IfTtFAF6yDg_JYkdMsuSFA_83275_84517.wav,Malysa_UCzu1Ng1RSeJ4IfTtFAF6yDg_JYkdMsuSFA,83275,84517,1242
Malysa_UCzu1Ng1RSeJ4IfTtFAF6yDg_JYkdMsuSFA_84645_89549.wav,Malysa_UCzu1Ng1RSeJ4IfTtFAF6yDg_JYkdMsuSFA,84645,89549,4904
Malysa_UCzu1Ng1RSeJ4IfTtFAF6yDg_JYkdMsuSFA_89677_97151.wav,Malysa_UCzu1Ng1RSeJ4IfTtFAF6yDg_JYkdMsuSFA,89677,97151,7474
Malysa_UCzu1Ng1RSeJ4IfTtFAF6yDg_JYkdMsuSFA_97319_100055.wav,Malysa_UCzu1Ng1RSeJ4IfTtFAF6yDg_JYkdMsuSFA,97319,100055,2736
Malysa_UCzu1Ng1RSeJ4IfTtFAF6yDg_JYkdMsuSFA_100135_101887.wav,Malysa_UCzu1Ng1RSeJ4IfTtFAF6yDg_JYkdMsuSFA,100135,101887,1752
Malysa_UCzu1Ng1RSeJ4IfTtFAF6yDg_JYkdMsuSFA_101967_113039.wav,Malysa_UCzu1Ng1RSeJ4IfTtFAF6yDg_JYkdMsuSFA,101967,113039,11072
Malysa_UCzu1Ng1RSeJ4IfTtFAF6yDg_JYkdMsuSFA_113199_119543.wav,Malysa_UCzu1Ng1RSeJ4IfTtFAF6yDg_JYkdMsuSFA,113199,119543,6344
Malysa_UCzu1Ng1RSeJ4IfTtFAF6yDg_JYkdMsuSFA_119703_128064.wav,Malysa_UCzu1Ng1RSeJ4IfTtFAF6yDg_JYkdMsuSFA,119703,128064,8361
Malysa_UCzu1Ng1RSeJ4IfTtFAF6yDg_JYkdMsuSFA_128200_131776.wav,Malysa_UCzu1Ng1RSeJ4IfTtFAF6yDg_JYkdMsuSFA,128200,131776,3576
Malysa_UCzu1Ng1RSeJ4IfTtFAF6yDg_JYkdMsuSFA_131896_136528.wav,Malysa_UCzu1Ng1RSeJ4IfTtFAF6yDg_JYkdMsuSFA,131896,136528,4632
Malysa_UCzu1Ng1RSeJ4IfTtFAF6yDg_JYkdMsuSFA_136640_148672.wav,Malysa_UCzu1Ng1RSeJ4IfTtFAF6yDg_JYkdMsuSFA,136640,148672,12032
Malysa_UCzu1Ng1RSeJ4IfTtFAF6yDg_JYkdMsuSFA_148776_150344.wav,Malysa_UCzu1Ng1RSeJ4IfTtFAF6yDg_JYkdMsuSFA,148776,150344,1568
Malysa_UCzu1Ng1RSeJ4IfTtFAF6yDg_JYkdMsuSFA_150432_152192.wav,Malysa_UCzu1Ng1RSeJ4IfTtFAF6yDg_JYkdMsuSFA,150432,152192,1760
Malysa_UCzu1Ng1RSeJ4IfTtFAF6yDg_JYkdMsuSFA_152336_160345.wav,Malysa_UCzu1Ng1RSeJ4IfTtFAF6yDg_JYkdMsuSFA,152336,160345,8009
Malysa_UCzu1Ng1RSeJ4IfTtFAF6yDg_JYkdMsuSFA_160497_161762.wav,Malysa_UCzu1Ng1RSeJ4IfTtFAF6yDg_JYkdMsuSFA,160497,161762,1265
Malysa_UCzu1Ng1RSeJ4IfTtFAF6yDg_JYkdMsuSFA_161874_164570.wav,Malysa_UCzu1Ng1RSeJ4IfTtFAF6yDg_JYkdMsuSFA,161874,164570,2696
Malysa_UCzu1Ng1RSeJ4IfTtFAF6yDg_JYkdMsuSFA_164674_173658.wav,Malysa_UCzu1Ng1RSeJ4IfTtFAF6yDg_JYkdMsuSFA,164674,173658,8984
Malysa_UCzu1Ng1RSeJ4IfTtFAF6yDg_JYkdMsuSFA_173762_174835.wav,Malysa_UCzu1Ng1RSeJ4IfTtFAF6yDg_JYkdMsuSFA,173762,174835,1073
Malysa_UCzu1Ng1RSeJ4IfTtFAF6yDg_JYkdMsuSFA_174915_177379.wav,Malysa_UCzu1Ng1RSeJ4IfTtFAF6yDg_JYkdMsuSFA,174915,177379,2464
Malysa_UCzu1Ng1RSeJ4IfTtFAF6yDg_JYkdMsuSFA_177475_189803.wav,Malysa_UCzu1Ng1RSeJ4IfTtFAF6yDg_JYkdMsuSFA,177475,189803,12328
Malysa_UCzu1Ng1RSeJ4IfTtFAF6yDg_JYkdMsuSFA_189907_192539.wav,Malysa_UCzu1Ng1RSeJ4IfTtFAF6yDg_JYkdMsuSFA,189907,192539,2632
Malysa_UCzu1Ng1RSeJ4IfTtFAF6yDg_JYkdMsuSFA_192803_204619.wav,Malysa_UCzu1Ng1RSeJ4IfTtFAF6yDg_JYkdMsuSFA,192803,204619,11816
Malysa_UCzu1Ng1RSeJ4IfTtFAF6yDg_JYkdMsuSFA_204763_214043.wav,Malysa_UCzu1Ng1RSeJ4IfTtFAF6yDg_JYkdMsuSFA,204763,214043,9280
Malysa_UCzu1Ng1RSeJ4IfTtFAF6yDg_JYkdMsuSFA_214163_220347.wav,Malysa_UCzu1Ng1RSeJ4IfTtFAF6yDg_JYkdMsuSFA,214163,220347,6184
Malysa_UCzu1Ng1RSeJ4IfTtFAF6yDg_JYkdMsuSFA_220427_225259.wav,Malysa_UCzu1Ng1RSeJ4IfTtFAF6yDg_JYkdMsuSFA,220427,225259,4832
Malysa_UCzu1Ng1RSeJ4IfTtFAF6yDg_JYkdMsuSFA_225355_231315.wav,Malysa_UCzu1Ng1RSeJ4IfTtFAF6yDg_JYkdMsuSFA,225355,231315,5960
Malysa_UCzu1Ng1RSeJ4IfTtFAF6yDg_JYkdMsuSFA_231467_231759.wav,Malysa_UCzu1Ng1RSeJ4IfTtFAF6yDg_JYkdMsuSFA,231467,231759,292
Malysa_UCzu1Ng1RSeJ4IfTtFAF6yDg_JYkdMsuSFA_231871_239697.wav,Malysa_UCzu1Ng1RSeJ4IfTtFAF6yDg_JYkdMsuSFA,231871,239697,7826
Malysa_UCzu1Ng1RSeJ4IfTtFAF6yDg_JYkdMsuSFA_239785_244321.wav,Malysa_UCzu1Ng1RSeJ4IfTtFAF6yDg_JYkdMsuSFA,239785,244321,4536
Malysa_UCzu1Ng1RSeJ4IfTtFAF6yDg_JYkdMsuSFA_244417_250985.wav,Malysa_UCzu1Ng1RSeJ4IfTtFAF6yDg_JYkdMsuSFA,244417,250985,6568
Malysa_UCzu1Ng1RSeJ4IfTtFAF6yDg_JYkdMsuSFA_251065_252899.wav,Malysa_UCzu1Ng1RSeJ4IfTtFAF6yDg_JYkdMsuSFA,251065,252899,1834
Malysa_UCzu1Ng1RSeJ4IfTtFAF6yDg_JYkdMsuSFA_253091_254427.wav,Malysa_UCzu1Ng1RSeJ4IfTtFAF6yDg_JYkdMsuSFA,253091,254427,1336
Malysa_UCzu1Ng1RSeJ4IfTtFAF6yDg_JYkdMsuSFA_254731_257687.wav,Malysa_UCzu1Ng1RSeJ4IfTtFAF6yDg_JYkdMsuSFA,254731,257687,2956
Malysa_UCzu1Ng1RSeJ4IfTtFAF6yDg_JYkdMsuSFA_257815_267311.wav,Malysa_UCzu1Ng1RSeJ4IfTtFAF6yDg_JYkdMsuSFA,257815,267311,9496
Malysa_UCzu1Ng1RSeJ4IfTtFAF6yDg_JYkdMsuSFA_267447_282391.wav,Malysa_UCzu1Ng1RSeJ4IfTtFAF6yDg_JYkdMsuSFA,267447,282391,14944
Malysa_UCzu1Ng1RSeJ4IfTtFAF6yDg_JYkdMsuSFA_282527_287479.wav,Malysa_UCzu1Ng1RSeJ4IfTtFAF6yDg_JYkdMsuSFA,282527,287479,4952
Malysa_UCzu1Ng1RSeJ4IfTtFAF6yDg_JYkdMsuSFA_287623_288883.wav,Malysa_UCzu1Ng1RSeJ4IfTtFAF6yDg_JYkdMsuSFA,287623,288883,1260
Malysa_UCzu1Ng1RSeJ4IfTtFAF6yDg_JYkdMsuSFA_289387_297381.wav,Malysa_UCzu1Ng1RSeJ4IfTtFAF6yDg_JYkdMsuSFA,289387,297381,7994
Malysa_UCzu1Ng1RSeJ4IfTtFAF6yDg_JYkdMsuSFA_297517_307111.wav,Malysa_UCzu1Ng1RSeJ4IfTtFAF6yDg_JYkdMsuSFA,297517,307111,9594
Malysa_UCzu1Ng1RSeJ4IfTtFAF6yDg_JYkdMsuSFA_307287_309451.wav,Malysa_UCzu1Ng1RSeJ4IfTtFAF6yDg_JYkdMsuSFA,307287,309451,2164
Malysa_UCzu1Ng1RSeJ4IfTtFAF6yDg_JYkdMsuSFA_309891_313491.wav,Malysa_UCzu1Ng1RSeJ4IfTtFAF6yDg_JYkdMsuSFA,309891,313491,3600
Malysa_UCzu1Ng1RSeJ4IfTtFAF6yDg_JYkdMsuSFA_313651_327691.wav,Malysa_UCzu1Ng1RSeJ4IfTtFAF6yDg_JYkdMsuSFA,313651,327691,14040
Malysa_UCzu1Ng1RSeJ4IfTtFAF6yDg_JYkdMsuSFA_327819_332567.wav,Malysa_UCzu1Ng1RSeJ4IfTtFAF6yDg_JYkdMsuSFA,327819,332567,4748
Malysa_UCzu1Ng1RSeJ4IfTtFAF6yDg_JYkdMsuSFA_332655_337367.wav,Malysa_UCzu1Ng1RSeJ4IfTtFAF6yDg_JYkdMsuSFA,332655,337367,4712
Malysa_UCzu1Ng1RSeJ4IfTtFAF6yDg_JYkdMsuSFA_337447_338527.wav,Malysa_UCzu1Ng1RSeJ4IfTtFAF6yDg_JYkdMsuSFA,337447,338527,1080
Malysa_UCzu1Ng1RSeJ4IfTtFAF6yDg_JYkdMsuSFA_338607_340311.wav,Malysa_UCzu1Ng1RSeJ4IfTtFAF6yDg_JYkdMsuSFA,338607,340311,1704
Malysa_UCzu1Ng1RSeJ4IfTtFAF6yDg_JYkdMsuSFA_340391_347611.wav,Malysa_UCzu1Ng1RSeJ4IfTtFAF6yDg_JYkdMsuSFA,340391,347611,7220
Malysa_UCzu1Ng1RSeJ4IfTtFAF6yDg_JYkdMsuSFA_347755_354699.wav,Malysa_UCzu1Ng1RSeJ4IfTtFAF6yDg_JYkdMsuSFA,347755,354699,6944
Malysa_UCzu1Ng1RSeJ4IfTtFAF6yDg_JYkdMsuSFA_354883_358547.wav,Malysa_UCzu1Ng1RSeJ4IfTtFAF6yDg_JYkdMsuSFA,354883,358547,3664
Malysa_UCzu1Ng1RSeJ4IfTtFAF6yDg_JYkdMsuSFA_358979_365391.wav,Malysa_UCzu1Ng1RSeJ4IfTtFAF6yDg_JYkdMsuSFA,358979,365391,6412
Malysa_UCzu1Ng1RSeJ4IfTtFAF6yDg_JYkdMsuSFA_365607_367929.wav,Malysa_UCzu1Ng1RSeJ4IfTtFAF6yDg_JYkdMsuSFA,365607,367929,2322
Malysa_UCzu1Ng1RSeJ4IfTtFAF6yDg_JYkdMsuSFA_368153_372378.wav,Malysa_UCzu1Ng1RSeJ4IfTtFAF6yDg_JYkdMsuSFA,368153,372378,4225
Malysa_UCzu1Ng1RSeJ4IfTtFAF6yDg_JYkdMsuSFA_372514_383251.wav,Malysa_UCzu1Ng1RSeJ4IfTtFAF6yDg_JYkdMsuSFA,372514,383251,10737
Malysa_UCzu1Ng1RSeJ4IfTtFAF6yDg_JYkdMsuSFA_383547_398079.wav,Malysa_UCzu1Ng1RSeJ4IfTtFAF6yDg_JYkdMsuSFA,383547,398079,14532
Malysa_UCzu1Ng1RSeJ4IfTtFAF6yDg_JYkdMsuSFA_398207_405267.wav,Malysa_UCzu1Ng1RSeJ4IfTtFAF6yDg_JYkdMsuSFA,398207,405267,7060
Malysa_UCzu1Ng1RSeJ4IfTtFAF6yDg_JYkdMsuSFA_405371_406469.wav,Malysa_UCzu1Ng1RSeJ4IfTtFAF6yDg_JYkdMsuSFA,405371,406469,1098
Malysa_UCzu1Ng1RSeJ4IfTtFAF6yDg_JYkdMsuSFA_406549_414957.wav,Malysa_UCzu1Ng1RSeJ4IfTtFAF6yDg_JYkdMsuSFA,406549,414957,8408
Malysa_UCzu1Ng1RSeJ4IfTtFAF6yDg_JYkdMsuSFA_415037_420751.wav,Malysa_UCzu1Ng1RSeJ4IfTtFAF6yDg_JYkdMsuSFA,415037,420751,5714
Malysa_UCzu1Ng1RSeJ4IfTtFAF6yDg_JYkdMsuSFA_420895_435761.wav,Malysa_UCzu1Ng1RSeJ4IfTtFAF6yDg_JYkdMsuSFA,420895,435761,14866
Malysa_UCzu1Ng1RSeJ4IfTtFAF6yDg_JYkdMsuSFA_435881_440419.wav,Malysa_UCzu1Ng1RSeJ4IfTtFAF6yDg_JYkdMsuSFA,435881,440419,4538
Malysa_UCzu1Ng1RSeJ4IfTtFAF6yDg_JYkdMsuSFA_440635_444035.wav,Malysa_UCzu1Ng1RSeJ4IfTtFAF6yDg_JYkdMsuSFA,440635,444035,3400
Malysa_UCzu1Ng1RSeJ4IfTtFAF6yDg_JYkdMsuSFA_444227_448139.wav,Malysa_UCzu1Ng1RSeJ4IfTtFAF6yDg_JYkdMsuSFA,444227,448139,3912
Malysa_UCzu1Ng1RSeJ4IfTtFAF6yDg_JYkdMsuSFA_448267_454595.wav,Malysa_UCzu1Ng1RSeJ4IfTtFAF6yDg_JYkdMsuSFA,448267,454595,6328
Malysa_UCzu1Ng1RSeJ4IfTtFAF6yDg_JYkdMsuSFA_454763_456717.wav,Malysa_UCzu1Ng1RSeJ4IfTtFAF6yDg_JYkdMsuSFA,454763,456717,1954
Malysa_UCzu1Ng1RSeJ4IfTtFAF6yDg_JYkdMsuSFA_456853_458557.wav,Malysa_UCzu1Ng1RSeJ4IfTtFAF6yDg_JYkdMsuSFA,456853,458557,1704
Malysa_UCzu1Ng1RSeJ4IfTtFAF6yDg_JYkdMsuSFA_458685_468469.wav,Malysa_UCzu1Ng1RSeJ4IfTtFAF6yDg_JYkdMsuSFA,458685,468469,9784
Malysa_UCzu1Ng1RSeJ4IfTtFAF6yDg_JYkdMsuSFA_468589_480333.wav,Malysa_UCzu1Ng1RSeJ4IfTtFAF6yDg_JYkdMsuSFA,468589,480333,11744
Malysa_UCzu1Ng1RSeJ4IfTtFAF6yDg_JYkdMsuSFA_480469_482741.wav,Malysa_UCzu1Ng1RSeJ4IfTtFAF6yDg_JYkdMsuSFA,480469,482741,2272
Malysa_UCzu1Ng1RSeJ4IfTtFAF6yDg_JYkdMsuSFA_482869_485463.wav,Malysa_UCzu1Ng1RSeJ4IfTtFAF6yDg_JYkdMsuSFA,482869,485463,2594
Malysa_UCzu1Ng1RSeJ4IfTtFAF6yDg_JYkdMsuSFA_485615_497265.wav,Malysa_UCzu1Ng1RSeJ4IfTtFAF6yDg_JYkdMsuSFA,485615,497265,11650
Malysa_UCzu1Ng1RSeJ4IfTtFAF6yDg_JYkdMsuSFA_497385_500137.wav,Malysa_UCzu1Ng1RSeJ4IfTtFAF6yDg_JYkdMsuSFA,497385,500137,2752
Malysa_UCzu1Ng1RSeJ4IfTtFAF6yDg_JYkdMsuSFA_500257_503987.wav,Malysa_UCzu1Ng1RSeJ4IfTtFAF6yDg_JYkdMsuSFA,500257,503987,3730
Malysa_UCzu1Ng1RSeJ4IfTtFAF6yDg_JYkdMsuSFA_504171_506907.wav,Malysa_UCzu1Ng1RSeJ4IfTtFAF6yDg_JYkdMsuSFA,504171,506907,2736
Malysa_UCzu1Ng1RSeJ4IfTtFAF6yDg_JYkdMsuSFA_507075_508619.wav,Malysa_UCzu1Ng1RSeJ4IfTtFAF6yDg_JYkdMsuSFA,507075,508619,1544
Malysa_UCzu1Ng1RSeJ4IfTtFAF6yDg_JYkdMsuSFA_508739_521131.wav,Malysa_UCzu1Ng1RSeJ4IfTtFAF6yDg_JYkdMsuSFA,508739,521131,12392
Malysa_UCzu1Ng1RSeJ4IfTtFAF6yDg_JYkdMsuSFA_521243_524563.wav,Malysa_UCzu1Ng1RSeJ4IfTtFAF6yDg_JYkdMsuSFA,521243,524563,3320
Malysa_UCzu1Ng1RSeJ4IfTtFAF6yDg_JYkdMsuSFA_524699_538051.wav,Malysa_UCzu1Ng1RSeJ4IfTtFAF6yDg_JYkdMsuSFA,524699,538051,13352
Malysa_UCzu1Ng1RSeJ4IfTtFAF6yDg_JYkdMsuSFA_538195_542155.wav,Malysa_UCzu1Ng1RSeJ4IfTtFAF6yDg_JYkdMsuSFA,538195,542155,3960
Malysa_UCzu1Ng1RSeJ4IfTtFAF6yDg_JYkdMsuSFA_542547_550875.wav,Malysa_UCzu1Ng1RSeJ4IfTtFAF6yDg_JYkdMsuSFA,542547,550875,8328
Malysa_UCzu1Ng1RSeJ4IfTtFAF6yDg_JYkdMsuSFA_551155_553477.wav,Malysa_UCzu1Ng1RSeJ4IfTtFAF6yDg_JYkdMsuSFA,551155,553477,2322
Malysa_UCzu1Ng1RSeJ4IfTtFAF6yDg_JYkdMsuSFA_553653_559270.wav,Malysa_UCzu1Ng1RSeJ4IfTtFAF6yDg_JYkdMsuSFA,553653,559270,5617
Malysa_UCzu1Ng1RSeJ4IfTtFAF6yDg_JYkdMsuSFA_559382_562462.wav,Malysa_UCzu1Ng1RSeJ4IfTtFAF6yDg_JYkdMsuSFA,559382,562462,3080
Malysa_UCzu1Ng1RSeJ4IfTtFAF6yDg_JYkdMsuSFA_562574_566610.wav,Malysa_UCzu1Ng1RSeJ4IfTtFAF6yDg_JYkdMsuSFA,562574,566610,4036
Malysa_UCzu1Ng1RSeJ4IfTtFAF6yDg_JYkdMsuSFA_566698_570938.wav,Malysa_UCzu1Ng1RSeJ4IfTtFAF6yDg_JYkdMsuSFA,566698,570938,4240
Malysa_UCzu1Ng1RSeJ4IfTtFAF6yDg_JYkdMsuSFA_571034_572794.wav,Malysa_UCzu1Ng1RSeJ4IfTtFAF6yDg_JYkdMsuSFA,571034,572794,1760
Malysa_UCzu1Ng1RSeJ4IfTtFAF6yDg_JYkdMsuSFA_572882_573418.wav,Malysa_UCzu1Ng1RSeJ4IfTtFAF6yDg_JYkdMsuSFA,572882,573418,536
Malysa_UCzu1Ng1RSeJ4IfTtFAF6yDg_JYkdMsuSFA_573506_577998.wav,Malysa_UCzu1Ng1RSeJ4IfTtFAF6yDg_JYkdMsuSFA,573506,577998,4492
Malysa_UCzu1Ng1RSeJ4IfTtFAF6yDg_JYkdMsuSFA_578118_579046.wav,Malysa_UCzu1Ng1RSeJ4IfTtFAF6yDg_JYkdMsuSFA,578118,579046,928
Malysa_UCzu1Ng1RSeJ4IfTtFAF6yDg_JYkdMsuSFA_579158_585150.wav,Malysa_UCzu1Ng1RSeJ4IfTtFAF6yDg_JYkdMsuSFA,579158,585150,5992
Malysa_UCzu1Ng1RSeJ4IfTtFAF6yDg_JYkdMsuSFA_585270_594334.wav,Malysa_UCzu1Ng1RSeJ4IfTtFAF6yDg_JYkdMsuSFA,585270,594334,9064
Malysa_UCzu1Ng1RSeJ4IfTtFAF6yDg_JYkdMsuSFA_594462_596079.wav,Malysa_UCzu1Ng1RSeJ4IfTtFAF6yDg_JYkdMsuSFA,594462,596079,1617
Malysa_UCzu1Ng1RSeJ4IfTtFAF6yDg_JYkdMsuSFA_596183_610707.wav,Malysa_UCzu1Ng1RSeJ4IfTtFAF6yDg_JYkdMsuSFA,596183,610707,14524
Malysa_UCzu1Ng1RSeJ4IfTtFAF6yDg_JYkdMsuSFA_610835_611295.wav,Malysa_UCzu1Ng1RSeJ4IfTtFAF6yDg_JYkdMsuSFA,610835,611295,460
Malysa_UCzu1Ng1RSeJ4IfTtFAF6yDg_JYkdMsuSFA_611415_613655.wav,Malysa_UCzu1Ng1RSeJ4IfTtFAF6yDg_JYkdMsuSFA,611415,613655,2240
Malysa_UCzu1Ng1RSeJ4IfTtFAF6yDg_JYkdMsuSFA_613831_615816.wav,Malysa_UCzu1Ng1RSeJ4IfTtFAF6yDg_JYkdMsuSFA,613831,615816,1985
Malysa_UCzu1Ng1RSeJ4IfTtFAF6yDg_JYkdMsuSFA_615920_622504.wav,Malysa_UCzu1Ng1RSeJ4IfTtFAF6yDg_JYkdMsuSFA,615920,622504,6584
Malysa_UCzu1Ng1RSeJ4IfTtFAF6yDg_JYkdMsuSFA_622608_631425.wav,Malysa_UCzu1Ng1RSeJ4IfTtFAF6yDg_JYkdMsuSFA,622608,631425,8817
Malysa_UCzu1Ng1RSeJ4IfTtFAF6yDg_JYkdMsuSFA_631529_633659.wav,Malysa_UCzu1Ng1RSeJ4IfTtFAF6yDg_JYkdMsuSFA,631529,633659,2130
Malysa_UCzu1Ng1RSeJ4IfTtFAF6yDg_JYkdMsuSFA_633979_637767.wav,Malysa_UCzu1Ng1RSeJ4IfTtFAF6yDg_JYkdMsuSFA,633979,637767,3788
Malysa_UCzu1Ng1RSeJ4IfTtFAF6yDg_JYkdMsuSFA_637951_642335.wav,Malysa_UCzu1Ng1RSeJ4IfTtFAF6yDg_JYkdMsuSFA,637951,642335,4384
Malysa_UCzu1Ng1RSeJ4IfTtFAF6yDg_JYkdMsuSFA_642511_652519.wav,Malysa_UCzu1Ng1RSeJ4IfTtFAF6yDg_JYkdMsuSFA,642511,652519,10008
Malysa_UCzu1Ng1RSeJ4IfTtFAF6yDg_JYkdMsuSFA_652711_658967.wav,Malysa_UCzu1Ng1RSeJ4IfTtFAF6yDg_JYkdMsuSFA,652711,658967,6256
Malysa_UCzu1Ng1RSeJ4IfTtFAF6yDg_JYkdMsuSFA_659151_660463.wav,Malysa_UCzu1Ng1RSeJ4IfTtFAF6yDg_JYkdMsuSFA,659151,660463,1312
Malysa_UCzu1Ng1RSeJ4IfTtFAF6yDg_JYkdMsuSFA_660615_666163.wav,Malysa_UCzu1Ng1RSeJ4IfTtFAF6yDg_JYkdMsuSFA,660615,666163,5548
Malysa_UCzu1Ng1RSeJ4IfTtFAF6yDg_JYkdMsuSFA_666451_672667.wav,Malysa_UCzu1Ng1RSeJ4IfTtFAF6yDg_JYkdMsuSFA,666451,672667,6216
Malysa_UCzu1Ng1RSeJ4IfTtFAF6yDg_JYkdMsuSFA_672795_677251.wav,Malysa_UCzu1Ng1RSeJ4IfTtFAF6yDg_JYkdMsuSFA,672795,677251,4456
Malysa_UCzu1Ng1RSeJ4IfTtFAF6yDg_JYkdMsuSFA_677403_687091.wav,Malysa_UCzu1Ng1RSeJ4IfTtFAF6yDg_JYkdMsuSFA,677403,687091,9688
Malysa_UCzu1Ng1RSeJ4IfTtFAF6yDg_JYkdMsuSFA_687411_692147.wav,Malysa_UCzu1Ng1RSeJ4IfTtFAF6yDg_JYkdMsuSFA,687411,692147,4736
Malysa_UCzu1Ng1RSeJ4IfTtFAF6yDg_JYkdMsuSFA_692307_698463.wav,Malysa_UCzu1Ng1RSeJ4IfTtFAF6yDg_JYkdMsuSFA,692307,698463,6156
Malysa_UCzu1Ng1RSeJ4IfTtFAF6yDg_JYkdMsuSFA_698583_710659.wav,Malysa_UCzu1Ng1RSeJ4IfTtFAF6yDg_JYkdMsuSFA,698583,710659,12076
Malysa_UCzu1Ng1RSeJ4IfTtFAF6yDg_JYkdMsuSFA_710819_711683.wav,Malysa_UCzu1Ng1RSeJ4IfTtFAF6yDg_JYkdMsuSFA,710819,711683,864
Malysa_UCzu1Ng1RSeJ4IfTtFAF6yDg_JYkdMsuSFA_711827_718307.wav,Malysa_UCzu1Ng1RSeJ4IfTtFAF6yDg_JYkdMsuSFA,711827,718307,6480
Malysa_UCzu1Ng1RSeJ4IfTtFAF6yDg_JYkdMsuSFA_718411_722155.wav,Malysa_UCzu1Ng1RSeJ4IfTtFAF6yDg_JYkdMsuSFA,718411,722155,3744
Malysa_UCzu1Ng1RSeJ4IfTtFAF6yDg_JYkdMsuSFA_722267_733691.wav,Malysa_UCzu1Ng1RSeJ4IfTtFAF6yDg_JYkdMsuSFA,722267,733691,11424
Malysa_UCzu1Ng1RSeJ4IfTtFAF6yDg_JYkdMsuSFA_733795_738267.wav,Malysa_UCzu1Ng1RSeJ4IfTtFAF6yDg_JYkdMsuSFA,733795,738267,4472
Malysa_UCzu1Ng1RSeJ4IfTtFAF6yDg_JYkdMsuSFA_738539_740959.wav,Malysa_UCzu1Ng1RSeJ4IfTtFAF6yDg_JYkdMsuSFA,738539,740959,2420
Malysa_UCzu1Ng1RSeJ4IfTtFAF6yDg_JYkdMsuSFA_741119_752711.wav,Malysa_UCzu1Ng1RSeJ4IfTtFAF6yDg_JYkdMsuSFA,741119,752711,11592
Malysa_UCzu1Ng1RSeJ4IfTtFAF6yDg_JYkdMsuSFA_752887_759319.wav,Malysa_UCzu1Ng1RSeJ4IfTtFAF6yDg_JYkdMsuSFA,752887,759319,6432
Malysa_UCzu1Ng1RSeJ4IfTtFAF6yDg_JYkdMsuSFA_759511_766183.wav,Malysa_UCzu1Ng1RSeJ4IfTtFAF6yDg_JYkdMsuSFA,759511,766183,6672
Malysa_UCzu1Ng1RSeJ4IfTtFAF6yDg_JYkdMsuSFA_766335_779371.wav,Malysa_UCzu1Ng1RSeJ4IfTtFAF6yDg_JYkdMsuSFA,766335,779371,13036
Malysa_UCzu1Ng1RSeJ4IfTtFAF6yDg_JYkdMsuSFA_779523_786367.wav,Malysa_UCzu1Ng1RSeJ4IfTtFAF6yDg_JYkdMsuSFA,779523,786367,6844
Malysa_UCzu1Ng1RSeJ4IfTtFAF6yDg_JYkdMsuSFA_786543_790911.wav,Malysa_UCzu1Ng1RSeJ4IfTtFAF6yDg_JYkdMsuSFA,786543,790911,4368
Malysa_UCzu1Ng1RSeJ4IfTtFAF6yDg_JYkdMsuSFA_791103_802335.wav,Malysa_UCzu1Ng1RSeJ4IfTtFAF6yDg_JYkdMsuSFA,791103,802335,11232
Malysa_UCzu1Ng1RSeJ4IfTtFAF6yDg_JYkdMsuSFA_802455_813735.wav,Malysa_UCzu1Ng1RSeJ4IfTtFAF6yDg_JYkdMsuSFA,802455,813735,11280
Malysa_UCzu1Ng1RSeJ4IfTtFAF6yDg_JYkdMsuSFA_813839_814423.wav,Malysa_UCzu1Ng1RSeJ4IfTtFAF6yDg_JYkdMsuSFA,813839,814423,584
Malysa_UCzu1Ng1RSeJ4IfTtFAF6yDg_JYkdMsuSFA_814575_825553.wav,Malysa_UCzu1Ng1RSeJ4IfTtFAF6yDg_JYkdMsuSFA,814575,825553,10978
Malysa_UCzu1Ng1RSeJ4IfTtFAF6yDg_JYkdMsuSFA_825673_830177.wav,Malysa_UCzu1Ng1RSeJ4IfTtFAF6yDg_JYkdMsuSFA,825673,830177,4504
Malysa_UCzu1Ng1RSeJ4IfTtFAF6yDg_JYkdMsuSFA_830281_834683.wav,Malysa_UCzu1Ng1RSeJ4IfTtFAF6yDg_JYkdMsuSFA,830281,834683,4402
Malysa_UCzu1Ng1RSeJ4IfTtFAF6yDg_JYkdMsuSFA_835211_835740.wav,Malysa_UCzu1Ng1RSeJ4IfTtFAF6yDg_JYkdMsuSFA,835211,835740,529
Malysa_UCzu1Ng1RSeJ4IfTtFAF6yDg_JYkdMsuSFA_835988_845669.wav,Malysa_UCzu1Ng1RSeJ4IfTtFAF6yDg_JYkdMsuSFA,835988,845669,9681
