filename,video_id,start_time,end_time,duration
ThatsSoChey_UCveTgb3LAhwrlKv3axH5drw_V23cjJ1YU_0_1067.wav,ThatsSoChey_UCveTgb3LAhwrlKv3axH5drw_V23cjJ1YU,0,1067,1067
ThatsSoChey_UCveTgb3LAhwrlKv3axH5drw_V23cjJ1YU_1427_1667.wav,ThatsSoChey_UCveTgb3LAhwrlKv3axH5drw_V23cjJ1YU,1427,1667,240
ThatsSoChey_UCveTgb3LAhwrlKv3axH5drw_V23cjJ1YU_2059_4675.wav,ThatsSoChey_UCveTgb3LAhwrlKv3axH5drw_V23cjJ1YU,2059,4675,2616
ThatsSoChey_UCveTgb3LAhwrlKv3axH5drw_V23cjJ1YU_4907_7475.wav,ThatsSoChey_UCveTgb3LAhwrlKv3axH5drw_V23cjJ1YU,4907,7475,2568
ThatsSoChey_UCveTgb3LAhwrlKv3axH5drw_V23cjJ1YU_7699_10283.wav,ThatsSoChey_UCveTgb3LAhwrlKv3axH5drw_V23cjJ1YU,7699,10283,2584
ThatsSoChey_UCveTgb3LAhwrlKv3axH5drw_V23cjJ1YU_10491_16571.wav,ThatsSoChey_UCveTgb3LAhwrlKv3axH5drw_V23cjJ1YU,10491,16571,6080
ThatsSoChey_UCveTgb3LAhwrlKv3axH5drw_V23cjJ1YU_17291_25533.wav,ThatsSoChey_UCveTgb3LAhwrlKv3axH5drw_V23cjJ1YU,17291,25533,8242
ThatsSoChey_UCveTgb3LAhwrlKv3axH5drw_V23cjJ1YU_25661_29831.wav,ThatsSoChey_UCveTgb3LAhwrlKv3axH5drw_V23cjJ1YU,25661,29831,4170
ThatsSoChey_UCveTgb3LAhwrlKv3axH5drw_V23cjJ1YU_30283_30515.wav,ThatsSoChey_UCveTgb3LAhwrlKv3axH5drw_V23cjJ1YU,30283,30515,232
ThatsSoChey_UCveTgb3LAhwrlKv3axH5drw_V23cjJ1YU_31619_31963.wav,ThatsSoChey_UCveTgb3LAhwrlKv3axH5drw_V23cjJ1YU,31619,31963,344
ThatsSoChey_UCveTgb3LAhwrlKv3axH5drw_V23cjJ1YU_32771_37663.wav,ThatsSoChey_UCveTgb3LAhwrlKv3axH5drw_V23cjJ1YU,32771,37663,4892
ThatsSoChey_UCveTgb3LAhwrlKv3axH5drw_V23cjJ1YU_38103_44403.wav,ThatsSoChey_UCveTgb3LAhwrlKv3axH5drw_V23cjJ1YU,38103,44403,6300
ThatsSoChey_UCveTgb3LAhwrlKv3axH5drw_V23cjJ1YU_45099_45243.wav,ThatsSoChey_UCveTgb3LAhwrlKv3axH5drw_V23cjJ1YU,45099,45243,144
ThatsSoChey_UCveTgb3LAhwrlKv3axH5drw_V23cjJ1YU_45427_53963.wav,ThatsSoChey_UCveTgb3LAhwrlKv3axH5drw_V23cjJ1YU,45427,53963,8536
ThatsSoChey_UCveTgb3LAhwrlKv3axH5drw_V23cjJ1YU_54099_54763.wav,ThatsSoChey_UCveTgb3LAhwrlKv3axH5drw_V23cjJ1YU,54099,54763,664
ThatsSoChey_UCveTgb3LAhwrlKv3axH5drw_V23cjJ1YU_54907_58603.wav,ThatsSoChey_UCveTgb3LAhwrlKv3axH5drw_V23cjJ1YU,54907,58603,3696
ThatsSoChey_UCveTgb3LAhwrlKv3axH5drw_V23cjJ1YU_58763_59347.wav,ThatsSoChey_UCveTgb3LAhwrlKv3axH5drw_V23cjJ1YU,58763,59347,584
ThatsSoChey_UCveTgb3LAhwrlKv3axH5drw_V23cjJ1YU_59515_61723.wav,ThatsSoChey_UCveTgb3LAhwrlKv3axH5drw_V23cjJ1YU,59515,61723,2208
ThatsSoChey_UCveTgb3LAhwrlKv3axH5drw_V23cjJ1YU_61907_71227.wav,ThatsSoChey_UCveTgb3LAhwrlKv3axH5drw_V23cjJ1YU,61907,71227,9320
ThatsSoChey_UCveTgb3LAhwrlKv3axH5drw_V23cjJ1YU_71387_75587.wav,ThatsSoChey_UCveTgb3LAhwrlKv3axH5drw_V23cjJ1YU,71387,75587,4200
ThatsSoChey_UCveTgb3LAhwrlKv3axH5drw_V23cjJ1YU_75843_78283.wav,ThatsSoChey_UCveTgb3LAhwrlKv3axH5drw_V23cjJ1YU,75843,78283,2440
ThatsSoChey_UCveTgb3LAhwrlKv3axH5drw_V23cjJ1YU_79083_81995.wav,ThatsSoChey_UCveTgb3LAhwrlKv3axH5drw_V23cjJ1YU,79083,81995,2912
ThatsSoChey_UCveTgb3LAhwrlKv3axH5drw_V23cjJ1YU_82987_89595.wav,ThatsSoChey_UCveTgb3LAhwrlKv3axH5drw_V23cjJ1YU,82987,89595,6608
ThatsSoChey_UCveTgb3LAhwrlKv3axH5drw_V23cjJ1YU_90131_94379.wav,ThatsSoChey_UCveTgb3LAhwrlKv3axH5drw_V23cjJ1YU,90131,94379,4248
ThatsSoChey_UCveTgb3LAhwrlKv3axH5drw_V23cjJ1YU_94763_99619.wav,ThatsSoChey_UCveTgb3LAhwrlKv3axH5drw_V23cjJ1YU,94763,99619,4856
ThatsSoChey_UCveTgb3LAhwrlKv3axH5drw_V23cjJ1YU_99787_105947.wav,ThatsSoChey_UCveTgb3LAhwrlKv3axH5drw_V23cjJ1YU,99787,105947,6160
ThatsSoChey_UCveTgb3LAhwrlKv3axH5drw_V23cjJ1YU_106139_107155.wav,ThatsSoChey_UCveTgb3LAhwrlKv3axH5drw_V23cjJ1YU,106139,107155,1016
ThatsSoChey_UCveTgb3LAhwrlKv3axH5drw_V23cjJ1YU_108587_110691.wav,ThatsSoChey_UCveTgb3LAhwrlKv3axH5drw_V23cjJ1YU,108587,110691,2104
ThatsSoChey_UCveTgb3LAhwrlKv3axH5drw_V23cjJ1YU_111235_118269.wav,ThatsSoChey_UCveTgb3LAhwrlKv3axH5drw_V23cjJ1YU,111235,118269,7034
ThatsSoChey_UCveTgb3LAhwrlKv3axH5drw_V23cjJ1YU_118517_119855.wav,ThatsSoChey_UCveTgb3LAhwrlKv3axH5drw_V23cjJ1YU,118517,119855,1338
ThatsSoChey_UCveTgb3LAhwrlKv3axH5drw_V23cjJ1YU_120023_121323.wav,ThatsSoChey_UCveTgb3LAhwrlKv3axH5drw_V23cjJ1YU,120023,121323,1300
ThatsSoChey_UCveTgb3LAhwrlKv3axH5drw_V23cjJ1YU_121835_123759.wav,ThatsSoChey_UCveTgb3LAhwrlKv3axH5drw_V23cjJ1YU,121835,123759,1924
ThatsSoChey_UCveTgb3LAhwrlKv3axH5drw_V23cjJ1YU_123919_124073.wav,ThatsSoChey_UCveTgb3LAhwrlKv3axH5drw_V23cjJ1YU,123919,124073,154
ThatsSoChey_UCveTgb3LAhwrlKv3axH5drw_V23cjJ1YU_124073_126297.wav,ThatsSoChey_UCveTgb3LAhwrlKv3axH5drw_V23cjJ1YU,124073,126297,2224
ThatsSoChey_UCveTgb3LAhwrlKv3axH5drw_V23cjJ1YU_126481_133043.wav,ThatsSoChey_UCveTgb3LAhwrlKv3axH5drw_V23cjJ1YU,126481,133043,6562
ThatsSoChey_UCveTgb3LAhwrlKv3axH5drw_V23cjJ1YU_133371_140099.wav,ThatsSoChey_UCveTgb3LAhwrlKv3axH5drw_V23cjJ1YU,133371,140099,6728
ThatsSoChey_UCveTgb3LAhwrlKv3axH5drw_V23cjJ1YU_140227_142579.wav,ThatsSoChey_UCveTgb3LAhwrlKv3axH5drw_V23cjJ1YU,140227,142579,2352
ThatsSoChey_UCveTgb3LAhwrlKv3axH5drw_V23cjJ1YU_142715_143467.wav,ThatsSoChey_UCveTgb3LAhwrlKv3axH5drw_V23cjJ1YU,142715,143467,752
ThatsSoChey_UCveTgb3LAhwrlKv3axH5drw_V23cjJ1YU_143891_144043.wav,ThatsSoChey_UCveTgb3LAhwrlKv3axH5drw_V23cjJ1YU,143891,144043,152
ThatsSoChey_UCveTgb3LAhwrlKv3axH5drw_V23cjJ1YU_144315_151485.wav,ThatsSoChey_UCveTgb3LAhwrlKv3axH5drw_V23cjJ1YU,144315,151485,7170
ThatsSoChey_UCveTgb3LAhwrlKv3axH5drw_V23cjJ1YU_151877_159143.wav,ThatsSoChey_UCveTgb3LAhwrlKv3axH5drw_V23cjJ1YU,151877,159143,7266
ThatsSoChey_UCveTgb3LAhwrlKv3axH5drw_V23cjJ1YU_159383_159499.wav,ThatsSoChey_UCveTgb3LAhwrlKv3axH5drw_V23cjJ1YU,159383,159499,116
ThatsSoChey_UCveTgb3LAhwrlKv3axH5drw_V23cjJ1YU_160147_166467.wav,ThatsSoChey_UCveTgb3LAhwrlKv3axH5drw_V23cjJ1YU,160147,166467,6320
ThatsSoChey_UCveTgb3LAhwrlKv3axH5drw_V23cjJ1YU_166859_173379.wav,ThatsSoChey_UCveTgb3LAhwrlKv3axH5drw_V23cjJ1YU,166859,173379,6520
ThatsSoChey_UCveTgb3LAhwrlKv3axH5drw_V23cjJ1YU_173923_174691.wav,ThatsSoChey_UCveTgb3LAhwrlKv3axH5drw_V23cjJ1YU,173923,174691,768
ThatsSoChey_UCveTgb3LAhwrlKv3axH5drw_V23cjJ1YU_175011_179075.wav,ThatsSoChey_UCveTgb3LAhwrlKv3axH5drw_V23cjJ1YU,175011,179075,4064
ThatsSoChey_UCveTgb3LAhwrlKv3axH5drw_V23cjJ1YU_179483_182299.wav,ThatsSoChey_UCveTgb3LAhwrlKv3axH5drw_V23cjJ1YU,179483,182299,2816
ThatsSoChey_UCveTgb3LAhwrlKv3axH5drw_V23cjJ1YU_182843_191395.wav,ThatsSoChey_UCveTgb3LAhwrlKv3axH5drw_V23cjJ1YU,182843,191395,8552
ThatsSoChey_UCveTgb3LAhwrlKv3axH5drw_V23cjJ1YU_191883_194059.wav,ThatsSoChey_UCveTgb3LAhwrlKv3axH5drw_V23cjJ1YU,191883,194059,2176
ThatsSoChey_UCveTgb3LAhwrlKv3axH5drw_V23cjJ1YU_194371_199035.wav,ThatsSoChey_UCveTgb3LAhwrlKv3axH5drw_V23cjJ1YU,194371,199035,4664
ThatsSoChey_UCveTgb3LAhwrlKv3axH5drw_V23cjJ1YU_199643_199981.wav,ThatsSoChey_UCveTgb3LAhwrlKv3axH5drw_V23cjJ1YU,199643,199981,338
ThatsSoChey_UCveTgb3LAhwrlKv3axH5drw_V23cjJ1YU_200189_200382.wav,ThatsSoChey_UCveTgb3LAhwrlKv3axH5drw_V23cjJ1YU,200189,200382,193
ThatsSoChey_UCveTgb3LAhwrlKv3axH5drw_V23cjJ1YU_200510_208398.wav,ThatsSoChey_UCveTgb3LAhwrlKv3axH5drw_V23cjJ1YU,200510,208398,7888
ThatsSoChey_UCveTgb3LAhwrlKv3axH5drw_V23cjJ1YU_208526_212806.wav,ThatsSoChey_UCveTgb3LAhwrlKv3axH5drw_V23cjJ1YU,208526,212806,4280
ThatsSoChey_UCveTgb3LAhwrlKv3axH5drw_V23cjJ1YU_213110_223751.wav,ThatsSoChey_UCveTgb3LAhwrlKv3axH5drw_V23cjJ1YU,213110,223751,10641
ThatsSoChey_UCveTgb3LAhwrlKv3axH5drw_V23cjJ1YU_224183_224475.wav,ThatsSoChey_UCveTgb3LAhwrlKv3axH5drw_V23cjJ1YU,224183,224475,292
ThatsSoChey_UCveTgb3LAhwrlKv3axH5drw_V23cjJ1YU_224835_225227.wav,ThatsSoChey_UCveTgb3LAhwrlKv3axH5drw_V23cjJ1YU,224835,225227,392
ThatsSoChey_UCveTgb3LAhwrlKv3axH5drw_V23cjJ1YU_225531_227999.wav,ThatsSoChey_UCveTgb3LAhwrlKv3axH5drw_V23cjJ1YU,225531,227999,2468
ThatsSoChey_UCveTgb3LAhwrlKv3axH5drw_V23cjJ1YU_228239_230575.wav,ThatsSoChey_UCveTgb3LAhwrlKv3axH5drw_V23cjJ1YU,228239,230575,2336
ThatsSoChey_UCveTgb3LAhwrlKv3axH5drw_V23cjJ1YU_230783_234323.wav,ThatsSoChey_UCveTgb3LAhwrlKv3axH5drw_V23cjJ1YU,230783,234323,3540
ThatsSoChey_UCveTgb3LAhwrlKv3axH5drw_V23cjJ1YU_234595_240387.wav,ThatsSoChey_UCveTgb3LAhwrlKv3axH5drw_V23cjJ1YU,234595,240387,5792
ThatsSoChey_UCveTgb3LAhwrlKv3axH5drw_V23cjJ1YU_240867_242067.wav,ThatsSoChey_UCveTgb3LAhwrlKv3axH5drw_V23cjJ1YU,240867,242067,1200
ThatsSoChey_UCveTgb3LAhwrlKv3axH5drw_V23cjJ1YU_242779_250091.wav,ThatsSoChey_UCveTgb3LAhwrlKv3axH5drw_V23cjJ1YU,242779,250091,7312
ThatsSoChey_UCveTgb3LAhwrlKv3axH5drw_V23cjJ1YU_250435_254067.wav,ThatsSoChey_UCveTgb3LAhwrlKv3axH5drw_V23cjJ1YU,250435,254067,3632
ThatsSoChey_UCveTgb3LAhwrlKv3axH5drw_V23cjJ1YU_254891_257259.wav,ThatsSoChey_UCveTgb3LAhwrlKv3axH5drw_V23cjJ1YU,254891,257259,2368
ThatsSoChey_UCveTgb3LAhwrlKv3axH5drw_V23cjJ1YU_257755_262235.wav,ThatsSoChey_UCveTgb3LAhwrlKv3axH5drw_V23cjJ1YU,257755,262235,4480
ThatsSoChey_UCveTgb3LAhwrlKv3axH5drw_V23cjJ1YU_262803_267469.wav,ThatsSoChey_UCveTgb3LAhwrlKv3axH5drw_V23cjJ1YU,262803,267469,4666
ThatsSoChey_UCveTgb3LAhwrlKv3axH5drw_V23cjJ1YU_267637_271055.wav,ThatsSoChey_UCveTgb3LAhwrlKv3axH5drw_V23cjJ1YU,267637,271055,3418
ThatsSoChey_UCveTgb3LAhwrlKv3axH5drw_V23cjJ1YU_271295_273387.wav,ThatsSoChey_UCveTgb3LAhwrlKv3axH5drw_V23cjJ1YU,271295,273387,2092
ThatsSoChey_UCveTgb3LAhwrlKv3axH5drw_V23cjJ1YU_273883_274547.wav,ThatsSoChey_UCveTgb3LAhwrlKv3axH5drw_V23cjJ1YU,273883,274547,664
ThatsSoChey_UCveTgb3LAhwrlKv3axH5drw_V23cjJ1YU_274899_275155.wav,ThatsSoChey_UCveTgb3LAhwrlKv3axH5drw_V23cjJ1YU,274899,275155,256
ThatsSoChey_UCveTgb3LAhwrlKv3axH5drw_V23cjJ1YU_275891_280779.wav,ThatsSoChey_UCveTgb3LAhwrlKv3axH5drw_V23cjJ1YU,275891,280779,4888
ThatsSoChey_UCveTgb3LAhwrlKv3axH5drw_V23cjJ1YU_281043_291035.wav,ThatsSoChey_UCveTgb3LAhwrlKv3axH5drw_V23cjJ1YU,281043,291035,9992
ThatsSoChey_UCveTgb3LAhwrlKv3axH5drw_V23cjJ1YU_291411_295299.wav,ThatsSoChey_UCveTgb3LAhwrlKv3axH5drw_V23cjJ1YU,291411,295299,3888
ThatsSoChey_UCveTgb3LAhwrlKv3axH5drw_V23cjJ1YU_295859_296019.wav,ThatsSoChey_UCveTgb3LAhwrlKv3axH5drw_V23cjJ1YU,295859,296019,160
ThatsSoChey_UCveTgb3LAhwrlKv3axH5drw_V23cjJ1YU_296843_303515.wav,ThatsSoChey_UCveTgb3LAhwrlKv3axH5drw_V23cjJ1YU,296843,303515,6672
ThatsSoChey_UCveTgb3LAhwrlKv3axH5drw_V23cjJ1YU_303867_310139.wav,ThatsSoChey_UCveTgb3LAhwrlKv3axH5drw_V23cjJ1YU,303867,310139,6272
ThatsSoChey_UCveTgb3LAhwrlKv3axH5drw_V23cjJ1YU_310859_311031.wav,ThatsSoChey_UCveTgb3LAhwrlKv3axH5drw_V23cjJ1YU,310859,311031,172
ThatsSoChey_UCveTgb3LAhwrlKv3axH5drw_V23cjJ1YU_312135_323911.wav,ThatsSoChey_UCveTgb3LAhwrlKv3axH5drw_V23cjJ1YU,312135,323911,11776
ThatsSoChey_UCveTgb3LAhwrlKv3axH5drw_V23cjJ1YU_324159_327263.wav,ThatsSoChey_UCveTgb3LAhwrlKv3axH5drw_V23cjJ1YU,324159,327263,3104
ThatsSoChey_UCveTgb3LAhwrlKv3axH5drw_V23cjJ1YU_327479_328503.wav,ThatsSoChey_UCveTgb3LAhwrlKv3axH5drw_V23cjJ1YU,327479,328503,1024
ThatsSoChey_UCveTgb3LAhwrlKv3axH5drw_V23cjJ1YU_328743_335607.wav,ThatsSoChey_UCveTgb3LAhwrlKv3axH5drw_V23cjJ1YU,328743,335607,6864
ThatsSoChey_UCveTgb3LAhwrlKv3axH5drw_V23cjJ1YU_335863_338095.wav,ThatsSoChey_UCveTgb3LAhwrlKv3axH5drw_V23cjJ1YU,335863,338095,2232
ThatsSoChey_UCveTgb3LAhwrlKv3axH5drw_V23cjJ1YU_338327_347231.wav,ThatsSoChey_UCveTgb3LAhwrlKv3axH5drw_V23cjJ1YU,338327,347231,8904
ThatsSoChey_UCveTgb3LAhwrlKv3axH5drw_V23cjJ1YU_347439_349583.wav,ThatsSoChey_UCveTgb3LAhwrlKv3axH5drw_V23cjJ1YU,347439,349583,2144
ThatsSoChey_UCveTgb3LAhwrlKv3axH5drw_V23cjJ1YU_350287_354999.wav,ThatsSoChey_UCveTgb3LAhwrlKv3axH5drw_V23cjJ1YU,350287,354999,4712
ThatsSoChey_UCveTgb3LAhwrlKv3axH5drw_V23cjJ1YU_355279_357471.wav,ThatsSoChey_UCveTgb3LAhwrlKv3axH5drw_V23cjJ1YU,355279,357471,2192
ThatsSoChey_UCveTgb3LAhwrlKv3axH5drw_V23cjJ1YU_357759_358723.wav,ThatsSoChey_UCveTgb3LAhwrlKv3axH5drw_V23cjJ1YU,357759,358723,964
ThatsSoChey_UCveTgb3LAhwrlKv3axH5drw_V23cjJ1YU_359019_359715.wav,ThatsSoChey_UCveTgb3LAhwrlKv3axH5drw_V23cjJ1YU,359019,359715,696
ThatsSoChey_UCveTgb3LAhwrlKv3axH5drw_V23cjJ1YU_360035_360355.wav,ThatsSoChey_UCveTgb3LAhwrlKv3axH5drw_V23cjJ1YU,360035,360355,320
ThatsSoChey_UCveTgb3LAhwrlKv3axH5drw_V23cjJ1YU_360355_364539.wav,ThatsSoChey_UCveTgb3LAhwrlKv3axH5drw_V23cjJ1YU,360355,364539,4184
ThatsSoChey_UCveTgb3LAhwrlKv3axH5drw_V23cjJ1YU_364811_366987.wav,ThatsSoChey_UCveTgb3LAhwrlKv3axH5drw_V23cjJ1YU,364811,366987,2176
ThatsSoChey_UCveTgb3LAhwrlKv3axH5drw_V23cjJ1YU_367595_372035.wav,ThatsSoChey_UCveTgb3LAhwrlKv3axH5drw_V23cjJ1YU,367595,372035,4440
ThatsSoChey_UCveTgb3LAhwrlKv3axH5drw_V23cjJ1YU_372531_375707.wav,ThatsSoChey_UCveTgb3LAhwrlKv3axH5drw_V23cjJ1YU,372531,375707,3176
ThatsSoChey_UCveTgb3LAhwrlKv3axH5drw_V23cjJ1YU_375939_384099.wav,ThatsSoChey_UCveTgb3LAhwrlKv3axH5drw_V23cjJ1YU,375939,384099,8160
ThatsSoChey_UCveTgb3LAhwrlKv3axH5drw_V23cjJ1YU_384419_389171.wav,ThatsSoChey_UCveTgb3LAhwrlKv3axH5drw_V23cjJ1YU,384419,389171,4752
ThatsSoChey_UCveTgb3LAhwrlKv3axH5drw_V23cjJ1YU_389483_391739.wav,ThatsSoChey_UCveTgb3LAhwrlKv3axH5drw_V23cjJ1YU,389483,391739,2256
ThatsSoChey_UCveTgb3LAhwrlKv3axH5drw_V23cjJ1YU_392011_396139.wav,ThatsSoChey_UCveTgb3LAhwrlKv3axH5drw_V23cjJ1YU,392011,396139,4128
ThatsSoChey_UCveTgb3LAhwrlKv3axH5drw_V23cjJ1YU_396379_400703.wav,ThatsSoChey_UCveTgb3LAhwrlKv3axH5drw_V23cjJ1YU,396379,400703,4324
ThatsSoChey_UCveTgb3LAhwrlKv3axH5drw_V23cjJ1YU_400895_406883.wav,ThatsSoChey_UCveTgb3LAhwrlKv3axH5drw_V23cjJ1YU,400895,406883,5988
ThatsSoChey_UCveTgb3LAhwrlKv3axH5drw_V23cjJ1YU_407187_407819.wav,ThatsSoChey_UCveTgb3LAhwrlKv3axH5drw_V23cjJ1YU,407187,407819,632
ThatsSoChey_UCveTgb3LAhwrlKv3axH5drw_V23cjJ1YU_408043_415459.wav,ThatsSoChey_UCveTgb3LAhwrlKv3axH5drw_V23cjJ1YU,408043,415459,7416
ThatsSoChey_UCveTgb3LAhwrlKv3axH5drw_V23cjJ1YU_416171_419419.wav,ThatsSoChey_UCveTgb3LAhwrlKv3axH5drw_V23cjJ1YU,416171,419419,3248
ThatsSoChey_UCveTgb3LAhwrlKv3axH5drw_V23cjJ1YU_420075_427387.wav,ThatsSoChey_UCveTgb3LAhwrlKv3axH5drw_V23cjJ1YU,420075,427387,7312
ThatsSoChey_UCveTgb3LAhwrlKv3axH5drw_V23cjJ1YU_427643_432555.wav,ThatsSoChey_UCveTgb3LAhwrlKv3axH5drw_V23cjJ1YU,427643,432555,4912
ThatsSoChey_UCveTgb3LAhwrlKv3axH5drw_V23cjJ1YU_433075_437427.wav,ThatsSoChey_UCveTgb3LAhwrlKv3axH5drw_V23cjJ1YU,433075,437427,4352
ThatsSoChey_UCveTgb3LAhwrlKv3axH5drw_V23cjJ1YU_437595_447779.wav,ThatsSoChey_UCveTgb3LAhwrlKv3axH5drw_V23cjJ1YU,437595,447779,10184
ThatsSoChey_UCveTgb3LAhwrlKv3axH5drw_V23cjJ1YU_448035_454503.wav,ThatsSoChey_UCveTgb3LAhwrlKv3axH5drw_V23cjJ1YU,448035,454503,6468
ThatsSoChey_UCveTgb3LAhwrlKv3axH5drw_V23cjJ1YU_454655_461041.wav,ThatsSoChey_UCveTgb3LAhwrlKv3axH5drw_V23cjJ1YU,454655,461041,6386
ThatsSoChey_UCveTgb3LAhwrlKv3axH5drw_V23cjJ1YU_461225_464665.wav,ThatsSoChey_UCveTgb3LAhwrlKv3axH5drw_V23cjJ1YU,461225,464665,3440
ThatsSoChey_UCveTgb3LAhwrlKv3axH5drw_V23cjJ1YU_465025_468921.wav,ThatsSoChey_UCveTgb3LAhwrlKv3axH5drw_V23cjJ1YU,465025,468921,3896
ThatsSoChey_UCveTgb3LAhwrlKv3axH5drw_V23cjJ1YU_469225_469377.wav,ThatsSoChey_UCveTgb3LAhwrlKv3axH5drw_V23cjJ1YU,469225,469377,152
ThatsSoChey_UCveTgb3LAhwrlKv3axH5drw_V23cjJ1YU_469665_469866.wav,ThatsSoChey_UCveTgb3LAhwrlKv3axH5drw_V23cjJ1YU,469665,469866,201
ThatsSoChey_UCveTgb3LAhwrlKv3axH5drw_V23cjJ1YU_469866_471699.wav,ThatsSoChey_UCveTgb3LAhwrlKv3axH5drw_V23cjJ1YU,469866,471699,1833
ThatsSoChey_UCveTgb3LAhwrlKv3axH5drw_V23cjJ1YU_471867_477371.wav,ThatsSoChey_UCveTgb3LAhwrlKv3axH5drw_V23cjJ1YU,471867,477371,5504
ThatsSoChey_UCveTgb3LAhwrlKv3axH5drw_V23cjJ1YU_477627_487229.wav,ThatsSoChey_UCveTgb3LAhwrlKv3axH5drw_V23cjJ1YU,477627,487229,9602
ThatsSoChey_UCveTgb3LAhwrlKv3axH5drw_V23cjJ1YU_487357_491541.wav,ThatsSoChey_UCveTgb3LAhwrlKv3axH5drw_V23cjJ1YU,487357,491541,4184
ThatsSoChey_UCveTgb3LAhwrlKv3axH5drw_V23cjJ1YU_491677_494095.wav,ThatsSoChey_UCveTgb3LAhwrlKv3axH5drw_V23cjJ1YU,491677,494095,2418
ThatsSoChey_UCveTgb3LAhwrlKv3axH5drw_V23cjJ1YU_494255_500243.wav,ThatsSoChey_UCveTgb3LAhwrlKv3axH5drw_V23cjJ1YU,494255,500243,5988
ThatsSoChey_UCveTgb3LAhwrlKv3axH5drw_V23cjJ1YU_500555_500885.wav,ThatsSoChey_UCveTgb3LAhwrlKv3axH5drw_V23cjJ1YU,500555,500885,330
ThatsSoChey_UCveTgb3LAhwrlKv3axH5drw_V23cjJ1YU_500885_503102.wav,ThatsSoChey_UCveTgb3LAhwrlKv3axH5drw_V23cjJ1YU,500885,503102,2217
ThatsSoChey_UCveTgb3LAhwrlKv3axH5drw_V23cjJ1YU_503718_516390.wav,ThatsSoChey_UCveTgb3LAhwrlKv3axH5drw_V23cjJ1YU,503718,516390,12672
ThatsSoChey_UCveTgb3LAhwrlKv3axH5drw_V23cjJ1YU_516951_522747.wav,ThatsSoChey_UCveTgb3LAhwrlKv3axH5drw_V23cjJ1YU,516951,522747,5796
ThatsSoChey_UCveTgb3LAhwrlKv3axH5drw_V23cjJ1YU_523019_523155.wav,ThatsSoChey_UCveTgb3LAhwrlKv3axH5drw_V23cjJ1YU,523019,523155,136
ThatsSoChey_UCveTgb3LAhwrlKv3axH5drw_V23cjJ1YU_523803_529459.wav,ThatsSoChey_UCveTgb3LAhwrlKv3axH5drw_V23cjJ1YU,523803,529459,5656
ThatsSoChey_UCveTgb3LAhwrlKv3axH5drw_V23cjJ1YU_529755_538243.wav,ThatsSoChey_UCveTgb3LAhwrlKv3axH5drw_V23cjJ1YU,529755,538243,8488
ThatsSoChey_UCveTgb3LAhwrlKv3axH5drw_V23cjJ1YU_538539_546019.wav,ThatsSoChey_UCveTgb3LAhwrlKv3axH5drw_V23cjJ1YU,538539,546019,7480
ThatsSoChey_UCveTgb3LAhwrlKv3axH5drw_V23cjJ1YU_546267_548699.wav,ThatsSoChey_UCveTgb3LAhwrlKv3axH5drw_V23cjJ1YU,546267,548699,2432
ThatsSoChey_UCveTgb3LAhwrlKv3axH5drw_V23cjJ1YU_548955_553347.wav,ThatsSoChey_UCveTgb3LAhwrlKv3axH5drw_V23cjJ1YU,548955,553347,4392
ThatsSoChey_UCveTgb3LAhwrlKv3axH5drw_V23cjJ1YU_553611_557467.wav,ThatsSoChey_UCveTgb3LAhwrlKv3axH5drw_V23cjJ1YU,553611,557467,3856
ThatsSoChey_UCveTgb3LAhwrlKv3axH5drw_V23cjJ1YU_557651_563843.wav,ThatsSoChey_UCveTgb3LAhwrlKv3axH5drw_V23cjJ1YU,557651,563843,6192
ThatsSoChey_UCveTgb3LAhwrlKv3axH5drw_V23cjJ1YU_564043_573363.wav,ThatsSoChey_UCveTgb3LAhwrlKv3axH5drw_V23cjJ1YU,564043,573363,9320
ThatsSoChey_UCveTgb3LAhwrlKv3axH5drw_V23cjJ1YU_573523_575371.wav,ThatsSoChey_UCveTgb3LAhwrlKv3axH5drw_V23cjJ1YU,573523,575371,1848
ThatsSoChey_UCveTgb3LAhwrlKv3axH5drw_V23cjJ1YU_576203_581439.wav,ThatsSoChey_UCveTgb3LAhwrlKv3axH5drw_V23cjJ1YU,576203,581439,5236
ThatsSoChey_UCveTgb3LAhwrlKv3axH5drw_V23cjJ1YU_581671_584715.wav,ThatsSoChey_UCveTgb3LAhwrlKv3axH5drw_V23cjJ1YU,581671,584715,3044
ThatsSoChey_UCveTgb3LAhwrlKv3axH5drw_V23cjJ1YU_585099_585235.wav,ThatsSoChey_UCveTgb3LAhwrlKv3axH5drw_V23cjJ1YU,585099,585235,136
ThatsSoChey_UCveTgb3LAhwrlKv3axH5drw_V23cjJ1YU_586171_589043.wav,ThatsSoChey_UCveTgb3LAhwrlKv3axH5drw_V23cjJ1YU,586171,589043,2872
ThatsSoChey_UCveTgb3LAhwrlKv3axH5drw_V23cjJ1YU_589667_594267.wav,ThatsSoChey_UCveTgb3LAhwrlKv3axH5drw_V23cjJ1YU,589667,594267,4600
ThatsSoChey_UCveTgb3LAhwrlKv3axH5drw_V23cjJ1YU_594619_599339.wav,ThatsSoChey_UCveTgb3LAhwrlKv3axH5drw_V23cjJ1YU,594619,599339,4720
ThatsSoChey_UCveTgb3LAhwrlKv3axH5drw_V23cjJ1YU_599651_602783.wav,ThatsSoChey_UCveTgb3LAhwrlKv3axH5drw_V23cjJ1YU,599651,602783,3132
ThatsSoChey_UCveTgb3LAhwrlKv3axH5drw_V23cjJ1YU_603087_605352.wav,ThatsSoChey_UCveTgb3LAhwrlKv3axH5drw_V23cjJ1YU,603087,605352,2265
ThatsSoChey_UCveTgb3LAhwrlKv3axH5drw_V23cjJ1YU_605536_615697.wav,ThatsSoChey_UCveTgb3LAhwrlKv3axH5drw_V23cjJ1YU,605536,615697,10161
ThatsSoChey_UCveTgb3LAhwrlKv3axH5drw_V23cjJ1YU_616131_619931.wav,ThatsSoChey_UCveTgb3LAhwrlKv3axH5drw_V23cjJ1YU,616131,619931,3800
ThatsSoChey_UCveTgb3LAhwrlKv3axH5drw_V23cjJ1YU_620275_620451.wav,ThatsSoChey_UCveTgb3LAhwrlKv3axH5drw_V23cjJ1YU,620275,620451,176
ThatsSoChey_UCveTgb3LAhwrlKv3axH5drw_V23cjJ1YU_620779_627907.wav,ThatsSoChey_UCveTgb3LAhwrlKv3axH5drw_V23cjJ1YU,620779,627907,7128
ThatsSoChey_UCveTgb3LAhwrlKv3axH5drw_V23cjJ1YU_628179_631435.wav,ThatsSoChey_UCveTgb3LAhwrlKv3axH5drw_V23cjJ1YU,628179,631435,3256
ThatsSoChey_UCveTgb3LAhwrlKv3axH5drw_V23cjJ1YU_632067_632219.wav,ThatsSoChey_UCveTgb3LAhwrlKv3axH5drw_V23cjJ1YU,632067,632219,152
ThatsSoChey_UCveTgb3LAhwrlKv3axH5drw_V23cjJ1YU_632859_633043.wav,ThatsSoChey_UCveTgb3LAhwrlKv3axH5drw_V23cjJ1YU,632859,633043,184
ThatsSoChey_UCveTgb3LAhwrlKv3axH5drw_V23cjJ1YU_633307_636523.wav,ThatsSoChey_UCveTgb3LAhwrlKv3axH5drw_V23cjJ1YU,633307,636523,3216
ThatsSoChey_UCveTgb3LAhwrlKv3axH5drw_V23cjJ1YU_636859_636995.wav,ThatsSoChey_UCveTgb3LAhwrlKv3axH5drw_V23cjJ1YU,636859,636995,136
ThatsSoChey_UCveTgb3LAhwrlKv3axH5drw_V23cjJ1YU_637843_638051.wav,ThatsSoChey_UCveTgb3LAhwrlKv3axH5drw_V23cjJ1YU,637843,638051,208
ThatsSoChey_UCveTgb3LAhwrlKv3axH5drw_V23cjJ1YU_638235_645381.wav,ThatsSoChey_UCveTgb3LAhwrlKv3axH5drw_V23cjJ1YU,638235,645381,7146
ThatsSoChey_UCveTgb3LAhwrlKv3axH5drw_V23cjJ1YU_645653_649215.wav,ThatsSoChey_UCveTgb3LAhwrlKv3axH5drw_V23cjJ1YU,645653,649215,3562
ThatsSoChey_UCveTgb3LAhwrlKv3axH5drw_V23cjJ1YU_649475_651211.wav,ThatsSoChey_UCveTgb3LAhwrlKv3axH5drw_V23cjJ1YU,649475,651211,1736
ThatsSoChey_UCveTgb3LAhwrlKv3axH5drw_V23cjJ1YU_651371_656691.wav,ThatsSoChey_UCveTgb3LAhwrlKv3axH5drw_V23cjJ1YU,651371,656691,5320
ThatsSoChey_UCveTgb3LAhwrlKv3axH5drw_V23cjJ1YU_656859_656979.wav,ThatsSoChey_UCveTgb3LAhwrlKv3axH5drw_V23cjJ1YU,656859,656979,120
ThatsSoChey_UCveTgb3LAhwrlKv3axH5drw_V23cjJ1YU_657539_660451.wav,ThatsSoChey_UCveTgb3LAhwrlKv3axH5drw_V23cjJ1YU,657539,660451,2912
ThatsSoChey_UCveTgb3LAhwrlKv3axH5drw_V23cjJ1YU_661675_663195.wav,ThatsSoChey_UCveTgb3LAhwrlKv3axH5drw_V23cjJ1YU,661675,663195,1520
ThatsSoChey_UCveTgb3LAhwrlKv3axH5drw_V23cjJ1YU_664163_666707.wav,ThatsSoChey_UCveTgb3LAhwrlKv3axH5drw_V23cjJ1YU,664163,666707,2544
ThatsSoChey_UCveTgb3LAhwrlKv3axH5drw_V23cjJ1YU_666883_667939.wav,ThatsSoChey_UCveTgb3LAhwrlKv3axH5drw_V23cjJ1YU,666883,667939,1056
ThatsSoChey_UCveTgb3LAhwrlKv3axH5drw_V23cjJ1YU_668091_676587.wav,ThatsSoChey_UCveTgb3LAhwrlKv3axH5drw_V23cjJ1YU,668091,676587,8496
ThatsSoChey_UCveTgb3LAhwrlKv3axH5drw_V23cjJ1YU_676851_676963.wav,ThatsSoChey_UCveTgb3LAhwrlKv3axH5drw_V23cjJ1YU,676851,676963,112
ThatsSoChey_UCveTgb3LAhwrlKv3axH5drw_V23cjJ1YU_678003_680307.wav,ThatsSoChey_UCveTgb3LAhwrlKv3axH5drw_V23cjJ1YU,678003,680307,2304
ThatsSoChey_UCveTgb3LAhwrlKv3axH5drw_V23cjJ1YU_681331_687227.wav,ThatsSoChey_UCveTgb3LAhwrlKv3axH5drw_V23cjJ1YU,681331,687227,5896
ThatsSoChey_UCveTgb3LAhwrlKv3axH5drw_V23cjJ1YU_687355_691971.wav,ThatsSoChey_UCveTgb3LAhwrlKv3axH5drw_V23cjJ1YU,687355,691971,4616
ThatsSoChey_UCveTgb3LAhwrlKv3axH5drw_V23cjJ1YU_692443_694363.wav,ThatsSoChey_UCveTgb3LAhwrlKv3axH5drw_V23cjJ1YU,692443,694363,1920
ThatsSoChey_UCveTgb3LAhwrlKv3axH5drw_V23cjJ1YU_694779_700683.wav,ThatsSoChey_UCveTgb3LAhwrlKv3axH5drw_V23cjJ1YU,694779,700683,5904
ThatsSoChey_UCveTgb3LAhwrlKv3axH5drw_V23cjJ1YU_700979_701115.wav,ThatsSoChey_UCveTgb3LAhwrlKv3axH5drw_V23cjJ1YU,700979,701115,136
ThatsSoChey_UCveTgb3LAhwrlKv3axH5drw_V23cjJ1YU_701403_705195.wav,ThatsSoChey_UCveTgb3LAhwrlKv3axH5drw_V23cjJ1YU,701403,705195,3792
ThatsSoChey_UCveTgb3LAhwrlKv3axH5drw_V23cjJ1YU_705395_718995.wav,ThatsSoChey_UCveTgb3LAhwrlKv3axH5drw_V23cjJ1YU,705395,718995,13600
ThatsSoChey_UCveTgb3LAhwrlKv3axH5drw_V23cjJ1YU_719171_721915.wav,ThatsSoChey_UCveTgb3LAhwrlKv3axH5drw_V23cjJ1YU,719171,721915,2744
ThatsSoChey_UCveTgb3LAhwrlKv3axH5drw_V23cjJ1YU_723339_727123.wav,ThatsSoChey_UCveTgb3LAhwrlKv3axH5drw_V23cjJ1YU,723339,727123,3784
ThatsSoChey_UCveTgb3LAhwrlKv3axH5drw_V23cjJ1YU_728339_739731.wav,ThatsSoChey_UCveTgb3LAhwrlKv3axH5drw_V23cjJ1YU,728339,739731,11392
ThatsSoChey_UCveTgb3LAhwrlKv3axH5drw_V23cjJ1YU_739995_741459.wav,ThatsSoChey_UCveTgb3LAhwrlKv3axH5drw_V23cjJ1YU,739995,741459,1464
ThatsSoChey_UCveTgb3LAhwrlKv3axH5drw_V23cjJ1YU_741835_744643.wav,ThatsSoChey_UCveTgb3LAhwrlKv3axH5drw_V23cjJ1YU,741835,744643,2808
ThatsSoChey_UCveTgb3LAhwrlKv3axH5drw_V23cjJ1YU_744979_752659.wav,ThatsSoChey_UCveTgb3LAhwrlKv3axH5drw_V23cjJ1YU,744979,752659,7680
ThatsSoChey_UCveTgb3LAhwrlKv3axH5drw_V23cjJ1YU_753299_765767.wav,ThatsSoChey_UCveTgb3LAhwrlKv3axH5drw_V23cjJ1YU,753299,765767,12468
ThatsSoChey_UCveTgb3LAhwrlKv3axH5drw_V23cjJ1YU_766071_767003.wav,ThatsSoChey_UCveTgb3LAhwrlKv3axH5drw_V23cjJ1YU,766071,767003,932
ThatsSoChey_UCveTgb3LAhwrlKv3axH5drw_V23cjJ1YU_767307_767467.wav,ThatsSoChey_UCveTgb3LAhwrlKv3axH5drw_V23cjJ1YU,767307,767467,160
ThatsSoChey_UCveTgb3LAhwrlKv3axH5drw_V23cjJ1YU_769171_773419.wav,ThatsSoChey_UCveTgb3LAhwrlKv3axH5drw_V23cjJ1YU,769171,773419,4248
ThatsSoChey_UCveTgb3LAhwrlKv3axH5drw_V23cjJ1YU_773763_778131.wav,ThatsSoChey_UCveTgb3LAhwrlKv3axH5drw_V23cjJ1YU,773763,778131,4368
ThatsSoChey_UCveTgb3LAhwrlKv3axH5drw_V23cjJ1YU_778259_784035.wav,ThatsSoChey_UCveTgb3LAhwrlKv3axH5drw_V23cjJ1YU,778259,784035,5776
ThatsSoChey_UCveTgb3LAhwrlKv3axH5drw_V23cjJ1YU_785235_787931.wav,ThatsSoChey_UCveTgb3LAhwrlKv3axH5drw_V23cjJ1YU,785235,787931,2696
ThatsSoChey_UCveTgb3LAhwrlKv3axH5drw_V23cjJ1YU_789219_791667.wav,ThatsSoChey_UCveTgb3LAhwrlKv3axH5drw_V23cjJ1YU,789219,791667,2448
ThatsSoChey_UCveTgb3LAhwrlKv3axH5drw_V23cjJ1YU_793467_797475.wav,ThatsSoChey_UCveTgb3LAhwrlKv3axH5drw_V23cjJ1YU,793467,797475,4008
ThatsSoChey_UCveTgb3LAhwrlKv3axH5drw_V23cjJ1YU_797963_801451.wav,ThatsSoChey_UCveTgb3LAhwrlKv3axH5drw_V23cjJ1YU,797963,801451,3488
ThatsSoChey_UCveTgb3LAhwrlKv3axH5drw_V23cjJ1YU_801611_804623.wav,ThatsSoChey_UCveTgb3LAhwrlKv3axH5drw_V23cjJ1YU,801611,804623,3012
ThatsSoChey_UCveTgb3LAhwrlKv3axH5drw_V23cjJ1YU_804815_812481.wav,ThatsSoChey_UCveTgb3LAhwrlKv3axH5drw_V23cjJ1YU,804815,812481,7666
ThatsSoChey_UCveTgb3LAhwrlKv3axH5drw_V23cjJ1YU_812617_817523.wav,ThatsSoChey_UCveTgb3LAhwrlKv3axH5drw_V23cjJ1YU,812617,817523,4906
ThatsSoChey_UCveTgb3LAhwrlKv3axH5drw_V23cjJ1YU_817811_821539.wav,ThatsSoChey_UCveTgb3LAhwrlKv3axH5drw_V23cjJ1YU,817811,821539,3728
ThatsSoChey_UCveTgb3LAhwrlKv3axH5drw_V23cjJ1YU_822219_826147.wav,ThatsSoChey_UCveTgb3LAhwrlKv3axH5drw_V23cjJ1YU,822219,826147,3928
ThatsSoChey_UCveTgb3LAhwrlKv3axH5drw_V23cjJ1YU_826427_826539.wav,ThatsSoChey_UCveTgb3LAhwrlKv3axH5drw_V23cjJ1YU,826427,826539,112
ThatsSoChey_UCveTgb3LAhwrlKv3axH5drw_V23cjJ1YU_827371_829643.wav,ThatsSoChey_UCveTgb3LAhwrlKv3axH5drw_V23cjJ1YU,827371,829643,2272
ThatsSoChey_UCveTgb3LAhwrlKv3axH5drw_V23cjJ1YU_829987_833651.wav,ThatsSoChey_UCveTgb3LAhwrlKv3axH5drw_V23cjJ1YU,829987,833651,3664
ThatsSoChey_UCveTgb3LAhwrlKv3axH5drw_V23cjJ1YU_834427_840763.wav,ThatsSoChey_UCveTgb3LAhwrlKv3axH5drw_V23cjJ1YU,834427,840763,6336
ThatsSoChey_UCveTgb3LAhwrlKv3axH5drw_V23cjJ1YU_841139_845531.wav,ThatsSoChey_UCveTgb3LAhwrlKv3axH5drw_V23cjJ1YU,841139,845531,4392
ThatsSoChey_UCveTgb3LAhwrlKv3axH5drw_V23cjJ1YU_845691_846199.wav,ThatsSoChey_UCveTgb3LAhwrlKv3axH5drw_V23cjJ1YU,845691,846199,508
ThatsSoChey_UCveTgb3LAhwrlKv3axH5drw_V23cjJ1YU_846343_860643.wav,ThatsSoChey_UCveTgb3LAhwrlKv3axH5drw_V23cjJ1YU,846343,860643,14300
ThatsSoChey_UCveTgb3LAhwrlKv3axH5drw_V23cjJ1YU_861059_862387.wav,ThatsSoChey_UCveTgb3LAhwrlKv3axH5drw_V23cjJ1YU,861059,862387,1328
ThatsSoChey_UCveTgb3LAhwrlKv3axH5drw_V23cjJ1YU_863451_866355.wav,ThatsSoChey_UCveTgb3LAhwrlKv3axH5drw_V23cjJ1YU,863451,866355,2904
ThatsSoChey_UCveTgb3LAhwrlKv3axH5drw_V23cjJ1YU_867643_875351.wav,ThatsSoChey_UCveTgb3LAhwrlKv3axH5drw_V23cjJ1YU,867643,875351,7708
ThatsSoChey_UCveTgb3LAhwrlKv3axH5drw_V23cjJ1YU_875511_875635.wav,ThatsSoChey_UCveTgb3LAhwrlKv3axH5drw_V23cjJ1YU,875511,875635,124
ThatsSoChey_UCveTgb3LAhwrlKv3axH5drw_V23cjJ1YU_875787_876819.wav,ThatsSoChey_UCveTgb3LAhwrlKv3axH5drw_V23cjJ1YU,875787,876819,1032
ThatsSoChey_UCveTgb3LAhwrlKv3axH5drw_V23cjJ1YU_877043_878915.wav,ThatsSoChey_UCveTgb3LAhwrlKv3axH5drw_V23cjJ1YU,877043,878915,1872
ThatsSoChey_UCveTgb3LAhwrlKv3axH5drw_V23cjJ1YU_879923_881003.wav,ThatsSoChey_UCveTgb3LAhwrlKv3axH5drw_V23cjJ1YU,879923,881003,1080
ThatsSoChey_UCveTgb3LAhwrlKv3axH5drw_V23cjJ1YU_881299_885739.wav,ThatsSoChey_UCveTgb3LAhwrlKv3axH5drw_V23cjJ1YU,881299,885739,4440
ThatsSoChey_UCveTgb3LAhwrlKv3axH5drw_V23cjJ1YU_886179_890675.wav,ThatsSoChey_UCveTgb3LAhwrlKv3axH5drw_V23cjJ1YU,886179,890675,4496
ThatsSoChey_UCveTgb3LAhwrlKv3axH5drw_V23cjJ1YU_891259_892083.wav,ThatsSoChey_UCveTgb3LAhwrlKv3axH5drw_V23cjJ1YU,891259,892083,824
ThatsSoChey_UCveTgb3LAhwrlKv3axH5drw_V23cjJ1YU_892411_894059.wav,ThatsSoChey_UCveTgb3LAhwrlKv3axH5drw_V23cjJ1YU,892411,894059,1648
ThatsSoChey_UCveTgb3LAhwrlKv3axH5drw_V23cjJ1YU_894427_894547.wav,ThatsSoChey_UCveTgb3LAhwrlKv3axH5drw_V23cjJ1YU,894427,894547,120
ThatsSoChey_UCveTgb3LAhwrlKv3axH5drw_V23cjJ1YU_895011_898835.wav,ThatsSoChey_UCveTgb3LAhwrlKv3axH5drw_V23cjJ1YU,895011,898835,3824
ThatsSoChey_UCveTgb3LAhwrlKv3axH5drw_V23cjJ1YU_899091_905291.wav,ThatsSoChey_UCveTgb3LAhwrlKv3axH5drw_V23cjJ1YU,899091,905291,6200
ThatsSoChey_UCveTgb3LAhwrlKv3axH5drw_V23cjJ1YU_905459_906115.wav,ThatsSoChey_UCveTgb3LAhwrlKv3axH5drw_V23cjJ1YU,905459,906115,656
ThatsSoChey_UCveTgb3LAhwrlKv3axH5drw_V23cjJ1YU_906475_914527.wav,ThatsSoChey_UCveTgb3LAhwrlKv3axH5drw_V23cjJ1YU,906475,914527,8052
ThatsSoChey_UCveTgb3LAhwrlKv3axH5drw_V23cjJ1YU_914767_916579.wav,ThatsSoChey_UCveTgb3LAhwrlKv3axH5drw_V23cjJ1YU,914767,916579,1812
ThatsSoChey_UCveTgb3LAhwrlKv3axH5drw_V23cjJ1YU_916907_922445.wav,ThatsSoChey_UCveTgb3LAhwrlKv3axH5drw_V23cjJ1YU,916907,922445,5538
ThatsSoChey_UCveTgb3LAhwrlKv3axH5drw_V23cjJ1YU_922709_926710.wav,ThatsSoChey_UCveTgb3LAhwrlKv3axH5drw_V23cjJ1YU,922709,926710,4001
ThatsSoChey_UCveTgb3LAhwrlKv3axH5drw_V23cjJ1YU_926982_930982.wav,ThatsSoChey_UCveTgb3LAhwrlKv3axH5drw_V23cjJ1YU,926982,930982,4000
ThatsSoChey_UCveTgb3LAhwrlKv3axH5drw_V23cjJ1YU_931182_935566.wav,ThatsSoChey_UCveTgb3LAhwrlKv3axH5drw_V23cjJ1YU,931182,935566,4384
ThatsSoChey_UCveTgb3LAhwrlKv3axH5drw_V23cjJ1YU_935718_935926.wav,ThatsSoChey_UCveTgb3LAhwrlKv3axH5drw_V23cjJ1YU,935718,935926,208
ThatsSoChey_UCveTgb3LAhwrlKv3axH5drw_V23cjJ1YU_936230_941063.wav,ThatsSoChey_UCveTgb3LAhwrlKv3axH5drw_V23cjJ1YU,936230,941063,4833
ThatsSoChey_UCveTgb3LAhwrlKv3axH5drw_V23cjJ1YU_941811_949091.wav,ThatsSoChey_UCveTgb3LAhwrlKv3axH5drw_V23cjJ1YU,941811,949091,7280
ThatsSoChey_UCveTgb3LAhwrlKv3axH5drw_V23cjJ1YU_950931_951035.wav,ThatsSoChey_UCveTgb3LAhwrlKv3axH5drw_V23cjJ1YU,950931,951035,104
ThatsSoChey_UCveTgb3LAhwrlKv3axH5drw_V23cjJ1YU_951811_956763.wav,ThatsSoChey_UCveTgb3LAhwrlKv3axH5drw_V23cjJ1YU,951811,956763,4952
ThatsSoChey_UCveTgb3LAhwrlKv3axH5drw_V23cjJ1YU_957843_966004.wav,ThatsSoChey_UCveTgb3LAhwrlKv3axH5drw_V23cjJ1YU,957843,966004,8161
ThatsSoChey_UCveTgb3LAhwrlKv3axH5drw_V23cjJ1YU_966132_969997.wav,ThatsSoChey_UCveTgb3LAhwrlKv3axH5drw_V23cjJ1YU,966132,969997,3865
ThatsSoChey_UCveTgb3LAhwrlKv3axH5drw_V23cjJ1YU_970141_972093.wav,ThatsSoChey_UCveTgb3LAhwrlKv3axH5drw_V23cjJ1YU,970141,972093,1952
ThatsSoChey_UCveTgb3LAhwrlKv3axH5drw_V23cjJ1YU_972735_978995.wav,ThatsSoChey_UCveTgb3LAhwrlKv3axH5drw_V23cjJ1YU,972735,978995,6260
ThatsSoChey_UCveTgb3LAhwrlKv3axH5drw_V23cjJ1YU_979267_979651.wav,ThatsSoChey_UCveTgb3LAhwrlKv3axH5drw_V23cjJ1YU,979267,979651,384
ThatsSoChey_UCveTgb3LAhwrlKv3axH5drw_V23cjJ1YU_979915_980019.wav,ThatsSoChey_UCveTgb3LAhwrlKv3axH5drw_V23cjJ1YU,979915,980019,104
ThatsSoChey_UCveTgb3LAhwrlKv3axH5drw_V23cjJ1YU_980275_980387.wav,ThatsSoChey_UCveTgb3LAhwrlKv3axH5drw_V23cjJ1YU,980275,980387,112
ThatsSoChey_UCveTgb3LAhwrlKv3axH5drw_V23cjJ1YU_980603_987803.wav,ThatsSoChey_UCveTgb3LAhwrlKv3axH5drw_V23cjJ1YU,980603,987803,7200
ThatsSoChey_UCveTgb3LAhwrlKv3axH5drw_V23cjJ1YU_987955_989523.wav,ThatsSoChey_UCveTgb3LAhwrlKv3axH5drw_V23cjJ1YU,987955,989523,1568
ThatsSoChey_UCveTgb3LAhwrlKv3axH5drw_V23cjJ1YU_989699_989899.wav,ThatsSoChey_UCveTgb3LAhwrlKv3axH5drw_V23cjJ1YU,989699,989899,200
ThatsSoChey_UCveTgb3LAhwrlKv3axH5drw_V23cjJ1YU_990307_992491.wav,ThatsSoChey_UCveTgb3LAhwrlKv3axH5drw_V23cjJ1YU,990307,992491,2184
ThatsSoChey_UCveTgb3LAhwrlKv3axH5drw_V23cjJ1YU_993371_993507.wav,ThatsSoChey_UCveTgb3LAhwrlKv3axH5drw_V23cjJ1YU,993371,993507,136
ThatsSoChey_UCveTgb3LAhwrlKv3axH5drw_V23cjJ1YU_994307_995483.wav,ThatsSoChey_UCveTgb3LAhwrlKv3axH5drw_V23cjJ1YU,994307,995483,1176
ThatsSoChey_UCveTgb3LAhwrlKv3axH5drw_V23cjJ1YU_995755_995931.wav,ThatsSoChey_UCveTgb3LAhwrlKv3axH5drw_V23cjJ1YU,995755,995931,176
ThatsSoChey_UCveTgb3LAhwrlKv3axH5drw_V23cjJ1YU_996371_1000095.wav,ThatsSoChey_UCveTgb3LAhwrlKv3axH5drw_V23cjJ1YU,996371,1000095,3724
ThatsSoChey_UCveTgb3LAhwrlKv3axH5drw_V23cjJ1YU_1000455_1001759.wav,ThatsSoChey_UCveTgb3LAhwrlKv3axH5drw_V23cjJ1YU,1000455,1001759,1304
ThatsSoChey_UCveTgb3LAhwrlKv3axH5drw_V23cjJ1YU_1002767_1005311.wav,ThatsSoChey_UCveTgb3LAhwrlKv3axH5drw_V23cjJ1YU,1002767,1005311,2544
ThatsSoChey_UCveTgb3LAhwrlKv3axH5drw_V23cjJ1YU_1005743_1009123.wav,ThatsSoChey_UCveTgb3LAhwrlKv3axH5drw_V23cjJ1YU,1005743,1009123,3380
ThatsSoChey_UCveTgb3LAhwrlKv3axH5drw_V23cjJ1YU_1009419_1010596.wav,ThatsSoChey_UCveTgb3LAhwrlKv3axH5drw_V23cjJ1YU,1009419,1010596,1177
ThatsSoChey_UCveTgb3LAhwrlKv3axH5drw_V23cjJ1YU_1010804_1018293.wav,ThatsSoChey_UCveTgb3LAhwrlKv3axH5drw_V23cjJ1YU,1010804,1018293,7489
ThatsSoChey_UCveTgb3LAhwrlKv3axH5drw_V23cjJ1YU_1018501_1022727.wav,ThatsSoChey_UCveTgb3LAhwrlKv3axH5drw_V23cjJ1YU,1018501,1022727,4226
ThatsSoChey_UCveTgb3LAhwrlKv3axH5drw_V23cjJ1YU_1023055_1023279.wav,ThatsSoChey_UCveTgb3LAhwrlKv3axH5drw_V23cjJ1YU,1023055,1023279,224
ThatsSoChey_UCveTgb3LAhwrlKv3axH5drw_V23cjJ1YU_1023647_1023747.wav,ThatsSoChey_UCveTgb3LAhwrlKv3axH5drw_V23cjJ1YU,1023647,1023747,100
ThatsSoChey_UCveTgb3LAhwrlKv3axH5drw_V23cjJ1YU_1023987_1025883.wav,ThatsSoChey_UCveTgb3LAhwrlKv3axH5drw_V23cjJ1YU,1023987,1025883,1896
ThatsSoChey_UCveTgb3LAhwrlKv3axH5drw_V23cjJ1YU_1026083_1033163.wav,ThatsSoChey_UCveTgb3LAhwrlKv3axH5drw_V23cjJ1YU,1026083,1033163,7080
ThatsSoChey_UCveTgb3LAhwrlKv3axH5drw_V23cjJ1YU_1033419_1035955.wav,ThatsSoChey_UCveTgb3LAhwrlKv3axH5drw_V23cjJ1YU,1033419,1035955,2536
ThatsSoChey_UCveTgb3LAhwrlKv3axH5drw_V23cjJ1YU_1036171_1036359.wav,ThatsSoChey_UCveTgb3LAhwrlKv3axH5drw_V23cjJ1YU,1036171,1036359,188
ThatsSoChey_UCveTgb3LAhwrlKv3axH5drw_V23cjJ1YU_1036615_1039785.wav,ThatsSoChey_UCveTgb3LAhwrlKv3axH5drw_V23cjJ1YU,1036615,1039785,3170
ThatsSoChey_UCveTgb3LAhwrlKv3axH5drw_V23cjJ1YU_1040177_1040313.wav,ThatsSoChey_UCveTgb3LAhwrlKv3axH5drw_V23cjJ1YU,1040177,1040313,136
ThatsSoChey_UCveTgb3LAhwrlKv3axH5drw_V23cjJ1YU_1040737_1049369.wav,ThatsSoChey_UCveTgb3LAhwrlKv3axH5drw_V23cjJ1YU,1040737,1049369,8632
ThatsSoChey_UCveTgb3LAhwrlKv3axH5drw_V23cjJ1YU_1049905_1056897.wav,ThatsSoChey_UCveTgb3LAhwrlKv3axH5drw_V23cjJ1YU,1049905,1056897,6992
ThatsSoChey_UCveTgb3LAhwrlKv3axH5drw_V23cjJ1YU_1057089_1063609.wav,ThatsSoChey_UCveTgb3LAhwrlKv3axH5drw_V23cjJ1YU,1057089,1063609,6520
ThatsSoChey_UCveTgb3LAhwrlKv3axH5drw_V23cjJ1YU_1063809_1066673.wav,ThatsSoChey_UCveTgb3LAhwrlKv3axH5drw_V23cjJ1YU,1063809,1066673,2864
ThatsSoChey_UCveTgb3LAhwrlKv3axH5drw_V23cjJ1YU_1066873_1066993.wav,ThatsSoChey_UCveTgb3LAhwrlKv3axH5drw_V23cjJ1YU,1066873,1066993,120
ThatsSoChey_UCveTgb3LAhwrlKv3axH5drw_V23cjJ1YU_1067257_1067826.wav,ThatsSoChey_UCveTgb3LAhwrlKv3axH5drw_V23cjJ1YU,1067257,1067826,569
ThatsSoChey_UCveTgb3LAhwrlKv3axH5drw_V23cjJ1YU_1068010_1078882.wav,ThatsSoChey_UCveTgb3LAhwrlKv3axH5drw_V23cjJ1YU,1068010,1078882,10872
ThatsSoChey_UCveTgb3LAhwrlKv3axH5drw_V23cjJ1YU_1079034_1080115.wav,ThatsSoChey_UCveTgb3LAhwrlKv3axH5drw_V23cjJ1YU,1079034,1080115,1081
ThatsSoChey_UCveTgb3LAhwrlKv3axH5drw_V23cjJ1YU_1080387_1080643.wav,ThatsSoChey_UCveTgb3LAhwrlKv3axH5drw_V23cjJ1YU,1080387,1080643,256
ThatsSoChey_UCveTgb3LAhwrlKv3axH5drw_V23cjJ1YU_1080979_1081131.wav,ThatsSoChey_UCveTgb3LAhwrlKv3axH5drw_V23cjJ1YU,1080979,1081131,152
ThatsSoChey_UCveTgb3LAhwrlKv3axH5drw_V23cjJ1YU_1081723_1084395.wav,ThatsSoChey_UCveTgb3LAhwrlKv3axH5drw_V23cjJ1YU,1081723,1084395,2672
ThatsSoChey_UCveTgb3LAhwrlKv3axH5drw_V23cjJ1YU_1087099_1087427.wav,ThatsSoChey_UCveTgb3LAhwrlKv3axH5drw_V23cjJ1YU,1087099,1087427,328
ThatsSoChey_UCveTgb3LAhwrlKv3axH5drw_V23cjJ1YU_1087787_1088827.wav,ThatsSoChey_UCveTgb3LAhwrlKv3axH5drw_V23cjJ1YU,1087787,1088827,1040
ThatsSoChey_UCveTgb3LAhwrlKv3axH5drw_V23cjJ1YU_1089187_1089523.wav,ThatsSoChey_UCveTgb3LAhwrlKv3axH5drw_V23cjJ1YU,1089187,1089523,336
ThatsSoChey_UCveTgb3LAhwrlKv3axH5drw_V23cjJ1YU_1089875_1092461.wav,ThatsSoChey_UCveTgb3LAhwrlKv3axH5drw_V23cjJ1YU,1089875,1092461,2586
ThatsSoChey_UCveTgb3LAhwrlKv3axH5drw_V23cjJ1YU_1092669_1095253.wav,ThatsSoChey_UCveTgb3LAhwrlKv3axH5drw_V23cjJ1YU,1092669,1095253,2584
ThatsSoChey_UCveTgb3LAhwrlKv3axH5drw_V23cjJ1YU_1095461_1097701.wav,ThatsSoChey_UCveTgb3LAhwrlKv3axH5drw_V23cjJ1YU,1095461,1097701,2240
ThatsSoChey_UCveTgb3LAhwrlKv3axH5drw_V23cjJ1YU_1097909_1100493.wav,ThatsSoChey_UCveTgb3LAhwrlKv3axH5drw_V23cjJ1YU,1097909,1100493,2584
ThatsSoChey_UCveTgb3LAhwrlKv3axH5drw_V23cjJ1YU_1100709_1103319.wav,ThatsSoChey_UCveTgb3LAhwrlKv3axH5drw_V23cjJ1YU,1100709,1103319,2610
