filename,video_id,start_time,end_time,duration
Mikealla_UCdQQg32M0O4ZQMogV1Wfcig_aAIYRzD9Ho_0_4232.wav,Mikealla_UCdQQg32M0O4ZQMogV1Wfcig_aAIYRzD9Ho,0,4232,4232
Mikealla_UCdQQg32M0O4ZQMogV1Wfcig_aAIYRzD9Ho_4360_14608.wav,Mikealla_UCdQQg32M0O4ZQMogV1Wfcig_aAIYRzD9Ho,4360,14608,10248
Mikealla_UCdQQg32M0O4ZQMogV1Wfcig_aAIYRzD9Ho_14760_19872.wav,Mikealla_UCdQQg32M0O4ZQMogV1Wfcig_aAIYRzD9Ho,14760,19872,5112
Mikealla_UCdQQg32M0O4ZQMogV1Wfcig_aAIYRzD9Ho_19968_48424.wav,Mikealla_UCdQQg32M0O4ZQMogV1Wfcig_aAIYRzD9Ho,19968,48424,28456
Mikealla_UCdQQg32M0O4ZQMogV1Wfcig_aAIYRzD9Ho_48544_52328.wav,Mikealla_UCdQQg32M0O4ZQMogV1Wfcig_aAIYRzD9Ho,48544,52328,3784
Mikealla_UCdQQg32M0O4ZQMogV1Wfcig_aAIYRzD9Ho_52488_63296.wav,Mikealla_UCdQQg32M0O4ZQMogV1Wfcig_aAIYRzD9Ho,52488,63296,10808
Mikealla_UCdQQg32M0O4ZQMogV1Wfcig_aAIYRzD9Ho_63640_69316.wav,Mikealla_UCdQQg32M0O4ZQMogV1Wfcig_aAIYRzD9Ho,63640,69316,5676
Mikealla_UCdQQg32M0O4ZQMogV1Wfcig_aAIYRzD9Ho_69420_70324.wav,Mikealla_UCdQQg32M0O4ZQMogV1Wfcig_aAIYRzD9Ho,69420,70324,904
Mikealla_UCdQQg32M0O4ZQMogV1Wfcig_aAIYRzD9Ho_70428_78438.wav,Mikealla_UCdQQg32M0O4ZQMogV1Wfcig_aAIYRzD9Ho,70428,78438,8010
Mikealla_UCdQQg32M0O4ZQMogV1Wfcig_aAIYRzD9Ho_78518_86552.wav,Mikealla_UCdQQg32M0O4ZQMogV1Wfcig_aAIYRzD9Ho,78518,86552,8034
Mikealla_UCdQQg32M0O4ZQMogV1Wfcig_aAIYRzD9Ho_86952_100344.wav,Mikealla_UCdQQg32M0O4ZQMogV1Wfcig_aAIYRzD9Ho,86952,100344,13392
Mikealla_UCdQQg32M0O4ZQMogV1Wfcig_aAIYRzD9Ho_100464_102488.wav,Mikealla_UCdQQg32M0O4ZQMogV1Wfcig_aAIYRzD9Ho,100464,102488,2024
Mikealla_UCdQQg32M0O4ZQMogV1Wfcig_aAIYRzD9Ho_102680_106552.wav,Mikealla_UCdQQg32M0O4ZQMogV1Wfcig_aAIYRzD9Ho,102680,106552,3872
Mikealla_UCdQQg32M0O4ZQMogV1Wfcig_aAIYRzD9Ho_106840_107908.wav,Mikealla_UCdQQg32M0O4ZQMogV1Wfcig_aAIYRzD9Ho,106840,107908,1068
Mikealla_UCdQQg32M0O4ZQMogV1Wfcig_aAIYRzD9Ho_108076_111989.wav,Mikealla_UCdQQg32M0O4ZQMogV1Wfcig_aAIYRzD9Ho,108076,111989,3913
Mikealla_UCdQQg32M0O4ZQMogV1Wfcig_aAIYRzD9Ho_112093_126478.wav,Mikealla_UCdQQg32M0O4ZQMogV1Wfcig_aAIYRzD9Ho,112093,126478,14385
Mikealla_UCdQQg32M0O4ZQMogV1Wfcig_aAIYRzD9Ho_126582_127496.wav,Mikealla_UCdQQg32M0O4ZQMogV1Wfcig_aAIYRzD9Ho,126582,127496,914
Mikealla_UCdQQg32M0O4ZQMogV1Wfcig_aAIYRzD9Ho_127752_137200.wav,Mikealla_UCdQQg32M0O4ZQMogV1Wfcig_aAIYRzD9Ho,127752,137200,9448
Mikealla_UCdQQg32M0O4ZQMogV1Wfcig_aAIYRzD9Ho_137328_145856.wav,Mikealla_UCdQQg32M0O4ZQMogV1Wfcig_aAIYRzD9Ho,137328,145856,8528
Mikealla_UCdQQg32M0O4ZQMogV1Wfcig_aAIYRzD9Ho_145992_163880.wav,Mikealla_UCdQQg32M0O4ZQMogV1Wfcig_aAIYRzD9Ho,145992,163880,17888
Mikealla_UCdQQg32M0O4ZQMogV1Wfcig_aAIYRzD9Ho_163976_164368.wav,Mikealla_UCdQQg32M0O4ZQMogV1Wfcig_aAIYRzD9Ho,163976,164368,392
Mikealla_UCdQQg32M0O4ZQMogV1Wfcig_aAIYRzD9Ho_164472_165992.wav,Mikealla_UCdQQg32M0O4ZQMogV1Wfcig_aAIYRzD9Ho,164472,165992,1520
Mikealla_UCdQQg32M0O4ZQMogV1Wfcig_aAIYRzD9Ho_166136_177472.wav,Mikealla_UCdQQg32M0O4ZQMogV1Wfcig_aAIYRzD9Ho,166136,177472,11336
Mikealla_UCdQQg32M0O4ZQMogV1Wfcig_aAIYRzD9Ho_177864_179696.wav,Mikealla_UCdQQg32M0O4ZQMogV1Wfcig_aAIYRzD9Ho,177864,179696,1832
Mikealla_UCdQQg32M0O4ZQMogV1Wfcig_aAIYRzD9Ho_179784_181608.wav,Mikealla_UCdQQg32M0O4ZQMogV1Wfcig_aAIYRzD9Ho,179784,181608,1824
Mikealla_UCdQQg32M0O4ZQMogV1Wfcig_aAIYRzD9Ho_181696_193760.wav,Mikealla_UCdQQg32M0O4ZQMogV1Wfcig_aAIYRzD9Ho,181696,193760,12064
Mikealla_UCdQQg32M0O4ZQMogV1Wfcig_aAIYRzD9Ho_193920_196608.wav,Mikealla_UCdQQg32M0O4ZQMogV1Wfcig_aAIYRzD9Ho,193920,196608,2688
Mikealla_UCdQQg32M0O4ZQMogV1Wfcig_aAIYRzD9Ho_196896_202328.wav,Mikealla_UCdQQg32M0O4ZQMogV1Wfcig_aAIYRzD9Ho,196896,202328,5432
Mikealla_UCdQQg32M0O4ZQMogV1Wfcig_aAIYRzD9Ho_203136_203608.wav,Mikealla_UCdQQg32M0O4ZQMogV1Wfcig_aAIYRzD9Ho,203136,203608,472
Mikealla_UCdQQg32M0O4ZQMogV1Wfcig_aAIYRzD9Ho_204144_204616.wav,Mikealla_UCdQQg32M0O4ZQMogV1Wfcig_aAIYRzD9Ho,204144,204616,472
Mikealla_UCdQQg32M0O4ZQMogV1Wfcig_aAIYRzD9Ho_205008_205548.wav,Mikealla_UCdQQg32M0O4ZQMogV1Wfcig_aAIYRzD9Ho,205008,205548,540
Mikealla_UCdQQg32M0O4ZQMogV1Wfcig_aAIYRzD9Ho_205780_208166.wav,Mikealla_UCdQQg32M0O4ZQMogV1Wfcig_aAIYRzD9Ho,205780,208166,2386
Mikealla_UCdQQg32M0O4ZQMogV1Wfcig_aAIYRzD9Ho_208366_217495.wav,Mikealla_UCdQQg32M0O4ZQMogV1Wfcig_aAIYRzD9Ho,208366,217495,9129
Mikealla_UCdQQg32M0O4ZQMogV1Wfcig_aAIYRzD9Ho_217639_226959.wav,Mikealla_UCdQQg32M0O4ZQMogV1Wfcig_aAIYRzD9Ho,217639,226959,9320
Mikealla_UCdQQg32M0O4ZQMogV1Wfcig_aAIYRzD9Ho_227055_232943.wav,Mikealla_UCdQQg32M0O4ZQMogV1Wfcig_aAIYRzD9Ho,227055,232943,5888
Mikealla_UCdQQg32M0O4ZQMogV1Wfcig_aAIYRzD9Ho_233023_239863.wav,Mikealla_UCdQQg32M0O4ZQMogV1Wfcig_aAIYRzD9Ho,233023,239863,6840
Mikealla_UCdQQg32M0O4ZQMogV1Wfcig_aAIYRzD9Ho_239943_245192.wav,Mikealla_UCdQQg32M0O4ZQMogV1Wfcig_aAIYRzD9Ho,239943,245192,5249
Mikealla_UCdQQg32M0O4ZQMogV1Wfcig_aAIYRzD9Ho_245616_247656.wav,Mikealla_UCdQQg32M0O4ZQMogV1Wfcig_aAIYRzD9Ho,245616,247656,2040
Mikealla_UCdQQg32M0O4ZQMogV1Wfcig_aAIYRzD9Ho_247872_248744.wav,Mikealla_UCdQQg32M0O4ZQMogV1Wfcig_aAIYRzD9Ho,247872,248744,872
Mikealla_UCdQQg32M0O4ZQMogV1Wfcig_aAIYRzD9Ho_248920_256824.wav,Mikealla_UCdQQg32M0O4ZQMogV1Wfcig_aAIYRzD9Ho,248920,256824,7904
Mikealla_UCdQQg32M0O4ZQMogV1Wfcig_aAIYRzD9Ho_256920_265273.wav,Mikealla_UCdQQg32M0O4ZQMogV1Wfcig_aAIYRzD9Ho,256920,265273,8353
Mikealla_UCdQQg32M0O4ZQMogV1Wfcig_aAIYRzD9Ho_265393_270401.wav,Mikealla_UCdQQg32M0O4ZQMogV1Wfcig_aAIYRzD9Ho,265393,270401,5008
Mikealla_UCdQQg32M0O4ZQMogV1Wfcig_aAIYRzD9Ho_270505_281962.wav,Mikealla_UCdQQg32M0O4ZQMogV1Wfcig_aAIYRzD9Ho,270505,281962,11457
Mikealla_UCdQQg32M0O4ZQMogV1Wfcig_aAIYRzD9Ho_282090_287314.wav,Mikealla_UCdQQg32M0O4ZQMogV1Wfcig_aAIYRzD9Ho,282090,287314,5224
Mikealla_UCdQQg32M0O4ZQMogV1Wfcig_aAIYRzD9Ho_287442_294594.wav,Mikealla_UCdQQg32M0O4ZQMogV1Wfcig_aAIYRzD9Ho,287442,294594,7152
Mikealla_UCdQQg32M0O4ZQMogV1Wfcig_aAIYRzD9Ho_294730_300580.wav,Mikealla_UCdQQg32M0O4ZQMogV1Wfcig_aAIYRzD9Ho,294730,300580,5850
Mikealla_UCdQQg32M0O4ZQMogV1Wfcig_aAIYRzD9Ho_300836_305742.wav,Mikealla_UCdQQg32M0O4ZQMogV1Wfcig_aAIYRzD9Ho,300836,305742,4906
Mikealla_UCdQQg32M0O4ZQMogV1Wfcig_aAIYRzD9Ho_305878_314264.wav,Mikealla_UCdQQg32M0O4ZQMogV1Wfcig_aAIYRzD9Ho,305878,314264,8386
Mikealla_UCdQQg32M0O4ZQMogV1Wfcig_aAIYRzD9Ho_314432_328320.wav,Mikealla_UCdQQg32M0O4ZQMogV1Wfcig_aAIYRzD9Ho,314432,328320,13888
Mikealla_UCdQQg32M0O4ZQMogV1Wfcig_aAIYRzD9Ho_328584_335184.wav,Mikealla_UCdQQg32M0O4ZQMogV1Wfcig_aAIYRzD9Ho,328584,335184,6600
Mikealla_UCdQQg32M0O4ZQMogV1Wfcig_aAIYRzD9Ho_335488_340832.wav,Mikealla_UCdQQg32M0O4ZQMogV1Wfcig_aAIYRzD9Ho,335488,340832,5344
Mikealla_UCdQQg32M0O4ZQMogV1Wfcig_aAIYRzD9Ho_341160_342410.wav,Mikealla_UCdQQg32M0O4ZQMogV1Wfcig_aAIYRzD9Ho,341160,342410,1250
Mikealla_UCdQQg32M0O4ZQMogV1Wfcig_aAIYRzD9Ho_342570_349828.wav,Mikealla_UCdQQg32M0O4ZQMogV1Wfcig_aAIYRzD9Ho,342570,349828,7258
Mikealla_UCdQQg32M0O4ZQMogV1Wfcig_aAIYRzD9Ho_350084_365016.wav,Mikealla_UCdQQg32M0O4ZQMogV1Wfcig_aAIYRzD9Ho,350084,365016,14932
Mikealla_UCdQQg32M0O4ZQMogV1Wfcig_aAIYRzD9Ho_365296_368824.wav,Mikealla_UCdQQg32M0O4ZQMogV1Wfcig_aAIYRzD9Ho,365296,368824,3528
Mikealla_UCdQQg32M0O4ZQMogV1Wfcig_aAIYRzD9Ho_369200_379178.wav,Mikealla_UCdQQg32M0O4ZQMogV1Wfcig_aAIYRzD9Ho,369200,379178,9978
Mikealla_UCdQQg32M0O4ZQMogV1Wfcig_aAIYRzD9Ho_379306_390292.wav,Mikealla_UCdQQg32M0O4ZQMogV1Wfcig_aAIYRzD9Ho,379306,390292,10986
Mikealla_UCdQQg32M0O4ZQMogV1Wfcig_aAIYRzD9Ho_390468_396318.wav,Mikealla_UCdQQg32M0O4ZQMogV1Wfcig_aAIYRzD9Ho,390468,396318,5850
Mikealla_UCdQQg32M0O4ZQMogV1Wfcig_aAIYRzD9Ho_396398_408518.wav,Mikealla_UCdQQg32M0O4ZQMogV1Wfcig_aAIYRzD9Ho,396398,408518,12120
Mikealla_UCdQQg32M0O4ZQMogV1Wfcig_aAIYRzD9Ho_408598_409936.wav,Mikealla_UCdQQg32M0O4ZQMogV1Wfcig_aAIYRzD9Ho,408598,409936,1338
Mikealla_UCdQQg32M0O4ZQMogV1Wfcig_aAIYRzD9Ho_410320_411736.wav,Mikealla_UCdQQg32M0O4ZQMogV1Wfcig_aAIYRzD9Ho,410320,411736,1416
Mikealla_UCdQQg32M0O4ZQMogV1Wfcig_aAIYRzD9Ho_412216_416560.wav,Mikealla_UCdQQg32M0O4ZQMogV1Wfcig_aAIYRzD9Ho,412216,416560,4344
Mikealla_UCdQQg32M0O4ZQMogV1Wfcig_aAIYRzD9Ho_416696_421472.wav,Mikealla_UCdQQg32M0O4ZQMogV1Wfcig_aAIYRzD9Ho,416696,421472,4776
Mikealla_UCdQQg32M0O4ZQMogV1Wfcig_aAIYRzD9Ho_421560_424768.wav,Mikealla_UCdQQg32M0O4ZQMogV1Wfcig_aAIYRzD9Ho,421560,424768,3208
Mikealla_UCdQQg32M0O4ZQMogV1Wfcig_aAIYRzD9Ho_424848_438152.wav,Mikealla_UCdQQg32M0O4ZQMogV1Wfcig_aAIYRzD9Ho,424848,438152,13304
Mikealla_UCdQQg32M0O4ZQMogV1Wfcig_aAIYRzD9Ho_438256_449216.wav,Mikealla_UCdQQg32M0O4ZQMogV1Wfcig_aAIYRzD9Ho,438256,449216,10960
Mikealla_UCdQQg32M0O4ZQMogV1Wfcig_aAIYRzD9Ho_449320_450208.wav,Mikealla_UCdQQg32M0O4ZQMogV1Wfcig_aAIYRzD9Ho,449320,450208,888
Mikealla_UCdQQg32M0O4ZQMogV1Wfcig_aAIYRzD9Ho_451856_452440.wav,Mikealla_UCdQQg32M0O4ZQMogV1Wfcig_aAIYRzD9Ho,451856,452440,584
Mikealla_UCdQQg32M0O4ZQMogV1Wfcig_aAIYRzD9Ho_452768_476100.wav,Mikealla_UCdQQg32M0O4ZQMogV1Wfcig_aAIYRzD9Ho,452768,476100,23332
Mikealla_UCdQQg32M0O4ZQMogV1Wfcig_aAIYRzD9Ho_476212_492854.wav,Mikealla_UCdQQg32M0O4ZQMogV1Wfcig_aAIYRzD9Ho,476212,492854,16642
Mikealla_UCdQQg32M0O4ZQMogV1Wfcig_aAIYRzD9Ho_492966_498832.wav,Mikealla_UCdQQg32M0O4ZQMogV1Wfcig_aAIYRzD9Ho,492966,498832,5866
Mikealla_UCdQQg32M0O4ZQMogV1Wfcig_aAIYRzD9Ho_499376_500808.wav,Mikealla_UCdQQg32M0O4ZQMogV1Wfcig_aAIYRzD9Ho,499376,500808,1432
Mikealla_UCdQQg32M0O4ZQMogV1Wfcig_aAIYRzD9Ho_500936_515600.wav,Mikealla_UCdQQg32M0O4ZQMogV1Wfcig_aAIYRzD9Ho,500936,515600,14664
Mikealla_UCdQQg32M0O4ZQMogV1Wfcig_aAIYRzD9Ho_515688_529896.wav,Mikealla_UCdQQg32M0O4ZQMogV1Wfcig_aAIYRzD9Ho,515688,529896,14208
Mikealla_UCdQQg32M0O4ZQMogV1Wfcig_aAIYRzD9Ho_529976_530232.wav,Mikealla_UCdQQg32M0O4ZQMogV1Wfcig_aAIYRzD9Ho,529976,530232,256
Mikealla_UCdQQg32M0O4ZQMogV1Wfcig_aAIYRzD9Ho_530360_531554.wav,Mikealla_UCdQQg32M0O4ZQMogV1Wfcig_aAIYRzD9Ho,530360,531554,1194
Mikealla_UCdQQg32M0O4ZQMogV1Wfcig_aAIYRzD9Ho_531642_535818.wav,Mikealla_UCdQQg32M0O4ZQMogV1Wfcig_aAIYRzD9Ho,531642,535818,4176
Mikealla_UCdQQg32M0O4ZQMogV1Wfcig_aAIYRzD9Ho_535906_547692.wav,Mikealla_UCdQQg32M0O4ZQMogV1Wfcig_aAIYRzD9Ho,535906,547692,11786
Mikealla_UCdQQg32M0O4ZQMogV1Wfcig_aAIYRzD9Ho_547812_550912.wav,Mikealla_UCdQQg32M0O4ZQMogV1Wfcig_aAIYRzD9Ho,547812,550912,3100
Mikealla_UCdQQg32M0O4ZQMogV1Wfcig_aAIYRzD9Ho_551048_552736.wav,Mikealla_UCdQQg32M0O4ZQMogV1Wfcig_aAIYRzD9Ho,551048,552736,1688
Mikealla_UCdQQg32M0O4ZQMogV1Wfcig_aAIYRzD9Ho_552864_565264.wav,Mikealla_UCdQQg32M0O4ZQMogV1Wfcig_aAIYRzD9Ho,552864,565264,12400
Mikealla_UCdQQg32M0O4ZQMogV1Wfcig_aAIYRzD9Ho_565416_566992.wav,Mikealla_UCdQQg32M0O4ZQMogV1Wfcig_aAIYRzD9Ho,565416,566992,1576
Mikealla_UCdQQg32M0O4ZQMogV1Wfcig_aAIYRzD9Ho_567432_580668.wav,Mikealla_UCdQQg32M0O4ZQMogV1Wfcig_aAIYRzD9Ho,567432,580668,13236
Mikealla_UCdQQg32M0O4ZQMogV1Wfcig_aAIYRzD9Ho_580812_596816.wav,Mikealla_UCdQQg32M0O4ZQMogV1Wfcig_aAIYRzD9Ho,580812,596816,16004
Mikealla_UCdQQg32M0O4ZQMogV1Wfcig_aAIYRzD9Ho_597224_599448.wav,Mikealla_UCdQQg32M0O4ZQMogV1Wfcig_aAIYRzD9Ho,597224,599448,2224
Mikealla_UCdQQg32M0O4ZQMogV1Wfcig_aAIYRzD9Ho_599640_608160.wav,Mikealla_UCdQQg32M0O4ZQMogV1Wfcig_aAIYRzD9Ho,599640,608160,8520
Mikealla_UCdQQg32M0O4ZQMogV1Wfcig_aAIYRzD9Ho_608608_609489.wav,Mikealla_UCdQQg32M0O4ZQMogV1Wfcig_aAIYRzD9Ho,608608,609489,881
Mikealla_UCdQQg32M0O4ZQMogV1Wfcig_aAIYRzD9Ho_609609_613601.wav,Mikealla_UCdQQg32M0O4ZQMogV1Wfcig_aAIYRzD9Ho,609609,613601,3992
Mikealla_UCdQQg32M0O4ZQMogV1Wfcig_aAIYRzD9Ho_613705_624921.wav,Mikealla_UCdQQg32M0O4ZQMogV1Wfcig_aAIYRzD9Ho,613705,624921,11216
Mikealla_UCdQQg32M0O4ZQMogV1Wfcig_aAIYRzD9Ho_625009_640857.wav,Mikealla_UCdQQg32M0O4ZQMogV1Wfcig_aAIYRzD9Ho,625009,640857,15848
Mikealla_UCdQQg32M0O4ZQMogV1Wfcig_aAIYRzD9Ho_640937_645513.wav,Mikealla_UCdQQg32M0O4ZQMogV1Wfcig_aAIYRzD9Ho,640937,645513,4576
Mikealla_UCdQQg32M0O4ZQMogV1Wfcig_aAIYRzD9Ho_645593_651073.wav,Mikealla_UCdQQg32M0O4ZQMogV1Wfcig_aAIYRzD9Ho,645593,651073,5480
Mikealla_UCdQQg32M0O4ZQMogV1Wfcig_aAIYRzD9Ho_651169_656290.wav,Mikealla_UCdQQg32M0O4ZQMogV1Wfcig_aAIYRzD9Ho,651169,656290,5121
Mikealla_UCdQQg32M0O4ZQMogV1Wfcig_aAIYRzD9Ho_656474_664314.wav,Mikealla_UCdQQg32M0O4ZQMogV1Wfcig_aAIYRzD9Ho,656474,664314,7840
Mikealla_UCdQQg32M0O4ZQMogV1Wfcig_aAIYRzD9Ho_664482_673411.wav,Mikealla_UCdQQg32M0O4ZQMogV1Wfcig_aAIYRzD9Ho,664482,673411,8929
Mikealla_UCdQQg32M0O4ZQMogV1Wfcig_aAIYRzD9Ho_673547_685379.wav,Mikealla_UCdQQg32M0O4ZQMogV1Wfcig_aAIYRzD9Ho,673547,685379,11832
Mikealla_UCdQQg32M0O4ZQMogV1Wfcig_aAIYRzD9Ho_685491_689299.wav,Mikealla_UCdQQg32M0O4ZQMogV1Wfcig_aAIYRzD9Ho,685491,689299,3808
Mikealla_UCdQQg32M0O4ZQMogV1Wfcig_aAIYRzD9Ho_689403_689876.wav,Mikealla_UCdQQg32M0O4ZQMogV1Wfcig_aAIYRzD9Ho,689403,689876,473
Mikealla_UCdQQg32M0O4ZQMogV1Wfcig_aAIYRzD9Ho_690116_707756.wav,Mikealla_UCdQQg32M0O4ZQMogV1Wfcig_aAIYRzD9Ho,690116,707756,17640
Mikealla_UCdQQg32M0O4ZQMogV1Wfcig_aAIYRzD9Ho_707836_709620.wav,Mikealla_UCdQQg32M0O4ZQMogV1Wfcig_aAIYRzD9Ho,707836,709620,1784
Mikealla_UCdQQg32M0O4ZQMogV1Wfcig_aAIYRzD9Ho_709764_710077.wav,Mikealla_UCdQQg32M0O4ZQMogV1Wfcig_aAIYRzD9Ho,709764,710077,313
Mikealla_UCdQQg32M0O4ZQMogV1Wfcig_aAIYRzD9Ho_710173_719541.wav,Mikealla_UCdQQg32M0O4ZQMogV1Wfcig_aAIYRzD9Ho,710173,719541,9368
Mikealla_UCdQQg32M0O4ZQMogV1Wfcig_aAIYRzD9Ho_719637_732981.wav,Mikealla_UCdQQg32M0O4ZQMogV1Wfcig_aAIYRzD9Ho,719637,732981,13344
Mikealla_UCdQQg32M0O4ZQMogV1Wfcig_aAIYRzD9Ho_733149_736910.wav,Mikealla_UCdQQg32M0O4ZQMogV1Wfcig_aAIYRzD9Ho,733149,736910,3761
Mikealla_UCdQQg32M0O4ZQMogV1Wfcig_aAIYRzD9Ho_737062_742424.wav,Mikealla_UCdQQg32M0O4ZQMogV1Wfcig_aAIYRzD9Ho,737062,742424,5362
Mikealla_UCdQQg32M0O4ZQMogV1Wfcig_aAIYRzD9Ho_742920_753572.wav,Mikealla_UCdQQg32M0O4ZQMogV1Wfcig_aAIYRzD9Ho,742920,753572,10652
Mikealla_UCdQQg32M0O4ZQMogV1Wfcig_aAIYRzD9Ho_753732_765544.wav,Mikealla_UCdQQg32M0O4ZQMogV1Wfcig_aAIYRzD9Ho,753732,765544,11812
Mikealla_UCdQQg32M0O4ZQMogV1Wfcig_aAIYRzD9Ho_765696_767308.wav,Mikealla_UCdQQg32M0O4ZQMogV1Wfcig_aAIYRzD9Ho,765696,767308,1612
Mikealla_UCdQQg32M0O4ZQMogV1Wfcig_aAIYRzD9Ho_767476_768732.wav,Mikealla_UCdQQg32M0O4ZQMogV1Wfcig_aAIYRzD9Ho,767476,768732,1256
Mikealla_UCdQQg32M0O4ZQMogV1Wfcig_aAIYRzD9Ho_768844_789021.wav,Mikealla_UCdQQg32M0O4ZQMogV1Wfcig_aAIYRzD9Ho,768844,789021,20177
Mikealla_UCdQQg32M0O4ZQMogV1Wfcig_aAIYRzD9Ho_789173_789833.wav,Mikealla_UCdQQg32M0O4ZQMogV1Wfcig_aAIYRzD9Ho,789173,789833,660
Mikealla_UCdQQg32M0O4ZQMogV1Wfcig_aAIYRzD9Ho_789961_800997.wav,Mikealla_UCdQQg32M0O4ZQMogV1Wfcig_aAIYRzD9Ho,789961,800997,11036
Mikealla_UCdQQg32M0O4ZQMogV1Wfcig_aAIYRzD9Ho_801125_812878.wav,Mikealla_UCdQQg32M0O4ZQMogV1Wfcig_aAIYRzD9Ho,801125,812878,11753
Mikealla_UCdQQg32M0O4ZQMogV1Wfcig_aAIYRzD9Ho_813014_820014.wav,Mikealla_UCdQQg32M0O4ZQMogV1Wfcig_aAIYRzD9Ho,813014,820014,7000
Mikealla_UCdQQg32M0O4ZQMogV1Wfcig_aAIYRzD9Ho_820142_823616.wav,Mikealla_UCdQQg32M0O4ZQMogV1Wfcig_aAIYRzD9Ho,820142,823616,3474
Mikealla_UCdQQg32M0O4ZQMogV1Wfcig_aAIYRzD9Ho_823872_825450.wav,Mikealla_UCdQQg32M0O4ZQMogV1Wfcig_aAIYRzD9Ho,823872,825450,1578
Mikealla_UCdQQg32M0O4ZQMogV1Wfcig_aAIYRzD9Ho_825554_831107.wav,Mikealla_UCdQQg32M0O4ZQMogV1Wfcig_aAIYRzD9Ho,825554,831107,5553
Mikealla_UCdQQg32M0O4ZQMogV1Wfcig_aAIYRzD9Ho_831195_832859.wav,Mikealla_UCdQQg32M0O4ZQMogV1Wfcig_aAIYRzD9Ho,831195,832859,1664
Mikealla_UCdQQg32M0O4ZQMogV1Wfcig_aAIYRzD9Ho_832947_835483.wav,Mikealla_UCdQQg32M0O4ZQMogV1Wfcig_aAIYRzD9Ho,832947,835483,2536
Mikealla_UCdQQg32M0O4ZQMogV1Wfcig_aAIYRzD9Ho_835571_847971.wav,Mikealla_UCdQQg32M0O4ZQMogV1Wfcig_aAIYRzD9Ho,835571,847971,12400
Mikealla_UCdQQg32M0O4ZQMogV1Wfcig_aAIYRzD9Ho_848051_855419.wav,Mikealla_UCdQQg32M0O4ZQMogV1Wfcig_aAIYRzD9Ho,848051,855419,7368
Mikealla_UCdQQg32M0O4ZQMogV1Wfcig_aAIYRzD9Ho_855507_855715.wav,Mikealla_UCdQQg32M0O4ZQMogV1Wfcig_aAIYRzD9Ho,855507,855715,208
Mikealla_UCdQQg32M0O4ZQMogV1Wfcig_aAIYRzD9Ho_855795_869548.wav,Mikealla_UCdQQg32M0O4ZQMogV1Wfcig_aAIYRzD9Ho,855795,869548,13753
Mikealla_UCdQQg32M0O4ZQMogV1Wfcig_aAIYRzD9Ho_869708_878038.wav,Mikealla_UCdQQg32M0O4ZQMogV1Wfcig_aAIYRzD9Ho,869708,878038,8330
Mikealla_UCdQQg32M0O4ZQMogV1Wfcig_aAIYRzD9Ho_878158_882478.wav,Mikealla_UCdQQg32M0O4ZQMogV1Wfcig_aAIYRzD9Ho,878158,882478,4320
Mikealla_UCdQQg32M0O4ZQMogV1Wfcig_aAIYRzD9Ho_882590_898863.wav,Mikealla_UCdQQg32M0O4ZQMogV1Wfcig_aAIYRzD9Ho,882590,898863,16273
Mikealla_UCdQQg32M0O4ZQMogV1Wfcig_aAIYRzD9Ho_898975_904984.wav,Mikealla_UCdQQg32M0O4ZQMogV1Wfcig_aAIYRzD9Ho,898975,904984,6009
Mikealla_UCdQQg32M0O4ZQMogV1Wfcig_aAIYRzD9Ho_905416_906792.wav,Mikealla_UCdQQg32M0O4ZQMogV1Wfcig_aAIYRzD9Ho,905416,906792,1376
Mikealla_UCdQQg32M0O4ZQMogV1Wfcig_aAIYRzD9Ho_906896_913352.wav,Mikealla_UCdQQg32M0O4ZQMogV1Wfcig_aAIYRzD9Ho,906896,913352,6456
Mikealla_UCdQQg32M0O4ZQMogV1Wfcig_aAIYRzD9Ho_913448_923496.wav,Mikealla_UCdQQg32M0O4ZQMogV1Wfcig_aAIYRzD9Ho,913448,923496,10048
Mikealla_UCdQQg32M0O4ZQMogV1Wfcig_aAIYRzD9Ho_923616_927360.wav,Mikealla_UCdQQg32M0O4ZQMogV1Wfcig_aAIYRzD9Ho,923616,927360,3744
Mikealla_UCdQQg32M0O4ZQMogV1Wfcig_aAIYRzD9Ho_927584_931288.wav,Mikealla_UCdQQg32M0O4ZQMogV1Wfcig_aAIYRzD9Ho,927584,931288,3704
Mikealla_UCdQQg32M0O4ZQMogV1Wfcig_aAIYRzD9Ho_931584_934272.wav,Mikealla_UCdQQg32M0O4ZQMogV1Wfcig_aAIYRzD9Ho,931584,934272,2688
Mikealla_UCdQQg32M0O4ZQMogV1Wfcig_aAIYRzD9Ho_934568_948137.wav,Mikealla_UCdQQg32M0O4ZQMogV1Wfcig_aAIYRzD9Ho,934568,948137,13569
Mikealla_UCdQQg32M0O4ZQMogV1Wfcig_aAIYRzD9Ho_948321_960378.wav,Mikealla_UCdQQg32M0O4ZQMogV1Wfcig_aAIYRzD9Ho,948321,960378,12057
Mikealla_UCdQQg32M0O4ZQMogV1Wfcig_aAIYRzD9Ho_960506_972595.wav,Mikealla_UCdQQg32M0O4ZQMogV1Wfcig_aAIYRzD9Ho,960506,972595,12089
Mikealla_UCdQQg32M0O4ZQMogV1Wfcig_aAIYRzD9Ho_972715_979715.wav,Mikealla_UCdQQg32M0O4ZQMogV1Wfcig_aAIYRzD9Ho,972715,979715,7000
Mikealla_UCdQQg32M0O4ZQMogV1Wfcig_aAIYRzD9Ho_979795_992012.wav,Mikealla_UCdQQg32M0O4ZQMogV1Wfcig_aAIYRzD9Ho,979795,992012,12217
Mikealla_UCdQQg32M0O4ZQMogV1Wfcig_aAIYRzD9Ho_992172_992348.wav,Mikealla_UCdQQg32M0O4ZQMogV1Wfcig_aAIYRzD9Ho,992172,992348,176
Mikealla_UCdQQg32M0O4ZQMogV1Wfcig_aAIYRzD9Ho_992508_999182.wav,Mikealla_UCdQQg32M0O4ZQMogV1Wfcig_aAIYRzD9Ho,992508,999182,6674
Mikealla_UCdQQg32M0O4ZQMogV1Wfcig_aAIYRzD9Ho_999310_1010846.wav,Mikealla_UCdQQg32M0O4ZQMogV1Wfcig_aAIYRzD9Ho,999310,1010846,11536
Mikealla_UCdQQg32M0O4ZQMogV1Wfcig_aAIYRzD9Ho_1010974_1015135.wav,Mikealla_UCdQQg32M0O4ZQMogV1Wfcig_aAIYRzD9Ho,1010974,1015135,4161
Mikealla_UCdQQg32M0O4ZQMogV1Wfcig_aAIYRzD9Ho_1015247_1027967.wav,Mikealla_UCdQQg32M0O4ZQMogV1Wfcig_aAIYRzD9Ho,1015247,1027967,12720
Mikealla_UCdQQg32M0O4ZQMogV1Wfcig_aAIYRzD9Ho_1028087_1041087.wav,Mikealla_UCdQQg32M0O4ZQMogV1Wfcig_aAIYRzD9Ho,1028087,1041087,13000
Mikealla_UCdQQg32M0O4ZQMogV1Wfcig_aAIYRzD9Ho_1041183_1056631.wav,Mikealla_UCdQQg32M0O4ZQMogV1Wfcig_aAIYRzD9Ho,1041183,1056631,15448
Mikealla_UCdQQg32M0O4ZQMogV1Wfcig_aAIYRzD9Ho_1056727_1057615.wav,Mikealla_UCdQQg32M0O4ZQMogV1Wfcig_aAIYRzD9Ho,1056727,1057615,888
Mikealla_UCdQQg32M0O4ZQMogV1Wfcig_aAIYRzD9Ho_1057703_1059512.wav,Mikealla_UCdQQg32M0O4ZQMogV1Wfcig_aAIYRzD9Ho,1057703,1059512,1809
Mikealla_UCdQQg32M0O4ZQMogV1Wfcig_aAIYRzD9Ho_1059784_1071692.wav,Mikealla_UCdQQg32M0O4ZQMogV1Wfcig_aAIYRzD9Ho,1059784,1071692,11908
Mikealla_UCdQQg32M0O4ZQMogV1Wfcig_aAIYRzD9Ho_1071812_1092576.wav,Mikealla_UCdQQg32M0O4ZQMogV1Wfcig_aAIYRzD9Ho,1071812,1092576,20764
Mikealla_UCdQQg32M0O4ZQMogV1Wfcig_aAIYRzD9Ho_1092880_1093104.wav,Mikealla_UCdQQg32M0O4ZQMogV1Wfcig_aAIYRzD9Ho,1092880,1093104,224
Mikealla_UCdQQg32M0O4ZQMogV1Wfcig_aAIYRzD9Ho_1093392_1093528.wav,Mikealla_UCdQQg32M0O4ZQMogV1Wfcig_aAIYRzD9Ho,1093392,1093528,136
