filename,video_id,start_time,end_time,duration
ThatsSoYin_UCVSNUB9UmQ34eFSs2TEjw_1pZgoZrYbWw_0_248.wav,ThatsSoYin_UCVSNUB9UmQ34eFSs2TEjw_1pZgoZrYbWw,0,248,248
ThatsSoYin_UCVSNUB9UmQ34eFSs2TEjw_1pZgoZrYbWw_248_7744.wav,ThatsSoYin_UCVSNUB9UmQ34eFSs2TEjw_1pZgoZrYbWw,248,7744,7496
ThatsSoYin_UCVSNUB9UmQ34eFSs2TEjw_1pZgoZrYbWw_7840_15584.wav,ThatsSoYin_UCVSNUB9UmQ34eFSs2TEjw_1pZgoZrYbWw,7840,15584,7744
ThatsSoYin_UCVSNUB9UmQ34eFSs2TEjw_1pZgoZrYbWw_16304_18120.wav,ThatsSoYin_UCVSNUB9UmQ34eFSs2TEjw_1pZgoZrYbWw,16304,18120,1816
ThatsSoYin_UCVSNUB9UmQ34eFSs2TEjw_1pZgoZrYbWw_18536_19592.wav,ThatsSoYin_UCVSNUB9UmQ34eFSs2TEjw_1pZgoZrYbWw,18536,19592,1056
ThatsSoYin_UCVSNUB9UmQ34eFSs2TEjw_1pZgoZrYbWw_19880_24912.wav,ThatsSoYin_UCVSNUB9UmQ34eFSs2TEjw_1pZgoZrYbWw,19880,24912,5032
ThatsSoYin_UCVSNUB9UmQ34eFSs2TEjw_1pZgoZrYbWw_25168_28500.wav,ThatsSoYin_UCVSNUB9UmQ34eFSs2TEjw_1pZgoZrYbWw,25168,28500,3332
ThatsSoYin_UCVSNUB9UmQ34eFSs2TEjw_1pZgoZrYbWw_28668_37292.wav,ThatsSoYin_UCVSNUB9UmQ34eFSs2TEjw_1pZgoZrYbWw,28668,37292,8624
ThatsSoYin_UCVSNUB9UmQ34eFSs2TEjw_1pZgoZrYbWw_37452_40230.wav,ThatsSoYin_UCVSNUB9UmQ34eFSs2TEjw_1pZgoZrYbWw,37452,40230,2778
ThatsSoYin_UCVSNUB9UmQ34eFSs2TEjw_1pZgoZrYbWw_40438_46862.wav,ThatsSoYin_UCVSNUB9UmQ34eFSs2TEjw_1pZgoZrYbWw,40438,46862,6424
ThatsSoYin_UCVSNUB9UmQ34eFSs2TEjw_1pZgoZrYbWw_46958_54238.wav,ThatsSoYin_UCVSNUB9UmQ34eFSs2TEjw_1pZgoZrYbWw,46958,54238,7280
ThatsSoYin_UCVSNUB9UmQ34eFSs2TEjw_1pZgoZrYbWw_54326_55574.wav,ThatsSoYin_UCVSNUB9UmQ34eFSs2TEjw_1pZgoZrYbWw,54326,55574,1248
ThatsSoYin_UCVSNUB9UmQ34eFSs2TEjw_1pZgoZrYbWw_55782_57583.wav,ThatsSoYin_UCVSNUB9UmQ34eFSs2TEjw_1pZgoZrYbWw,55782,57583,1801
ThatsSoYin_UCVSNUB9UmQ34eFSs2TEjw_1pZgoZrYbWw_57695_59832.wav,ThatsSoYin_UCVSNUB9UmQ34eFSs2TEjw_1pZgoZrYbWw,57695,59832,2137
ThatsSoYin_UCVSNUB9UmQ34eFSs2TEjw_1pZgoZrYbWw_60112_70968.wav,ThatsSoYin_UCVSNUB9UmQ34eFSs2TEjw_1pZgoZrYbWw,60112,70968,10856
ThatsSoYin_UCVSNUB9UmQ34eFSs2TEjw_1pZgoZrYbWw_71208_81044.wav,ThatsSoYin_UCVSNUB9UmQ34eFSs2TEjw_1pZgoZrYbWw,71208,81044,9836
ThatsSoYin_UCVSNUB9UmQ34eFSs2TEjw_1pZgoZrYbWw_81236_96032.wav,ThatsSoYin_UCVSNUB9UmQ34eFSs2TEjw_1pZgoZrYbWw,81236,96032,14796
ThatsSoYin_UCVSNUB9UmQ34eFSs2TEjw_1pZgoZrYbWw_96208_106608.wav,ThatsSoYin_UCVSNUB9UmQ34eFSs2TEjw_1pZgoZrYbWw,96208,106608,10400
ThatsSoYin_UCVSNUB9UmQ34eFSs2TEjw_1pZgoZrYbWw_106904_114904.wav,ThatsSoYin_UCVSNUB9UmQ34eFSs2TEjw_1pZgoZrYbWw,106904,114904,8000
ThatsSoYin_UCVSNUB9UmQ34eFSs2TEjw_1pZgoZrYbWw_115040_128904.wav,ThatsSoYin_UCVSNUB9UmQ34eFSs2TEjw_1pZgoZrYbWw,115040,128904,13864
ThatsSoYin_UCVSNUB9UmQ34eFSs2TEjw_1pZgoZrYbWw_129032_132248.wav,ThatsSoYin_UCVSNUB9UmQ34eFSs2TEjw_1pZgoZrYbWw,129032,132248,3216
ThatsSoYin_UCVSNUB9UmQ34eFSs2TEjw_1pZgoZrYbWw_132520_134240.wav,ThatsSoYin_UCVSNUB9UmQ34eFSs2TEjw_1pZgoZrYbWw,132520,134240,1720
ThatsSoYin_UCVSNUB9UmQ34eFSs2TEjw_1pZgoZrYbWw_134496_134658.wav,ThatsSoYin_UCVSNUB9UmQ34eFSs2TEjw_1pZgoZrYbWw,134496,134658,162
ThatsSoYin_UCVSNUB9UmQ34eFSs2TEjw_1pZgoZrYbWw_134658_135555.wav,ThatsSoYin_UCVSNUB9UmQ34eFSs2TEjw_1pZgoZrYbWw,134658,135555,897
ThatsSoYin_UCVSNUB9UmQ34eFSs2TEjw_1pZgoZrYbWw_135707_142844.wav,ThatsSoYin_UCVSNUB9UmQ34eFSs2TEjw_1pZgoZrYbWw,135707,142844,7137
ThatsSoYin_UCVSNUB9UmQ34eFSs2TEjw_1pZgoZrYbWw_143392_145128.wav,ThatsSoYin_UCVSNUB9UmQ34eFSs2TEjw_1pZgoZrYbWw,143392,145128,1736
ThatsSoYin_UCVSNUB9UmQ34eFSs2TEjw_1pZgoZrYbWw_145280_149776.wav,ThatsSoYin_UCVSNUB9UmQ34eFSs2TEjw_1pZgoZrYbWw,145280,149776,4496
ThatsSoYin_UCVSNUB9UmQ34eFSs2TEjw_1pZgoZrYbWw_149880_151832.wav,ThatsSoYin_UCVSNUB9UmQ34eFSs2TEjw_1pZgoZrYbWw,149880,151832,1952
ThatsSoYin_UCVSNUB9UmQ34eFSs2TEjw_1pZgoZrYbWw_151944_163680.wav,ThatsSoYin_UCVSNUB9UmQ34eFSs2TEjw_1pZgoZrYbWw,151944,163680,11736
ThatsSoYin_UCVSNUB9UmQ34eFSs2TEjw_1pZgoZrYbWw_163840_173912.wav,ThatsSoYin_UCVSNUB9UmQ34eFSs2TEjw_1pZgoZrYbWw,163840,173912,10072
ThatsSoYin_UCVSNUB9UmQ34eFSs2TEjw_1pZgoZrYbWw_174280_186728.wav,ThatsSoYin_UCVSNUB9UmQ34eFSs2TEjw_1pZgoZrYbWw,174280,186728,12448
ThatsSoYin_UCVSNUB9UmQ34eFSs2TEjw_1pZgoZrYbWw_186888_196840.wav,ThatsSoYin_UCVSNUB9UmQ34eFSs2TEjw_1pZgoZrYbWw,186888,196840,9952
ThatsSoYin_UCVSNUB9UmQ34eFSs2TEjw_1pZgoZrYbWw_196992_201088.wav,ThatsSoYin_UCVSNUB9UmQ34eFSs2TEjw_1pZgoZrYbWw,196992,201088,4096
ThatsSoYin_UCVSNUB9UmQ34eFSs2TEjw_1pZgoZrYbWw_201528_207240.wav,ThatsSoYin_UCVSNUB9UmQ34eFSs2TEjw_1pZgoZrYbWw,201528,207240,5712
ThatsSoYin_UCVSNUB9UmQ34eFSs2TEjw_1pZgoZrYbWw_207728_219074.wav,ThatsSoYin_UCVSNUB9UmQ34eFSs2TEjw_1pZgoZrYbWw,207728,219074,11346
ThatsSoYin_UCVSNUB9UmQ34eFSs2TEjw_1pZgoZrYbWw_219186_221202.wav,ThatsSoYin_UCVSNUB9UmQ34eFSs2TEjw_1pZgoZrYbWw,219186,221202,2016
ThatsSoYin_UCVSNUB9UmQ34eFSs2TEjw_1pZgoZrYbWw_221322_226084.wav,ThatsSoYin_UCVSNUB9UmQ34eFSs2TEjw_1pZgoZrYbWw,221322,226084,4762
ThatsSoYin_UCVSNUB9UmQ34eFSs2TEjw_1pZgoZrYbWw_226404_234013.wav,ThatsSoYin_UCVSNUB9UmQ34eFSs2TEjw_1pZgoZrYbWw,226404,234013,7609
ThatsSoYin_UCVSNUB9UmQ34eFSs2TEjw_1pZgoZrYbWw_234173_235246.wav,ThatsSoYin_UCVSNUB9UmQ34eFSs2TEjw_1pZgoZrYbWw,234173,235246,1073
ThatsSoYin_UCVSNUB9UmQ34eFSs2TEjw_1pZgoZrYbWw_235502_240880.wav,ThatsSoYin_UCVSNUB9UmQ34eFSs2TEjw_1pZgoZrYbWw,235502,240880,5378
ThatsSoYin_UCVSNUB9UmQ34eFSs2TEjw_1pZgoZrYbWw_241552_252600.wav,ThatsSoYin_UCVSNUB9UmQ34eFSs2TEjw_1pZgoZrYbWw,241552,252600,11048
ThatsSoYin_UCVSNUB9UmQ34eFSs2TEjw_1pZgoZrYbWw_252688_262848.wav,ThatsSoYin_UCVSNUB9UmQ34eFSs2TEjw_1pZgoZrYbWw,252688,262848,10160
ThatsSoYin_UCVSNUB9UmQ34eFSs2TEjw_1pZgoZrYbWw_263488_271520.wav,ThatsSoYin_UCVSNUB9UmQ34eFSs2TEjw_1pZgoZrYbWw,263488,271520,8032
ThatsSoYin_UCVSNUB9UmQ34eFSs2TEjw_1pZgoZrYbWw_272392_275592.wav,ThatsSoYin_UCVSNUB9UmQ34eFSs2TEjw_1pZgoZrYbWw,272392,275592,3200
ThatsSoYin_UCVSNUB9UmQ34eFSs2TEjw_1pZgoZrYbWw_275912_281672.wav,ThatsSoYin_UCVSNUB9UmQ34eFSs2TEjw_1pZgoZrYbWw,275912,281672,5760
ThatsSoYin_UCVSNUB9UmQ34eFSs2TEjw_1pZgoZrYbWw_281992_283736.wav,ThatsSoYin_UCVSNUB9UmQ34eFSs2TEjw_1pZgoZrYbWw,281992,283736,1744
ThatsSoYin_UCVSNUB9UmQ34eFSs2TEjw_1pZgoZrYbWw_284040_295836.wav,ThatsSoYin_UCVSNUB9UmQ34eFSs2TEjw_1pZgoZrYbWw,284040,295836,11796
ThatsSoYin_UCVSNUB9UmQ34eFSs2TEjw_1pZgoZrYbWw_296076_302645.wav,ThatsSoYin_UCVSNUB9UmQ34eFSs2TEjw_1pZgoZrYbWw,296076,302645,6569
ThatsSoYin_UCVSNUB9UmQ34eFSs2TEjw_1pZgoZrYbWw_302773_307238.wav,ThatsSoYin_UCVSNUB9UmQ34eFSs2TEjw_1pZgoZrYbWw,302773,307238,4465
ThatsSoYin_UCVSNUB9UmQ34eFSs2TEjw_1pZgoZrYbWw_307390_310456.wav,ThatsSoYin_UCVSNUB9UmQ34eFSs2TEjw_1pZgoZrYbWw,307390,310456,3066
ThatsSoYin_UCVSNUB9UmQ34eFSs2TEjw_1pZgoZrYbWw_310800_316516.wav,ThatsSoYin_UCVSNUB9UmQ34eFSs2TEjw_1pZgoZrYbWw,310800,316516,5716
ThatsSoYin_UCVSNUB9UmQ34eFSs2TEjw_1pZgoZrYbWw_316716_317734.wav,ThatsSoYin_UCVSNUB9UmQ34eFSs2TEjw_1pZgoZrYbWw,316716,317734,1018
ThatsSoYin_UCVSNUB9UmQ34eFSs2TEjw_1pZgoZrYbWw_317886_329312.wav,ThatsSoYin_UCVSNUB9UmQ34eFSs2TEjw_1pZgoZrYbWw,317886,329312,11426
ThatsSoYin_UCVSNUB9UmQ34eFSs2TEjw_1pZgoZrYbWw_329640_334252.wav,ThatsSoYin_UCVSNUB9UmQ34eFSs2TEjw_1pZgoZrYbWw,329640,334252,4612
ThatsSoYin_UCVSNUB9UmQ34eFSs2TEjw_1pZgoZrYbWw_334556_339352.wav,ThatsSoYin_UCVSNUB9UmQ34eFSs2TEjw_1pZgoZrYbWw,334556,339352,4796
ThatsSoYin_UCVSNUB9UmQ34eFSs2TEjw_1pZgoZrYbWw_339664_341424.wav,ThatsSoYin_UCVSNUB9UmQ34eFSs2TEjw_1pZgoZrYbWw,339664,341424,1760
ThatsSoYin_UCVSNUB9UmQ34eFSs2TEjw_1pZgoZrYbWw_342552_353856.wav,ThatsSoYin_UCVSNUB9UmQ34eFSs2TEjw_1pZgoZrYbWw,342552,353856,11304
ThatsSoYin_UCVSNUB9UmQ34eFSs2TEjw_1pZgoZrYbWw_354176_359026.wav,ThatsSoYin_UCVSNUB9UmQ34eFSs2TEjw_1pZgoZrYbWw,354176,359026,4850
ThatsSoYin_UCVSNUB9UmQ34eFSs2TEjw_1pZgoZrYbWw_359162_364772.wav,ThatsSoYin_UCVSNUB9UmQ34eFSs2TEjw_1pZgoZrYbWw,359162,364772,5610
ThatsSoYin_UCVSNUB9UmQ34eFSs2TEjw_1pZgoZrYbWw_365004_370536.wav,ThatsSoYin_UCVSNUB9UmQ34eFSs2TEjw_1pZgoZrYbWw,365004,370536,5532
ThatsSoYin_UCVSNUB9UmQ34eFSs2TEjw_1pZgoZrYbWw_371048_373456.wav,ThatsSoYin_UCVSNUB9UmQ34eFSs2TEjw_1pZgoZrYbWw,371048,373456,2408
ThatsSoYin_UCVSNUB9UmQ34eFSs2TEjw_1pZgoZrYbWw_373816_374488.wav,ThatsSoYin_UCVSNUB9UmQ34eFSs2TEjw_1pZgoZrYbWw,373816,374488,672
ThatsSoYin_UCVSNUB9UmQ34eFSs2TEjw_1pZgoZrYbWw_374696_379480.wav,ThatsSoYin_UCVSNUB9UmQ34eFSs2TEjw_1pZgoZrYbWw,374696,379480,4784
ThatsSoYin_UCVSNUB9UmQ34eFSs2TEjw_1pZgoZrYbWw_379640_387452.wav,ThatsSoYin_UCVSNUB9UmQ34eFSs2TEjw_1pZgoZrYbWw,379640,387452,7812
ThatsSoYin_UCVSNUB9UmQ34eFSs2TEjw_1pZgoZrYbWw_387564_395072.wav,ThatsSoYin_UCVSNUB9UmQ34eFSs2TEjw_1pZgoZrYbWw,387564,395072,7508
ThatsSoYin_UCVSNUB9UmQ34eFSs2TEjw_1pZgoZrYbWw_395632_403564.wav,ThatsSoYin_UCVSNUB9UmQ34eFSs2TEjw_1pZgoZrYbWw,395632,403564,7932
ThatsSoYin_UCVSNUB9UmQ34eFSs2TEjw_1pZgoZrYbWw_403788_405464.wav,ThatsSoYin_UCVSNUB9UmQ34eFSs2TEjw_1pZgoZrYbWw,403788,405464,1676
ThatsSoYin_UCVSNUB9UmQ34eFSs2TEjw_1pZgoZrYbWw_405792_410768.wav,ThatsSoYin_UCVSNUB9UmQ34eFSs2TEjw_1pZgoZrYbWw,405792,410768,4976
ThatsSoYin_UCVSNUB9UmQ34eFSs2TEjw_1pZgoZrYbWw_411096_415072.wav,ThatsSoYin_UCVSNUB9UmQ34eFSs2TEjw_1pZgoZrYbWw,411096,415072,3976
ThatsSoYin_UCVSNUB9UmQ34eFSs2TEjw_1pZgoZrYbWw_415656_416584.wav,ThatsSoYin_UCVSNUB9UmQ34eFSs2TEjw_1pZgoZrYbWw,415656,416584,928
ThatsSoYin_UCVSNUB9UmQ34eFSs2TEjw_1pZgoZrYbWw_416920_421116.wav,ThatsSoYin_UCVSNUB9UmQ34eFSs2TEjw_1pZgoZrYbWw,416920,421116,4196
ThatsSoYin_UCVSNUB9UmQ34eFSs2TEjw_1pZgoZrYbWw_421252_433120.wav,ThatsSoYin_UCVSNUB9UmQ34eFSs2TEjw_1pZgoZrYbWw,421252,433120,11868
ThatsSoYin_UCVSNUB9UmQ34eFSs2TEjw_1pZgoZrYbWw_433440_433888.wav,ThatsSoYin_UCVSNUB9UmQ34eFSs2TEjw_1pZgoZrYbWw,433440,433888,448
ThatsSoYin_UCVSNUB9UmQ34eFSs2TEjw_1pZgoZrYbWw_434280_442802.wav,ThatsSoYin_UCVSNUB9UmQ34eFSs2TEjw_1pZgoZrYbWw,434280,442802,8522
ThatsSoYin_UCVSNUB9UmQ34eFSs2TEjw_1pZgoZrYbWw_443066_455059.wav,ThatsSoYin_UCVSNUB9UmQ34eFSs2TEjw_1pZgoZrYbWw,443066,455059,11993
ThatsSoYin_UCVSNUB9UmQ34eFSs2TEjw_1pZgoZrYbWw_455187_455644.wav,ThatsSoYin_UCVSNUB9UmQ34eFSs2TEjw_1pZgoZrYbWw,455187,455644,457
ThatsSoYin_UCVSNUB9UmQ34eFSs2TEjw_1pZgoZrYbWw_455988_460896.wav,ThatsSoYin_UCVSNUB9UmQ34eFSs2TEjw_1pZgoZrYbWw,455988,460896,4908
ThatsSoYin_UCVSNUB9UmQ34eFSs2TEjw_1pZgoZrYbWw_461192_469600.wav,ThatsSoYin_UCVSNUB9UmQ34eFSs2TEjw_1pZgoZrYbWw,461192,469600,8408
ThatsSoYin_UCVSNUB9UmQ34eFSs2TEjw_1pZgoZrYbWw_470056_472472.wav,ThatsSoYin_UCVSNUB9UmQ34eFSs2TEjw_1pZgoZrYbWw,470056,472472,2416
ThatsSoYin_UCVSNUB9UmQ34eFSs2TEjw_1pZgoZrYbWw_472632_486960.wav,ThatsSoYin_UCVSNUB9UmQ34eFSs2TEjw_1pZgoZrYbWw,472632,486960,14328
ThatsSoYin_UCVSNUB9UmQ34eFSs2TEjw_1pZgoZrYbWw_487664_497456.wav,ThatsSoYin_UCVSNUB9UmQ34eFSs2TEjw_1pZgoZrYbWw,487664,497456,9792
ThatsSoYin_UCVSNUB9UmQ34eFSs2TEjw_1pZgoZrYbWw_497768_503640.wav,ThatsSoYin_UCVSNUB9UmQ34eFSs2TEjw_1pZgoZrYbWw,497768,503640,5872
ThatsSoYin_UCVSNUB9UmQ34eFSs2TEjw_1pZgoZrYbWw_504848_505696.wav,ThatsSoYin_UCVSNUB9UmQ34eFSs2TEjw_1pZgoZrYbWw,504848,505696,848
ThatsSoYin_UCVSNUB9UmQ34eFSs2TEjw_1pZgoZrYbWw_506328_509328.wav,ThatsSoYin_UCVSNUB9UmQ34eFSs2TEjw_1pZgoZrYbWw,506328,509328,3000
ThatsSoYin_UCVSNUB9UmQ34eFSs2TEjw_1pZgoZrYbWw_509736_514064.wav,ThatsSoYin_UCVSNUB9UmQ34eFSs2TEjw_1pZgoZrYbWw,509736,514064,4328
ThatsSoYin_UCVSNUB9UmQ34eFSs2TEjw_1pZgoZrYbWw_514472_523514.wav,ThatsSoYin_UCVSNUB9UmQ34eFSs2TEjw_1pZgoZrYbWw,514472,523514,9042
ThatsSoYin_UCVSNUB9UmQ34eFSs2TEjw_1pZgoZrYbWw_523674_528482.wav,ThatsSoYin_UCVSNUB9UmQ34eFSs2TEjw_1pZgoZrYbWw,523674,528482,4808
ThatsSoYin_UCVSNUB9UmQ34eFSs2TEjw_1pZgoZrYbWw_528666_531236.wav,ThatsSoYin_UCVSNUB9UmQ34eFSs2TEjw_1pZgoZrYbWw,528666,531236,2570
ThatsSoYin_UCVSNUB9UmQ34eFSs2TEjw_1pZgoZrYbWw_532048_540744.wav,ThatsSoYin_UCVSNUB9UmQ34eFSs2TEjw_1pZgoZrYbWw,532048,540744,8696
ThatsSoYin_UCVSNUB9UmQ34eFSs2TEjw_1pZgoZrYbWw_540936_545296.wav,ThatsSoYin_UCVSNUB9UmQ34eFSs2TEjw_1pZgoZrYbWw,540936,545296,4360
ThatsSoYin_UCVSNUB9UmQ34eFSs2TEjw_1pZgoZrYbWw_545464_547928.wav,ThatsSoYin_UCVSNUB9UmQ34eFSs2TEjw_1pZgoZrYbWw,545464,547928,2464
ThatsSoYin_UCVSNUB9UmQ34eFSs2TEjw_1pZgoZrYbWw_548184_555104.wav,ThatsSoYin_UCVSNUB9UmQ34eFSs2TEjw_1pZgoZrYbWw,548184,555104,6920
ThatsSoYin_UCVSNUB9UmQ34eFSs2TEjw_1pZgoZrYbWw_555376_557408.wav,ThatsSoYin_UCVSNUB9UmQ34eFSs2TEjw_1pZgoZrYbWw,555376,557408,2032
ThatsSoYin_UCVSNUB9UmQ34eFSs2TEjw_1pZgoZrYbWw_557792_559560.wav,ThatsSoYin_UCVSNUB9UmQ34eFSs2TEjw_1pZgoZrYbWw,557792,559560,1768
ThatsSoYin_UCVSNUB9UmQ34eFSs2TEjw_1pZgoZrYbWw_560136_562096.wav,ThatsSoYin_UCVSNUB9UmQ34eFSs2TEjw_1pZgoZrYbWw,560136,562096,1960
ThatsSoYin_UCVSNUB9UmQ34eFSs2TEjw_1pZgoZrYbWw_562448_563392.wav,ThatsSoYin_UCVSNUB9UmQ34eFSs2TEjw_1pZgoZrYbWw,562448,563392,944
ThatsSoYin_UCVSNUB9UmQ34eFSs2TEjw_1pZgoZrYbWw_563888_565332.wav,ThatsSoYin_UCVSNUB9UmQ34eFSs2TEjw_1pZgoZrYbWw,563888,565332,1444
ThatsSoYin_UCVSNUB9UmQ34eFSs2TEjw_1pZgoZrYbWw_565580_568676.wav,ThatsSoYin_UCVSNUB9UmQ34eFSs2TEjw_1pZgoZrYbWw,565580,568676,3096
ThatsSoYin_UCVSNUB9UmQ34eFSs2TEjw_1pZgoZrYbWw_568884_569076.wav,ThatsSoYin_UCVSNUB9UmQ34eFSs2TEjw_1pZgoZrYbWw,568884,569076,192
ThatsSoYin_UCVSNUB9UmQ34eFSs2TEjw_1pZgoZrYbWw_569076_575452.wav,ThatsSoYin_UCVSNUB9UmQ34eFSs2TEjw_1pZgoZrYbWw,569076,575452,6376
ThatsSoYin_UCVSNUB9UmQ34eFSs2TEjw_1pZgoZrYbWw_575636_578396.wav,ThatsSoYin_UCVSNUB9UmQ34eFSs2TEjw_1pZgoZrYbWw,575636,578396,2760
ThatsSoYin_UCVSNUB9UmQ34eFSs2TEjw_1pZgoZrYbWw_578612_579934.wav,ThatsSoYin_UCVSNUB9UmQ34eFSs2TEjw_1pZgoZrYbWw,578612,579934,1322
ThatsSoYin_UCVSNUB9UmQ34eFSs2TEjw_1pZgoZrYbWw_580070_582622.wav,ThatsSoYin_UCVSNUB9UmQ34eFSs2TEjw_1pZgoZrYbWw,580070,582622,2552
ThatsSoYin_UCVSNUB9UmQ34eFSs2TEjw_1pZgoZrYbWw_582798_583498.wav,ThatsSoYin_UCVSNUB9UmQ34eFSs2TEjw_1pZgoZrYbWw,582798,583498,700
ThatsSoYin_UCVSNUB9UmQ34eFSs2TEjw_1pZgoZrYbWw_583610_587074.wav,ThatsSoYin_UCVSNUB9UmQ34eFSs2TEjw_1pZgoZrYbWw,583610,587074,3464
ThatsSoYin_UCVSNUB9UmQ34eFSs2TEjw_1pZgoZrYbWw_587178_601070.wav,ThatsSoYin_UCVSNUB9UmQ34eFSs2TEjw_1pZgoZrYbWw,587178,601070,13892
ThatsSoYin_UCVSNUB9UmQ34eFSs2TEjw_1pZgoZrYbWw_601214_607552.wav,ThatsSoYin_UCVSNUB9UmQ34eFSs2TEjw_1pZgoZrYbWw,601214,607552,6338
ThatsSoYin_UCVSNUB9UmQ34eFSs2TEjw_1pZgoZrYbWw_608192_609640.wav,ThatsSoYin_UCVSNUB9UmQ34eFSs2TEjw_1pZgoZrYbWw,608192,609640,1448
ThatsSoYin_UCVSNUB9UmQ34eFSs2TEjw_1pZgoZrYbWw_610208_621408.wav,ThatsSoYin_UCVSNUB9UmQ34eFSs2TEjw_1pZgoZrYbWw,610208,621408,11200
ThatsSoYin_UCVSNUB9UmQ34eFSs2TEjw_1pZgoZrYbWw_621776_634200.wav,ThatsSoYin_UCVSNUB9UmQ34eFSs2TEjw_1pZgoZrYbWw,621776,634200,12424
ThatsSoYin_UCVSNUB9UmQ34eFSs2TEjw_1pZgoZrYbWw_634752_648232.wav,ThatsSoYin_UCVSNUB9UmQ34eFSs2TEjw_1pZgoZrYbWw,634752,648232,13480
ThatsSoYin_UCVSNUB9UmQ34eFSs2TEjw_1pZgoZrYbWw_648368_649608.wav,ThatsSoYin_UCVSNUB9UmQ34eFSs2TEjw_1pZgoZrYbWw,648368,649608,1240
ThatsSoYin_UCVSNUB9UmQ34eFSs2TEjw_1pZgoZrYbWw_649824_650960.wav,ThatsSoYin_UCVSNUB9UmQ34eFSs2TEjw_1pZgoZrYbWw,649824,650960,1136
ThatsSoYin_UCVSNUB9UmQ34eFSs2TEjw_1pZgoZrYbWw_651800_657464.wav,ThatsSoYin_UCVSNUB9UmQ34eFSs2TEjw_1pZgoZrYbWw,651800,657464,5664
ThatsSoYin_UCVSNUB9UmQ34eFSs2TEjw_1pZgoZrYbWw_657616_658848.wav,ThatsSoYin_UCVSNUB9UmQ34eFSs2TEjw_1pZgoZrYbWw,657616,658848,1232
ThatsSoYin_UCVSNUB9UmQ34eFSs2TEjw_1pZgoZrYbWw_659032_665568.wav,ThatsSoYin_UCVSNUB9UmQ34eFSs2TEjw_1pZgoZrYbWw,659032,665568,6536
ThatsSoYin_UCVSNUB9UmQ34eFSs2TEjw_1pZgoZrYbWw_665720_668880.wav,ThatsSoYin_UCVSNUB9UmQ34eFSs2TEjw_1pZgoZrYbWw,665720,668880,3160
ThatsSoYin_UCVSNUB9UmQ34eFSs2TEjw_1pZgoZrYbWw_669400_683872.wav,ThatsSoYin_UCVSNUB9UmQ34eFSs2TEjw_1pZgoZrYbWw,669400,683872,14472
ThatsSoYin_UCVSNUB9UmQ34eFSs2TEjw_1pZgoZrYbWw_684088_685408.wav,ThatsSoYin_UCVSNUB9UmQ34eFSs2TEjw_1pZgoZrYbWw,684088,685408,1320
ThatsSoYin_UCVSNUB9UmQ34eFSs2TEjw_1pZgoZrYbWw_685744_686888.wav,ThatsSoYin_UCVSNUB9UmQ34eFSs2TEjw_1pZgoZrYbWw,685744,686888,1144
ThatsSoYin_UCVSNUB9UmQ34eFSs2TEjw_1pZgoZrYbWw_687088_698320.wav,ThatsSoYin_UCVSNUB9UmQ34eFSs2TEjw_1pZgoZrYbWw,687088,698320,11232
ThatsSoYin_UCVSNUB9UmQ34eFSs2TEjw_1pZgoZrYbWw_698560_704908.wav,ThatsSoYin_UCVSNUB9UmQ34eFSs2TEjw_1pZgoZrYbWw,698560,704908,6348
ThatsSoYin_UCVSNUB9UmQ34eFSs2TEjw_1pZgoZrYbWw_705060_711912.wav,ThatsSoYin_UCVSNUB9UmQ34eFSs2TEjw_1pZgoZrYbWw,705060,711912,6852
ThatsSoYin_UCVSNUB9UmQ34eFSs2TEjw_1pZgoZrYbWw_712344_715808.wav,ThatsSoYin_UCVSNUB9UmQ34eFSs2TEjw_1pZgoZrYbWw,712344,715808,3464
ThatsSoYin_UCVSNUB9UmQ34eFSs2TEjw_1pZgoZrYbWw_717584_722880.wav,ThatsSoYin_UCVSNUB9UmQ34eFSs2TEjw_1pZgoZrYbWw,717584,722880,5296
ThatsSoYin_UCVSNUB9UmQ34eFSs2TEjw_1pZgoZrYbWw_723216_724416.wav,ThatsSoYin_UCVSNUB9UmQ34eFSs2TEjw_1pZgoZrYbWw,723216,724416,1200
ThatsSoYin_UCVSNUB9UmQ34eFSs2TEjw_1pZgoZrYbWw_724680_726016.wav,ThatsSoYin_UCVSNUB9UmQ34eFSs2TEjw_1pZgoZrYbWw,724680,726016,1336
ThatsSoYin_UCVSNUB9UmQ34eFSs2TEjw_1pZgoZrYbWw_726688_728376.wav,ThatsSoYin_UCVSNUB9UmQ34eFSs2TEjw_1pZgoZrYbWw,726688,728376,1688
ThatsSoYin_UCVSNUB9UmQ34eFSs2TEjw_1pZgoZrYbWw_728936_733800.wav,ThatsSoYin_UCVSNUB9UmQ34eFSs2TEjw_1pZgoZrYbWw,728936,733800,4864
ThatsSoYin_UCVSNUB9UmQ34eFSs2TEjw_1pZgoZrYbWw_733952_736264.wav,ThatsSoYin_UCVSNUB9UmQ34eFSs2TEjw_1pZgoZrYbWw,733952,736264,2312
ThatsSoYin_UCVSNUB9UmQ34eFSs2TEjw_1pZgoZrYbWw_736408_740648.wav,ThatsSoYin_UCVSNUB9UmQ34eFSs2TEjw_1pZgoZrYbWw,736408,740648,4240
ThatsSoYin_UCVSNUB9UmQ34eFSs2TEjw_1pZgoZrYbWw_740776_744576.wav,ThatsSoYin_UCVSNUB9UmQ34eFSs2TEjw_1pZgoZrYbWw,740776,744576,3800
ThatsSoYin_UCVSNUB9UmQ34eFSs2TEjw_1pZgoZrYbWw_744712_747040.wav,ThatsSoYin_UCVSNUB9UmQ34eFSs2TEjw_1pZgoZrYbWw,744712,747040,2328
ThatsSoYin_UCVSNUB9UmQ34eFSs2TEjw_1pZgoZrYbWw_748120_748652.wav,ThatsSoYin_UCVSNUB9UmQ34eFSs2TEjw_1pZgoZrYbWw,748120,748652,532
ThatsSoYin_UCVSNUB9UmQ34eFSs2TEjw_1pZgoZrYbWw_748876_755006.wav,ThatsSoYin_UCVSNUB9UmQ34eFSs2TEjw_1pZgoZrYbWw,748876,755006,6130
ThatsSoYin_UCVSNUB9UmQ34eFSs2TEjw_1pZgoZrYbWw_755198_757312.wav,ThatsSoYin_UCVSNUB9UmQ34eFSs2TEjw_1pZgoZrYbWw,755198,757312,2114
ThatsSoYin_UCVSNUB9UmQ34eFSs2TEjw_1pZgoZrYbWw_757968_764360.wav,ThatsSoYin_UCVSNUB9UmQ34eFSs2TEjw_1pZgoZrYbWw,757968,764360,6392
ThatsSoYin_UCVSNUB9UmQ34eFSs2TEjw_1pZgoZrYbWw_765160_767634.wav,ThatsSoYin_UCVSNUB9UmQ34eFSs2TEjw_1pZgoZrYbWw,765160,767634,2474
ThatsSoYin_UCVSNUB9UmQ34eFSs2TEjw_1pZgoZrYbWw_767754_772626.wav,ThatsSoYin_UCVSNUB9UmQ34eFSs2TEjw_1pZgoZrYbWw,767754,772626,4872
ThatsSoYin_UCVSNUB9UmQ34eFSs2TEjw_1pZgoZrYbWw_772746_783588.wav,ThatsSoYin_UCVSNUB9UmQ34eFSs2TEjw_1pZgoZrYbWw,772746,783588,10842
ThatsSoYin_UCVSNUB9UmQ34eFSs2TEjw_1pZgoZrYbWw_783796_789584.wav,ThatsSoYin_UCVSNUB9UmQ34eFSs2TEjw_1pZgoZrYbWw,783796,789584,5788
ThatsSoYin_UCVSNUB9UmQ34eFSs2TEjw_1pZgoZrYbWw_790536_793872.wav,ThatsSoYin_UCVSNUB9UmQ34eFSs2TEjw_1pZgoZrYbWw,790536,793872,3336
ThatsSoYin_UCVSNUB9UmQ34eFSs2TEjw_1pZgoZrYbWw_794056_800760.wav,ThatsSoYin_UCVSNUB9UmQ34eFSs2TEjw_1pZgoZrYbWw,794056,800760,6704
ThatsSoYin_UCVSNUB9UmQ34eFSs2TEjw_1pZgoZrYbWw_800992_805660.wav,ThatsSoYin_UCVSNUB9UmQ34eFSs2TEjw_1pZgoZrYbWw,800992,805660,4668
ThatsSoYin_UCVSNUB9UmQ34eFSs2TEjw_1pZgoZrYbWw_805796_811464.wav,ThatsSoYin_UCVSNUB9UmQ34eFSs2TEjw_1pZgoZrYbWw,805796,811464,5668
ThatsSoYin_UCVSNUB9UmQ34eFSs2TEjw_1pZgoZrYbWw_811968_817680.wav,ThatsSoYin_UCVSNUB9UmQ34eFSs2TEjw_1pZgoZrYbWw,811968,817680,5712
ThatsSoYin_UCVSNUB9UmQ34eFSs2TEjw_1pZgoZrYbWw_817984_818792.wav,ThatsSoYin_UCVSNUB9UmQ34eFSs2TEjw_1pZgoZrYbWw,817984,818792,808
ThatsSoYin_UCVSNUB9UmQ34eFSs2TEjw_1pZgoZrYbWw_819064_821728.wav,ThatsSoYin_UCVSNUB9UmQ34eFSs2TEjw_1pZgoZrYbWw,819064,821728,2664
ThatsSoYin_UCVSNUB9UmQ34eFSs2TEjw_1pZgoZrYbWw_821952_830480.wav,ThatsSoYin_UCVSNUB9UmQ34eFSs2TEjw_1pZgoZrYbWw,821952,830480,8528
ThatsSoYin_UCVSNUB9UmQ34eFSs2TEjw_1pZgoZrYbWw_830752_841832.wav,ThatsSoYin_UCVSNUB9UmQ34eFSs2TEjw_1pZgoZrYbWw,830752,841832,11080
ThatsSoYin_UCVSNUB9UmQ34eFSs2TEjw_1pZgoZrYbWw_842176_845784.wav,ThatsSoYin_UCVSNUB9UmQ34eFSs2TEjw_1pZgoZrYbWw,842176,845784,3608
ThatsSoYin_UCVSNUB9UmQ34eFSs2TEjw_1pZgoZrYbWw_846016_852372.wav,ThatsSoYin_UCVSNUB9UmQ34eFSs2TEjw_1pZgoZrYbWw,846016,852372,6356
ThatsSoYin_UCVSNUB9UmQ34eFSs2TEjw_1pZgoZrYbWw_852524_858848.wav,ThatsSoYin_UCVSNUB9UmQ34eFSs2TEjw_1pZgoZrYbWw,852524,858848,6324
ThatsSoYin_UCVSNUB9UmQ34eFSs2TEjw_1pZgoZrYbWw_859056_865648.wav,ThatsSoYin_UCVSNUB9UmQ34eFSs2TEjw_1pZgoZrYbWw,859056,865648,6592
ThatsSoYin_UCVSNUB9UmQ34eFSs2TEjw_1pZgoZrYbWw_865832_866816.wav,ThatsSoYin_UCVSNUB9UmQ34eFSs2TEjw_1pZgoZrYbWw,865832,866816,984
ThatsSoYin_UCVSNUB9UmQ34eFSs2TEjw_1pZgoZrYbWw_867048_869504.wav,ThatsSoYin_UCVSNUB9UmQ34eFSs2TEjw_1pZgoZrYbWw,867048,869504,2456
ThatsSoYin_UCVSNUB9UmQ34eFSs2TEjw_1pZgoZrYbWw_869880_872208.wav,ThatsSoYin_UCVSNUB9UmQ34eFSs2TEjw_1pZgoZrYbWw,869880,872208,2328
ThatsSoYin_UCVSNUB9UmQ34eFSs2TEjw_1pZgoZrYbWw_872728_874452.wav,ThatsSoYin_UCVSNUB9UmQ34eFSs2TEjw_1pZgoZrYbWw,872728,874452,1724
ThatsSoYin_UCVSNUB9UmQ34eFSs2TEjw_1pZgoZrYbWw_874620_888718.wav,ThatsSoYin_UCVSNUB9UmQ34eFSs2TEjw_1pZgoZrYbWw,874620,888718,14098
ThatsSoYin_UCVSNUB9UmQ34eFSs2TEjw_1pZgoZrYbWw_889182_895736.wav,ThatsSoYin_UCVSNUB9UmQ34eFSs2TEjw_1pZgoZrYbWw,889182,895736,6554
ThatsSoYin_UCVSNUB9UmQ34eFSs2TEjw_1pZgoZrYbWw_896640_897536.wav,ThatsSoYin_UCVSNUB9UmQ34eFSs2TEjw_1pZgoZrYbWw,896640,897536,896
ThatsSoYin_UCVSNUB9UmQ34eFSs2TEjw_1pZgoZrYbWw_897904_899360.wav,ThatsSoYin_UCVSNUB9UmQ34eFSs2TEjw_1pZgoZrYbWw,897904,899360,1456
ThatsSoYin_UCVSNUB9UmQ34eFSs2TEjw_1pZgoZrYbWw_899880_904320.wav,ThatsSoYin_UCVSNUB9UmQ34eFSs2TEjw_1pZgoZrYbWw,899880,904320,4440
ThatsSoYin_UCVSNUB9UmQ34eFSs2TEjw_1pZgoZrYbWw_904632_911424.wav,ThatsSoYin_UCVSNUB9UmQ34eFSs2TEjw_1pZgoZrYbWw,904632,911424,6792
ThatsSoYin_UCVSNUB9UmQ34eFSs2TEjw_1pZgoZrYbWw_911616_912848.wav,ThatsSoYin_UCVSNUB9UmQ34eFSs2TEjw_1pZgoZrYbWw,911616,912848,1232
ThatsSoYin_UCVSNUB9UmQ34eFSs2TEjw_1pZgoZrYbWw_913208_922504.wav,ThatsSoYin_UCVSNUB9UmQ34eFSs2TEjw_1pZgoZrYbWw,913208,922504,9296
ThatsSoYin_UCVSNUB9UmQ34eFSs2TEjw_1pZgoZrYbWw_922776_924768.wav,ThatsSoYin_UCVSNUB9UmQ34eFSs2TEjw_1pZgoZrYbWw,922776,924768,1992
ThatsSoYin_UCVSNUB9UmQ34eFSs2TEjw_1pZgoZrYbWw_925384_930056.wav,ThatsSoYin_UCVSNUB9UmQ34eFSs2TEjw_1pZgoZrYbWw,925384,930056,4672
ThatsSoYin_UCVSNUB9UmQ34eFSs2TEjw_1pZgoZrYbWw_930432_930536.wav,ThatsSoYin_UCVSNUB9UmQ34eFSs2TEjw_1pZgoZrYbWw,930432,930536,104
ThatsSoYin_UCVSNUB9UmQ34eFSs2TEjw_1pZgoZrYbWw_931024_935000.wav,ThatsSoYin_UCVSNUB9UmQ34eFSs2TEjw_1pZgoZrYbWw,931024,935000,3976
ThatsSoYin_UCVSNUB9UmQ34eFSs2TEjw_1pZgoZrYbWw_935720_938360.wav,ThatsSoYin_UCVSNUB9UmQ34eFSs2TEjw_1pZgoZrYbWw,935720,938360,2640
ThatsSoYin_UCVSNUB9UmQ34eFSs2TEjw_1pZgoZrYbWw_938896_942960.wav,ThatsSoYin_UCVSNUB9UmQ34eFSs2TEjw_1pZgoZrYbWw,938896,942960,4064
ThatsSoYin_UCVSNUB9UmQ34eFSs2TEjw_1pZgoZrYbWw_943168_950224.wav,ThatsSoYin_UCVSNUB9UmQ34eFSs2TEjw_1pZgoZrYbWw,943168,950224,7056
ThatsSoYin_UCVSNUB9UmQ34eFSs2TEjw_1pZgoZrYbWw_951128_954528.wav,ThatsSoYin_UCVSNUB9UmQ34eFSs2TEjw_1pZgoZrYbWw,951128,954528,3400
ThatsSoYin_UCVSNUB9UmQ34eFSs2TEjw_1pZgoZrYbWw_955536_956216.wav,ThatsSoYin_UCVSNUB9UmQ34eFSs2TEjw_1pZgoZrYbWw,955536,956216,680
ThatsSoYin_UCVSNUB9UmQ34eFSs2TEjw_1pZgoZrYbWw_956944_962120.wav,ThatsSoYin_UCVSNUB9UmQ34eFSs2TEjw_1pZgoZrYbWw,956944,962120,5176
ThatsSoYin_UCVSNUB9UmQ34eFSs2TEjw_1pZgoZrYbWw_962608_966512.wav,ThatsSoYin_UCVSNUB9UmQ34eFSs2TEjw_1pZgoZrYbWw,962608,966512,3904
ThatsSoYin_UCVSNUB9UmQ34eFSs2TEjw_1pZgoZrYbWw_966872_969108.wav,ThatsSoYin_UCVSNUB9UmQ34eFSs2TEjw_1pZgoZrYbWw,966872,969108,2236
ThatsSoYin_UCVSNUB9UmQ34eFSs2TEjw_1pZgoZrYbWw_969188_976052.wav,ThatsSoYin_UCVSNUB9UmQ34eFSs2TEjw_1pZgoZrYbWw,969188,976052,6864
ThatsSoYin_UCVSNUB9UmQ34eFSs2TEjw_1pZgoZrYbWw_976260_987140.wav,ThatsSoYin_UCVSNUB9UmQ34eFSs2TEjw_1pZgoZrYbWw,976260,987140,10880
ThatsSoYin_UCVSNUB9UmQ34eFSs2TEjw_1pZgoZrYbWw_987600_992104.wav,ThatsSoYin_UCVSNUB9UmQ34eFSs2TEjw_1pZgoZrYbWw,987600,992104,4504
ThatsSoYin_UCVSNUB9UmQ34eFSs2TEjw_1pZgoZrYbWw_992368_997392.wav,ThatsSoYin_UCVSNUB9UmQ34eFSs2TEjw_1pZgoZrYbWw,992368,997392,5024
ThatsSoYin_UCVSNUB9UmQ34eFSs2TEjw_1pZgoZrYbWw_997648_1002024.wav,ThatsSoYin_UCVSNUB9UmQ34eFSs2TEjw_1pZgoZrYbWw,997648,1002024,4376
ThatsSoYin_UCVSNUB9UmQ34eFSs2TEjw_1pZgoZrYbWw_1002944_1004568.wav,ThatsSoYin_UCVSNUB9UmQ34eFSs2TEjw_1pZgoZrYbWw,1002944,1004568,1624
ThatsSoYin_UCVSNUB9UmQ34eFSs2TEjw_1pZgoZrYbWw_1004800_1011592.wav,ThatsSoYin_UCVSNUB9UmQ34eFSs2TEjw_1pZgoZrYbWw,1004800,1011592,6792
ThatsSoYin_UCVSNUB9UmQ34eFSs2TEjw_1pZgoZrYbWw_1012160_1014808.wav,ThatsSoYin_UCVSNUB9UmQ34eFSs2TEjw_1pZgoZrYbWw,1012160,1014808,2648
ThatsSoYin_UCVSNUB9UmQ34eFSs2TEjw_1pZgoZrYbWw_1015080_1017216.wav,ThatsSoYin_UCVSNUB9UmQ34eFSs2TEjw_1pZgoZrYbWw,1015080,1017216,2136
ThatsSoYin_UCVSNUB9UmQ34eFSs2TEjw_1pZgoZrYbWw_1017680_1018200.wav,ThatsSoYin_UCVSNUB9UmQ34eFSs2TEjw_1pZgoZrYbWw,1017680,1018200,520
ThatsSoYin_UCVSNUB9UmQ34eFSs2TEjw_1pZgoZrYbWw_1018512_1021576.wav,ThatsSoYin_UCVSNUB9UmQ34eFSs2TEjw_1pZgoZrYbWw,1018512,1021576,3064
ThatsSoYin_UCVSNUB9UmQ34eFSs2TEjw_1pZgoZrYbWw_1022088_1033906.wav,ThatsSoYin_UCVSNUB9UmQ34eFSs2TEjw_1pZgoZrYbWw,1022088,1033906,11818
ThatsSoYin_UCVSNUB9UmQ34eFSs2TEjw_1pZgoZrYbWw_1033994_1039220.wav,ThatsSoYin_UCVSNUB9UmQ34eFSs2TEjw_1pZgoZrYbWw,1033994,1039220,5226
ThatsSoYin_UCVSNUB9UmQ34eFSs2TEjw_1pZgoZrYbWw_1039324_1040240.wav,ThatsSoYin_UCVSNUB9UmQ34eFSs2TEjw_1pZgoZrYbWw,1039324,1040240,916
ThatsSoYin_UCVSNUB9UmQ34eFSs2TEjw_1pZgoZrYbWw_1040576_1055184.wav,ThatsSoYin_UCVSNUB9UmQ34eFSs2TEjw_1pZgoZrYbWw,1040576,1055184,14608
ThatsSoYin_UCVSNUB9UmQ34eFSs2TEjw_1pZgoZrYbWw_1055384_1057200.wav,ThatsSoYin_UCVSNUB9UmQ34eFSs2TEjw_1pZgoZrYbWw,1055384,1057200,1816
ThatsSoYin_UCVSNUB9UmQ34eFSs2TEjw_1pZgoZrYbWw_1057424_1058048.wav,ThatsSoYin_UCVSNUB9UmQ34eFSs2TEjw_1pZgoZrYbWw,1057424,1058048,624
ThatsSoYin_UCVSNUB9UmQ34eFSs2TEjw_1pZgoZrYbWw_1058384_1059648.wav,ThatsSoYin_UCVSNUB9UmQ34eFSs2TEjw_1pZgoZrYbWw,1058384,1059648,1264
ThatsSoYin_UCVSNUB9UmQ34eFSs2TEjw_1pZgoZrYbWw_1059816_1068560.wav,ThatsSoYin_UCVSNUB9UmQ34eFSs2TEjw_1pZgoZrYbWw,1059816,1068560,8744
ThatsSoYin_UCVSNUB9UmQ34eFSs2TEjw_1pZgoZrYbWw_1068768_1074328.wav,ThatsSoYin_UCVSNUB9UmQ34eFSs2TEjw_1pZgoZrYbWw,1068768,1074328,5560
ThatsSoYin_UCVSNUB9UmQ34eFSs2TEjw_1pZgoZrYbWw_1074464_1081888.wav,ThatsSoYin_UCVSNUB9UmQ34eFSs2TEjw_1pZgoZrYbWw,1074464,1081888,7424
ThatsSoYin_UCVSNUB9UmQ34eFSs2TEjw_1pZgoZrYbWw_1082104_1086712.wav,ThatsSoYin_UCVSNUB9UmQ34eFSs2TEjw_1pZgoZrYbWw,1082104,1086712,4608
ThatsSoYin_UCVSNUB9UmQ34eFSs2TEjw_1pZgoZrYbWw_1087032_1088492.wav,ThatsSoYin_UCVSNUB9UmQ34eFSs2TEjw_1pZgoZrYbWw,1087032,1088492,1460
ThatsSoYin_UCVSNUB9UmQ34eFSs2TEjw_1pZgoZrYbWw_1088716_1091702.wav,ThatsSoYin_UCVSNUB9UmQ34eFSs2TEjw_1pZgoZrYbWw,1088716,1091702,2986
ThatsSoYin_UCVSNUB9UmQ34eFSs2TEjw_1pZgoZrYbWw_1091830_1104111.wav,ThatsSoYin_UCVSNUB9UmQ34eFSs2TEjw_1pZgoZrYbWw,1091830,1104111,12281
ThatsSoYin_UCVSNUB9UmQ34eFSs2TEjw_1pZgoZrYbWw_1104215_1107599.wav,ThatsSoYin_UCVSNUB9UmQ34eFSs2TEjw_1pZgoZrYbWw,1104215,1107599,3384
ThatsSoYin_UCVSNUB9UmQ34eFSs2TEjw_1pZgoZrYbWw_1107711_1111104.wav,ThatsSoYin_UCVSNUB9UmQ34eFSs2TEjw_1pZgoZrYbWw,1107711,1111104,3393
ThatsSoYin_UCVSNUB9UmQ34eFSs2TEjw_1pZgoZrYbWw_1111720_1116144.wav,ThatsSoYin_UCVSNUB9UmQ34eFSs2TEjw_1pZgoZrYbWw,1111720,1116144,4424
ThatsSoYin_UCVSNUB9UmQ34eFSs2TEjw_1pZgoZrYbWw_1116272_1118616.wav,ThatsSoYin_UCVSNUB9UmQ34eFSs2TEjw_1pZgoZrYbWw,1116272,1118616,2344
ThatsSoYin_UCVSNUB9UmQ34eFSs2TEjw_1pZgoZrYbWw_1118752_1126168.wav,ThatsSoYin_UCVSNUB9UmQ34eFSs2TEjw_1pZgoZrYbWw,1118752,1126168,7416
ThatsSoYin_UCVSNUB9UmQ34eFSs2TEjw_1pZgoZrYbWw_1126584_1129888.wav,ThatsSoYin_UCVSNUB9UmQ34eFSs2TEjw_1pZgoZrYbWw,1126584,1129888,3304
ThatsSoYin_UCVSNUB9UmQ34eFSs2TEjw_1pZgoZrYbWw_1130016_1139480.wav,ThatsSoYin_UCVSNUB9UmQ34eFSs2TEjw_1pZgoZrYbWw,1130016,1139480,9464
ThatsSoYin_UCVSNUB9UmQ34eFSs2TEjw_1pZgoZrYbWw_1139592_1142096.wav,ThatsSoYin_UCVSNUB9UmQ34eFSs2TEjw_1pZgoZrYbWw,1139592,1142096,2504
ThatsSoYin_UCVSNUB9UmQ34eFSs2TEjw_1pZgoZrYbWw_1142200_1152080.wav,ThatsSoYin_UCVSNUB9UmQ34eFSs2TEjw_1pZgoZrYbWw,1142200,1152080,9880
ThatsSoYin_UCVSNUB9UmQ34eFSs2TEjw_1pZgoZrYbWw_1152280_1152792.wav,ThatsSoYin_UCVSNUB9UmQ34eFSs2TEjw_1pZgoZrYbWw,1152280,1152792,512
ThatsSoYin_UCVSNUB9UmQ34eFSs2TEjw_1pZgoZrYbWw_1152976_1155528.wav,ThatsSoYin_UCVSNUB9UmQ34eFSs2TEjw_1pZgoZrYbWw,1152976,1155528,2552
ThatsSoYin_UCVSNUB9UmQ34eFSs2TEjw_1pZgoZrYbWw_1155904_1157400.wav,ThatsSoYin_UCVSNUB9UmQ34eFSs2TEjw_1pZgoZrYbWw,1155904,1157400,1496
ThatsSoYin_UCVSNUB9UmQ34eFSs2TEjw_1pZgoZrYbWw_1157784_1159520.wav,ThatsSoYin_UCVSNUB9UmQ34eFSs2TEjw_1pZgoZrYbWw,1157784,1159520,1736
ThatsSoYin_UCVSNUB9UmQ34eFSs2TEjw_1pZgoZrYbWw_1159720_1165664.wav,ThatsSoYin_UCVSNUB9UmQ34eFSs2TEjw_1pZgoZrYbWw,1159720,1165664,5944
