filename,video_id,start_time,end_time,duration
ThatsSoYin_UCVSNUB9UmQ34eFSs2TEjw_1pZgoZrYbWw_248_2456.wav,ThatsSoYin_UCVSNUB9UmQ34eFSs2TEjw_1pZgoZrYbWw,248,2456,2208
ThatsSoYin_UCVSNUB9UmQ34eFSs2TEjw_1pZgoZrYbWw_2664_7728.wav,ThatsSoYin_UCVSNUB9UmQ34eFSs2TEjw_1pZgoZrYbWw,2664,7728,5064
ThatsSoYin_UCVSNUB9UmQ34eFSs2TEjw_1pZgoZrYbWw_7840_9096.wav,ThatsSoYin_UCVSNUB9UmQ34eFSs2TEjw_1pZgoZrYbWw,7840,9096,1256
ThatsSoYin_UCVSNUB9UmQ34eFSs2TEjw_1pZgoZrYbWw_9200_15352.wav,ThatsSoYin_UCVSNUB9UmQ34eFSs2TEjw_1pZgoZrYbWw,9200,15352,6152
ThatsSoYin_UCVSNUB9UmQ34eFSs2TEjw_1pZgoZrYbWw_16304_18120.wav,ThatsSoYin_UCVSNUB9UmQ34eFSs2TEjw_1pZgoZrYbWw,16304,18120,1816
ThatsSoYin_UCVSNUB9UmQ34eFSs2TEjw_1pZgoZrYbWw_18536_19592.wav,ThatsSoYin_UCVSNUB9UmQ34eFSs2TEjw_1pZgoZrYbWw,18536,19592,1056
ThatsSoYin_UCVSNUB9UmQ34eFSs2TEjw_1pZgoZrYbWw_19880_24912.wav,ThatsSoYin_UCVSNUB9UmQ34eFSs2TEjw_1pZgoZrYbWw,19880,24912,5032
ThatsSoYin_UCVSNUB9UmQ34eFSs2TEjw_1pZgoZrYbWw_25168_28528.wav,ThatsSoYin_UCVSNUB9UmQ34eFSs2TEjw_1pZgoZrYbWw,25168,28528,3360
ThatsSoYin_UCVSNUB9UmQ34eFSs2TEjw_1pZgoZrYbWw_28664_33800.wav,ThatsSoYin_UCVSNUB9UmQ34eFSs2TEjw_1pZgoZrYbWw,28664,33800,5136
ThatsSoYin_UCVSNUB9UmQ34eFSs2TEjw_1pZgoZrYbWw_33904_37304.wav,ThatsSoYin_UCVSNUB9UmQ34eFSs2TEjw_1pZgoZrYbWw,33904,37304,3400
ThatsSoYin_UCVSNUB9UmQ34eFSs2TEjw_1pZgoZrYbWw_37456_40312.wav,ThatsSoYin_UCVSNUB9UmQ34eFSs2TEjw_1pZgoZrYbWw,37456,40312,2856
ThatsSoYin_UCVSNUB9UmQ34eFSs2TEjw_1pZgoZrYbWw_40432_46848.wav,ThatsSoYin_UCVSNUB9UmQ34eFSs2TEjw_1pZgoZrYbWw,40432,46848,6416
ThatsSoYin_UCVSNUB9UmQ34eFSs2TEjw_1pZgoZrYbWw_46960_50512.wav,ThatsSoYin_UCVSNUB9UmQ34eFSs2TEjw_1pZgoZrYbWw,46960,50512,3552
ThatsSoYin_UCVSNUB9UmQ34eFSs2TEjw_1pZgoZrYbWw_50624_54080.wav,ThatsSoYin_UCVSNUB9UmQ34eFSs2TEjw_1pZgoZrYbWw,50624,54080,3456
ThatsSoYin_UCVSNUB9UmQ34eFSs2TEjw_1pZgoZrYbWw_54328_55568.wav,ThatsSoYin_UCVSNUB9UmQ34eFSs2TEjw_1pZgoZrYbWw,54328,55568,1240
ThatsSoYin_UCVSNUB9UmQ34eFSs2TEjw_1pZgoZrYbWw_55784_57576.wav,ThatsSoYin_UCVSNUB9UmQ34eFSs2TEjw_1pZgoZrYbWw,55784,57576,1792
ThatsSoYin_UCVSNUB9UmQ34eFSs2TEjw_1pZgoZrYbWw_57848_59832.wav,ThatsSoYin_UCVSNUB9UmQ34eFSs2TEjw_1pZgoZrYbWw,57848,59832,1984
ThatsSoYin_UCVSNUB9UmQ34eFSs2TEjw_1pZgoZrYbWw_60112_65576.wav,ThatsSoYin_UCVSNUB9UmQ34eFSs2TEjw_1pZgoZrYbWw,60112,65576,5464
ThatsSoYin_UCVSNUB9UmQ34eFSs2TEjw_1pZgoZrYbWw_65784_66072.wav,ThatsSoYin_UCVSNUB9UmQ34eFSs2TEjw_1pZgoZrYbWw,65784,66072,288
ThatsSoYin_UCVSNUB9UmQ34eFSs2TEjw_1pZgoZrYbWw_66240_70976.wav,ThatsSoYin_UCVSNUB9UmQ34eFSs2TEjw_1pZgoZrYbWw,66240,70976,4736
ThatsSoYin_UCVSNUB9UmQ34eFSs2TEjw_1pZgoZrYbWw_71208_80988.wav,ThatsSoYin_UCVSNUB9UmQ34eFSs2TEjw_1pZgoZrYbWw,71208,80988,9780
ThatsSoYin_UCVSNUB9UmQ34eFSs2TEjw_1pZgoZrYbWw_81244_84040.wav,ThatsSoYin_UCVSNUB9UmQ34eFSs2TEjw_1pZgoZrYbWw,81244,84040,2796
ThatsSoYin_UCVSNUB9UmQ34eFSs2TEjw_1pZgoZrYbWw_84152_84432.wav,ThatsSoYin_UCVSNUB9UmQ34eFSs2TEjw_1pZgoZrYbWw,84152,84432,280
ThatsSoYin_UCVSNUB9UmQ34eFSs2TEjw_1pZgoZrYbWw_84592_91248.wav,ThatsSoYin_UCVSNUB9UmQ34eFSs2TEjw_1pZgoZrYbWw,84592,91248,6656
ThatsSoYin_UCVSNUB9UmQ34eFSs2TEjw_1pZgoZrYbWw_91424_95880.wav,ThatsSoYin_UCVSNUB9UmQ34eFSs2TEjw_1pZgoZrYbWw,91424,95880,4456
ThatsSoYin_UCVSNUB9UmQ34eFSs2TEjw_1pZgoZrYbWw_96208_104412.wav,ThatsSoYin_UCVSNUB9UmQ34eFSs2TEjw_1pZgoZrYbWw,96208,104412,8204
ThatsSoYin_UCVSNUB9UmQ34eFSs2TEjw_1pZgoZrYbWw_104604_106760.wav,ThatsSoYin_UCVSNUB9UmQ34eFSs2TEjw_1pZgoZrYbWw,104604,106760,2156
ThatsSoYin_UCVSNUB9UmQ34eFSs2TEjw_1pZgoZrYbWw_106904_115252.wav,ThatsSoYin_UCVSNUB9UmQ34eFSs2TEjw_1pZgoZrYbWw,106904,115252,8348
ThatsSoYin_UCVSNUB9UmQ34eFSs2TEjw_1pZgoZrYbWw_115468_125246.wav,ThatsSoYin_UCVSNUB9UmQ34eFSs2TEjw_1pZgoZrYbWw,115468,125246,9778
ThatsSoYin_UCVSNUB9UmQ34eFSs2TEjw_1pZgoZrYbWw_125462_128920.wav,ThatsSoYin_UCVSNUB9UmQ34eFSs2TEjw_1pZgoZrYbWw,125462,128920,3458
ThatsSoYin_UCVSNUB9UmQ34eFSs2TEjw_1pZgoZrYbWw_129024_132248.wav,ThatsSoYin_UCVSNUB9UmQ34eFSs2TEjw_1pZgoZrYbWw,129024,132248,3224
ThatsSoYin_UCVSNUB9UmQ34eFSs2TEjw_1pZgoZrYbWw_132520_134240.wav,ThatsSoYin_UCVSNUB9UmQ34eFSs2TEjw_1pZgoZrYbWw,132520,134240,1720
ThatsSoYin_UCVSNUB9UmQ34eFSs2TEjw_1pZgoZrYbWw_134496_143128.wav,ThatsSoYin_UCVSNUB9UmQ34eFSs2TEjw_1pZgoZrYbWw,134496,143128,8632
ThatsSoYin_UCVSNUB9UmQ34eFSs2TEjw_1pZgoZrYbWw_143392_145128.wav,ThatsSoYin_UCVSNUB9UmQ34eFSs2TEjw_1pZgoZrYbWw,143392,145128,1736
ThatsSoYin_UCVSNUB9UmQ34eFSs2TEjw_1pZgoZrYbWw_145280_149776.wav,ThatsSoYin_UCVSNUB9UmQ34eFSs2TEjw_1pZgoZrYbWw,145280,149776,4496
ThatsSoYin_UCVSNUB9UmQ34eFSs2TEjw_1pZgoZrYbWw_149888_151832.wav,ThatsSoYin_UCVSNUB9UmQ34eFSs2TEjw_1pZgoZrYbWw,149888,151832,1944
ThatsSoYin_UCVSNUB9UmQ34eFSs2TEjw_1pZgoZrYbWw_151944_158848.wav,ThatsSoYin_UCVSNUB9UmQ34eFSs2TEjw_1pZgoZrYbWw,151944,158848,6904
ThatsSoYin_UCVSNUB9UmQ34eFSs2TEjw_1pZgoZrYbWw_159008_163440.wav,ThatsSoYin_UCVSNUB9UmQ34eFSs2TEjw_1pZgoZrYbWw,159008,163440,4432
ThatsSoYin_UCVSNUB9UmQ34eFSs2TEjw_1pZgoZrYbWw_163840_172548.wav,ThatsSoYin_UCVSNUB9UmQ34eFSs2TEjw_1pZgoZrYbWw,163840,172548,8708
ThatsSoYin_UCVSNUB9UmQ34eFSs2TEjw_1pZgoZrYbWw_172732_173668.wav,ThatsSoYin_UCVSNUB9UmQ34eFSs2TEjw_1pZgoZrYbWw,172732,173668,936
ThatsSoYin_UCVSNUB9UmQ34eFSs2TEjw_1pZgoZrYbWw_174280_178384.wav,ThatsSoYin_UCVSNUB9UmQ34eFSs2TEjw_1pZgoZrYbWw,174280,178384,4104
ThatsSoYin_UCVSNUB9UmQ34eFSs2TEjw_1pZgoZrYbWw_178784_186728.wav,ThatsSoYin_UCVSNUB9UmQ34eFSs2TEjw_1pZgoZrYbWw,178784,186728,7944
ThatsSoYin_UCVSNUB9UmQ34eFSs2TEjw_1pZgoZrYbWw_186888_196840.wav,ThatsSoYin_UCVSNUB9UmQ34eFSs2TEjw_1pZgoZrYbWw,186888,196840,9952
ThatsSoYin_UCVSNUB9UmQ34eFSs2TEjw_1pZgoZrYbWw_196992_197464.wav,ThatsSoYin_UCVSNUB9UmQ34eFSs2TEjw_1pZgoZrYbWw,196992,197464,472
ThatsSoYin_UCVSNUB9UmQ34eFSs2TEjw_1pZgoZrYbWw_197592_201088.wav,ThatsSoYin_UCVSNUB9UmQ34eFSs2TEjw_1pZgoZrYbWw,197592,201088,3496
ThatsSoYin_UCVSNUB9UmQ34eFSs2TEjw_1pZgoZrYbWw_201528_207240.wav,ThatsSoYin_UCVSNUB9UmQ34eFSs2TEjw_1pZgoZrYbWw,201528,207240,5712
ThatsSoYin_UCVSNUB9UmQ34eFSs2TEjw_1pZgoZrYbWw_207728_210714.wav,ThatsSoYin_UCVSNUB9UmQ34eFSs2TEjw_1pZgoZrYbWw,207728,210714,2986
ThatsSoYin_UCVSNUB9UmQ34eFSs2TEjw_1pZgoZrYbWw_210898_218826.wav,ThatsSoYin_UCVSNUB9UmQ34eFSs2TEjw_1pZgoZrYbWw,210898,218826,7928
ThatsSoYin_UCVSNUB9UmQ34eFSs2TEjw_1pZgoZrYbWw_219188_221212.wav,ThatsSoYin_UCVSNUB9UmQ34eFSs2TEjw_1pZgoZrYbWw,219188,221212,2024
ThatsSoYin_UCVSNUB9UmQ34eFSs2TEjw_1pZgoZrYbWw_221316_226084.wav,ThatsSoYin_UCVSNUB9UmQ34eFSs2TEjw_1pZgoZrYbWw,221316,226084,4768
ThatsSoYin_UCVSNUB9UmQ34eFSs2TEjw_1pZgoZrYbWw_226404_235246.wav,ThatsSoYin_UCVSNUB9UmQ34eFSs2TEjw_1pZgoZrYbWw,226404,235246,8842
ThatsSoYin_UCVSNUB9UmQ34eFSs2TEjw_1pZgoZrYbWw_235502_240880.wav,ThatsSoYin_UCVSNUB9UmQ34eFSs2TEjw_1pZgoZrYbWw,235502,240880,5378
ThatsSoYin_UCVSNUB9UmQ34eFSs2TEjw_1pZgoZrYbWw_241552_249992.wav,ThatsSoYin_UCVSNUB9UmQ34eFSs2TEjw_1pZgoZrYbWw,241552,249992,8440
ThatsSoYin_UCVSNUB9UmQ34eFSs2TEjw_1pZgoZrYbWw_250112_252032.wav,ThatsSoYin_UCVSNUB9UmQ34eFSs2TEjw_1pZgoZrYbWw,250112,252032,1920
ThatsSoYin_UCVSNUB9UmQ34eFSs2TEjw_1pZgoZrYbWw_252320_257768.wav,ThatsSoYin_UCVSNUB9UmQ34eFSs2TEjw_1pZgoZrYbWw,252320,257768,5448
ThatsSoYin_UCVSNUB9UmQ34eFSs2TEjw_1pZgoZrYbWw_257896_262736.wav,ThatsSoYin_UCVSNUB9UmQ34eFSs2TEjw_1pZgoZrYbWw,257896,262736,4840
ThatsSoYin_UCVSNUB9UmQ34eFSs2TEjw_1pZgoZrYbWw_263488_271520.wav,ThatsSoYin_UCVSNUB9UmQ34eFSs2TEjw_1pZgoZrYbWw,263488,271520,8032
ThatsSoYin_UCVSNUB9UmQ34eFSs2TEjw_1pZgoZrYbWw_272392_275592.wav,ThatsSoYin_UCVSNUB9UmQ34eFSs2TEjw_1pZgoZrYbWw,272392,275592,3200
ThatsSoYin_UCVSNUB9UmQ34eFSs2TEjw_1pZgoZrYbWw_275912_281672.wav,ThatsSoYin_UCVSNUB9UmQ34eFSs2TEjw_1pZgoZrYbWw,275912,281672,5760
ThatsSoYin_UCVSNUB9UmQ34eFSs2TEjw_1pZgoZrYbWw_281992_283736.wav,ThatsSoYin_UCVSNUB9UmQ34eFSs2TEjw_1pZgoZrYbWw,281992,283736,1744
ThatsSoYin_UCVSNUB9UmQ34eFSs2TEjw_1pZgoZrYbWw_284040_293786.wav,ThatsSoYin_UCVSNUB9UmQ34eFSs2TEjw_1pZgoZrYbWw,284040,293786,9746
ThatsSoYin_UCVSNUB9UmQ34eFSs2TEjw_1pZgoZrYbWw_293994_295836.wav,ThatsSoYin_UCVSNUB9UmQ34eFSs2TEjw_1pZgoZrYbWw,293994,295836,1842
ThatsSoYin_UCVSNUB9UmQ34eFSs2TEjw_1pZgoZrYbWw_296076_302660.wav,ThatsSoYin_UCVSNUB9UmQ34eFSs2TEjw_1pZgoZrYbWw,296076,302660,6584
ThatsSoYin_UCVSNUB9UmQ34eFSs2TEjw_1pZgoZrYbWw_302772_307228.wav,ThatsSoYin_UCVSNUB9UmQ34eFSs2TEjw_1pZgoZrYbWw,302772,307228,4456
ThatsSoYin_UCVSNUB9UmQ34eFSs2TEjw_1pZgoZrYbWw_307396_310456.wav,ThatsSoYin_UCVSNUB9UmQ34eFSs2TEjw_1pZgoZrYbWw,307396,310456,3060
ThatsSoYin_UCVSNUB9UmQ34eFSs2TEjw_1pZgoZrYbWw_310800_316516.wav,ThatsSoYin_UCVSNUB9UmQ34eFSs2TEjw_1pZgoZrYbWw,310800,316516,5716
ThatsSoYin_UCVSNUB9UmQ34eFSs2TEjw_1pZgoZrYbWw_316716_317740.wav,ThatsSoYin_UCVSNUB9UmQ34eFSs2TEjw_1pZgoZrYbWw,316716,317740,1024
ThatsSoYin_UCVSNUB9UmQ34eFSs2TEjw_1pZgoZrYbWw_317884_323221.wav,ThatsSoYin_UCVSNUB9UmQ34eFSs2TEjw_1pZgoZrYbWw,317884,323221,5337
ThatsSoYin_UCVSNUB9UmQ34eFSs2TEjw_1pZgoZrYbWw_323461_328750.wav,ThatsSoYin_UCVSNUB9UmQ34eFSs2TEjw_1pZgoZrYbWw,323461,328750,5289
ThatsSoYin_UCVSNUB9UmQ34eFSs2TEjw_1pZgoZrYbWw_328934_329134.wav,ThatsSoYin_UCVSNUB9UmQ34eFSs2TEjw_1pZgoZrYbWw,328934,329134,200
ThatsSoYin_UCVSNUB9UmQ34eFSs2TEjw_1pZgoZrYbWw_329640_339352.wav,ThatsSoYin_UCVSNUB9UmQ34eFSs2TEjw_1pZgoZrYbWw,329640,339352,9712
ThatsSoYin_UCVSNUB9UmQ34eFSs2TEjw_1pZgoZrYbWw_339664_341424.wav,ThatsSoYin_UCVSNUB9UmQ34eFSs2TEjw_1pZgoZrYbWw,339664,341424,1760
ThatsSoYin_UCVSNUB9UmQ34eFSs2TEjw_1pZgoZrYbWw_342552_347044.wav,ThatsSoYin_UCVSNUB9UmQ34eFSs2TEjw_1pZgoZrYbWw,342552,347044,4492
ThatsSoYin_UCVSNUB9UmQ34eFSs2TEjw_1pZgoZrYbWw_347164_351708.wav,ThatsSoYin_UCVSNUB9UmQ34eFSs2TEjw_1pZgoZrYbWw,347164,351708,4544
ThatsSoYin_UCVSNUB9UmQ34eFSs2TEjw_1pZgoZrYbWw_351820_352180.wav,ThatsSoYin_UCVSNUB9UmQ34eFSs2TEjw_1pZgoZrYbWw,351820,352180,360
ThatsSoYin_UCVSNUB9UmQ34eFSs2TEjw_1pZgoZrYbWw_352356_353856.wav,ThatsSoYin_UCVSNUB9UmQ34eFSs2TEjw_1pZgoZrYbWw,352356,353856,1500
ThatsSoYin_UCVSNUB9UmQ34eFSs2TEjw_1pZgoZrYbWw_354176_359028.wav,ThatsSoYin_UCVSNUB9UmQ34eFSs2TEjw_1pZgoZrYbWw,354176,359028,4852
ThatsSoYin_UCVSNUB9UmQ34eFSs2TEjw_1pZgoZrYbWw_359156_362444.wav,ThatsSoYin_UCVSNUB9UmQ34eFSs2TEjw_1pZgoZrYbWw,359156,362444,3288
ThatsSoYin_UCVSNUB9UmQ34eFSs2TEjw_1pZgoZrYbWw_362564_364772.wav,ThatsSoYin_UCVSNUB9UmQ34eFSs2TEjw_1pZgoZrYbWw,362564,364772,2208
ThatsSoYin_UCVSNUB9UmQ34eFSs2TEjw_1pZgoZrYbWw_365004_370536.wav,ThatsSoYin_UCVSNUB9UmQ34eFSs2TEjw_1pZgoZrYbWw,365004,370536,5532
ThatsSoYin_UCVSNUB9UmQ34eFSs2TEjw_1pZgoZrYbWw_371048_373456.wav,ThatsSoYin_UCVSNUB9UmQ34eFSs2TEjw_1pZgoZrYbWw,371048,373456,2408
ThatsSoYin_UCVSNUB9UmQ34eFSs2TEjw_1pZgoZrYbWw_373816_374488.wav,ThatsSoYin_UCVSNUB9UmQ34eFSs2TEjw_1pZgoZrYbWw,373816,374488,672
ThatsSoYin_UCVSNUB9UmQ34eFSs2TEjw_1pZgoZrYbWw_374696_379504.wav,ThatsSoYin_UCVSNUB9UmQ34eFSs2TEjw_1pZgoZrYbWw,374696,379504,4808
ThatsSoYin_UCVSNUB9UmQ34eFSs2TEjw_1pZgoZrYbWw_379640_381200.wav,ThatsSoYin_UCVSNUB9UmQ34eFSs2TEjw_1pZgoZrYbWw,379640,381200,1560
ThatsSoYin_UCVSNUB9UmQ34eFSs2TEjw_1pZgoZrYbWw_381504_383576.wav,ThatsSoYin_UCVSNUB9UmQ34eFSs2TEjw_1pZgoZrYbWw,381504,383576,2072
ThatsSoYin_UCVSNUB9UmQ34eFSs2TEjw_1pZgoZrYbWw_383832_390936.wav,ThatsSoYin_UCVSNUB9UmQ34eFSs2TEjw_1pZgoZrYbWw,383832,390936,7104
ThatsSoYin_UCVSNUB9UmQ34eFSs2TEjw_1pZgoZrYbWw_391120_395016.wav,ThatsSoYin_UCVSNUB9UmQ34eFSs2TEjw_1pZgoZrYbWw,391120,395016,3896
ThatsSoYin_UCVSNUB9UmQ34eFSs2TEjw_1pZgoZrYbWw_395632_405464.wav,ThatsSoYin_UCVSNUB9UmQ34eFSs2TEjw_1pZgoZrYbWw,395632,405464,9832
ThatsSoYin_UCVSNUB9UmQ34eFSs2TEjw_1pZgoZrYbWw_405792_410768.wav,ThatsSoYin_UCVSNUB9UmQ34eFSs2TEjw_1pZgoZrYbWw,405792,410768,4976
ThatsSoYin_UCVSNUB9UmQ34eFSs2TEjw_1pZgoZrYbWw_411096_415072.wav,ThatsSoYin_UCVSNUB9UmQ34eFSs2TEjw_1pZgoZrYbWw,411096,415072,3976
ThatsSoYin_UCVSNUB9UmQ34eFSs2TEjw_1pZgoZrYbWw_415656_416584.wav,ThatsSoYin_UCVSNUB9UmQ34eFSs2TEjw_1pZgoZrYbWw,415656,416584,928
ThatsSoYin_UCVSNUB9UmQ34eFSs2TEjw_1pZgoZrYbWw_416920_421136.wav,ThatsSoYin_UCVSNUB9UmQ34eFSs2TEjw_1pZgoZrYbWw,416920,421136,4216
ThatsSoYin_UCVSNUB9UmQ34eFSs2TEjw_1pZgoZrYbWw_421248_428692.wav,ThatsSoYin_UCVSNUB9UmQ34eFSs2TEjw_1pZgoZrYbWw,421248,428692,7444
ThatsSoYin_UCVSNUB9UmQ34eFSs2TEjw_1pZgoZrYbWw_428876_433120.wav,ThatsSoYin_UCVSNUB9UmQ34eFSs2TEjw_1pZgoZrYbWw,428876,433120,4244
ThatsSoYin_UCVSNUB9UmQ34eFSs2TEjw_1pZgoZrYbWw_433440_433888.wav,ThatsSoYin_UCVSNUB9UmQ34eFSs2TEjw_1pZgoZrYbWw,433440,433888,448
ThatsSoYin_UCVSNUB9UmQ34eFSs2TEjw_1pZgoZrYbWw_434280_442812.wav,ThatsSoYin_UCVSNUB9UmQ34eFSs2TEjw_1pZgoZrYbWw,434280,442812,8532
ThatsSoYin_UCVSNUB9UmQ34eFSs2TEjw_1pZgoZrYbWw_443060_451573.wav,ThatsSoYin_UCVSNUB9UmQ34eFSs2TEjw_1pZgoZrYbWw,443060,451573,8513
ThatsSoYin_UCVSNUB9UmQ34eFSs2TEjw_1pZgoZrYbWw_451877_454158.wav,ThatsSoYin_UCVSNUB9UmQ34eFSs2TEjw_1pZgoZrYbWw,451877,454158,2281
ThatsSoYin_UCVSNUB9UmQ34eFSs2TEjw_1pZgoZrYbWw_454454_455040.wav,ThatsSoYin_UCVSNUB9UmQ34eFSs2TEjw_1pZgoZrYbWw,454454,455040,586
ThatsSoYin_UCVSNUB9UmQ34eFSs2TEjw_1pZgoZrYbWw_455192_455644.wav,ThatsSoYin_UCVSNUB9UmQ34eFSs2TEjw_1pZgoZrYbWw,455192,455644,452
ThatsSoYin_UCVSNUB9UmQ34eFSs2TEjw_1pZgoZrYbWw_455988_460896.wav,ThatsSoYin_UCVSNUB9UmQ34eFSs2TEjw_1pZgoZrYbWw,455988,460896,4908
ThatsSoYin_UCVSNUB9UmQ34eFSs2TEjw_1pZgoZrYbWw_461192_469600.wav,ThatsSoYin_UCVSNUB9UmQ34eFSs2TEjw_1pZgoZrYbWw,461192,469600,8408
ThatsSoYin_UCVSNUB9UmQ34eFSs2TEjw_1pZgoZrYbWw_470056_472472.wav,ThatsSoYin_UCVSNUB9UmQ34eFSs2TEjw_1pZgoZrYbWw,470056,472472,2416
ThatsSoYin_UCVSNUB9UmQ34eFSs2TEjw_1pZgoZrYbWw_472632_475634.wav,ThatsSoYin_UCVSNUB9UmQ34eFSs2TEjw_1pZgoZrYbWw,472632,475634,3002
ThatsSoYin_UCVSNUB9UmQ34eFSs2TEjw_1pZgoZrYbWw_475978_482764.wav,ThatsSoYin_UCVSNUB9UmQ34eFSs2TEjw_1pZgoZrYbWw,475978,482764,6786
ThatsSoYin_UCVSNUB9UmQ34eFSs2TEjw_1pZgoZrYbWw_483092_486196.wav,ThatsSoYin_UCVSNUB9UmQ34eFSs2TEjw_1pZgoZrYbWw,483092,486196,3104
ThatsSoYin_UCVSNUB9UmQ34eFSs2TEjw_1pZgoZrYbWw_487664_497456.wav,ThatsSoYin_UCVSNUB9UmQ34eFSs2TEjw_1pZgoZrYbWw,487664,497456,9792
ThatsSoYin_UCVSNUB9UmQ34eFSs2TEjw_1pZgoZrYbWw_497768_503640.wav,ThatsSoYin_UCVSNUB9UmQ34eFSs2TEjw_1pZgoZrYbWw,497768,503640,5872
ThatsSoYin_UCVSNUB9UmQ34eFSs2TEjw_1pZgoZrYbWw_504848_505696.wav,ThatsSoYin_UCVSNUB9UmQ34eFSs2TEjw_1pZgoZrYbWw,504848,505696,848
ThatsSoYin_UCVSNUB9UmQ34eFSs2TEjw_1pZgoZrYbWw_506328_509328.wav,ThatsSoYin_UCVSNUB9UmQ34eFSs2TEjw_1pZgoZrYbWw,506328,509328,3000
ThatsSoYin_UCVSNUB9UmQ34eFSs2TEjw_1pZgoZrYbWw_509736_514064.wav,ThatsSoYin_UCVSNUB9UmQ34eFSs2TEjw_1pZgoZrYbWw,509736,514064,4328
ThatsSoYin_UCVSNUB9UmQ34eFSs2TEjw_1pZgoZrYbWw_514472_523514.wav,ThatsSoYin_UCVSNUB9UmQ34eFSs2TEjw_1pZgoZrYbWw,514472,523514,9042
ThatsSoYin_UCVSNUB9UmQ34eFSs2TEjw_1pZgoZrYbWw_523954_528492.wav,ThatsSoYin_UCVSNUB9UmQ34eFSs2TEjw_1pZgoZrYbWw,523954,528492,4538
ThatsSoYin_UCVSNUB9UmQ34eFSs2TEjw_1pZgoZrYbWw_528660_531236.wav,ThatsSoYin_UCVSNUB9UmQ34eFSs2TEjw_1pZgoZrYbWw,528660,531236,2576
ThatsSoYin_UCVSNUB9UmQ34eFSs2TEjw_1pZgoZrYbWw_532048_540744.wav,ThatsSoYin_UCVSNUB9UmQ34eFSs2TEjw_1pZgoZrYbWw,532048,540744,8696
ThatsSoYin_UCVSNUB9UmQ34eFSs2TEjw_1pZgoZrYbWw_540936_545296.wav,ThatsSoYin_UCVSNUB9UmQ34eFSs2TEjw_1pZgoZrYbWw,540936,545296,4360
ThatsSoYin_UCVSNUB9UmQ34eFSs2TEjw_1pZgoZrYbWw_545464_545664.wav,ThatsSoYin_UCVSNUB9UmQ34eFSs2TEjw_1pZgoZrYbWw,545464,545664,200
ThatsSoYin_UCVSNUB9UmQ34eFSs2TEjw_1pZgoZrYbWw_545784_547928.wav,ThatsSoYin_UCVSNUB9UmQ34eFSs2TEjw_1pZgoZrYbWw,545784,547928,2144
ThatsSoYin_UCVSNUB9UmQ34eFSs2TEjw_1pZgoZrYbWw_548184_555104.wav,ThatsSoYin_UCVSNUB9UmQ34eFSs2TEjw_1pZgoZrYbWw,548184,555104,6920
ThatsSoYin_UCVSNUB9UmQ34eFSs2TEjw_1pZgoZrYbWw_555376_557408.wav,ThatsSoYin_UCVSNUB9UmQ34eFSs2TEjw_1pZgoZrYbWw,555376,557408,2032
ThatsSoYin_UCVSNUB9UmQ34eFSs2TEjw_1pZgoZrYbWw_557792_559560.wav,ThatsSoYin_UCVSNUB9UmQ34eFSs2TEjw_1pZgoZrYbWw,557792,559560,1768
ThatsSoYin_UCVSNUB9UmQ34eFSs2TEjw_1pZgoZrYbWw_560136_562096.wav,ThatsSoYin_UCVSNUB9UmQ34eFSs2TEjw_1pZgoZrYbWw,560136,562096,1960
ThatsSoYin_UCVSNUB9UmQ34eFSs2TEjw_1pZgoZrYbWw_562448_563392.wav,ThatsSoYin_UCVSNUB9UmQ34eFSs2TEjw_1pZgoZrYbWw,562448,563392,944
ThatsSoYin_UCVSNUB9UmQ34eFSs2TEjw_1pZgoZrYbWw_563888_564428.wav,ThatsSoYin_UCVSNUB9UmQ34eFSs2TEjw_1pZgoZrYbWw,563888,564428,540
ThatsSoYin_UCVSNUB9UmQ34eFSs2TEjw_1pZgoZrYbWw_564588_565332.wav,ThatsSoYin_UCVSNUB9UmQ34eFSs2TEjw_1pZgoZrYbWw,564588,565332,744
ThatsSoYin_UCVSNUB9UmQ34eFSs2TEjw_1pZgoZrYbWw_565580_568676.wav,ThatsSoYin_UCVSNUB9UmQ34eFSs2TEjw_1pZgoZrYbWw,565580,568676,3096
ThatsSoYin_UCVSNUB9UmQ34eFSs2TEjw_1pZgoZrYbWw_568884_578396.wav,ThatsSoYin_UCVSNUB9UmQ34eFSs2TEjw_1pZgoZrYbWw,568884,578396,9512
ThatsSoYin_UCVSNUB9UmQ34eFSs2TEjw_1pZgoZrYbWw_578612_579956.wav,ThatsSoYin_UCVSNUB9UmQ34eFSs2TEjw_1pZgoZrYbWw,578612,579956,1344
ThatsSoYin_UCVSNUB9UmQ34eFSs2TEjw_1pZgoZrYbWw_580068_586925.wav,ThatsSoYin_UCVSNUB9UmQ34eFSs2TEjw_1pZgoZrYbWw,580068,586925,6857
ThatsSoYin_UCVSNUB9UmQ34eFSs2TEjw_1pZgoZrYbWw_587181_593437.wav,ThatsSoYin_UCVSNUB9UmQ34eFSs2TEjw_1pZgoZrYbWw,587181,593437,6256
ThatsSoYin_UCVSNUB9UmQ34eFSs2TEjw_1pZgoZrYbWw_593733_601062.wav,ThatsSoYin_UCVSNUB9UmQ34eFSs2TEjw_1pZgoZrYbWw,593733,601062,7329
ThatsSoYin_UCVSNUB9UmQ34eFSs2TEjw_1pZgoZrYbWw_601214_607552.wav,ThatsSoYin_UCVSNUB9UmQ34eFSs2TEjw_1pZgoZrYbWw,601214,607552,6338
ThatsSoYin_UCVSNUB9UmQ34eFSs2TEjw_1pZgoZrYbWw_608192_609640.wav,ThatsSoYin_UCVSNUB9UmQ34eFSs2TEjw_1pZgoZrYbWw,608192,609640,1448
ThatsSoYin_UCVSNUB9UmQ34eFSs2TEjw_1pZgoZrYbWw_610208_611032.wav,ThatsSoYin_UCVSNUB9UmQ34eFSs2TEjw_1pZgoZrYbWw,610208,611032,824
ThatsSoYin_UCVSNUB9UmQ34eFSs2TEjw_1pZgoZrYbWw_611216_620000.wav,ThatsSoYin_UCVSNUB9UmQ34eFSs2TEjw_1pZgoZrYbWw,611216,620000,8784
ThatsSoYin_UCVSNUB9UmQ34eFSs2TEjw_1pZgoZrYbWw_620472_621408.wav,ThatsSoYin_UCVSNUB9UmQ34eFSs2TEjw_1pZgoZrYbWw,620472,621408,936
ThatsSoYin_UCVSNUB9UmQ34eFSs2TEjw_1pZgoZrYbWw_621776_627632.wav,ThatsSoYin_UCVSNUB9UmQ34eFSs2TEjw_1pZgoZrYbWw,621776,627632,5856
ThatsSoYin_UCVSNUB9UmQ34eFSs2TEjw_1pZgoZrYbWw_627816_631640.wav,ThatsSoYin_UCVSNUB9UmQ34eFSs2TEjw_1pZgoZrYbWw,627816,631640,3824
ThatsSoYin_UCVSNUB9UmQ34eFSs2TEjw_1pZgoZrYbWw_632072_634200.wav,ThatsSoYin_UCVSNUB9UmQ34eFSs2TEjw_1pZgoZrYbWw,632072,634200,2128
ThatsSoYin_UCVSNUB9UmQ34eFSs2TEjw_1pZgoZrYbWw_634752_641160.wav,ThatsSoYin_UCVSNUB9UmQ34eFSs2TEjw_1pZgoZrYbWw,634752,641160,6408
ThatsSoYin_UCVSNUB9UmQ34eFSs2TEjw_1pZgoZrYbWw_641480_647960.wav,ThatsSoYin_UCVSNUB9UmQ34eFSs2TEjw_1pZgoZrYbWw,641480,647960,6480
ThatsSoYin_UCVSNUB9UmQ34eFSs2TEjw_1pZgoZrYbWw_648368_649608.wav,ThatsSoYin_UCVSNUB9UmQ34eFSs2TEjw_1pZgoZrYbWw,648368,649608,1240
ThatsSoYin_UCVSNUB9UmQ34eFSs2TEjw_1pZgoZrYbWw_649824_650960.wav,ThatsSoYin_UCVSNUB9UmQ34eFSs2TEjw_1pZgoZrYbWw,649824,650960,1136
ThatsSoYin_UCVSNUB9UmQ34eFSs2TEjw_1pZgoZrYbWw_651800_657472.wav,ThatsSoYin_UCVSNUB9UmQ34eFSs2TEjw_1pZgoZrYbWw,651800,657472,5672
ThatsSoYin_UCVSNUB9UmQ34eFSs2TEjw_1pZgoZrYbWw_657608_665576.wav,ThatsSoYin_UCVSNUB9UmQ34eFSs2TEjw_1pZgoZrYbWw,657608,665576,7968
ThatsSoYin_UCVSNUB9UmQ34eFSs2TEjw_1pZgoZrYbWw_665720_668880.wav,ThatsSoYin_UCVSNUB9UmQ34eFSs2TEjw_1pZgoZrYbWw,665720,668880,3160
ThatsSoYin_UCVSNUB9UmQ34eFSs2TEjw_1pZgoZrYbWw_669400_674012.wav,ThatsSoYin_UCVSNUB9UmQ34eFSs2TEjw_1pZgoZrYbWw,669400,674012,4612
ThatsSoYin_UCVSNUB9UmQ34eFSs2TEjw_1pZgoZrYbWw_674188_682300.wav,ThatsSoYin_UCVSNUB9UmQ34eFSs2TEjw_1pZgoZrYbWw,674188,682300,8112
ThatsSoYin_UCVSNUB9UmQ34eFSs2TEjw_1pZgoZrYbWw_682468_683872.wav,ThatsSoYin_UCVSNUB9UmQ34eFSs2TEjw_1pZgoZrYbWw,682468,683872,1404
ThatsSoYin_UCVSNUB9UmQ34eFSs2TEjw_1pZgoZrYbWw_684088_685408.wav,ThatsSoYin_UCVSNUB9UmQ34eFSs2TEjw_1pZgoZrYbWw,684088,685408,1320
ThatsSoYin_UCVSNUB9UmQ34eFSs2TEjw_1pZgoZrYbWw_685744_686896.wav,ThatsSoYin_UCVSNUB9UmQ34eFSs2TEjw_1pZgoZrYbWw,685744,686896,1152
ThatsSoYin_UCVSNUB9UmQ34eFSs2TEjw_1pZgoZrYbWw_687088_695052.wav,ThatsSoYin_UCVSNUB9UmQ34eFSs2TEjw_1pZgoZrYbWw,687088,695052,7964
ThatsSoYin_UCVSNUB9UmQ34eFSs2TEjw_1pZgoZrYbWw_695212_697996.wav,ThatsSoYin_UCVSNUB9UmQ34eFSs2TEjw_1pZgoZrYbWw,695212,697996,2784
ThatsSoYin_UCVSNUB9UmQ34eFSs2TEjw_1pZgoZrYbWw_698560_700280.wav,ThatsSoYin_UCVSNUB9UmQ34eFSs2TEjw_1pZgoZrYbWw,698560,700280,1720
ThatsSoYin_UCVSNUB9UmQ34eFSs2TEjw_1pZgoZrYbWw_700384_704912.wav,ThatsSoYin_UCVSNUB9UmQ34eFSs2TEjw_1pZgoZrYbWw,700384,704912,4528
ThatsSoYin_UCVSNUB9UmQ34eFSs2TEjw_1pZgoZrYbWw_705064_711912.wav,ThatsSoYin_UCVSNUB9UmQ34eFSs2TEjw_1pZgoZrYbWw,705064,711912,6848
ThatsSoYin_UCVSNUB9UmQ34eFSs2TEjw_1pZgoZrYbWw_712344_715808.wav,ThatsSoYin_UCVSNUB9UmQ34eFSs2TEjw_1pZgoZrYbWw,712344,715808,3464
ThatsSoYin_UCVSNUB9UmQ34eFSs2TEjw_1pZgoZrYbWw_717584_722880.wav,ThatsSoYin_UCVSNUB9UmQ34eFSs2TEjw_1pZgoZrYbWw,717584,722880,5296
ThatsSoYin_UCVSNUB9UmQ34eFSs2TEjw_1pZgoZrYbWw_723216_724416.wav,ThatsSoYin_UCVSNUB9UmQ34eFSs2TEjw_1pZgoZrYbWw,723216,724416,1200
ThatsSoYin_UCVSNUB9UmQ34eFSs2TEjw_1pZgoZrYbWw_724680_726016.wav,ThatsSoYin_UCVSNUB9UmQ34eFSs2TEjw_1pZgoZrYbWw,724680,726016,1336
ThatsSoYin_UCVSNUB9UmQ34eFSs2TEjw_1pZgoZrYbWw_726688_728376.wav,ThatsSoYin_UCVSNUB9UmQ34eFSs2TEjw_1pZgoZrYbWw,726688,728376,1688
ThatsSoYin_UCVSNUB9UmQ34eFSs2TEjw_1pZgoZrYbWw_728936_733800.wav,ThatsSoYin_UCVSNUB9UmQ34eFSs2TEjw_1pZgoZrYbWw,728936,733800,4864
ThatsSoYin_UCVSNUB9UmQ34eFSs2TEjw_1pZgoZrYbWw_733952_736264.wav,ThatsSoYin_UCVSNUB9UmQ34eFSs2TEjw_1pZgoZrYbWw,733952,736264,2312
ThatsSoYin_UCVSNUB9UmQ34eFSs2TEjw_1pZgoZrYbWw_736408_740656.wav,ThatsSoYin_UCVSNUB9UmQ34eFSs2TEjw_1pZgoZrYbWw,736408,740656,4248
ThatsSoYin_UCVSNUB9UmQ34eFSs2TEjw_1pZgoZrYbWw_740776_744576.wav,ThatsSoYin_UCVSNUB9UmQ34eFSs2TEjw_1pZgoZrYbWw,740776,744576,3800
ThatsSoYin_UCVSNUB9UmQ34eFSs2TEjw_1pZgoZrYbWw_744712_747040.wav,ThatsSoYin_UCVSNUB9UmQ34eFSs2TEjw_1pZgoZrYbWw,744712,747040,2328
ThatsSoYin_UCVSNUB9UmQ34eFSs2TEjw_1pZgoZrYbWw_748120_757312.wav,ThatsSoYin_UCVSNUB9UmQ34eFSs2TEjw_1pZgoZrYbWw,748120,757312,9192
ThatsSoYin_UCVSNUB9UmQ34eFSs2TEjw_1pZgoZrYbWw_757968_764360.wav,ThatsSoYin_UCVSNUB9UmQ34eFSs2TEjw_1pZgoZrYbWw,757968,764360,6392
ThatsSoYin_UCVSNUB9UmQ34eFSs2TEjw_1pZgoZrYbWw_765160_767636.wav,ThatsSoYin_UCVSNUB9UmQ34eFSs2TEjw_1pZgoZrYbWw,765160,767636,2476
ThatsSoYin_UCVSNUB9UmQ34eFSs2TEjw_1pZgoZrYbWw_767756_772628.wav,ThatsSoYin_UCVSNUB9UmQ34eFSs2TEjw_1pZgoZrYbWw,767756,772628,4872
ThatsSoYin_UCVSNUB9UmQ34eFSs2TEjw_1pZgoZrYbWw_772748_777564.wav,ThatsSoYin_UCVSNUB9UmQ34eFSs2TEjw_1pZgoZrYbWw,772748,777564,4816
ThatsSoYin_UCVSNUB9UmQ34eFSs2TEjw_1pZgoZrYbWw_777716_783588.wav,ThatsSoYin_UCVSNUB9UmQ34eFSs2TEjw_1pZgoZrYbWw,777716,783588,5872
ThatsSoYin_UCVSNUB9UmQ34eFSs2TEjw_1pZgoZrYbWw_783796_789584.wav,ThatsSoYin_UCVSNUB9UmQ34eFSs2TEjw_1pZgoZrYbWw,783796,789584,5788
ThatsSoYin_UCVSNUB9UmQ34eFSs2TEjw_1pZgoZrYbWw_790536_793888.wav,ThatsSoYin_UCVSNUB9UmQ34eFSs2TEjw_1pZgoZrYbWw,790536,793888,3352
ThatsSoYin_UCVSNUB9UmQ34eFSs2TEjw_1pZgoZrYbWw_794056_800760.wav,ThatsSoYin_UCVSNUB9UmQ34eFSs2TEjw_1pZgoZrYbWw,794056,800760,6704
ThatsSoYin_UCVSNUB9UmQ34eFSs2TEjw_1pZgoZrYbWw_800992_805688.wav,ThatsSoYin_UCVSNUB9UmQ34eFSs2TEjw_1pZgoZrYbWw,800992,805688,4696
ThatsSoYin_UCVSNUB9UmQ34eFSs2TEjw_1pZgoZrYbWw_805800_811464.wav,ThatsSoYin_UCVSNUB9UmQ34eFSs2TEjw_1pZgoZrYbWw,805800,811464,5664
ThatsSoYin_UCVSNUB9UmQ34eFSs2TEjw_1pZgoZrYbWw_811968_817680.wav,ThatsSoYin_UCVSNUB9UmQ34eFSs2TEjw_1pZgoZrYbWw,811968,817680,5712
ThatsSoYin_UCVSNUB9UmQ34eFSs2TEjw_1pZgoZrYbWw_817984_818792.wav,ThatsSoYin_UCVSNUB9UmQ34eFSs2TEjw_1pZgoZrYbWw,817984,818792,808
ThatsSoYin_UCVSNUB9UmQ34eFSs2TEjw_1pZgoZrYbWw_819064_821728.wav,ThatsSoYin_UCVSNUB9UmQ34eFSs2TEjw_1pZgoZrYbWw,819064,821728,2664
ThatsSoYin_UCVSNUB9UmQ34eFSs2TEjw_1pZgoZrYbWw_821952_828944.wav,ThatsSoYin_UCVSNUB9UmQ34eFSs2TEjw_1pZgoZrYbWw,821952,828944,6992
ThatsSoYin_UCVSNUB9UmQ34eFSs2TEjw_1pZgoZrYbWw_829064_830480.wav,ThatsSoYin_UCVSNUB9UmQ34eFSs2TEjw_1pZgoZrYbWw,829064,830480,1416
ThatsSoYin_UCVSNUB9UmQ34eFSs2TEjw_1pZgoZrYbWw_830752_838584.wav,ThatsSoYin_UCVSNUB9UmQ34eFSs2TEjw_1pZgoZrYbWw,830752,838584,7832
ThatsSoYin_UCVSNUB9UmQ34eFSs2TEjw_1pZgoZrYbWw_838736_841832.wav,ThatsSoYin_UCVSNUB9UmQ34eFSs2TEjw_1pZgoZrYbWw,838736,841832,3096
ThatsSoYin_UCVSNUB9UmQ34eFSs2TEjw_1pZgoZrYbWw_842176_845784.wav,ThatsSoYin_UCVSNUB9UmQ34eFSs2TEjw_1pZgoZrYbWw,842176,845784,3608
ThatsSoYin_UCVSNUB9UmQ34eFSs2TEjw_1pZgoZrYbWw_846016_852368.wav,ThatsSoYin_UCVSNUB9UmQ34eFSs2TEjw_1pZgoZrYbWw,846016,852368,6352
ThatsSoYin_UCVSNUB9UmQ34eFSs2TEjw_1pZgoZrYbWw_852520_858856.wav,ThatsSoYin_UCVSNUB9UmQ34eFSs2TEjw_1pZgoZrYbWw,852520,858856,6336
ThatsSoYin_UCVSNUB9UmQ34eFSs2TEjw_1pZgoZrYbWw_859056_865656.wav,ThatsSoYin_UCVSNUB9UmQ34eFSs2TEjw_1pZgoZrYbWw,859056,865656,6600
ThatsSoYin_UCVSNUB9UmQ34eFSs2TEjw_1pZgoZrYbWw_865832_866816.wav,ThatsSoYin_UCVSNUB9UmQ34eFSs2TEjw_1pZgoZrYbWw,865832,866816,984
ThatsSoYin_UCVSNUB9UmQ34eFSs2TEjw_1pZgoZrYbWw_867048_868088.wav,ThatsSoYin_UCVSNUB9UmQ34eFSs2TEjw_1pZgoZrYbWw,867048,868088,1040
ThatsSoYin_UCVSNUB9UmQ34eFSs2TEjw_1pZgoZrYbWw_868264_869504.wav,ThatsSoYin_UCVSNUB9UmQ34eFSs2TEjw_1pZgoZrYbWw,868264,869504,1240
ThatsSoYin_UCVSNUB9UmQ34eFSs2TEjw_1pZgoZrYbWw_869880_872208.wav,ThatsSoYin_UCVSNUB9UmQ34eFSs2TEjw_1pZgoZrYbWw,869880,872208,2328
ThatsSoYin_UCVSNUB9UmQ34eFSs2TEjw_1pZgoZrYbWw_872728_874452.wav,ThatsSoYin_UCVSNUB9UmQ34eFSs2TEjw_1pZgoZrYbWw,872728,874452,1724
ThatsSoYin_UCVSNUB9UmQ34eFSs2TEjw_1pZgoZrYbWw_874620_881589.wav,ThatsSoYin_UCVSNUB9UmQ34eFSs2TEjw_1pZgoZrYbWw,874620,881589,6969
ThatsSoYin_UCVSNUB9UmQ34eFSs2TEjw_1pZgoZrYbWw_882069_886590.wav,ThatsSoYin_UCVSNUB9UmQ34eFSs2TEjw_1pZgoZrYbWw,882069,886590,4521
ThatsSoYin_UCVSNUB9UmQ34eFSs2TEjw_1pZgoZrYbWw_886814_888720.wav,ThatsSoYin_UCVSNUB9UmQ34eFSs2TEjw_1pZgoZrYbWw,886814,888720,1906
ThatsSoYin_UCVSNUB9UmQ34eFSs2TEjw_1pZgoZrYbWw_888968_889076.wav,ThatsSoYin_UCVSNUB9UmQ34eFSs2TEjw_1pZgoZrYbWw,888968,889076,108
ThatsSoYin_UCVSNUB9UmQ34eFSs2TEjw_1pZgoZrYbWw_889180_895736.wav,ThatsSoYin_UCVSNUB9UmQ34eFSs2TEjw_1pZgoZrYbWw,889180,895736,6556
ThatsSoYin_UCVSNUB9UmQ34eFSs2TEjw_1pZgoZrYbWw_896640_897536.wav,ThatsSoYin_UCVSNUB9UmQ34eFSs2TEjw_1pZgoZrYbWw,896640,897536,896
ThatsSoYin_UCVSNUB9UmQ34eFSs2TEjw_1pZgoZrYbWw_897904_899360.wav,ThatsSoYin_UCVSNUB9UmQ34eFSs2TEjw_1pZgoZrYbWw,897904,899360,1456
ThatsSoYin_UCVSNUB9UmQ34eFSs2TEjw_1pZgoZrYbWw_899880_904320.wav,ThatsSoYin_UCVSNUB9UmQ34eFSs2TEjw_1pZgoZrYbWw,899880,904320,4440
ThatsSoYin_UCVSNUB9UmQ34eFSs2TEjw_1pZgoZrYbWw_904632_912848.wav,ThatsSoYin_UCVSNUB9UmQ34eFSs2TEjw_1pZgoZrYbWw,904632,912848,8216
ThatsSoYin_UCVSNUB9UmQ34eFSs2TEjw_1pZgoZrYbWw_913208_922504.wav,ThatsSoYin_UCVSNUB9UmQ34eFSs2TEjw_1pZgoZrYbWw,913208,922504,9296
ThatsSoYin_UCVSNUB9UmQ34eFSs2TEjw_1pZgoZrYbWw_922776_924768.wav,ThatsSoYin_UCVSNUB9UmQ34eFSs2TEjw_1pZgoZrYbWw,922776,924768,1992
ThatsSoYin_UCVSNUB9UmQ34eFSs2TEjw_1pZgoZrYbWw_925384_930056.wav,ThatsSoYin_UCVSNUB9UmQ34eFSs2TEjw_1pZgoZrYbWw,925384,930056,4672
ThatsSoYin_UCVSNUB9UmQ34eFSs2TEjw_1pZgoZrYbWw_930432_930536.wav,ThatsSoYin_UCVSNUB9UmQ34eFSs2TEjw_1pZgoZrYbWw,930432,930536,104
ThatsSoYin_UCVSNUB9UmQ34eFSs2TEjw_1pZgoZrYbWw_931024_935000.wav,ThatsSoYin_UCVSNUB9UmQ34eFSs2TEjw_1pZgoZrYbWw,931024,935000,3976
ThatsSoYin_UCVSNUB9UmQ34eFSs2TEjw_1pZgoZrYbWw_935720_938360.wav,ThatsSoYin_UCVSNUB9UmQ34eFSs2TEjw_1pZgoZrYbWw,935720,938360,2640
ThatsSoYin_UCVSNUB9UmQ34eFSs2TEjw_1pZgoZrYbWw_938896_942960.wav,ThatsSoYin_UCVSNUB9UmQ34eFSs2TEjw_1pZgoZrYbWw,938896,942960,4064
ThatsSoYin_UCVSNUB9UmQ34eFSs2TEjw_1pZgoZrYbWw_943168_950224.wav,ThatsSoYin_UCVSNUB9UmQ34eFSs2TEjw_1pZgoZrYbWw,943168,950224,7056
ThatsSoYin_UCVSNUB9UmQ34eFSs2TEjw_1pZgoZrYbWw_951128_954528.wav,ThatsSoYin_UCVSNUB9UmQ34eFSs2TEjw_1pZgoZrYbWw,951128,954528,3400
ThatsSoYin_UCVSNUB9UmQ34eFSs2TEjw_1pZgoZrYbWw_955536_956216.wav,ThatsSoYin_UCVSNUB9UmQ34eFSs2TEjw_1pZgoZrYbWw,955536,956216,680
ThatsSoYin_UCVSNUB9UmQ34eFSs2TEjw_1pZgoZrYbWw_956944_962120.wav,ThatsSoYin_UCVSNUB9UmQ34eFSs2TEjw_1pZgoZrYbWw,956944,962120,5176
ThatsSoYin_UCVSNUB9UmQ34eFSs2TEjw_1pZgoZrYbWw_962608_966512.wav,ThatsSoYin_UCVSNUB9UmQ34eFSs2TEjw_1pZgoZrYbWw,962608,966512,3904
ThatsSoYin_UCVSNUB9UmQ34eFSs2TEjw_1pZgoZrYbWw_966872_968908.wav,ThatsSoYin_UCVSNUB9UmQ34eFSs2TEjw_1pZgoZrYbWw,966872,968908,2036
ThatsSoYin_UCVSNUB9UmQ34eFSs2TEjw_1pZgoZrYbWw_969196_976044.wav,ThatsSoYin_UCVSNUB9UmQ34eFSs2TEjw_1pZgoZrYbWw,969196,976044,6848
ThatsSoYin_UCVSNUB9UmQ34eFSs2TEjw_1pZgoZrYbWw_976268_985678.wav,ThatsSoYin_UCVSNUB9UmQ34eFSs2TEjw_1pZgoZrYbWw,976268,985678,9410
ThatsSoYin_UCVSNUB9UmQ34eFSs2TEjw_1pZgoZrYbWw_985862_987216.wav,ThatsSoYin_UCVSNUB9UmQ34eFSs2TEjw_1pZgoZrYbWw,985862,987216,1354
ThatsSoYin_UCVSNUB9UmQ34eFSs2TEjw_1pZgoZrYbWw_987600_992104.wav,ThatsSoYin_UCVSNUB9UmQ34eFSs2TEjw_1pZgoZrYbWw,987600,992104,4504
ThatsSoYin_UCVSNUB9UmQ34eFSs2TEjw_1pZgoZrYbWw_992368_997392.wav,ThatsSoYin_UCVSNUB9UmQ34eFSs2TEjw_1pZgoZrYbWw,992368,997392,5024
ThatsSoYin_UCVSNUB9UmQ34eFSs2TEjw_1pZgoZrYbWw_997648_1002024.wav,ThatsSoYin_UCVSNUB9UmQ34eFSs2TEjw_1pZgoZrYbWw,997648,1002024,4376
ThatsSoYin_UCVSNUB9UmQ34eFSs2TEjw_1pZgoZrYbWw_1002944_1011592.wav,ThatsSoYin_UCVSNUB9UmQ34eFSs2TEjw_1pZgoZrYbWw,1002944,1011592,8648
ThatsSoYin_UCVSNUB9UmQ34eFSs2TEjw_1pZgoZrYbWw_1012160_1014808.wav,ThatsSoYin_UCVSNUB9UmQ34eFSs2TEjw_1pZgoZrYbWw,1012160,1014808,2648
ThatsSoYin_UCVSNUB9UmQ34eFSs2TEjw_1pZgoZrYbWw_1015080_1017216.wav,ThatsSoYin_UCVSNUB9UmQ34eFSs2TEjw_1pZgoZrYbWw,1015080,1017216,2136
ThatsSoYin_UCVSNUB9UmQ34eFSs2TEjw_1pZgoZrYbWw_1017680_1018200.wav,ThatsSoYin_UCVSNUB9UmQ34eFSs2TEjw_1pZgoZrYbWw,1017680,1018200,520
ThatsSoYin_UCVSNUB9UmQ34eFSs2TEjw_1pZgoZrYbWw_1018512_1021576.wav,ThatsSoYin_UCVSNUB9UmQ34eFSs2TEjw_1pZgoZrYbWw,1018512,1021576,3064
ThatsSoYin_UCVSNUB9UmQ34eFSs2TEjw_1pZgoZrYbWw_1022088_1028768.wav,ThatsSoYin_UCVSNUB9UmQ34eFSs2TEjw_1pZgoZrYbWw,1022088,1028768,6680
ThatsSoYin_UCVSNUB9UmQ34eFSs2TEjw_1pZgoZrYbWw_1029080_1031552.wav,ThatsSoYin_UCVSNUB9UmQ34eFSs2TEjw_1pZgoZrYbWw,1029080,1031552,2472
ThatsSoYin_UCVSNUB9UmQ34eFSs2TEjw_1pZgoZrYbWw_1031800_1033768.wav,ThatsSoYin_UCVSNUB9UmQ34eFSs2TEjw_1pZgoZrYbWw,1031800,1033768,1968
ThatsSoYin_UCVSNUB9UmQ34eFSs2TEjw_1pZgoZrYbWw_1034000_1039176.wav,ThatsSoYin_UCVSNUB9UmQ34eFSs2TEjw_1pZgoZrYbWw,1034000,1039176,5176
ThatsSoYin_UCVSNUB9UmQ34eFSs2TEjw_1pZgoZrYbWw_1039440_1039880.wav,ThatsSoYin_UCVSNUB9UmQ34eFSs2TEjw_1pZgoZrYbWw,1039440,1039880,440
ThatsSoYin_UCVSNUB9UmQ34eFSs2TEjw_1pZgoZrYbWw_1040576_1045632.wav,ThatsSoYin_UCVSNUB9UmQ34eFSs2TEjw_1pZgoZrYbWw,1040576,1045632,5056
ThatsSoYin_UCVSNUB9UmQ34eFSs2TEjw_1pZgoZrYbWw_1045848_1055184.wav,ThatsSoYin_UCVSNUB9UmQ34eFSs2TEjw_1pZgoZrYbWw,1045848,1055184,9336
ThatsSoYin_UCVSNUB9UmQ34eFSs2TEjw_1pZgoZrYbWw_1055384_1057200.wav,ThatsSoYin_UCVSNUB9UmQ34eFSs2TEjw_1pZgoZrYbWw,1055384,1057200,1816
ThatsSoYin_UCVSNUB9UmQ34eFSs2TEjw_1pZgoZrYbWw_1057424_1058048.wav,ThatsSoYin_UCVSNUB9UmQ34eFSs2TEjw_1pZgoZrYbWw,1057424,1058048,624
ThatsSoYin_UCVSNUB9UmQ34eFSs2TEjw_1pZgoZrYbWw_1058384_1059648.wav,ThatsSoYin_UCVSNUB9UmQ34eFSs2TEjw_1pZgoZrYbWw,1058384,1059648,1264
ThatsSoYin_UCVSNUB9UmQ34eFSs2TEjw_1pZgoZrYbWw_1059816_1068560.wav,ThatsSoYin_UCVSNUB9UmQ34eFSs2TEjw_1pZgoZrYbWw,1059816,1068560,8744
ThatsSoYin_UCVSNUB9UmQ34eFSs2TEjw_1pZgoZrYbWw_1068768_1074108.wav,ThatsSoYin_UCVSNUB9UmQ34eFSs2TEjw_1pZgoZrYbWw,1068768,1074108,5340
ThatsSoYin_UCVSNUB9UmQ34eFSs2TEjw_1pZgoZrYbWw_1074468_1081888.wav,ThatsSoYin_UCVSNUB9UmQ34eFSs2TEjw_1pZgoZrYbWw,1074468,1081888,7420
ThatsSoYin_UCVSNUB9UmQ34eFSs2TEjw_1pZgoZrYbWw_1082104_1084288.wav,ThatsSoYin_UCVSNUB9UmQ34eFSs2TEjw_1pZgoZrYbWw,1082104,1084288,2184
ThatsSoYin_UCVSNUB9UmQ34eFSs2TEjw_1pZgoZrYbWw_1084488_1086712.wav,ThatsSoYin_UCVSNUB9UmQ34eFSs2TEjw_1pZgoZrYbWw,1084488,1086712,2224
ThatsSoYin_UCVSNUB9UmQ34eFSs2TEjw_1pZgoZrYbWw_1087032_1088492.wav,ThatsSoYin_UCVSNUB9UmQ34eFSs2TEjw_1pZgoZrYbWw,1087032,1088492,1460
ThatsSoYin_UCVSNUB9UmQ34eFSs2TEjw_1pZgoZrYbWw_1088716_1091668.wav,ThatsSoYin_UCVSNUB9UmQ34eFSs2TEjw_1pZgoZrYbWw,1088716,1091668,2952
ThatsSoYin_UCVSNUB9UmQ34eFSs2TEjw_1pZgoZrYbWw_1091852_1095564.wav,ThatsSoYin_UCVSNUB9UmQ34eFSs2TEjw_1pZgoZrYbWw,1091852,1095564,3712
ThatsSoYin_UCVSNUB9UmQ34eFSs2TEjw_1pZgoZrYbWw_1095772_1104060.wav,ThatsSoYin_UCVSNUB9UmQ34eFSs2TEjw_1pZgoZrYbWw,1095772,1104060,8288
ThatsSoYin_UCVSNUB9UmQ34eFSs2TEjw_1pZgoZrYbWw_1104220_1107604.wav,ThatsSoYin_UCVSNUB9UmQ34eFSs2TEjw_1pZgoZrYbWw,1104220,1107604,3384
ThatsSoYin_UCVSNUB9UmQ34eFSs2TEjw_1pZgoZrYbWw_1107708_1111104.wav,ThatsSoYin_UCVSNUB9UmQ34eFSs2TEjw_1pZgoZrYbWw,1107708,1111104,3396
ThatsSoYin_UCVSNUB9UmQ34eFSs2TEjw_1pZgoZrYbWw_1111720_1116144.wav,ThatsSoYin_UCVSNUB9UmQ34eFSs2TEjw_1pZgoZrYbWw,1111720,1116144,4424
ThatsSoYin_UCVSNUB9UmQ34eFSs2TEjw_1pZgoZrYbWw_1116272_1118616.wav,ThatsSoYin_UCVSNUB9UmQ34eFSs2TEjw_1pZgoZrYbWw,1116272,1118616,2344
ThatsSoYin_UCVSNUB9UmQ34eFSs2TEjw_1pZgoZrYbWw_1118752_1126168.wav,ThatsSoYin_UCVSNUB9UmQ34eFSs2TEjw_1pZgoZrYbWw,1118752,1126168,7416
ThatsSoYin_UCVSNUB9UmQ34eFSs2TEjw_1pZgoZrYbWw_1126584_1129868.wav,ThatsSoYin_UCVSNUB9UmQ34eFSs2TEjw_1pZgoZrYbWw,1126584,1129868,3284
ThatsSoYin_UCVSNUB9UmQ34eFSs2TEjw_1pZgoZrYbWw_1130020_1130288.wav,ThatsSoYin_UCVSNUB9UmQ34eFSs2TEjw_1pZgoZrYbWw,1130020,1130288,268
ThatsSoYin_UCVSNUB9UmQ34eFSs2TEjw_1pZgoZrYbWw_1130504_1137560.wav,ThatsSoYin_UCVSNUB9UmQ34eFSs2TEjw_1pZgoZrYbWw,1130504,1137560,7056
ThatsSoYin_UCVSNUB9UmQ34eFSs2TEjw_1pZgoZrYbWw_1137816_1139096.wav,ThatsSoYin_UCVSNUB9UmQ34eFSs2TEjw_1pZgoZrYbWw,1137816,1139096,1280
ThatsSoYin_UCVSNUB9UmQ34eFSs2TEjw_1pZgoZrYbWw_1139632_1142760.wav,ThatsSoYin_UCVSNUB9UmQ34eFSs2TEjw_1pZgoZrYbWw,1139632,1142760,3128
ThatsSoYin_UCVSNUB9UmQ34eFSs2TEjw_1pZgoZrYbWw_1143200_1151628.wav,ThatsSoYin_UCVSNUB9UmQ34eFSs2TEjw_1pZgoZrYbWw,1143200,1151628,8428
ThatsSoYin_UCVSNUB9UmQ34eFSs2TEjw_1pZgoZrYbWw_1151796_1151924.wav,ThatsSoYin_UCVSNUB9UmQ34eFSs2TEjw_1pZgoZrYbWw,1151796,1151924,128
ThatsSoYin_UCVSNUB9UmQ34eFSs2TEjw_1pZgoZrYbWw_1152280_1152792.wav,ThatsSoYin_UCVSNUB9UmQ34eFSs2TEjw_1pZgoZrYbWw,1152280,1152792,512
ThatsSoYin_UCVSNUB9UmQ34eFSs2TEjw_1pZgoZrYbWw_1152976_1154336.wav,ThatsSoYin_UCVSNUB9UmQ34eFSs2TEjw_1pZgoZrYbWw,1152976,1154336,1360
ThatsSoYin_UCVSNUB9UmQ34eFSs2TEjw_1pZgoZrYbWw_1154448_1155528.wav,ThatsSoYin_UCVSNUB9UmQ34eFSs2TEjw_1pZgoZrYbWw,1154448,1155528,1080
ThatsSoYin_UCVSNUB9UmQ34eFSs2TEjw_1pZgoZrYbWw_1155904_1157400.wav,ThatsSoYin_UCVSNUB9UmQ34eFSs2TEjw_1pZgoZrYbWw,1155904,1157400,1496
ThatsSoYin_UCVSNUB9UmQ34eFSs2TEjw_1pZgoZrYbWw_1157784_1165664.wav,ThatsSoYin_UCVSNUB9UmQ34eFSs2TEjw_1pZgoZrYbWw,1157784,1165664,7880
