filename,video_id,start_time,end_time,duration
KIMTHAI_UCb1GcVKzV47dHB5xSPZpw_LoedKUAtm4_0_6784.wav,KIMTHAI_UCb1GcVKzV47dHB5xSPZpw_LoedKUAtm4,0,6784,6784
KIMTHAI_UCb1GcVKzV47dHB5xSPZpw_LoedKUAtm4_7328_22160.wav,KIMTHAI_UCb1GcVKzV47dHB5xSPZpw_LoedKUAtm4,7328,22160,14832
KIMTHAI_UCb1GcVKzV47dHB5xSPZpw_LoedKUAtm4_22296_27296.wav,KIMTHAI_UCb1GcVKzV47dHB5xSPZpw_LoedKUAtm4,22296,27296,5000
KIMTHAI_UCb1GcVKzV47dHB5xSPZpw_LoedKUAtm4_27480_28808.wav,KIMTHAI_UCb1GcVKzV47dHB5xSPZpw_LoedKUAtm4,27480,28808,1328
KIMTHAI_UCb1GcVKzV47dHB5xSPZpw_LoedKUAtm4_29016_30864.wav,KIMTHAI_UCb1GcVKzV47dHB5xSPZpw_LoedKUAtm4,29016,30864,1848
KIMTHAI_UCb1GcVKzV47dHB5xSPZpw_LoedKUAtm4_31096_38416.wav,KIMTHAI_UCb1GcVKzV47dHB5xSPZpw_LoedKUAtm4,31096,38416,7320
KIMTHAI_UCb1GcVKzV47dHB5xSPZpw_LoedKUAtm4_38624_43064.wav,KIMTHAI_UCb1GcVKzV47dHB5xSPZpw_LoedKUAtm4,38624,43064,4440
KIMTHAI_UCb1GcVKzV47dHB5xSPZpw_LoedKUAtm4_43200_50432.wav,KIMTHAI_UCb1GcVKzV47dHB5xSPZpw_LoedKUAtm4,43200,50432,7232
KIMTHAI_UCb1GcVKzV47dHB5xSPZpw_LoedKUAtm4_50568_55696.wav,KIMTHAI_UCb1GcVKzV47dHB5xSPZpw_LoedKUAtm4,50568,55696,5128
KIMTHAI_UCb1GcVKzV47dHB5xSPZpw_LoedKUAtm4_55840_63616.wav,KIMTHAI_UCb1GcVKzV47dHB5xSPZpw_LoedKUAtm4,55840,63616,7776
KIMTHAI_UCb1GcVKzV47dHB5xSPZpw_LoedKUAtm4_63752_71576.wav,KIMTHAI_UCb1GcVKzV47dHB5xSPZpw_LoedKUAtm4,63752,71576,7824
KIMTHAI_UCb1GcVKzV47dHB5xSPZpw_LoedKUAtm4_71696_73600.wav,KIMTHAI_UCb1GcVKzV47dHB5xSPZpw_LoedKUAtm4,71696,73600,1904
KIMTHAI_UCb1GcVKzV47dHB5xSPZpw_LoedKUAtm4_73736_76512.wav,KIMTHAI_UCb1GcVKzV47dHB5xSPZpw_LoedKUAtm4,73736,76512,2776
KIMTHAI_UCb1GcVKzV47dHB5xSPZpw_LoedKUAtm4_76736_87664.wav,KIMTHAI_UCb1GcVKzV47dHB5xSPZpw_LoedKUAtm4,76736,87664,10928
KIMTHAI_UCb1GcVKzV47dHB5xSPZpw_LoedKUAtm4_87904_93224.wav,KIMTHAI_UCb1GcVKzV47dHB5xSPZpw_LoedKUAtm4,87904,93224,5320
KIMTHAI_UCb1GcVKzV47dHB5xSPZpw_LoedKUAtm4_93456_97264.wav,KIMTHAI_UCb1GcVKzV47dHB5xSPZpw_LoedKUAtm4,93456,97264,3808
KIMTHAI_UCb1GcVKzV47dHB5xSPZpw_LoedKUAtm4_97504_103412.wav,KIMTHAI_UCb1GcVKzV47dHB5xSPZpw_LoedKUAtm4,97504,103412,5908
KIMTHAI_UCb1GcVKzV47dHB5xSPZpw_LoedKUAtm4_103556_105428.wav,KIMTHAI_UCb1GcVKzV47dHB5xSPZpw_LoedKUAtm4,103556,105428,1872
KIMTHAI_UCb1GcVKzV47dHB5xSPZpw_LoedKUAtm4_105604_114332.wav,KIMTHAI_UCb1GcVKzV47dHB5xSPZpw_LoedKUAtm4,105604,114332,8728
KIMTHAI_UCb1GcVKzV47dHB5xSPZpw_LoedKUAtm4_114460_123164.wav,KIMTHAI_UCb1GcVKzV47dHB5xSPZpw_LoedKUAtm4,114460,123164,8704
KIMTHAI_UCb1GcVKzV47dHB5xSPZpw_LoedKUAtm4_123300_125656.wav,KIMTHAI_UCb1GcVKzV47dHB5xSPZpw_LoedKUAtm4,123300,125656,2356
KIMTHAI_UCb1GcVKzV47dHB5xSPZpw_LoedKUAtm4_125928_131136.wav,KIMTHAI_UCb1GcVKzV47dHB5xSPZpw_LoedKUAtm4,125928,131136,5208
KIMTHAI_UCb1GcVKzV47dHB5xSPZpw_LoedKUAtm4_131432_138928.wav,KIMTHAI_UCb1GcVKzV47dHB5xSPZpw_LoedKUAtm4,131432,138928,7496
KIMTHAI_UCb1GcVKzV47dHB5xSPZpw_LoedKUAtm4_139256_142892.wav,KIMTHAI_UCb1GcVKzV47dHB5xSPZpw_LoedKUAtm4,139256,142892,3636
KIMTHAI_UCb1GcVKzV47dHB5xSPZpw_LoedKUAtm4_143084_147128.wav,KIMTHAI_UCb1GcVKzV47dHB5xSPZpw_LoedKUAtm4,143084,147128,4044
KIMTHAI_UCb1GcVKzV47dHB5xSPZpw_LoedKUAtm4_147512_159172.wav,KIMTHAI_UCb1GcVKzV47dHB5xSPZpw_LoedKUAtm4,147512,159172,11660
KIMTHAI_UCb1GcVKzV47dHB5xSPZpw_LoedKUAtm4_159388_160708.wav,KIMTHAI_UCb1GcVKzV47dHB5xSPZpw_LoedKUAtm4,159388,160708,1320
KIMTHAI_UCb1GcVKzV47dHB5xSPZpw_LoedKUAtm4_160916_162614.wav,KIMTHAI_UCb1GcVKzV47dHB5xSPZpw_LoedKUAtm4,160916,162614,1698
KIMTHAI_UCb1GcVKzV47dHB5xSPZpw_LoedKUAtm4_162830_171727.wav,KIMTHAI_UCb1GcVKzV47dHB5xSPZpw_LoedKUAtm4,162830,171727,8897
KIMTHAI_UCb1GcVKzV47dHB5xSPZpw_LoedKUAtm4_171919_178656.wav,KIMTHAI_UCb1GcVKzV47dHB5xSPZpw_LoedKUAtm4,171919,178656,6737
KIMTHAI_UCb1GcVKzV47dHB5xSPZpw_LoedKUAtm4_178736_188896.wav,KIMTHAI_UCb1GcVKzV47dHB5xSPZpw_LoedKUAtm4,178736,188896,10160
KIMTHAI_UCb1GcVKzV47dHB5xSPZpw_LoedKUAtm4_188976_192264.wav,KIMTHAI_UCb1GcVKzV47dHB5xSPZpw_LoedKUAtm4,188976,192264,3288
KIMTHAI_UCb1GcVKzV47dHB5xSPZpw_LoedKUAtm4_192400_195592.wav,KIMTHAI_UCb1GcVKzV47dHB5xSPZpw_LoedKUAtm4,192400,195592,3192
KIMTHAI_UCb1GcVKzV47dHB5xSPZpw_LoedKUAtm4_195712_197968.wav,KIMTHAI_UCb1GcVKzV47dHB5xSPZpw_LoedKUAtm4,195712,197968,2256
KIMTHAI_UCb1GcVKzV47dHB5xSPZpw_LoedKUAtm4_198056_206304.wav,KIMTHAI_UCb1GcVKzV47dHB5xSPZpw_LoedKUAtm4,198056,206304,8248
KIMTHAI_UCb1GcVKzV47dHB5xSPZpw_LoedKUAtm4_206392_210464.wav,KIMTHAI_UCb1GcVKzV47dHB5xSPZpw_LoedKUAtm4,206392,210464,4072
KIMTHAI_UCb1GcVKzV47dHB5xSPZpw_LoedKUAtm4_210560_211096.wav,KIMTHAI_UCb1GcVKzV47dHB5xSPZpw_LoedKUAtm4,210560,211096,536
KIMTHAI_UCb1GcVKzV47dHB5xSPZpw_LoedKUAtm4_211376_224136.wav,KIMTHAI_UCb1GcVKzV47dHB5xSPZpw_LoedKUAtm4,211376,224136,12760
KIMTHAI_UCb1GcVKzV47dHB5xSPZpw_LoedKUAtm4_224384_229392.wav,KIMTHAI_UCb1GcVKzV47dHB5xSPZpw_LoedKUAtm4,224384,229392,5008
KIMTHAI_UCb1GcVKzV47dHB5xSPZpw_LoedKUAtm4_229688_232545.wav,KIMTHAI_UCb1GcVKzV47dHB5xSPZpw_LoedKUAtm4,229688,232545,2857
KIMTHAI_UCb1GcVKzV47dHB5xSPZpw_LoedKUAtm4_232697_242170.wav,KIMTHAI_UCb1GcVKzV47dHB5xSPZpw_LoedKUAtm4,232697,242170,9473
KIMTHAI_UCb1GcVKzV47dHB5xSPZpw_LoedKUAtm4_242386_260435.wav,KIMTHAI_UCb1GcVKzV47dHB5xSPZpw_LoedKUAtm4,242386,260435,18049
KIMTHAI_UCb1GcVKzV47dHB5xSPZpw_LoedKUAtm4_260531_261523.wav,KIMTHAI_UCb1GcVKzV47dHB5xSPZpw_LoedKUAtm4,260531,261523,992
KIMTHAI_UCb1GcVKzV47dHB5xSPZpw_LoedKUAtm4_261675_263459.wav,KIMTHAI_UCb1GcVKzV47dHB5xSPZpw_LoedKUAtm4,261675,263459,1784
KIMTHAI_UCb1GcVKzV47dHB5xSPZpw_LoedKUAtm4_263619_274379.wav,KIMTHAI_UCb1GcVKzV47dHB5xSPZpw_LoedKUAtm4,263619,274379,10760
KIMTHAI_UCb1GcVKzV47dHB5xSPZpw_LoedKUAtm4_274547_287332.wav,KIMTHAI_UCb1GcVKzV47dHB5xSPZpw_LoedKUAtm4,274547,287332,12785
KIMTHAI_UCb1GcVKzV47dHB5xSPZpw_LoedKUAtm4_287604_299716.wav,KIMTHAI_UCb1GcVKzV47dHB5xSPZpw_LoedKUAtm4,287604,299716,12112
KIMTHAI_UCb1GcVKzV47dHB5xSPZpw_LoedKUAtm4_299972_302476.wav,KIMTHAI_UCb1GcVKzV47dHB5xSPZpw_LoedKUAtm4,299972,302476,2504
KIMTHAI_UCb1GcVKzV47dHB5xSPZpw_LoedKUAtm4_302716_309996.wav,KIMTHAI_UCb1GcVKzV47dHB5xSPZpw_LoedKUAtm4,302716,309996,7280
KIMTHAI_UCb1GcVKzV47dHB5xSPZpw_LoedKUAtm4_310212_313645.wav,KIMTHAI_UCb1GcVKzV47dHB5xSPZpw_LoedKUAtm4,310212,313645,3433
KIMTHAI_UCb1GcVKzV47dHB5xSPZpw_LoedKUAtm4_313805_322237.wav,KIMTHAI_UCb1GcVKzV47dHB5xSPZpw_LoedKUAtm4,313805,322237,8432
KIMTHAI_UCb1GcVKzV47dHB5xSPZpw_LoedKUAtm4_322429_325077.wav,KIMTHAI_UCb1GcVKzV47dHB5xSPZpw_LoedKUAtm4,322429,325077,2648
KIMTHAI_UCb1GcVKzV47dHB5xSPZpw_LoedKUAtm4_325229_328318.wav,KIMTHAI_UCb1GcVKzV47dHB5xSPZpw_LoedKUAtm4,325229,328318,3089
KIMTHAI_UCb1GcVKzV47dHB5xSPZpw_LoedKUAtm4_328470_337862.wav,KIMTHAI_UCb1GcVKzV47dHB5xSPZpw_LoedKUAtm4,328470,337862,9392
KIMTHAI_UCb1GcVKzV47dHB5xSPZpw_LoedKUAtm4_338038_349167.wav,KIMTHAI_UCb1GcVKzV47dHB5xSPZpw_LoedKUAtm4,338038,349167,11129
KIMTHAI_UCb1GcVKzV47dHB5xSPZpw_LoedKUAtm4_349295_350016.wav,KIMTHAI_UCb1GcVKzV47dHB5xSPZpw_LoedKUAtm4,349295,350016,721
KIMTHAI_UCb1GcVKzV47dHB5xSPZpw_LoedKUAtm4_350144_363784.wav,KIMTHAI_UCb1GcVKzV47dHB5xSPZpw_LoedKUAtm4,350144,363784,13640
KIMTHAI_UCb1GcVKzV47dHB5xSPZpw_LoedKUAtm4_363928_373288.wav,KIMTHAI_UCb1GcVKzV47dHB5xSPZpw_LoedKUAtm4,363928,373288,9360
KIMTHAI_UCb1GcVKzV47dHB5xSPZpw_LoedKUAtm4_373432_374474.wav,KIMTHAI_UCb1GcVKzV47dHB5xSPZpw_LoedKUAtm4,373432,374474,1042
KIMTHAI_UCb1GcVKzV47dHB5xSPZpw_LoedKUAtm4_374634_375990.wav,KIMTHAI_UCb1GcVKzV47dHB5xSPZpw_LoedKUAtm4,374634,375990,1356
KIMTHAI_UCb1GcVKzV47dHB5xSPZpw_LoedKUAtm4_376150_379590.wav,KIMTHAI_UCb1GcVKzV47dHB5xSPZpw_LoedKUAtm4,376150,379590,3440
KIMTHAI_UCb1GcVKzV47dHB5xSPZpw_LoedKUAtm4_379758_384806.wav,KIMTHAI_UCb1GcVKzV47dHB5xSPZpw_LoedKUAtm4,379758,384806,5048
KIMTHAI_UCb1GcVKzV47dHB5xSPZpw_LoedKUAtm4_384950_386326.wav,KIMTHAI_UCb1GcVKzV47dHB5xSPZpw_LoedKUAtm4,384950,386326,1376
KIMTHAI_UCb1GcVKzV47dHB5xSPZpw_LoedKUAtm4_386454_388034.wav,KIMTHAI_UCb1GcVKzV47dHB5xSPZpw_LoedKUAtm4,386454,388034,1580
KIMTHAI_UCb1GcVKzV47dHB5xSPZpw_LoedKUAtm4_388146_394002.wav,KIMTHAI_UCb1GcVKzV47dHB5xSPZpw_LoedKUAtm4,388146,394002,5856
KIMTHAI_UCb1GcVKzV47dHB5xSPZpw_LoedKUAtm4_394114_404406.wav,KIMTHAI_UCb1GcVKzV47dHB5xSPZpw_LoedKUAtm4,394114,404406,10292
KIMTHAI_UCb1GcVKzV47dHB5xSPZpw_LoedKUAtm4_404550_407798.wav,KIMTHAI_UCb1GcVKzV47dHB5xSPZpw_LoedKUAtm4,404550,407798,3248
KIMTHAI_UCb1GcVKzV47dHB5xSPZpw_LoedKUAtm4_407966_415006.wav,KIMTHAI_UCb1GcVKzV47dHB5xSPZpw_LoedKUAtm4,407966,415006,7040
KIMTHAI_UCb1GcVKzV47dHB5xSPZpw_LoedKUAtm4_415182_417120.wav,KIMTHAI_UCb1GcVKzV47dHB5xSPZpw_LoedKUAtm4,415182,417120,1938
KIMTHAI_UCb1GcVKzV47dHB5xSPZpw_LoedKUAtm4_417384_419420.wav,KIMTHAI_UCb1GcVKzV47dHB5xSPZpw_LoedKUAtm4,417384,419420,2036
KIMTHAI_UCb1GcVKzV47dHB5xSPZpw_LoedKUAtm4_419604_420428.wav,KIMTHAI_UCb1GcVKzV47dHB5xSPZpw_LoedKUAtm4,419604,420428,824
KIMTHAI_UCb1GcVKzV47dHB5xSPZpw_LoedKUAtm4_420588_434728.wav,KIMTHAI_UCb1GcVKzV47dHB5xSPZpw_LoedKUAtm4,420588,434728,14140
KIMTHAI_UCb1GcVKzV47dHB5xSPZpw_LoedKUAtm4_434896_437020.wav,KIMTHAI_UCb1GcVKzV47dHB5xSPZpw_LoedKUAtm4,434896,437020,2124
KIMTHAI_UCb1GcVKzV47dHB5xSPZpw_LoedKUAtm4_437196_444560.wav,KIMTHAI_UCb1GcVKzV47dHB5xSPZpw_LoedKUAtm4,437196,444560,7364
KIMTHAI_UCb1GcVKzV47dHB5xSPZpw_LoedKUAtm4_444920_445928.wav,KIMTHAI_UCb1GcVKzV47dHB5xSPZpw_LoedKUAtm4,444920,445928,1008
KIMTHAI_UCb1GcVKzV47dHB5xSPZpw_LoedKUAtm4_446192_450568.wav,KIMTHAI_UCb1GcVKzV47dHB5xSPZpw_LoedKUAtm4,446192,450568,4376
KIMTHAI_UCb1GcVKzV47dHB5xSPZpw_LoedKUAtm4_451026_462900.wav,KIMTHAI_UCb1GcVKzV47dHB5xSPZpw_LoedKUAtm4,451026,462900,11874
KIMTHAI_UCb1GcVKzV47dHB5xSPZpw_LoedKUAtm4_463124_467158.wav,KIMTHAI_UCb1GcVKzV47dHB5xSPZpw_LoedKUAtm4,463124,467158,4034
KIMTHAI_UCb1GcVKzV47dHB5xSPZpw_LoedKUAtm4_467246_473870.wav,KIMTHAI_UCb1GcVKzV47dHB5xSPZpw_LoedKUAtm4,467246,473870,6624
KIMTHAI_UCb1GcVKzV47dHB5xSPZpw_LoedKUAtm4_473958_478840.wav,KIMTHAI_UCb1GcVKzV47dHB5xSPZpw_LoedKUAtm4,473958,478840,4882
KIMTHAI_UCb1GcVKzV47dHB5xSPZpw_LoedKUAtm4_479152_487290.wav,KIMTHAI_UCb1GcVKzV47dHB5xSPZpw_LoedKUAtm4,479152,487290,8138
KIMTHAI_UCb1GcVKzV47dHB5xSPZpw_LoedKUAtm4_487490_496892.wav,KIMTHAI_UCb1GcVKzV47dHB5xSPZpw_LoedKUAtm4,487490,496892,9402
KIMTHAI_UCb1GcVKzV47dHB5xSPZpw_LoedKUAtm4_497084_499548.wav,KIMTHAI_UCb1GcVKzV47dHB5xSPZpw_LoedKUAtm4,497084,499548,2464
KIMTHAI_UCb1GcVKzV47dHB5xSPZpw_LoedKUAtm4_499724_502732.wav,KIMTHAI_UCb1GcVKzV47dHB5xSPZpw_LoedKUAtm4,499724,502732,3008
KIMTHAI_UCb1GcVKzV47dHB5xSPZpw_LoedKUAtm4_502868_512452.wav,KIMTHAI_UCb1GcVKzV47dHB5xSPZpw_LoedKUAtm4,502868,512452,9584
KIMTHAI_UCb1GcVKzV47dHB5xSPZpw_LoedKUAtm4_512644_519576.wav,KIMTHAI_UCb1GcVKzV47dHB5xSPZpw_LoedKUAtm4,512644,519576,6932
KIMTHAI_UCb1GcVKzV47dHB5xSPZpw_LoedKUAtm4_519832_532704.wav,KIMTHAI_UCb1GcVKzV47dHB5xSPZpw_LoedKUAtm4,519832,532704,12872
KIMTHAI_UCb1GcVKzV47dHB5xSPZpw_LoedKUAtm4_532872_540088.wav,KIMTHAI_UCb1GcVKzV47dHB5xSPZpw_LoedKUAtm4,532872,540088,7216
KIMTHAI_UCb1GcVKzV47dHB5xSPZpw_LoedKUAtm4_540256_541912.wav,KIMTHAI_UCb1GcVKzV47dHB5xSPZpw_LoedKUAtm4,540256,541912,1656
KIMTHAI_UCb1GcVKzV47dHB5xSPZpw_LoedKUAtm4_542184_545170.wav,KIMTHAI_UCb1GcVKzV47dHB5xSPZpw_LoedKUAtm4,542184,545170,2986
KIMTHAI_UCb1GcVKzV47dHB5xSPZpw_LoedKUAtm4_545290_552058.wav,KIMTHAI_UCb1GcVKzV47dHB5xSPZpw_LoedKUAtm4,545290,552058,6768
KIMTHAI_UCb1GcVKzV47dHB5xSPZpw_LoedKUAtm4_552170_561092.wav,KIMTHAI_UCb1GcVKzV47dHB5xSPZpw_LoedKUAtm4,552170,561092,8922
KIMTHAI_UCb1GcVKzV47dHB5xSPZpw_LoedKUAtm4_561228_572100.wav,KIMTHAI_UCb1GcVKzV47dHB5xSPZpw_LoedKUAtm4,561228,572100,10872
KIMTHAI_UCb1GcVKzV47dHB5xSPZpw_LoedKUAtm4_572244_573256.wav,KIMTHAI_UCb1GcVKzV47dHB5xSPZpw_LoedKUAtm4,572244,573256,1012
KIMTHAI_UCb1GcVKzV47dHB5xSPZpw_LoedKUAtm4_573704_577332.wav,KIMTHAI_UCb1GcVKzV47dHB5xSPZpw_LoedKUAtm4,573704,577332,3628
KIMTHAI_UCb1GcVKzV47dHB5xSPZpw_LoedKUAtm4_577556_582288.wav,KIMTHAI_UCb1GcVKzV47dHB5xSPZpw_LoedKUAtm4,577556,582288,4732
KIMTHAI_UCb1GcVKzV47dHB5xSPZpw_LoedKUAtm4_582464_586888.wav,KIMTHAI_UCb1GcVKzV47dHB5xSPZpw_LoedKUAtm4,582464,586888,4424
KIMTHAI_UCb1GcVKzV47dHB5xSPZpw_LoedKUAtm4_587072_590808.wav,KIMTHAI_UCb1GcVKzV47dHB5xSPZpw_LoedKUAtm4,587072,590808,3736
KIMTHAI_UCb1GcVKzV47dHB5xSPZpw_LoedKUAtm4_590984_602866.wav,KIMTHAI_UCb1GcVKzV47dHB5xSPZpw_LoedKUAtm4,590984,602866,11882
KIMTHAI_UCb1GcVKzV47dHB5xSPZpw_LoedKUAtm4_602994_608955.wav,KIMTHAI_UCb1GcVKzV47dHB5xSPZpw_LoedKUAtm4,602994,608955,5961
KIMTHAI_UCb1GcVKzV47dHB5xSPZpw_LoedKUAtm4_609051_610963.wav,KIMTHAI_UCb1GcVKzV47dHB5xSPZpw_LoedKUAtm4,609051,610963,1912
KIMTHAI_UCb1GcVKzV47dHB5xSPZpw_LoedKUAtm4_611043_622763.wav,KIMTHAI_UCb1GcVKzV47dHB5xSPZpw_LoedKUAtm4,611043,622763,11720
KIMTHAI_UCb1GcVKzV47dHB5xSPZpw_LoedKUAtm4_622883_628508.wav,KIMTHAI_UCb1GcVKzV47dHB5xSPZpw_LoedKUAtm4,622883,628508,5625
KIMTHAI_UCb1GcVKzV47dHB5xSPZpw_LoedKUAtm4_628716_638504.wav,KIMTHAI_UCb1GcVKzV47dHB5xSPZpw_LoedKUAtm4,628716,638504,9788
KIMTHAI_UCb1GcVKzV47dHB5xSPZpw_LoedKUAtm4_638640_639620.wav,KIMTHAI_UCb1GcVKzV47dHB5xSPZpw_LoedKUAtm4,638640,639620,980
KIMTHAI_UCb1GcVKzV47dHB5xSPZpw_LoedKUAtm4_639836_647462.wav,KIMTHAI_UCb1GcVKzV47dHB5xSPZpw_LoedKUAtm4,639836,647462,7626
KIMTHAI_UCb1GcVKzV47dHB5xSPZpw_LoedKUAtm4_647992_649104.wav,KIMTHAI_UCb1GcVKzV47dHB5xSPZpw_LoedKUAtm4,647992,649104,1112
KIMTHAI_UCb1GcVKzV47dHB5xSPZpw_LoedKUAtm4_649456_662952.wav,KIMTHAI_UCb1GcVKzV47dHB5xSPZpw_LoedKUAtm4,649456,662952,13496
KIMTHAI_UCb1GcVKzV47dHB5xSPZpw_LoedKUAtm4_663240_665610.wav,KIMTHAI_UCb1GcVKzV47dHB5xSPZpw_LoedKUAtm4,663240,665610,2370
KIMTHAI_UCb1GcVKzV47dHB5xSPZpw_LoedKUAtm4_665866_679475.wav,KIMTHAI_UCb1GcVKzV47dHB5xSPZpw_LoedKUAtm4,665866,679475,13609
KIMTHAI_UCb1GcVKzV47dHB5xSPZpw_LoedKUAtm4_679587_689100.wav,KIMTHAI_UCb1GcVKzV47dHB5xSPZpw_LoedKUAtm4,679587,689100,9513
KIMTHAI_UCb1GcVKzV47dHB5xSPZpw_LoedKUAtm4_689492_697094.wav,KIMTHAI_UCb1GcVKzV47dHB5xSPZpw_LoedKUAtm4,689492,697094,7602
KIMTHAI_UCb1GcVKzV47dHB5xSPZpw_LoedKUAtm4_697246_703472.wav,KIMTHAI_UCb1GcVKzV47dHB5xSPZpw_LoedKUAtm4,697246,703472,6226
KIMTHAI_UCb1GcVKzV47dHB5xSPZpw_LoedKUAtm4_703800_709180.wav,KIMTHAI_UCb1GcVKzV47dHB5xSPZpw_LoedKUAtm4,703800,709180,5380
KIMTHAI_UCb1GcVKzV47dHB5xSPZpw_LoedKUAtm4_709308_717232.wav,KIMTHAI_UCb1GcVKzV47dHB5xSPZpw_LoedKUAtm4,709308,717232,7924
KIMTHAI_UCb1GcVKzV47dHB5xSPZpw_LoedKUAtm4_717416_719880.wav,KIMTHAI_UCb1GcVKzV47dHB5xSPZpw_LoedKUAtm4,717416,719880,2464
KIMTHAI_UCb1GcVKzV47dHB5xSPZpw_LoedKUAtm4_720176_730716.wav,KIMTHAI_UCb1GcVKzV47dHB5xSPZpw_LoedKUAtm4,720176,730716,10540
KIMTHAI_UCb1GcVKzV47dHB5xSPZpw_LoedKUAtm4_730844_740128.wav,KIMTHAI_UCb1GcVKzV47dHB5xSPZpw_LoedKUAtm4,730844,740128,9284
KIMTHAI_UCb1GcVKzV47dHB5xSPZpw_LoedKUAtm4_740456_745316.wav,KIMTHAI_UCb1GcVKzV47dHB5xSPZpw_LoedKUAtm4,740456,745316,4860
KIMTHAI_UCb1GcVKzV47dHB5xSPZpw_LoedKUAtm4_745428_758300.wav,KIMTHAI_UCb1GcVKzV47dHB5xSPZpw_LoedKUAtm4,745428,758300,12872
KIMTHAI_UCb1GcVKzV47dHB5xSPZpw_LoedKUAtm4_758412_758728.wav,KIMTHAI_UCb1GcVKzV47dHB5xSPZpw_LoedKUAtm4,758412,758728,316
KIMTHAI_UCb1GcVKzV47dHB5xSPZpw_LoedKUAtm4_759008_763625.wav,KIMTHAI_UCb1GcVKzV47dHB5xSPZpw_LoedKUAtm4,759008,763625,4617
KIMTHAI_UCb1GcVKzV47dHB5xSPZpw_LoedKUAtm4_763817_769553.wav,KIMTHAI_UCb1GcVKzV47dHB5xSPZpw_LoedKUAtm4,763817,769553,5736
KIMTHAI_UCb1GcVKzV47dHB5xSPZpw_LoedKUAtm4_769713_774489.wav,KIMTHAI_UCb1GcVKzV47dHB5xSPZpw_LoedKUAtm4,769713,774489,4776
KIMTHAI_UCb1GcVKzV47dHB5xSPZpw_LoedKUAtm4_774649_783746.wav,KIMTHAI_UCb1GcVKzV47dHB5xSPZpw_LoedKUAtm4,774649,783746,9097
KIMTHAI_UCb1GcVKzV47dHB5xSPZpw_LoedKUAtm4_784026_787404.wav,KIMTHAI_UCb1GcVKzV47dHB5xSPZpw_LoedKUAtm4,784026,787404,3378
KIMTHAI_UCb1GcVKzV47dHB5xSPZpw_LoedKUAtm4_787676_794072.wav,KIMTHAI_UCb1GcVKzV47dHB5xSPZpw_LoedKUAtm4,787676,794072,6396
KIMTHAI_UCb1GcVKzV47dHB5xSPZpw_LoedKUAtm4_794768_800440.wav,KIMTHAI_UCb1GcVKzV47dHB5xSPZpw_LoedKUAtm4,794768,800440,5672
KIMTHAI_UCb1GcVKzV47dHB5xSPZpw_LoedKUAtm4_803024_803352.wav,KIMTHAI_UCb1GcVKzV47dHB5xSPZpw_LoedKUAtm4,803024,803352,328
KIMTHAI_UCb1GcVKzV47dHB5xSPZpw_LoedKUAtm4_803672_803884.wav,KIMTHAI_UCb1GcVKzV47dHB5xSPZpw_LoedKUAtm4,803672,803884,212
KIMTHAI_UCb1GcVKzV47dHB5xSPZpw_LoedKUAtm4_804044_811180.wav,KIMTHAI_UCb1GcVKzV47dHB5xSPZpw_LoedKUAtm4,804044,811180,7136
KIMTHAI_UCb1GcVKzV47dHB5xSPZpw_LoedKUAtm4_811420_817576.wav,KIMTHAI_UCb1GcVKzV47dHB5xSPZpw_LoedKUAtm4,811420,817576,6156
KIMTHAI_UCb1GcVKzV47dHB5xSPZpw_LoedKUAtm4_817728_818992.wav,KIMTHAI_UCb1GcVKzV47dHB5xSPZpw_LoedKUAtm4,817728,818992,1264
KIMTHAI_UCb1GcVKzV47dHB5xSPZpw_LoedKUAtm4_819192_824176.wav,KIMTHAI_UCb1GcVKzV47dHB5xSPZpw_LoedKUAtm4,819192,824176,4984
KIMTHAI_UCb1GcVKzV47dHB5xSPZpw_LoedKUAtm4_824328_827256.wav,KIMTHAI_UCb1GcVKzV47dHB5xSPZpw_LoedKUAtm4,824328,827256,2928
KIMTHAI_UCb1GcVKzV47dHB5xSPZpw_LoedKUAtm4_827416_828208.wav,KIMTHAI_UCb1GcVKzV47dHB5xSPZpw_LoedKUAtm4,827416,828208,792
KIMTHAI_UCb1GcVKzV47dHB5xSPZpw_LoedKUAtm4_829056_830088.wav,KIMTHAI_UCb1GcVKzV47dHB5xSPZpw_LoedKUAtm4,829056,830088,1032
KIMTHAI_UCb1GcVKzV47dHB5xSPZpw_LoedKUAtm4_830768_830880.wav,KIMTHAI_UCb1GcVKzV47dHB5xSPZpw_LoedKUAtm4,830768,830880,112
KIMTHAI_UCb1GcVKzV47dHB5xSPZpw_LoedKUAtm4_831152_833120.wav,KIMTHAI_UCb1GcVKzV47dHB5xSPZpw_LoedKUAtm4,831152,833120,1968
KIMTHAI_UCb1GcVKzV47dHB5xSPZpw_LoedKUAtm4_840336_844808.wav,KIMTHAI_UCb1GcVKzV47dHB5xSPZpw_LoedKUAtm4,840336,844808,4472
KIMTHAI_UCb1GcVKzV47dHB5xSPZpw_LoedKUAtm4_848280_852784.wav,KIMTHAI_UCb1GcVKzV47dHB5xSPZpw_LoedKUAtm4,848280,852784,4504
KIMTHAI_UCb1GcVKzV47dHB5xSPZpw_LoedKUAtm4_853968_858496.wav,KIMTHAI_UCb1GcVKzV47dHB5xSPZpw_LoedKUAtm4,853968,858496,4528
KIMTHAI_UCb1GcVKzV47dHB5xSPZpw_LoedKUAtm4_862072_868024.wav,KIMTHAI_UCb1GcVKzV47dHB5xSPZpw_LoedKUAtm4,862072,868024,5952
KIMTHAI_UCb1GcVKzV47dHB5xSPZpw_LoedKUAtm4_868320_872900.wav,KIMTHAI_UCb1GcVKzV47dHB5xSPZpw_LoedKUAtm4,868320,872900,4580
KIMTHAI_UCb1GcVKzV47dHB5xSPZpw_LoedKUAtm4_873068_882432.wav,KIMTHAI_UCb1GcVKzV47dHB5xSPZpw_LoedKUAtm4,873068,882432,9364
KIMTHAI_UCb1GcVKzV47dHB5xSPZpw_LoedKUAtm4_882728_887344.wav,KIMTHAI_UCb1GcVKzV47dHB5xSPZpw_LoedKUAtm4,882728,887344,4616
KIMTHAI_UCb1GcVKzV47dHB5xSPZpw_LoedKUAtm4_887600_892544.wav,KIMTHAI_UCb1GcVKzV47dHB5xSPZpw_LoedKUAtm4,887600,892544,4944
KIMTHAI_UCb1GcVKzV47dHB5xSPZpw_LoedKUAtm4_892840_893504.wav,KIMTHAI_UCb1GcVKzV47dHB5xSPZpw_LoedKUAtm4,892840,893504,664
KIMTHAI_UCb1GcVKzV47dHB5xSPZpw_LoedKUAtm4_893656_900816.wav,KIMTHAI_UCb1GcVKzV47dHB5xSPZpw_LoedKUAtm4,893656,900816,7160
KIMTHAI_UCb1GcVKzV47dHB5xSPZpw_LoedKUAtm4_901136_903596.wav,KIMTHAI_UCb1GcVKzV47dHB5xSPZpw_LoedKUAtm4,901136,903596,2460
KIMTHAI_UCb1GcVKzV47dHB5xSPZpw_LoedKUAtm4_903804_913645.wav,KIMTHAI_UCb1GcVKzV47dHB5xSPZpw_LoedKUAtm4,903804,913645,9841
KIMTHAI_UCb1GcVKzV47dHB5xSPZpw_LoedKUAtm4_913829_915021.wav,KIMTHAI_UCb1GcVKzV47dHB5xSPZpw_LoedKUAtm4,913829,915021,1192
KIMTHAI_UCb1GcVKzV47dHB5xSPZpw_LoedKUAtm4_915157_918237.wav,KIMTHAI_UCb1GcVKzV47dHB5xSPZpw_LoedKUAtm4,915157,918237,3080
KIMTHAI_UCb1GcVKzV47dHB5xSPZpw_LoedKUAtm4_918381_922645.wav,KIMTHAI_UCb1GcVKzV47dHB5xSPZpw_LoedKUAtm4,918381,922645,4264
KIMTHAI_UCb1GcVKzV47dHB5xSPZpw_LoedKUAtm4_922853_926550.wav,KIMTHAI_UCb1GcVKzV47dHB5xSPZpw_LoedKUAtm4,922853,926550,3697
KIMTHAI_UCb1GcVKzV47dHB5xSPZpw_LoedKUAtm4_926766_927608.wav,KIMTHAI_UCb1GcVKzV47dHB5xSPZpw_LoedKUAtm4,926766,927608,842
KIMTHAI_UCb1GcVKzV47dHB5xSPZpw_LoedKUAtm4_927880_936209.wav,KIMTHAI_UCb1GcVKzV47dHB5xSPZpw_LoedKUAtm4,927880,936209,8329
KIMTHAI_UCb1GcVKzV47dHB5xSPZpw_LoedKUAtm4_936345_938986.wav,KIMTHAI_UCb1GcVKzV47dHB5xSPZpw_LoedKUAtm4,936345,938986,2641
KIMTHAI_UCb1GcVKzV47dHB5xSPZpw_LoedKUAtm4_939218_944596.wav,KIMTHAI_UCb1GcVKzV47dHB5xSPZpw_LoedKUAtm4,939218,944596,5378
KIMTHAI_UCb1GcVKzV47dHB5xSPZpw_LoedKUAtm4_944844_959072.wav,KIMTHAI_UCb1GcVKzV47dHB5xSPZpw_LoedKUAtm4,944844,959072,14228
KIMTHAI_UCb1GcVKzV47dHB5xSPZpw_LoedKUAtm4_959352_963264.wav,KIMTHAI_UCb1GcVKzV47dHB5xSPZpw_LoedKUAtm4,959352,963264,3912
KIMTHAI_UCb1GcVKzV47dHB5xSPZpw_LoedKUAtm4_963440_965596.wav,KIMTHAI_UCb1GcVKzV47dHB5xSPZpw_LoedKUAtm4,963440,965596,2156
KIMTHAI_UCb1GcVKzV47dHB5xSPZpw_LoedKUAtm4_965740_979640.wav,KIMTHAI_UCb1GcVKzV47dHB5xSPZpw_LoedKUAtm4,965740,979640,13900
KIMTHAI_UCb1GcVKzV47dHB5xSPZpw_LoedKUAtm4_979936_991076.wav,KIMTHAI_UCb1GcVKzV47dHB5xSPZpw_LoedKUAtm4,979936,991076,11140
KIMTHAI_UCb1GcVKzV47dHB5xSPZpw_LoedKUAtm4_991332_993448.wav,KIMTHAI_UCb1GcVKzV47dHB5xSPZpw_LoedKUAtm4,991332,993448,2116
KIMTHAI_UCb1GcVKzV47dHB5xSPZpw_LoedKUAtm4_993704_994312.wav,KIMTHAI_UCb1GcVKzV47dHB5xSPZpw_LoedKUAtm4,993704,994312,608
KIMTHAI_UCb1GcVKzV47dHB5xSPZpw_LoedKUAtm4_994520_1001082.wav,KIMTHAI_UCb1GcVKzV47dHB5xSPZpw_LoedKUAtm4,994520,1001082,6562
KIMTHAI_UCb1GcVKzV47dHB5xSPZpw_LoedKUAtm4_1001266_1014372.wav,KIMTHAI_UCb1GcVKzV47dHB5xSPZpw_LoedKUAtm4,1001266,1014372,13106
KIMTHAI_UCb1GcVKzV47dHB5xSPZpw_LoedKUAtm4_1014476_1017286.wav,KIMTHAI_UCb1GcVKzV47dHB5xSPZpw_LoedKUAtm4,1014476,1017286,2810
KIMTHAI_UCb1GcVKzV47dHB5xSPZpw_LoedKUAtm4_1017390_1018887.wav,KIMTHAI_UCb1GcVKzV47dHB5xSPZpw_LoedKUAtm4,1017390,1018887,1497
KIMTHAI_UCb1GcVKzV47dHB5xSPZpw_LoedKUAtm4_1018967_1032752.wav,KIMTHAI_UCb1GcVKzV47dHB5xSPZpw_LoedKUAtm4,1018967,1032752,13785
KIMTHAI_UCb1GcVKzV47dHB5xSPZpw_LoedKUAtm4_1032856_1035482.wav,KIMTHAI_UCb1GcVKzV47dHB5xSPZpw_LoedKUAtm4,1032856,1035482,2626
KIMTHAI_UCb1GcVKzV47dHB5xSPZpw_LoedKUAtm4_1035666_1044698.wav,KIMTHAI_UCb1GcVKzV47dHB5xSPZpw_LoedKUAtm4,1035666,1044698,9032
KIMTHAI_UCb1GcVKzV47dHB5xSPZpw_LoedKUAtm4_1044858_1045980.wav,KIMTHAI_UCb1GcVKzV47dHB5xSPZpw_LoedKUAtm4,1044858,1045980,1122
KIMTHAI_UCb1GcVKzV47dHB5xSPZpw_LoedKUAtm4_1046188_1048784.wav,KIMTHAI_UCb1GcVKzV47dHB5xSPZpw_LoedKUAtm4,1046188,1048784,2596
KIMTHAI_UCb1GcVKzV47dHB5xSPZpw_LoedKUAtm4_1048920_1058780.wav,KIMTHAI_UCb1GcVKzV47dHB5xSPZpw_LoedKUAtm4,1048920,1058780,9860
KIMTHAI_UCb1GcVKzV47dHB5xSPZpw_LoedKUAtm4_1058980_1063669.wav,KIMTHAI_UCb1GcVKzV47dHB5xSPZpw_LoedKUAtm4,1058980,1063669,4689
KIMTHAI_UCb1GcVKzV47dHB5xSPZpw_LoedKUAtm4_1063869_1068766.wav,KIMTHAI_UCb1GcVKzV47dHB5xSPZpw_LoedKUAtm4,1063869,1068766,4897
KIMTHAI_UCb1GcVKzV47dHB5xSPZpw_LoedKUAtm4_1068910_1078646.wav,KIMTHAI_UCb1GcVKzV47dHB5xSPZpw_LoedKUAtm4,1068910,1078646,9736
KIMTHAI_UCb1GcVKzV47dHB5xSPZpw_LoedKUAtm4_1078854_1085832.wav,KIMTHAI_UCb1GcVKzV47dHB5xSPZpw_LoedKUAtm4,1078854,1085832,6978
KIMTHAI_UCb1GcVKzV47dHB5xSPZpw_LoedKUAtm4_1086104_1087492.wav,KIMTHAI_UCb1GcVKzV47dHB5xSPZpw_LoedKUAtm4,1086104,1087492,1388
KIMTHAI_UCb1GcVKzV47dHB5xSPZpw_LoedKUAtm4_1087620_1089228.wav,KIMTHAI_UCb1GcVKzV47dHB5xSPZpw_LoedKUAtm4,1087620,1089228,1608
KIMTHAI_UCb1GcVKzV47dHB5xSPZpw_LoedKUAtm4_1089372_1093500.wav,KIMTHAI_UCb1GcVKzV47dHB5xSPZpw_LoedKUAtm4,1089372,1093500,4128
KIMTHAI_UCb1GcVKzV47dHB5xSPZpw_LoedKUAtm4_1093636_1095500.wav,KIMTHAI_UCb1GcVKzV47dHB5xSPZpw_LoedKUAtm4,1093636,1095500,1864
KIMTHAI_UCb1GcVKzV47dHB5xSPZpw_LoedKUAtm4_1095620_1099044.wav,KIMTHAI_UCb1GcVKzV47dHB5xSPZpw_LoedKUAtm4,1095620,1099044,3424
KIMTHAI_UCb1GcVKzV47dHB5xSPZpw_LoedKUAtm4_1099148_1113484.wav,KIMTHAI_UCb1GcVKzV47dHB5xSPZpw_LoedKUAtm4,1099148,1113484,14336
KIMTHAI_UCb1GcVKzV47dHB5xSPZpw_LoedKUAtm4_1113748_1116724.wav,KIMTHAI_UCb1GcVKzV47dHB5xSPZpw_LoedKUAtm4,1113748,1116724,2976
KIMTHAI_UCb1GcVKzV47dHB5xSPZpw_LoedKUAtm4_1116860_1123678.wav,KIMTHAI_UCb1GcVKzV47dHB5xSPZpw_LoedKUAtm4,1116860,1123678,6818
KIMTHAI_UCb1GcVKzV47dHB5xSPZpw_LoedKUAtm4_1123806_1130656.wav,KIMTHAI_UCb1GcVKzV47dHB5xSPZpw_LoedKUAtm4,1123806,1130656,6850
KIMTHAI_UCb1GcVKzV47dHB5xSPZpw_LoedKUAtm4_1130824_1131220.wav,KIMTHAI_UCb1GcVKzV47dHB5xSPZpw_LoedKUAtm4,1130824,1131220,396
KIMTHAI_UCb1GcVKzV47dHB5xSPZpw_LoedKUAtm4_1131372_1135860.wav,KIMTHAI_UCb1GcVKzV47dHB5xSPZpw_LoedKUAtm4,1131372,1135860,4488
KIMTHAI_UCb1GcVKzV47dHB5xSPZpw_LoedKUAtm4_1136036_1140096.wav,KIMTHAI_UCb1GcVKzV47dHB5xSPZpw_LoedKUAtm4,1136036,1140096,4060
KIMTHAI_UCb1GcVKzV47dHB5xSPZpw_LoedKUAtm4_1140256_1141112.wav,KIMTHAI_UCb1GcVKzV47dHB5xSPZpw_LoedKUAtm4,1140256,1141112,856
KIMTHAI_UCb1GcVKzV47dHB5xSPZpw_LoedKUAtm4_1141336_1148336.wav,KIMTHAI_UCb1GcVKzV47dHB5xSPZpw_LoedKUAtm4,1141336,1148336,7000
KIMTHAI_UCb1GcVKzV47dHB5xSPZpw_LoedKUAtm4_1148536_1149936.wav,KIMTHAI_UCb1GcVKzV47dHB5xSPZpw_LoedKUAtm4,1148536,1149936,1400
KIMTHAI_UCb1GcVKzV47dHB5xSPZpw_LoedKUAtm4_1150016_1164736.wav,KIMTHAI_UCb1GcVKzV47dHB5xSPZpw_LoedKUAtm4,1150016,1164736,14720
KIMTHAI_UCb1GcVKzV47dHB5xSPZpw_LoedKUAtm4_1164816_1165144.wav,KIMTHAI_UCb1GcVKzV47dHB5xSPZpw_LoedKUAtm4,1164816,1165144,328
KIMTHAI_UCb1GcVKzV47dHB5xSPZpw_LoedKUAtm4_1165464_1171584.wav,KIMTHAI_UCb1GcVKzV47dHB5xSPZpw_LoedKUAtm4,1165464,1171584,6120
KIMTHAI_UCb1GcVKzV47dHB5xSPZpw_LoedKUAtm4_1171704_1181952.wav,KIMTHAI_UCb1GcVKzV47dHB5xSPZpw_LoedKUAtm4,1171704,1181952,10248
KIMTHAI_UCb1GcVKzV47dHB5xSPZpw_LoedKUAtm4_1182056_1188584.wav,KIMTHAI_UCb1GcVKzV47dHB5xSPZpw_LoedKUAtm4,1182056,1188584,6528
KIMTHAI_UCb1GcVKzV47dHB5xSPZpw_LoedKUAtm4_1188720_1196376.wav,KIMTHAI_UCb1GcVKzV47dHB5xSPZpw_LoedKUAtm4,1188720,1196376,7656
KIMTHAI_UCb1GcVKzV47dHB5xSPZpw_LoedKUAtm4_1196504_1207840.wav,KIMTHAI_UCb1GcVKzV47dHB5xSPZpw_LoedKUAtm4,1196504,1207840,11336
KIMTHAI_UCb1GcVKzV47dHB5xSPZpw_LoedKUAtm4_1208032_1211168.wav,KIMTHAI_UCb1GcVKzV47dHB5xSPZpw_LoedKUAtm4,1208032,1211168,3136
KIMTHAI_UCb1GcVKzV47dHB5xSPZpw_LoedKUAtm4_1211304_1214160.wav,KIMTHAI_UCb1GcVKzV47dHB5xSPZpw_LoedKUAtm4,1211304,1214160,2856
KIMTHAI_UCb1GcVKzV47dHB5xSPZpw_LoedKUAtm4_1214288_1223424.wav,KIMTHAI_UCb1GcVKzV47dHB5xSPZpw_LoedKUAtm4,1214288,1223424,9136
KIMTHAI_UCb1GcVKzV47dHB5xSPZpw_LoedKUAtm4_1223560_1229688.wav,KIMTHAI_UCb1GcVKzV47dHB5xSPZpw_LoedKUAtm4,1223560,1229688,6128
KIMTHAI_UCb1GcVKzV47dHB5xSPZpw_LoedKUAtm4_1229840_1231656.wav,KIMTHAI_UCb1GcVKzV47dHB5xSPZpw_LoedKUAtm4,1229840,1231656,1816
KIMTHAI_UCb1GcVKzV47dHB5xSPZpw_LoedKUAtm4_1231872_1234328.wav,KIMTHAI_UCb1GcVKzV47dHB5xSPZpw_LoedKUAtm4,1231872,1234328,2456
KIMTHAI_UCb1GcVKzV47dHB5xSPZpw_LoedKUAtm4_1234768_1240312.wav,KIMTHAI_UCb1GcVKzV47dHB5xSPZpw_LoedKUAtm4,1234768,1240312,5544
KIMTHAI_UCb1GcVKzV47dHB5xSPZpw_LoedKUAtm4_1240776_1246096.wav,KIMTHAI_UCb1GcVKzV47dHB5xSPZpw_LoedKUAtm4,1240776,1246096,5320
KIMTHAI_UCb1GcVKzV47dHB5xSPZpw_LoedKUAtm4_1249000_1256784.wav,KIMTHAI_UCb1GcVKzV47dHB5xSPZpw_LoedKUAtm4,1249000,1256784,7784
KIMTHAI_UCb1GcVKzV47dHB5xSPZpw_LoedKUAtm4_1260488_1267036.wav,KIMTHAI_UCb1GcVKzV47dHB5xSPZpw_LoedKUAtm4,1260488,1267036,6548
KIMTHAI_UCb1GcVKzV47dHB5xSPZpw_LoedKUAtm4_1267268_1269892.wav,KIMTHAI_UCb1GcVKzV47dHB5xSPZpw_LoedKUAtm4,1267268,1269892,2624
KIMTHAI_UCb1GcVKzV47dHB5xSPZpw_LoedKUAtm4_1270084_1275526.wav,KIMTHAI_UCb1GcVKzV47dHB5xSPZpw_LoedKUAtm4,1270084,1275526,5442
KIMTHAI_UCb1GcVKzV47dHB5xSPZpw_LoedKUAtm4_1275670_1282640.wav,KIMTHAI_UCb1GcVKzV47dHB5xSPZpw_LoedKUAtm4,1275670,1282640,6970
KIMTHAI_UCb1GcVKzV47dHB5xSPZpw_LoedKUAtm4_1282792_1285864.wav,KIMTHAI_UCb1GcVKzV47dHB5xSPZpw_LoedKUAtm4,1282792,1285864,3072
KIMTHAI_UCb1GcVKzV47dHB5xSPZpw_LoedKUAtm4_1286016_1289620.wav,KIMTHAI_UCb1GcVKzV47dHB5xSPZpw_LoedKUAtm4,1286016,1289620,3604
KIMTHAI_UCb1GcVKzV47dHB5xSPZpw_LoedKUAtm4_1289772_1290668.wav,KIMTHAI_UCb1GcVKzV47dHB5xSPZpw_LoedKUAtm4,1289772,1290668,896
KIMTHAI_UCb1GcVKzV47dHB5xSPZpw_LoedKUAtm4_1290900_1295325.wav,KIMTHAI_UCb1GcVKzV47dHB5xSPZpw_LoedKUAtm4,1290900,1295325,4425
KIMTHAI_UCb1GcVKzV47dHB5xSPZpw_LoedKUAtm4_1295493_1300837.wav,KIMTHAI_UCb1GcVKzV47dHB5xSPZpw_LoedKUAtm4,1295493,1300837,5344
KIMTHAI_UCb1GcVKzV47dHB5xSPZpw_LoedKUAtm4_1300989_1312118.wav,KIMTHAI_UCb1GcVKzV47dHB5xSPZpw_LoedKUAtm4,1300989,1312118,11129
KIMTHAI_UCb1GcVKzV47dHB5xSPZpw_LoedKUAtm4_1312310_1314510.wav,KIMTHAI_UCb1GcVKzV47dHB5xSPZpw_LoedKUAtm4,1312310,1314510,2200
KIMTHAI_UCb1GcVKzV47dHB5xSPZpw_LoedKUAtm4_1314686_1321312.wav,KIMTHAI_UCb1GcVKzV47dHB5xSPZpw_LoedKUAtm4,1314686,1321312,6626
KIMTHAI_UCb1GcVKzV47dHB5xSPZpw_LoedKUAtm4_1321728_1327004.wav,KIMTHAI_UCb1GcVKzV47dHB5xSPZpw_LoedKUAtm4,1321728,1327004,5276
KIMTHAI_UCb1GcVKzV47dHB5xSPZpw_LoedKUAtm4_1327372_1328460.wav,KIMTHAI_UCb1GcVKzV47dHB5xSPZpw_LoedKUAtm4,1327372,1328460,1088
KIMTHAI_UCb1GcVKzV47dHB5xSPZpw_LoedKUAtm4_1328748_1331205.wav,KIMTHAI_UCb1GcVKzV47dHB5xSPZpw_LoedKUAtm4,1328748,1331205,2457
KIMTHAI_UCb1GcVKzV47dHB5xSPZpw_LoedKUAtm4_1331397_1334365.wav,KIMTHAI_UCb1GcVKzV47dHB5xSPZpw_LoedKUAtm4,1331397,1334365,2968
KIMTHAI_UCb1GcVKzV47dHB5xSPZpw_LoedKUAtm4_1334517_1337073.wav,KIMTHAI_UCb1GcVKzV47dHB5xSPZpw_LoedKUAtm4,1334517,1337073,2556
KIMTHAI_UCb1GcVKzV47dHB5xSPZpw_LoedKUAtm4_1337257_1340003.wav,KIMTHAI_UCb1GcVKzV47dHB5xSPZpw_LoedKUAtm4,1337257,1340003,2746
KIMTHAI_UCb1GcVKzV47dHB5xSPZpw_LoedKUAtm4_1340123_1342019.wav,KIMTHAI_UCb1GcVKzV47dHB5xSPZpw_LoedKUAtm4,1340123,1342019,1896
KIMTHAI_UCb1GcVKzV47dHB5xSPZpw_LoedKUAtm4_1342139_1356341.wav,KIMTHAI_UCb1GcVKzV47dHB5xSPZpw_LoedKUAtm4,1342139,1356341,14202
KIMTHAI_UCb1GcVKzV47dHB5xSPZpw_LoedKUAtm4_1356493_1361789.wav,KIMTHAI_UCb1GcVKzV47dHB5xSPZpw_LoedKUAtm4,1356493,1361789,5296
KIMTHAI_UCb1GcVKzV47dHB5xSPZpw_LoedKUAtm4_1361989_1364486.wav,KIMTHAI_UCb1GcVKzV47dHB5xSPZpw_LoedKUAtm4,1361989,1364486,2497
KIMTHAI_UCb1GcVKzV47dHB5xSPZpw_LoedKUAtm4_1364622_1376774.wav,KIMTHAI_UCb1GcVKzV47dHB5xSPZpw_LoedKUAtm4,1364622,1376774,12152
KIMTHAI_UCb1GcVKzV47dHB5xSPZpw_LoedKUAtm4_1376926_1377670.wav,KIMTHAI_UCb1GcVKzV47dHB5xSPZpw_LoedKUAtm4,1376926,1377670,744
KIMTHAI_UCb1GcVKzV47dHB5xSPZpw_LoedKUAtm4_1377814_1382438.wav,KIMTHAI_UCb1GcVKzV47dHB5xSPZpw_LoedKUAtm4,1377814,1382438,4624
KIMTHAI_UCb1GcVKzV47dHB5xSPZpw_LoedKUAtm4_1382638_1386818.wav,KIMTHAI_UCb1GcVKzV47dHB5xSPZpw_LoedKUAtm4,1382638,1386818,4180
KIMTHAI_UCb1GcVKzV47dHB5xSPZpw_LoedKUAtm4_1386946_1393710.wav,KIMTHAI_UCb1GcVKzV47dHB5xSPZpw_LoedKUAtm4,1386946,1393710,6764
KIMTHAI_UCb1GcVKzV47dHB5xSPZpw_LoedKUAtm4_1393958_1399552.wav,KIMTHAI_UCb1GcVKzV47dHB5xSPZpw_LoedKUAtm4,1393958,1399552,5594
KIMTHAI_UCb1GcVKzV47dHB5xSPZpw_LoedKUAtm4_1399808_1414401.wav,KIMTHAI_UCb1GcVKzV47dHB5xSPZpw_LoedKUAtm4,1399808,1414401,14593
KIMTHAI_UCb1GcVKzV47dHB5xSPZpw_LoedKUAtm4_1414577_1417258.wav,KIMTHAI_UCb1GcVKzV47dHB5xSPZpw_LoedKUAtm4,1414577,1417258,2681
KIMTHAI_UCb1GcVKzV47dHB5xSPZpw_LoedKUAtm4_1417466_1418820.wav,KIMTHAI_UCb1GcVKzV47dHB5xSPZpw_LoedKUAtm4,1417466,1418820,1354
KIMTHAI_UCb1GcVKzV47dHB5xSPZpw_LoedKUAtm4_1419140_1423540.wav,KIMTHAI_UCb1GcVKzV47dHB5xSPZpw_LoedKUAtm4,1419140,1423540,4400
KIMTHAI_UCb1GcVKzV47dHB5xSPZpw_LoedKUAtm4_1423796_1426470.wav,KIMTHAI_UCb1GcVKzV47dHB5xSPZpw_LoedKUAtm4,1423796,1426470,2674
KIMTHAI_UCb1GcVKzV47dHB5xSPZpw_LoedKUAtm4_1426654_1434784.wav,KIMTHAI_UCb1GcVKzV47dHB5xSPZpw_LoedKUAtm4,1426654,1434784,8130
KIMTHAI_UCb1GcVKzV47dHB5xSPZpw_LoedKUAtm4_1435008_1440898.wav,KIMTHAI_UCb1GcVKzV47dHB5xSPZpw_LoedKUAtm4,1435008,1440898,5890
KIMTHAI_UCb1GcVKzV47dHB5xSPZpw_LoedKUAtm4_1441082_1443410.wav,KIMTHAI_UCb1GcVKzV47dHB5xSPZpw_LoedKUAtm4,1441082,1443410,2328
KIMTHAI_UCb1GcVKzV47dHB5xSPZpw_LoedKUAtm4_1443586_1450643.wav,KIMTHAI_UCb1GcVKzV47dHB5xSPZpw_LoedKUAtm4,1443586,1450643,7057
KIMTHAI_UCb1GcVKzV47dHB5xSPZpw_LoedKUAtm4_1450795_1456196.wav,KIMTHAI_UCb1GcVKzV47dHB5xSPZpw_LoedKUAtm4,1450795,1456196,5401
KIMTHAI_UCb1GcVKzV47dHB5xSPZpw_LoedKUAtm4_1456452_1461508.wav,KIMTHAI_UCb1GcVKzV47dHB5xSPZpw_LoedKUAtm4,1456452,1461508,5056
KIMTHAI_UCb1GcVKzV47dHB5xSPZpw_LoedKUAtm4_1461804_1464894.wav,KIMTHAI_UCb1GcVKzV47dHB5xSPZpw_LoedKUAtm4,1461804,1464894,3090
KIMTHAI_UCb1GcVKzV47dHB5xSPZpw_LoedKUAtm4_1465102_1474734.wav,KIMTHAI_UCb1GcVKzV47dHB5xSPZpw_LoedKUAtm4,1465102,1474734,9632
KIMTHAI_UCb1GcVKzV47dHB5xSPZpw_LoedKUAtm4_1474950_1478342.wav,KIMTHAI_UCb1GcVKzV47dHB5xSPZpw_LoedKUAtm4,1474950,1478342,3392
KIMTHAI_UCb1GcVKzV47dHB5xSPZpw_LoedKUAtm4_1478550_1490654.wav,KIMTHAI_UCb1GcVKzV47dHB5xSPZpw_LoedKUAtm4,1478550,1490654,12104
KIMTHAI_UCb1GcVKzV47dHB5xSPZpw_LoedKUAtm4_1490870_1502767.wav,KIMTHAI_UCb1GcVKzV47dHB5xSPZpw_LoedKUAtm4,1490870,1502767,11897
KIMTHAI_UCb1GcVKzV47dHB5xSPZpw_LoedKUAtm4_1502895_1509527.wav,KIMTHAI_UCb1GcVKzV47dHB5xSPZpw_LoedKUAtm4,1502895,1509527,6632
KIMTHAI_UCb1GcVKzV47dHB5xSPZpw_LoedKUAtm4_1509663_1512287.wav,KIMTHAI_UCb1GcVKzV47dHB5xSPZpw_LoedKUAtm4,1509663,1512287,2624
KIMTHAI_UCb1GcVKzV47dHB5xSPZpw_LoedKUAtm4_1512487_1515800.wav,KIMTHAI_UCb1GcVKzV47dHB5xSPZpw_LoedKUAtm4,1512487,1515800,3313
KIMTHAI_UCb1GcVKzV47dHB5xSPZpw_LoedKUAtm4_1516056_1518996.wav,KIMTHAI_UCb1GcVKzV47dHB5xSPZpw_LoedKUAtm4,1516056,1518996,2940
KIMTHAI_UCb1GcVKzV47dHB5xSPZpw_LoedKUAtm4_1519308_1520796.wav,KIMTHAI_UCb1GcVKzV47dHB5xSPZpw_LoedKUAtm4,1519308,1520796,1488
KIMTHAI_UCb1GcVKzV47dHB5xSPZpw_LoedKUAtm4_1520948_1525988.wav,KIMTHAI_UCb1GcVKzV47dHB5xSPZpw_LoedKUAtm4,1520948,1525988,5040
KIMTHAI_UCb1GcVKzV47dHB5xSPZpw_LoedKUAtm4_1526148_1540308.wav,KIMTHAI_UCb1GcVKzV47dHB5xSPZpw_LoedKUAtm4,1526148,1540308,14160
KIMTHAI_UCb1GcVKzV47dHB5xSPZpw_LoedKUAtm4_1540508_1543748.wav,KIMTHAI_UCb1GcVKzV47dHB5xSPZpw_LoedKUAtm4,1540508,1543748,3240
KIMTHAI_UCb1GcVKzV47dHB5xSPZpw_LoedKUAtm4_1544036_1549852.wav,KIMTHAI_UCb1GcVKzV47dHB5xSPZpw_LoedKUAtm4,1544036,1549852,5816
KIMTHAI_UCb1GcVKzV47dHB5xSPZpw_LoedKUAtm4_1550140_1556200.wav,KIMTHAI_UCb1GcVKzV47dHB5xSPZpw_LoedKUAtm4,1550140,1556200,6060
KIMTHAI_UCb1GcVKzV47dHB5xSPZpw_LoedKUAtm4_1556328_1561132.wav,KIMTHAI_UCb1GcVKzV47dHB5xSPZpw_LoedKUAtm4,1556328,1561132,4804
KIMTHAI_UCb1GcVKzV47dHB5xSPZpw_LoedKUAtm4_1561396_1572660.wav,KIMTHAI_UCb1GcVKzV47dHB5xSPZpw_LoedKUAtm4,1561396,1572660,11264
KIMTHAI_UCb1GcVKzV47dHB5xSPZpw_LoedKUAtm4_1572924_1578628.wav,KIMTHAI_UCb1GcVKzV47dHB5xSPZpw_LoedKUAtm4,1572924,1578628,5704
KIMTHAI_UCb1GcVKzV47dHB5xSPZpw_LoedKUAtm4_1578924_1579904.wav,KIMTHAI_UCb1GcVKzV47dHB5xSPZpw_LoedKUAtm4,1578924,1579904,980
KIMTHAI_UCb1GcVKzV47dHB5xSPZpw_LoedKUAtm4_1580584_1582848.wav,KIMTHAI_UCb1GcVKzV47dHB5xSPZpw_LoedKUAtm4,1580584,1582848,2264
KIMTHAI_UCb1GcVKzV47dHB5xSPZpw_LoedKUAtm4_1585408_1585628.wav,KIMTHAI_UCb1GcVKzV47dHB5xSPZpw_LoedKUAtm4,1585408,1585628,220
KIMTHAI_UCb1GcVKzV47dHB5xSPZpw_LoedKUAtm4_1585796_1596432.wav,KIMTHAI_UCb1GcVKzV47dHB5xSPZpw_LoedKUAtm4,1585796,1596432,10636
KIMTHAI_UCb1GcVKzV47dHB5xSPZpw_LoedKUAtm4_1596576_1602616.wav,KIMTHAI_UCb1GcVKzV47dHB5xSPZpw_LoedKUAtm4,1596576,1602616,6040
KIMTHAI_UCb1GcVKzV47dHB5xSPZpw_LoedKUAtm4_1602960_1607048.wav,KIMTHAI_UCb1GcVKzV47dHB5xSPZpw_LoedKUAtm4,1602960,1607048,4088
KIMTHAI_UCb1GcVKzV47dHB5xSPZpw_LoedKUAtm4_1610080_1611400.wav,KIMTHAI_UCb1GcVKzV47dHB5xSPZpw_LoedKUAtm4,1610080,1611400,1320
KIMTHAI_UCb1GcVKzV47dHB5xSPZpw_LoedKUAtm4_1614368_1614992.wav,KIMTHAI_UCb1GcVKzV47dHB5xSPZpw_LoedKUAtm4,1614368,1614992,624
KIMTHAI_UCb1GcVKzV47dHB5xSPZpw_LoedKUAtm4_1615968_1628064.wav,KIMTHAI_UCb1GcVKzV47dHB5xSPZpw_LoedKUAtm4,1615968,1628064,12096
KIMTHAI_UCb1GcVKzV47dHB5xSPZpw_LoedKUAtm4_1628464_1629088.wav,KIMTHAI_UCb1GcVKzV47dHB5xSPZpw_LoedKUAtm4,1628464,1629088,624
KIMTHAI_UCb1GcVKzV47dHB5xSPZpw_LoedKUAtm4_1629296_1629960.wav,KIMTHAI_UCb1GcVKzV47dHB5xSPZpw_LoedKUAtm4,1629296,1629960,664
KIMTHAI_UCb1GcVKzV47dHB5xSPZpw_LoedKUAtm4_1630128_1641720.wav,KIMTHAI_UCb1GcVKzV47dHB5xSPZpw_LoedKUAtm4,1630128,1641720,11592
KIMTHAI_UCb1GcVKzV47dHB5xSPZpw_LoedKUAtm4_1642032_1643232.wav,KIMTHAI_UCb1GcVKzV47dHB5xSPZpw_LoedKUAtm4,1642032,1643232,1200
KIMTHAI_UCb1GcVKzV47dHB5xSPZpw_LoedKUAtm4_1645056_1646624.wav,KIMTHAI_UCb1GcVKzV47dHB5xSPZpw_LoedKUAtm4,1645056,1646624,1568
KIMTHAI_UCb1GcVKzV47dHB5xSPZpw_LoedKUAtm4_1647856_1650944.wav,KIMTHAI_UCb1GcVKzV47dHB5xSPZpw_LoedKUAtm4,1647856,1650944,3088
KIMTHAI_UCb1GcVKzV47dHB5xSPZpw_LoedKUAtm4_1651312_1657500.wav,KIMTHAI_UCb1GcVKzV47dHB5xSPZpw_LoedKUAtm4,1651312,1657500,6188
KIMTHAI_UCb1GcVKzV47dHB5xSPZpw_LoedKUAtm4_1657676_1662366.wav,KIMTHAI_UCb1GcVKzV47dHB5xSPZpw_LoedKUAtm4,1657676,1662366,4690
KIMTHAI_UCb1GcVKzV47dHB5xSPZpw_LoedKUAtm4_1662566_1668344.wav,KIMTHAI_UCb1GcVKzV47dHB5xSPZpw_LoedKUAtm4,1662566,1668344,5778
KIMTHAI_UCb1GcVKzV47dHB5xSPZpw_LoedKUAtm4_1668600_1674472.wav,KIMTHAI_UCb1GcVKzV47dHB5xSPZpw_LoedKUAtm4,1668600,1674472,5872
KIMTHAI_UCb1GcVKzV47dHB5xSPZpw_LoedKUAtm4_1674640_1680016.wav,KIMTHAI_UCb1GcVKzV47dHB5xSPZpw_LoedKUAtm4,1674640,1680016,5376
KIMTHAI_UCb1GcVKzV47dHB5xSPZpw_LoedKUAtm4_1680168_1685560.wav,KIMTHAI_UCb1GcVKzV47dHB5xSPZpw_LoedKUAtm4,1680168,1685560,5392
KIMTHAI_UCb1GcVKzV47dHB5xSPZpw_LoedKUAtm4_1685976_1688464.wav,KIMTHAI_UCb1GcVKzV47dHB5xSPZpw_LoedKUAtm4,1685976,1688464,2488
KIMTHAI_UCb1GcVKzV47dHB5xSPZpw_LoedKUAtm4_1689944_1693096.wav,KIMTHAI_UCb1GcVKzV47dHB5xSPZpw_LoedKUAtm4,1689944,1693096,3152
KIMTHAI_UCb1GcVKzV47dHB5xSPZpw_LoedKUAtm4_1693264_1705224.wav,KIMTHAI_UCb1GcVKzV47dHB5xSPZpw_LoedKUAtm4,1693264,1705224,11960
KIMTHAI_UCb1GcVKzV47dHB5xSPZpw_LoedKUAtm4_1705416_1713340.wav,KIMTHAI_UCb1GcVKzV47dHB5xSPZpw_LoedKUAtm4,1705416,1713340,7924
KIMTHAI_UCb1GcVKzV47dHB5xSPZpw_LoedKUAtm4_1713524_1715264.wav,KIMTHAI_UCb1GcVKzV47dHB5xSPZpw_LoedKUAtm4,1713524,1715264,1740
KIMTHAI_UCb1GcVKzV47dHB5xSPZpw_LoedKUAtm4_1715416_1720448.wav,KIMTHAI_UCb1GcVKzV47dHB5xSPZpw_LoedKUAtm4,1715416,1720448,5032
KIMTHAI_UCb1GcVKzV47dHB5xSPZpw_LoedKUAtm4_1727272_1730256.wav,KIMTHAI_UCb1GcVKzV47dHB5xSPZpw_LoedKUAtm4,1727272,1730256,2984
KIMTHAI_UCb1GcVKzV47dHB5xSPZpw_LoedKUAtm4_1731288_1732656.wav,KIMTHAI_UCb1GcVKzV47dHB5xSPZpw_LoedKUAtm4,1731288,1732656,1368
KIMTHAI_UCb1GcVKzV47dHB5xSPZpw_LoedKUAtm4_1736888_1740744.wav,KIMTHAI_UCb1GcVKzV47dHB5xSPZpw_LoedKUAtm4,1736888,1740744,3856
KIMTHAI_UCb1GcVKzV47dHB5xSPZpw_LoedKUAtm4_1743480_1745684.wav,KIMTHAI_UCb1GcVKzV47dHB5xSPZpw_LoedKUAtm4,1743480,1745684,2204
KIMTHAI_UCb1GcVKzV47dHB5xSPZpw_LoedKUAtm4_1746092_1757733.wav,KIMTHAI_UCb1GcVKzV47dHB5xSPZpw_LoedKUAtm4,1746092,1757733,11641
KIMTHAI_UCb1GcVKzV47dHB5xSPZpw_LoedKUAtm4_1757861_1759302.wav,KIMTHAI_UCb1GcVKzV47dHB5xSPZpw_LoedKUAtm4,1757861,1759302,1441
KIMTHAI_UCb1GcVKzV47dHB5xSPZpw_LoedKUAtm4_1759494_1760624.wav,KIMTHAI_UCb1GcVKzV47dHB5xSPZpw_LoedKUAtm4,1759494,1760624,1130
KIMTHAI_UCb1GcVKzV47dHB5xSPZpw_LoedKUAtm4_1762688_1762904.wav,KIMTHAI_UCb1GcVKzV47dHB5xSPZpw_LoedKUAtm4,1762688,1762904,216
KIMTHAI_UCb1GcVKzV47dHB5xSPZpw_LoedKUAtm4_1763664_1764096.wav,KIMTHAI_UCb1GcVKzV47dHB5xSPZpw_LoedKUAtm4,1763664,1764096,432
KIMTHAI_UCb1GcVKzV47dHB5xSPZpw_LoedKUAtm4_1765040_1767304.wav,KIMTHAI_UCb1GcVKzV47dHB5xSPZpw_LoedKUAtm4,1765040,1767304,2264
KIMTHAI_UCb1GcVKzV47dHB5xSPZpw_LoedKUAtm4_1771448_1783008.wav,KIMTHAI_UCb1GcVKzV47dHB5xSPZpw_LoedKUAtm4,1771448,1783008,11560
KIMTHAI_UCb1GcVKzV47dHB5xSPZpw_LoedKUAtm4_1783264_1785272.wav,KIMTHAI_UCb1GcVKzV47dHB5xSPZpw_LoedKUAtm4,1783264,1785272,2008
KIMTHAI_UCb1GcVKzV47dHB5xSPZpw_LoedKUAtm4_1785904_1786976.wav,KIMTHAI_UCb1GcVKzV47dHB5xSPZpw_LoedKUAtm4,1785904,1786976,1072
KIMTHAI_UCb1GcVKzV47dHB5xSPZpw_LoedKUAtm4_1787616_1787776.wav,KIMTHAI_UCb1GcVKzV47dHB5xSPZpw_LoedKUAtm4,1787616,1787776,160
KIMTHAI_UCb1GcVKzV47dHB5xSPZpw_LoedKUAtm4_1795456_1795928.wav,KIMTHAI_UCb1GcVKzV47dHB5xSPZpw_LoedKUAtm4,1795456,1795928,472
KIMTHAI_UCb1GcVKzV47dHB5xSPZpw_LoedKUAtm4_1797776_1799776.wav,KIMTHAI_UCb1GcVKzV47dHB5xSPZpw_LoedKUAtm4,1797776,1799776,2000
KIMTHAI_UCb1GcVKzV47dHB5xSPZpw_LoedKUAtm4_1800344_1810952.wav,KIMTHAI_UCb1GcVKzV47dHB5xSPZpw_LoedKUAtm4,1800344,1810952,10608
KIMTHAI_UCb1GcVKzV47dHB5xSPZpw_LoedKUAtm4_1811176_1814688.wav,KIMTHAI_UCb1GcVKzV47dHB5xSPZpw_LoedKUAtm4,1811176,1814688,3512
KIMTHAI_UCb1GcVKzV47dHB5xSPZpw_LoedKUAtm4_1814872_1821644.wav,KIMTHAI_UCb1GcVKzV47dHB5xSPZpw_LoedKUAtm4,1814872,1821644,6772
KIMTHAI_UCb1GcVKzV47dHB5xSPZpw_LoedKUAtm4_1821828_1827104.wav,KIMTHAI_UCb1GcVKzV47dHB5xSPZpw_LoedKUAtm4,1821828,1827104,5276
KIMTHAI_UCb1GcVKzV47dHB5xSPZpw_LoedKUAtm4_1829376_1829480.wav,KIMTHAI_UCb1GcVKzV47dHB5xSPZpw_LoedKUAtm4,1829376,1829480,104
KIMTHAI_UCb1GcVKzV47dHB5xSPZpw_LoedKUAtm4_1829808_1830136.wav,KIMTHAI_UCb1GcVKzV47dHB5xSPZpw_LoedKUAtm4,1829808,1830136,328
KIMTHAI_UCb1GcVKzV47dHB5xSPZpw_LoedKUAtm4_1830432_1832936.wav,KIMTHAI_UCb1GcVKzV47dHB5xSPZpw_LoedKUAtm4,1830432,1832936,2504
KIMTHAI_UCb1GcVKzV47dHB5xSPZpw_LoedKUAtm4_1833296_1833456.wav,KIMTHAI_UCb1GcVKzV47dHB5xSPZpw_LoedKUAtm4,1833296,1833456,160
KIMTHAI_UCb1GcVKzV47dHB5xSPZpw_LoedKUAtm4_1833872_1836626.wav,KIMTHAI_UCb1GcVKzV47dHB5xSPZpw_LoedKUAtm4,1833872,1836626,2754
KIMTHAI_UCb1GcVKzV47dHB5xSPZpw_LoedKUAtm4_1836762_1844252.wav,KIMTHAI_UCb1GcVKzV47dHB5xSPZpw_LoedKUAtm4,1836762,1844252,7490
KIMTHAI_UCb1GcVKzV47dHB5xSPZpw_LoedKUAtm4_1844484_1845180.wav,KIMTHAI_UCb1GcVKzV47dHB5xSPZpw_LoedKUAtm4,1844484,1845180,696
KIMTHAI_UCb1GcVKzV47dHB5xSPZpw_LoedKUAtm4_1845388_1856565.wav,KIMTHAI_UCb1GcVKzV47dHB5xSPZpw_LoedKUAtm4,1845388,1856565,11177
KIMTHAI_UCb1GcVKzV47dHB5xSPZpw_LoedKUAtm4_1856685_1863049.wav,KIMTHAI_UCb1GcVKzV47dHB5xSPZpw_LoedKUAtm4,1856685,1863049,6364
KIMTHAI_UCb1GcVKzV47dHB5xSPZpw_LoedKUAtm4_1863169_1869473.wav,KIMTHAI_UCb1GcVKzV47dHB5xSPZpw_LoedKUAtm4,1863169,1869473,6304
KIMTHAI_UCb1GcVKzV47dHB5xSPZpw_LoedKUAtm4_1869593_1872593.wav,KIMTHAI_UCb1GcVKzV47dHB5xSPZpw_LoedKUAtm4,1869593,1872593,3000
KIMTHAI_UCb1GcVKzV47dHB5xSPZpw_LoedKUAtm4_1872705_1875541.wav,KIMTHAI_UCb1GcVKzV47dHB5xSPZpw_LoedKUAtm4,1872705,1875541,2836
KIMTHAI_UCb1GcVKzV47dHB5xSPZpw_LoedKUAtm4_1875661_1877829.wav,KIMTHAI_UCb1GcVKzV47dHB5xSPZpw_LoedKUAtm4,1875661,1877829,2168
KIMTHAI_UCb1GcVKzV47dHB5xSPZpw_LoedKUAtm4_1877949_1880501.wav,KIMTHAI_UCb1GcVKzV47dHB5xSPZpw_LoedKUAtm4,1877949,1880501,2552
KIMTHAI_UCb1GcVKzV47dHB5xSPZpw_LoedKUAtm4_1880613_1886309.wav,KIMTHAI_UCb1GcVKzV47dHB5xSPZpw_LoedKUAtm4,1880613,1886309,5696
KIMTHAI_UCb1GcVKzV47dHB5xSPZpw_LoedKUAtm4_1886437_1892977.wav,KIMTHAI_UCb1GcVKzV47dHB5xSPZpw_LoedKUAtm4,1886437,1892977,6540
KIMTHAI_UCb1GcVKzV47dHB5xSPZpw_LoedKUAtm4_1893105_1900421.wav,KIMTHAI_UCb1GcVKzV47dHB5xSPZpw_LoedKUAtm4,1893105,1900421,7316
KIMTHAI_UCb1GcVKzV47dHB5xSPZpw_LoedKUAtm4_1900565_1904118.wav,KIMTHAI_UCb1GcVKzV47dHB5xSPZpw_LoedKUAtm4,1900565,1904118,3553
KIMTHAI_UCb1GcVKzV47dHB5xSPZpw_LoedKUAtm4_1904366_1905487.wav,KIMTHAI_UCb1GcVKzV47dHB5xSPZpw_LoedKUAtm4,1904366,1905487,1121
KIMTHAI_UCb1GcVKzV47dHB5xSPZpw_LoedKUAtm4_1905647_1909727.wav,KIMTHAI_UCb1GcVKzV47dHB5xSPZpw_LoedKUAtm4,1905647,1909727,4080
KIMTHAI_UCb1GcVKzV47dHB5xSPZpw_LoedKUAtm4_1909887_1914399.wav,KIMTHAI_UCb1GcVKzV47dHB5xSPZpw_LoedKUAtm4,1909887,1914399,4512
KIMTHAI_UCb1GcVKzV47dHB5xSPZpw_LoedKUAtm4_1915064_1918784.wav,KIMTHAI_UCb1GcVKzV47dHB5xSPZpw_LoedKUAtm4,1915064,1918784,3720
KIMTHAI_UCb1GcVKzV47dHB5xSPZpw_LoedKUAtm4_1918968_1924136.wav,KIMTHAI_UCb1GcVKzV47dHB5xSPZpw_LoedKUAtm4,1918968,1924136,5168
KIMTHAI_UCb1GcVKzV47dHB5xSPZpw_LoedKUAtm4_1924400_1926728.wav,KIMTHAI_UCb1GcVKzV47dHB5xSPZpw_LoedKUAtm4,1924400,1926728,2328
KIMTHAI_UCb1GcVKzV47dHB5xSPZpw_LoedKUAtm4_1926896_1939728.wav,KIMTHAI_UCb1GcVKzV47dHB5xSPZpw_LoedKUAtm4,1926896,1939728,12832
KIMTHAI_UCb1GcVKzV47dHB5xSPZpw_LoedKUAtm4_1939952_1941072.wav,KIMTHAI_UCb1GcVKzV47dHB5xSPZpw_LoedKUAtm4,1939952,1941072,1120
KIMTHAI_UCb1GcVKzV47dHB5xSPZpw_LoedKUAtm4_1941248_1942224.wav,KIMTHAI_UCb1GcVKzV47dHB5xSPZpw_LoedKUAtm4,1941248,1942224,976
KIMTHAI_UCb1GcVKzV47dHB5xSPZpw_LoedKUAtm4_1942848_1943161.wav,KIMTHAI_UCb1GcVKzV47dHB5xSPZpw_LoedKUAtm4,1942848,1943161,313
