filename,video_id,start_time,end_time,duration
StephOH_UC3Pf4SXpxiRnU1e0CqIJzLQ_CvjEJ9Hp7BY_0_1960.wav,StephOH_UC3Pf4SXpxiRnU1e0CqIJzLQ_CvjEJ9Hp7BY,0,1960,1960
StephOH_UC3Pf4SXpxiRnU1e0CqIJzLQ_CvjEJ9Hp7BY_2096_5696.wav,StephOH_UC3Pf4SXpxiRnU1e0CqIJzLQ_CvjEJ9Hp7BY,2096,5696,3600
StephOH_UC3Pf4SXpxiRnU1e0CqIJzLQ_CvjEJ9Hp7BY_5840_10304.wav,StephOH_UC3Pf4SXpxiRnU1e0CqIJzLQ_CvjEJ9Hp7BY,5840,10304,4464
StephOH_UC3Pf4SXpxiRnU1e0CqIJzLQ_CvjEJ9Hp7BY_10568_11944.wav,StephOH_UC3Pf4SXpxiRnU1e0CqIJzLQ_CvjEJ9Hp7BY,10568,11944,1376
StephOH_UC3Pf4SXpxiRnU1e0CqIJzLQ_CvjEJ9Hp7BY_12200_17121.wav,StephOH_UC3Pf4SXpxiRnU1e0CqIJzLQ_CvjEJ9Hp7BY,12200,17121,4921
StephOH_UC3Pf4SXpxiRnU1e0CqIJzLQ_CvjEJ9Hp7BY_17249_23049.wav,StephOH_UC3Pf4SXpxiRnU1e0CqIJzLQ_CvjEJ9Hp7BY,17249,23049,5800
StephOH_UC3Pf4SXpxiRnU1e0CqIJzLQ_CvjEJ9Hp7BY_23281_26273.wav,StephOH_UC3Pf4SXpxiRnU1e0CqIJzLQ_CvjEJ9Hp7BY,23281,26273,2992
StephOH_UC3Pf4SXpxiRnU1e0CqIJzLQ_CvjEJ9Hp7BY_26497_26737.wav,StephOH_UC3Pf4SXpxiRnU1e0CqIJzLQ_CvjEJ9Hp7BY,26497,26737,240
StephOH_UC3Pf4SXpxiRnU1e0CqIJzLQ_CvjEJ9Hp7BY_27129_34165.wav,StephOH_UC3Pf4SXpxiRnU1e0CqIJzLQ_CvjEJ9Hp7BY,27129,34165,7036
StephOH_UC3Pf4SXpxiRnU1e0CqIJzLQ_CvjEJ9Hp7BY_34293_40193.wav,StephOH_UC3Pf4SXpxiRnU1e0CqIJzLQ_CvjEJ9Hp7BY,34293,40193,5900
StephOH_UC3Pf4SXpxiRnU1e0CqIJzLQ_CvjEJ9Hp7BY_40401_41497.wav,StephOH_UC3Pf4SXpxiRnU1e0CqIJzLQ_CvjEJ9Hp7BY,40401,41497,1096
StephOH_UC3Pf4SXpxiRnU1e0CqIJzLQ_CvjEJ9Hp7BY_41721_43113.wav,StephOH_UC3Pf4SXpxiRnU1e0CqIJzLQ_CvjEJ9Hp7BY,41721,43113,1392
StephOH_UC3Pf4SXpxiRnU1e0CqIJzLQ_CvjEJ9Hp7BY_43393_44761.wav,StephOH_UC3Pf4SXpxiRnU1e0CqIJzLQ_CvjEJ9Hp7BY,43393,44761,1368
StephOH_UC3Pf4SXpxiRnU1e0CqIJzLQ_CvjEJ9Hp7BY_45137_46565.wav,StephOH_UC3Pf4SXpxiRnU1e0CqIJzLQ_CvjEJ9Hp7BY,45137,46565,1428
StephOH_UC3Pf4SXpxiRnU1e0CqIJzLQ_CvjEJ9Hp7BY_46949_55101.wav,StephOH_UC3Pf4SXpxiRnU1e0CqIJzLQ_CvjEJ9Hp7BY,46949,55101,8152
StephOH_UC3Pf4SXpxiRnU1e0CqIJzLQ_CvjEJ9Hp7BY_55253_62805.wav,StephOH_UC3Pf4SXpxiRnU1e0CqIJzLQ_CvjEJ9Hp7BY,55253,62805,7552
StephOH_UC3Pf4SXpxiRnU1e0CqIJzLQ_CvjEJ9Hp7BY_63029_68229.wav,StephOH_UC3Pf4SXpxiRnU1e0CqIJzLQ_CvjEJ9Hp7BY,63029,68229,5200
StephOH_UC3Pf4SXpxiRnU1e0CqIJzLQ_CvjEJ9Hp7BY_68453_69601.wav,StephOH_UC3Pf4SXpxiRnU1e0CqIJzLQ_CvjEJ9Hp7BY,68453,69601,1148
StephOH_UC3Pf4SXpxiRnU1e0CqIJzLQ_CvjEJ9Hp7BY_69761_71673.wav,StephOH_UC3Pf4SXpxiRnU1e0CqIJzLQ_CvjEJ9Hp7BY,69761,71673,1912
StephOH_UC3Pf4SXpxiRnU1e0CqIJzLQ_CvjEJ9Hp7BY_71825_72217.wav,StephOH_UC3Pf4SXpxiRnU1e0CqIJzLQ_CvjEJ9Hp7BY,71825,72217,392
StephOH_UC3Pf4SXpxiRnU1e0CqIJzLQ_CvjEJ9Hp7BY_72393_72713.wav,StephOH_UC3Pf4SXpxiRnU1e0CqIJzLQ_CvjEJ9Hp7BY,72393,72713,320
StephOH_UC3Pf4SXpxiRnU1e0CqIJzLQ_CvjEJ9Hp7BY_72897_74169.wav,StephOH_UC3Pf4SXpxiRnU1e0CqIJzLQ_CvjEJ9Hp7BY,72897,74169,1272
StephOH_UC3Pf4SXpxiRnU1e0CqIJzLQ_CvjEJ9Hp7BY_74417_80881.wav,StephOH_UC3Pf4SXpxiRnU1e0CqIJzLQ_CvjEJ9Hp7BY,74417,80881,6464
StephOH_UC3Pf4SXpxiRnU1e0CqIJzLQ_CvjEJ9Hp7BY_81041_92769.wav,StephOH_UC3Pf4SXpxiRnU1e0CqIJzLQ_CvjEJ9Hp7BY,81041,92769,11728
StephOH_UC3Pf4SXpxiRnU1e0CqIJzLQ_CvjEJ9Hp7BY_92961_97837.wav,StephOH_UC3Pf4SXpxiRnU1e0CqIJzLQ_CvjEJ9Hp7BY,92961,97837,4876
StephOH_UC3Pf4SXpxiRnU1e0CqIJzLQ_CvjEJ9Hp7BY_98141_104629.wav,StephOH_UC3Pf4SXpxiRnU1e0CqIJzLQ_CvjEJ9Hp7BY,98141,104629,6488
StephOH_UC3Pf4SXpxiRnU1e0CqIJzLQ_CvjEJ9Hp7BY_104797_108845.wav,StephOH_UC3Pf4SXpxiRnU1e0CqIJzLQ_CvjEJ9Hp7BY,104797,108845,4048
StephOH_UC3Pf4SXpxiRnU1e0CqIJzLQ_CvjEJ9Hp7BY_109213_110797.wav,StephOH_UC3Pf4SXpxiRnU1e0CqIJzLQ_CvjEJ9Hp7BY,109213,110797,1584
StephOH_UC3Pf4SXpxiRnU1e0CqIJzLQ_CvjEJ9Hp7BY_111053_117005.wav,StephOH_UC3Pf4SXpxiRnU1e0CqIJzLQ_CvjEJ9Hp7BY,111053,117005,5952
StephOH_UC3Pf4SXpxiRnU1e0CqIJzLQ_CvjEJ9Hp7BY_117293_117609.wav,StephOH_UC3Pf4SXpxiRnU1e0CqIJzLQ_CvjEJ9Hp7BY,117293,117609,316
StephOH_UC3Pf4SXpxiRnU1e0CqIJzLQ_CvjEJ9Hp7BY_117905_125201.wav,StephOH_UC3Pf4SXpxiRnU1e0CqIJzLQ_CvjEJ9Hp7BY,117905,125201,7296
StephOH_UC3Pf4SXpxiRnU1e0CqIJzLQ_CvjEJ9Hp7BY_125417_134873.wav,StephOH_UC3Pf4SXpxiRnU1e0CqIJzLQ_CvjEJ9Hp7BY,125417,134873,9456
StephOH_UC3Pf4SXpxiRnU1e0CqIJzLQ_CvjEJ9Hp7BY_135033_142913.wav,StephOH_UC3Pf4SXpxiRnU1e0CqIJzLQ_CvjEJ9Hp7BY,135033,142913,7880
StephOH_UC3Pf4SXpxiRnU1e0CqIJzLQ_CvjEJ9Hp7BY_143049_145449.wav,StephOH_UC3Pf4SXpxiRnU1e0CqIJzLQ_CvjEJ9Hp7BY,143049,145449,2400
StephOH_UC3Pf4SXpxiRnU1e0CqIJzLQ_CvjEJ9Hp7BY_146057_149777.wav,StephOH_UC3Pf4SXpxiRnU1e0CqIJzLQ_CvjEJ9Hp7BY,146057,149777,3720
StephOH_UC3Pf4SXpxiRnU1e0CqIJzLQ_CvjEJ9Hp7BY_150097_151609.wav,StephOH_UC3Pf4SXpxiRnU1e0CqIJzLQ_CvjEJ9Hp7BY,150097,151609,1512
StephOH_UC3Pf4SXpxiRnU1e0CqIJzLQ_CvjEJ9Hp7BY_152361_157273.wav,StephOH_UC3Pf4SXpxiRnU1e0CqIJzLQ_CvjEJ9Hp7BY,152361,157273,4912
StephOH_UC3Pf4SXpxiRnU1e0CqIJzLQ_CvjEJ9Hp7BY_157537_162361.wav,StephOH_UC3Pf4SXpxiRnU1e0CqIJzLQ_CvjEJ9Hp7BY,157537,162361,4824
StephOH_UC3Pf4SXpxiRnU1e0CqIJzLQ_CvjEJ9Hp7BY_162617_163853.wav,StephOH_UC3Pf4SXpxiRnU1e0CqIJzLQ_CvjEJ9Hp7BY,162617,163853,1236
StephOH_UC3Pf4SXpxiRnU1e0CqIJzLQ_CvjEJ9Hp7BY_164085_164949.wav,StephOH_UC3Pf4SXpxiRnU1e0CqIJzLQ_CvjEJ9Hp7BY,164085,164949,864
StephOH_UC3Pf4SXpxiRnU1e0CqIJzLQ_CvjEJ9Hp7BY_165165_165269.wav,StephOH_UC3Pf4SXpxiRnU1e0CqIJzLQ_CvjEJ9Hp7BY,165165,165269,104
StephOH_UC3Pf4SXpxiRnU1e0CqIJzLQ_CvjEJ9Hp7BY_165493_168901.wav,StephOH_UC3Pf4SXpxiRnU1e0CqIJzLQ_CvjEJ9Hp7BY,165493,168901,3408
StephOH_UC3Pf4SXpxiRnU1e0CqIJzLQ_CvjEJ9Hp7BY_169221_180921.wav,StephOH_UC3Pf4SXpxiRnU1e0CqIJzLQ_CvjEJ9Hp7BY,169221,180921,11700
StephOH_UC3Pf4SXpxiRnU1e0CqIJzLQ_CvjEJ9Hp7BY_181261_183329.wav,StephOH_UC3Pf4SXpxiRnU1e0CqIJzLQ_CvjEJ9Hp7BY,181261,183329,2068
StephOH_UC3Pf4SXpxiRnU1e0CqIJzLQ_CvjEJ9Hp7BY_183857_190891.wav,StephOH_UC3Pf4SXpxiRnU1e0CqIJzLQ_CvjEJ9Hp7BY,183857,190891,7034
StephOH_UC3Pf4SXpxiRnU1e0CqIJzLQ_CvjEJ9Hp7BY_191043_195301.wav,StephOH_UC3Pf4SXpxiRnU1e0CqIJzLQ_CvjEJ9Hp7BY,191043,195301,4258
StephOH_UC3Pf4SXpxiRnU1e0CqIJzLQ_CvjEJ9Hp7BY_195597_199641.wav,StephOH_UC3Pf4SXpxiRnU1e0CqIJzLQ_CvjEJ9Hp7BY,195597,199641,4044
StephOH_UC3Pf4SXpxiRnU1e0CqIJzLQ_CvjEJ9Hp7BY_200257_202561.wav,StephOH_UC3Pf4SXpxiRnU1e0CqIJzLQ_CvjEJ9Hp7BY,200257,202561,2304
StephOH_UC3Pf4SXpxiRnU1e0CqIJzLQ_CvjEJ9Hp7BY_203273_205289.wav,StephOH_UC3Pf4SXpxiRnU1e0CqIJzLQ_CvjEJ9Hp7BY,203273,205289,2016
StephOH_UC3Pf4SXpxiRnU1e0CqIJzLQ_CvjEJ9Hp7BY_206147_208963.wav,StephOH_UC3Pf4SXpxiRnU1e0CqIJzLQ_CvjEJ9Hp7BY,206147,208963,2816
StephOH_UC3Pf4SXpxiRnU1e0CqIJzLQ_CvjEJ9Hp7BY_209379_215917.wav,StephOH_UC3Pf4SXpxiRnU1e0CqIJzLQ_CvjEJ9Hp7BY,209379,215917,6538
StephOH_UC3Pf4SXpxiRnU1e0CqIJzLQ_CvjEJ9Hp7BY_216373_218061.wav,StephOH_UC3Pf4SXpxiRnU1e0CqIJzLQ_CvjEJ9Hp7BY,216373,218061,1688
StephOH_UC3Pf4SXpxiRnU1e0CqIJzLQ_CvjEJ9Hp7BY_218469_225319.wav,StephOH_UC3Pf4SXpxiRnU1e0CqIJzLQ_CvjEJ9Hp7BY,218469,225319,6850
StephOH_UC3Pf4SXpxiRnU1e0CqIJzLQ_CvjEJ9Hp7BY_225455_228505.wav,StephOH_UC3Pf4SXpxiRnU1e0CqIJzLQ_CvjEJ9Hp7BY,225455,228505,3050
StephOH_UC3Pf4SXpxiRnU1e0CqIJzLQ_CvjEJ9Hp7BY_228785_231821.wav,StephOH_UC3Pf4SXpxiRnU1e0CqIJzLQ_CvjEJ9Hp7BY,228785,231821,3036
StephOH_UC3Pf4SXpxiRnU1e0CqIJzLQ_CvjEJ9Hp7BY_232269_234381.wav,StephOH_UC3Pf4SXpxiRnU1e0CqIJzLQ_CvjEJ9Hp7BY,232269,234381,2112
StephOH_UC3Pf4SXpxiRnU1e0CqIJzLQ_CvjEJ9Hp7BY_234861_237759.wav,StephOH_UC3Pf4SXpxiRnU1e0CqIJzLQ_CvjEJ9Hp7BY,234861,237759,2898
StephOH_UC3Pf4SXpxiRnU1e0CqIJzLQ_CvjEJ9Hp7BY_238167_245287.wav,StephOH_UC3Pf4SXpxiRnU1e0CqIJzLQ_CvjEJ9Hp7BY,238167,245287,7120
StephOH_UC3Pf4SXpxiRnU1e0CqIJzLQ_CvjEJ9Hp7BY_245551_251319.wav,StephOH_UC3Pf4SXpxiRnU1e0CqIJzLQ_CvjEJ9Hp7BY,245551,251319,5768
StephOH_UC3Pf4SXpxiRnU1e0CqIJzLQ_CvjEJ9Hp7BY_251943_258471.wav,StephOH_UC3Pf4SXpxiRnU1e0CqIJzLQ_CvjEJ9Hp7BY,251943,258471,6528
StephOH_UC3Pf4SXpxiRnU1e0CqIJzLQ_CvjEJ9Hp7BY_258631_259631.wav,StephOH_UC3Pf4SXpxiRnU1e0CqIJzLQ_CvjEJ9Hp7BY,258631,259631,1000
StephOH_UC3Pf4SXpxiRnU1e0CqIJzLQ_CvjEJ9Hp7BY_259903_262751.wav,StephOH_UC3Pf4SXpxiRnU1e0CqIJzLQ_CvjEJ9Hp7BY,259903,262751,2848
StephOH_UC3Pf4SXpxiRnU1e0CqIJzLQ_CvjEJ9Hp7BY_263023_264959.wav,StephOH_UC3Pf4SXpxiRnU1e0CqIJzLQ_CvjEJ9Hp7BY,263023,264959,1936
StephOH_UC3Pf4SXpxiRnU1e0CqIJzLQ_CvjEJ9Hp7BY_265223_268943.wav,StephOH_UC3Pf4SXpxiRnU1e0CqIJzLQ_CvjEJ9Hp7BY,265223,268943,3720
StephOH_UC3Pf4SXpxiRnU1e0CqIJzLQ_CvjEJ9Hp7BY_269231_270169.wav,StephOH_UC3Pf4SXpxiRnU1e0CqIJzLQ_CvjEJ9Hp7BY,269231,270169,938
StephOH_UC3Pf4SXpxiRnU1e0CqIJzLQ_CvjEJ9Hp7BY_270305_274314.wav,StephOH_UC3Pf4SXpxiRnU1e0CqIJzLQ_CvjEJ9Hp7BY,270305,274314,4009
StephOH_UC3Pf4SXpxiRnU1e0CqIJzLQ_CvjEJ9Hp7BY_274458_282626.wav,StephOH_UC3Pf4SXpxiRnU1e0CqIJzLQ_CvjEJ9Hp7BY,274458,282626,8168
StephOH_UC3Pf4SXpxiRnU1e0CqIJzLQ_CvjEJ9Hp7BY_282754_286818.wav,StephOH_UC3Pf4SXpxiRnU1e0CqIJzLQ_CvjEJ9Hp7BY,282754,286818,4064
StephOH_UC3Pf4SXpxiRnU1e0CqIJzLQ_CvjEJ9Hp7BY_286946_290827.wav,StephOH_UC3Pf4SXpxiRnU1e0CqIJzLQ_CvjEJ9Hp7BY,286946,290827,3881
StephOH_UC3Pf4SXpxiRnU1e0CqIJzLQ_CvjEJ9Hp7BY_291447_292991.wav,StephOH_UC3Pf4SXpxiRnU1e0CqIJzLQ_CvjEJ9Hp7BY,291447,292991,1544
StephOH_UC3Pf4SXpxiRnU1e0CqIJzLQ_CvjEJ9Hp7BY_293375_295655.wav,StephOH_UC3Pf4SXpxiRnU1e0CqIJzLQ_CvjEJ9Hp7BY,293375,295655,2280
StephOH_UC3Pf4SXpxiRnU1e0CqIJzLQ_CvjEJ9Hp7BY_295919_300977.wav,StephOH_UC3Pf4SXpxiRnU1e0CqIJzLQ_CvjEJ9Hp7BY,295919,300977,5058
StephOH_UC3Pf4SXpxiRnU1e0CqIJzLQ_CvjEJ9Hp7BY_301153_303547.wav,StephOH_UC3Pf4SXpxiRnU1e0CqIJzLQ_CvjEJ9Hp7BY,301153,303547,2394
StephOH_UC3Pf4SXpxiRnU1e0CqIJzLQ_CvjEJ9Hp7BY_303851_309845.wav,StephOH_UC3Pf4SXpxiRnU1e0CqIJzLQ_CvjEJ9Hp7BY,303851,309845,5994
StephOH_UC3Pf4SXpxiRnU1e0CqIJzLQ_CvjEJ9Hp7BY_309997_311807.wav,StephOH_UC3Pf4SXpxiRnU1e0CqIJzLQ_CvjEJ9Hp7BY,309997,311807,1810
StephOH_UC3Pf4SXpxiRnU1e0CqIJzLQ_CvjEJ9Hp7BY_311983_318403.wav,StephOH_UC3Pf4SXpxiRnU1e0CqIJzLQ_CvjEJ9Hp7BY,311983,318403,6420
StephOH_UC3Pf4SXpxiRnU1e0CqIJzLQ_CvjEJ9Hp7BY_318739_319500.wav,StephOH_UC3Pf4SXpxiRnU1e0CqIJzLQ_CvjEJ9Hp7BY,318739,319500,761
StephOH_UC3Pf4SXpxiRnU1e0CqIJzLQ_CvjEJ9Hp7BY_319644_330388.wav,StephOH_UC3Pf4SXpxiRnU1e0CqIJzLQ_CvjEJ9Hp7BY,319644,330388,10744
StephOH_UC3Pf4SXpxiRnU1e0CqIJzLQ_CvjEJ9Hp7BY_330524_334677.wav,StephOH_UC3Pf4SXpxiRnU1e0CqIJzLQ_CvjEJ9Hp7BY,330524,334677,4153
StephOH_UC3Pf4SXpxiRnU1e0CqIJzLQ_CvjEJ9Hp7BY_334853_342743.wav,StephOH_UC3Pf4SXpxiRnU1e0CqIJzLQ_CvjEJ9Hp7BY,334853,342743,7890
StephOH_UC3Pf4SXpxiRnU1e0CqIJzLQ_CvjEJ9Hp7BY_343471_350521.wav,StephOH_UC3Pf4SXpxiRnU1e0CqIJzLQ_CvjEJ9Hp7BY,343471,350521,7050
StephOH_UC3Pf4SXpxiRnU1e0CqIJzLQ_CvjEJ9Hp7BY_350793_352763.wav,StephOH_UC3Pf4SXpxiRnU1e0CqIJzLQ_CvjEJ9Hp7BY,350793,352763,1970
StephOH_UC3Pf4SXpxiRnU1e0CqIJzLQ_CvjEJ9Hp7BY_353043_359427.wav,StephOH_UC3Pf4SXpxiRnU1e0CqIJzLQ_CvjEJ9Hp7BY,353043,359427,6384
StephOH_UC3Pf4SXpxiRnU1e0CqIJzLQ_CvjEJ9Hp7BY_359707_361687.wav,StephOH_UC3Pf4SXpxiRnU1e0CqIJzLQ_CvjEJ9Hp7BY,359707,361687,1980
StephOH_UC3Pf4SXpxiRnU1e0CqIJzLQ_CvjEJ9Hp7BY_362111_364411.wav,StephOH_UC3Pf4SXpxiRnU1e0CqIJzLQ_CvjEJ9Hp7BY,362111,364411,2300
StephOH_UC3Pf4SXpxiRnU1e0CqIJzLQ_CvjEJ9Hp7BY_364563_372903.wav,StephOH_UC3Pf4SXpxiRnU1e0CqIJzLQ_CvjEJ9Hp7BY,364563,372903,8340
StephOH_UC3Pf4SXpxiRnU1e0CqIJzLQ_CvjEJ9Hp7BY_373439_377457.wav,StephOH_UC3Pf4SXpxiRnU1e0CqIJzLQ_CvjEJ9Hp7BY,373439,377457,4018
StephOH_UC3Pf4SXpxiRnU1e0CqIJzLQ_CvjEJ9Hp7BY_377721_383387.wav,StephOH_UC3Pf4SXpxiRnU1e0CqIJzLQ_CvjEJ9Hp7BY,377721,383387,5666
StephOH_UC3Pf4SXpxiRnU1e0CqIJzLQ_CvjEJ9Hp7BY_383547_388231.wav,StephOH_UC3Pf4SXpxiRnU1e0CqIJzLQ_CvjEJ9Hp7BY,383547,388231,4684
StephOH_UC3Pf4SXpxiRnU1e0CqIJzLQ_CvjEJ9Hp7BY_389023_394871.wav,StephOH_UC3Pf4SXpxiRnU1e0CqIJzLQ_CvjEJ9Hp7BY,389023,394871,5848
StephOH_UC3Pf4SXpxiRnU1e0CqIJzLQ_CvjEJ9Hp7BY_395287_404327.wav,StephOH_UC3Pf4SXpxiRnU1e0CqIJzLQ_CvjEJ9Hp7BY,395287,404327,9040
StephOH_UC3Pf4SXpxiRnU1e0CqIJzLQ_CvjEJ9Hp7BY_404479_406871.wav,StephOH_UC3Pf4SXpxiRnU1e0CqIJzLQ_CvjEJ9Hp7BY,404479,406871,2392
StephOH_UC3Pf4SXpxiRnU1e0CqIJzLQ_CvjEJ9Hp7BY_407151_414863.wav,StephOH_UC3Pf4SXpxiRnU1e0CqIJzLQ_CvjEJ9Hp7BY,407151,414863,7712
StephOH_UC3Pf4SXpxiRnU1e0CqIJzLQ_CvjEJ9Hp7BY_415191_418551.wav,StephOH_UC3Pf4SXpxiRnU1e0CqIJzLQ_CvjEJ9Hp7BY,415191,418551,3360
StephOH_UC3Pf4SXpxiRnU1e0CqIJzLQ_CvjEJ9Hp7BY_418711_419351.wav,StephOH_UC3Pf4SXpxiRnU1e0CqIJzLQ_CvjEJ9Hp7BY,418711,419351,640
StephOH_UC3Pf4SXpxiRnU1e0CqIJzLQ_CvjEJ9Hp7BY_419727_428111.wav,StephOH_UC3Pf4SXpxiRnU1e0CqIJzLQ_CvjEJ9Hp7BY,419727,428111,8384
StephOH_UC3Pf4SXpxiRnU1e0CqIJzLQ_CvjEJ9Hp7BY_428407_433975.wav,StephOH_UC3Pf4SXpxiRnU1e0CqIJzLQ_CvjEJ9Hp7BY,428407,433975,5568
StephOH_UC3Pf4SXpxiRnU1e0CqIJzLQ_CvjEJ9Hp7BY_434263_435155.wav,StephOH_UC3Pf4SXpxiRnU1e0CqIJzLQ_CvjEJ9Hp7BY,434263,435155,892
StephOH_UC3Pf4SXpxiRnU1e0CqIJzLQ_CvjEJ9Hp7BY_435307_445787.wav,StephOH_UC3Pf4SXpxiRnU1e0CqIJzLQ_CvjEJ9Hp7BY,435307,445787,10480
StephOH_UC3Pf4SXpxiRnU1e0CqIJzLQ_CvjEJ9Hp7BY_445939_446055.wav,StephOH_UC3Pf4SXpxiRnU1e0CqIJzLQ_CvjEJ9Hp7BY,445939,446055,116
StephOH_UC3Pf4SXpxiRnU1e0CqIJzLQ_CvjEJ9Hp7BY_446279_447551.wav,StephOH_UC3Pf4SXpxiRnU1e0CqIJzLQ_CvjEJ9Hp7BY,446279,447551,1272
StephOH_UC3Pf4SXpxiRnU1e0CqIJzLQ_CvjEJ9Hp7BY_447847_449791.wav,StephOH_UC3Pf4SXpxiRnU1e0CqIJzLQ_CvjEJ9Hp7BY,447847,449791,1944
StephOH_UC3Pf4SXpxiRnU1e0CqIJzLQ_CvjEJ9Hp7BY_450095_452935.wav,StephOH_UC3Pf4SXpxiRnU1e0CqIJzLQ_CvjEJ9Hp7BY,450095,452935,2840
StephOH_UC3Pf4SXpxiRnU1e0CqIJzLQ_CvjEJ9Hp7BY_453191_456159.wav,StephOH_UC3Pf4SXpxiRnU1e0CqIJzLQ_CvjEJ9Hp7BY,453191,456159,2968
StephOH_UC3Pf4SXpxiRnU1e0CqIJzLQ_CvjEJ9Hp7BY_456511_463207.wav,StephOH_UC3Pf4SXpxiRnU1e0CqIJzLQ_CvjEJ9Hp7BY,456511,463207,6696
StephOH_UC3Pf4SXpxiRnU1e0CqIJzLQ_CvjEJ9Hp7BY_463487_475367.wav,StephOH_UC3Pf4SXpxiRnU1e0CqIJzLQ_CvjEJ9Hp7BY,463487,475367,11880
StephOH_UC3Pf4SXpxiRnU1e0CqIJzLQ_CvjEJ9Hp7BY_475503_477623.wav,StephOH_UC3Pf4SXpxiRnU1e0CqIJzLQ_CvjEJ9Hp7BY,475503,477623,2120
StephOH_UC3Pf4SXpxiRnU1e0CqIJzLQ_CvjEJ9Hp7BY_477807_479495.wav,StephOH_UC3Pf4SXpxiRnU1e0CqIJzLQ_CvjEJ9Hp7BY,477807,479495,1688
StephOH_UC3Pf4SXpxiRnU1e0CqIJzLQ_CvjEJ9Hp7BY_479951_481855.wav,StephOH_UC3Pf4SXpxiRnU1e0CqIJzLQ_CvjEJ9Hp7BY,479951,481855,1904
StephOH_UC3Pf4SXpxiRnU1e0CqIJzLQ_CvjEJ9Hp7BY_482439_486567.wav,StephOH_UC3Pf4SXpxiRnU1e0CqIJzLQ_CvjEJ9Hp7BY,482439,486567,4128
StephOH_UC3Pf4SXpxiRnU1e0CqIJzLQ_CvjEJ9Hp7BY_486871_489403.wav,StephOH_UC3Pf4SXpxiRnU1e0CqIJzLQ_CvjEJ9Hp7BY,486871,489403,2532
StephOH_UC3Pf4SXpxiRnU1e0CqIJzLQ_CvjEJ9Hp7BY_490259_491663.wav,StephOH_UC3Pf4SXpxiRnU1e0CqIJzLQ_CvjEJ9Hp7BY,490259,491663,1404
StephOH_UC3Pf4SXpxiRnU1e0CqIJzLQ_CvjEJ9Hp7BY_491871_494511.wav,StephOH_UC3Pf4SXpxiRnU1e0CqIJzLQ_CvjEJ9Hp7BY,491871,494511,2640
StephOH_UC3Pf4SXpxiRnU1e0CqIJzLQ_CvjEJ9Hp7BY_494735_508083.wav,StephOH_UC3Pf4SXpxiRnU1e0CqIJzLQ_CvjEJ9Hp7BY,494735,508083,13348
StephOH_UC3Pf4SXpxiRnU1e0CqIJzLQ_CvjEJ9Hp7BY_508571_510683.wav,StephOH_UC3Pf4SXpxiRnU1e0CqIJzLQ_CvjEJ9Hp7BY,508571,510683,2112
StephOH_UC3Pf4SXpxiRnU1e0CqIJzLQ_CvjEJ9Hp7BY_510955_516475.wav,StephOH_UC3Pf4SXpxiRnU1e0CqIJzLQ_CvjEJ9Hp7BY,510955,516475,5520
StephOH_UC3Pf4SXpxiRnU1e0CqIJzLQ_CvjEJ9Hp7BY_516627_528979.wav,StephOH_UC3Pf4SXpxiRnU1e0CqIJzLQ_CvjEJ9Hp7BY,516627,528979,12352
StephOH_UC3Pf4SXpxiRnU1e0CqIJzLQ_CvjEJ9Hp7BY_529403_530875.wav,StephOH_UC3Pf4SXpxiRnU1e0CqIJzLQ_CvjEJ9Hp7BY,529403,530875,1472
StephOH_UC3Pf4SXpxiRnU1e0CqIJzLQ_CvjEJ9Hp7BY_531227_538419.wav,StephOH_UC3Pf4SXpxiRnU1e0CqIJzLQ_CvjEJ9Hp7BY,531227,538419,7192
StephOH_UC3Pf4SXpxiRnU1e0CqIJzLQ_CvjEJ9Hp7BY_538691_543495.wav,StephOH_UC3Pf4SXpxiRnU1e0CqIJzLQ_CvjEJ9Hp7BY,538691,543495,4804
StephOH_UC3Pf4SXpxiRnU1e0CqIJzLQ_CvjEJ9Hp7BY_543703_545329.wav,StephOH_UC3Pf4SXpxiRnU1e0CqIJzLQ_CvjEJ9Hp7BY,543703,545329,1626
StephOH_UC3Pf4SXpxiRnU1e0CqIJzLQ_CvjEJ9Hp7BY_545537_551858.wav,StephOH_UC3Pf4SXpxiRnU1e0CqIJzLQ_CvjEJ9Hp7BY,545537,551858,6321
StephOH_UC3Pf4SXpxiRnU1e0CqIJzLQ_CvjEJ9Hp7BY_552002_559083.wav,StephOH_UC3Pf4SXpxiRnU1e0CqIJzLQ_CvjEJ9Hp7BY,552002,559083,7081
StephOH_UC3Pf4SXpxiRnU1e0CqIJzLQ_CvjEJ9Hp7BY_559475_568907.wav,StephOH_UC3Pf4SXpxiRnU1e0CqIJzLQ_CvjEJ9Hp7BY,559475,568907,9432
StephOH_UC3Pf4SXpxiRnU1e0CqIJzLQ_CvjEJ9Hp7BY_569075_571747.wav,StephOH_UC3Pf4SXpxiRnU1e0CqIJzLQ_CvjEJ9Hp7BY,569075,571747,2672
StephOH_UC3Pf4SXpxiRnU1e0CqIJzLQ_CvjEJ9Hp7BY_571899_574595.wav,StephOH_UC3Pf4SXpxiRnU1e0CqIJzLQ_CvjEJ9Hp7BY,571899,574595,2696
StephOH_UC3Pf4SXpxiRnU1e0CqIJzLQ_CvjEJ9Hp7BY_574819_580955.wav,StephOH_UC3Pf4SXpxiRnU1e0CqIJzLQ_CvjEJ9Hp7BY,574819,580955,6136
StephOH_UC3Pf4SXpxiRnU1e0CqIJzLQ_CvjEJ9Hp7BY_581451_583243.wav,StephOH_UC3Pf4SXpxiRnU1e0CqIJzLQ_CvjEJ9Hp7BY,581451,583243,1792
StephOH_UC3Pf4SXpxiRnU1e0CqIJzLQ_CvjEJ9Hp7BY_583507_586027.wav,StephOH_UC3Pf4SXpxiRnU1e0CqIJzLQ_CvjEJ9Hp7BY,583507,586027,2520
StephOH_UC3Pf4SXpxiRnU1e0CqIJzLQ_CvjEJ9Hp7BY_586435_588563.wav,StephOH_UC3Pf4SXpxiRnU1e0CqIJzLQ_CvjEJ9Hp7BY,586435,588563,2128
StephOH_UC3Pf4SXpxiRnU1e0CqIJzLQ_CvjEJ9Hp7BY_588683_591315.wav,StephOH_UC3Pf4SXpxiRnU1e0CqIJzLQ_CvjEJ9Hp7BY,588683,591315,2632
StephOH_UC3Pf4SXpxiRnU1e0CqIJzLQ_CvjEJ9Hp7BY_591435_593171.wav,StephOH_UC3Pf4SXpxiRnU1e0CqIJzLQ_CvjEJ9Hp7BY,591435,593171,1736
StephOH_UC3Pf4SXpxiRnU1e0CqIJzLQ_CvjEJ9Hp7BY_593275_593939.wav,StephOH_UC3Pf4SXpxiRnU1e0CqIJzLQ_CvjEJ9Hp7BY,593275,593939,664
StephOH_UC3Pf4SXpxiRnU1e0CqIJzLQ_CvjEJ9Hp7BY_594043_607403.wav,StephOH_UC3Pf4SXpxiRnU1e0CqIJzLQ_CvjEJ9Hp7BY,594043,607403,13360
StephOH_UC3Pf4SXpxiRnU1e0CqIJzLQ_CvjEJ9Hp7BY_607843_608795.wav,StephOH_UC3Pf4SXpxiRnU1e0CqIJzLQ_CvjEJ9Hp7BY,607843,608795,952
StephOH_UC3Pf4SXpxiRnU1e0CqIJzLQ_CvjEJ9Hp7BY_609427_610923.wav,StephOH_UC3Pf4SXpxiRnU1e0CqIJzLQ_CvjEJ9Hp7BY,609427,610923,1496
StephOH_UC3Pf4SXpxiRnU1e0CqIJzLQ_CvjEJ9Hp7BY_611291_611939.wav,StephOH_UC3Pf4SXpxiRnU1e0CqIJzLQ_CvjEJ9Hp7BY,611291,611939,648
StephOH_UC3Pf4SXpxiRnU1e0CqIJzLQ_CvjEJ9Hp7BY_612475_613899.wav,StephOH_UC3Pf4SXpxiRnU1e0CqIJzLQ_CvjEJ9Hp7BY,612475,613899,1424
StephOH_UC3Pf4SXpxiRnU1e0CqIJzLQ_CvjEJ9Hp7BY_614403_615875.wav,StephOH_UC3Pf4SXpxiRnU1e0CqIJzLQ_CvjEJ9Hp7BY,614403,615875,1472
StephOH_UC3Pf4SXpxiRnU1e0CqIJzLQ_CvjEJ9Hp7BY_616147_618683.wav,StephOH_UC3Pf4SXpxiRnU1e0CqIJzLQ_CvjEJ9Hp7BY,616147,618683,2536
StephOH_UC3Pf4SXpxiRnU1e0CqIJzLQ_CvjEJ9Hp7BY_619163_622139.wav,StephOH_UC3Pf4SXpxiRnU1e0CqIJzLQ_CvjEJ9Hp7BY,619163,622139,2976
StephOH_UC3Pf4SXpxiRnU1e0CqIJzLQ_CvjEJ9Hp7BY_622515_625115.wav,StephOH_UC3Pf4SXpxiRnU1e0CqIJzLQ_CvjEJ9Hp7BY,622515,625115,2600
StephOH_UC3Pf4SXpxiRnU1e0CqIJzLQ_CvjEJ9Hp7BY_625379_630443.wav,StephOH_UC3Pf4SXpxiRnU1e0CqIJzLQ_CvjEJ9Hp7BY,625379,630443,5064
StephOH_UC3Pf4SXpxiRnU1e0CqIJzLQ_CvjEJ9Hp7BY_630931_631467.wav,StephOH_UC3Pf4SXpxiRnU1e0CqIJzLQ_CvjEJ9Hp7BY,630931,631467,536
StephOH_UC3Pf4SXpxiRnU1e0CqIJzLQ_CvjEJ9Hp7BY_632115_632643.wav,StephOH_UC3Pf4SXpxiRnU1e0CqIJzLQ_CvjEJ9Hp7BY,632115,632643,528
StephOH_UC3Pf4SXpxiRnU1e0CqIJzLQ_CvjEJ9Hp7BY_632995_635291.wav,StephOH_UC3Pf4SXpxiRnU1e0CqIJzLQ_CvjEJ9Hp7BY,632995,635291,2296
StephOH_UC3Pf4SXpxiRnU1e0CqIJzLQ_CvjEJ9Hp7BY_635995_642851.wav,StephOH_UC3Pf4SXpxiRnU1e0CqIJzLQ_CvjEJ9Hp7BY,635995,642851,6856
StephOH_UC3Pf4SXpxiRnU1e0CqIJzLQ_CvjEJ9Hp7BY_643403_651715.wav,StephOH_UC3Pf4SXpxiRnU1e0CqIJzLQ_CvjEJ9Hp7BY,643403,651715,8312
StephOH_UC3Pf4SXpxiRnU1e0CqIJzLQ_CvjEJ9Hp7BY_651851_657851.wav,StephOH_UC3Pf4SXpxiRnU1e0CqIJzLQ_CvjEJ9Hp7BY,651851,657851,6000
StephOH_UC3Pf4SXpxiRnU1e0CqIJzLQ_CvjEJ9Hp7BY_657987_658691.wav,StephOH_UC3Pf4SXpxiRnU1e0CqIJzLQ_CvjEJ9Hp7BY,657987,658691,704
StephOH_UC3Pf4SXpxiRnU1e0CqIJzLQ_CvjEJ9Hp7BY_658971_664035.wav,StephOH_UC3Pf4SXpxiRnU1e0CqIJzLQ_CvjEJ9Hp7BY,658971,664035,5064
StephOH_UC3Pf4SXpxiRnU1e0CqIJzLQ_CvjEJ9Hp7BY_664635_673979.wav,StephOH_UC3Pf4SXpxiRnU1e0CqIJzLQ_CvjEJ9Hp7BY,664635,673979,9344
StephOH_UC3Pf4SXpxiRnU1e0CqIJzLQ_CvjEJ9Hp7BY_674507_675603.wav,StephOH_UC3Pf4SXpxiRnU1e0CqIJzLQ_CvjEJ9Hp7BY,674507,675603,1096
StephOH_UC3Pf4SXpxiRnU1e0CqIJzLQ_CvjEJ9Hp7BY_676259_678123.wav,StephOH_UC3Pf4SXpxiRnU1e0CqIJzLQ_CvjEJ9Hp7BY,676259,678123,1864
StephOH_UC3Pf4SXpxiRnU1e0CqIJzLQ_CvjEJ9Hp7BY_679931_693099.wav,StephOH_UC3Pf4SXpxiRnU1e0CqIJzLQ_CvjEJ9Hp7BY,679931,693099,13168
StephOH_UC3Pf4SXpxiRnU1e0CqIJzLQ_CvjEJ9Hp7BY_693387_695659.wav,StephOH_UC3Pf4SXpxiRnU1e0CqIJzLQ_CvjEJ9Hp7BY,693387,695659,2272
StephOH_UC3Pf4SXpxiRnU1e0CqIJzLQ_CvjEJ9Hp7BY_695787_706395.wav,StephOH_UC3Pf4SXpxiRnU1e0CqIJzLQ_CvjEJ9Hp7BY,695787,706395,10608
StephOH_UC3Pf4SXpxiRnU1e0CqIJzLQ_CvjEJ9Hp7BY_706651_713243.wav,StephOH_UC3Pf4SXpxiRnU1e0CqIJzLQ_CvjEJ9Hp7BY,706651,713243,6592
StephOH_UC3Pf4SXpxiRnU1e0CqIJzLQ_CvjEJ9Hp7BY_713515_714659.wav,StephOH_UC3Pf4SXpxiRnU1e0CqIJzLQ_CvjEJ9Hp7BY,713515,714659,1144
StephOH_UC3Pf4SXpxiRnU1e0CqIJzLQ_CvjEJ9Hp7BY_715243_717751.wav,StephOH_UC3Pf4SXpxiRnU1e0CqIJzLQ_CvjEJ9Hp7BY,715243,717751,2508
StephOH_UC3Pf4SXpxiRnU1e0CqIJzLQ_CvjEJ9Hp7BY_717919_724361.wav,StephOH_UC3Pf4SXpxiRnU1e0CqIJzLQ_CvjEJ9Hp7BY,717919,724361,6442
StephOH_UC3Pf4SXpxiRnU1e0CqIJzLQ_CvjEJ9Hp7BY_724489_736307.wav,StephOH_UC3Pf4SXpxiRnU1e0CqIJzLQ_CvjEJ9Hp7BY,724489,736307,11818
StephOH_UC3Pf4SXpxiRnU1e0CqIJzLQ_CvjEJ9Hp7BY_736731_739607.wav,StephOH_UC3Pf4SXpxiRnU1e0CqIJzLQ_CvjEJ9Hp7BY,736731,739607,2876
StephOH_UC3Pf4SXpxiRnU1e0CqIJzLQ_CvjEJ9Hp7BY_739783_746625.wav,StephOH_UC3Pf4SXpxiRnU1e0CqIJzLQ_CvjEJ9Hp7BY,739783,746625,6842
StephOH_UC3Pf4SXpxiRnU1e0CqIJzLQ_CvjEJ9Hp7BY_746793_747307.wav,StephOH_UC3Pf4SXpxiRnU1e0CqIJzLQ_CvjEJ9Hp7BY,746793,747307,514
StephOH_UC3Pf4SXpxiRnU1e0CqIJzLQ_CvjEJ9Hp7BY_747731_754139.wav,StephOH_UC3Pf4SXpxiRnU1e0CqIJzLQ_CvjEJ9Hp7BY,747731,754139,6408
StephOH_UC3Pf4SXpxiRnU1e0CqIJzLQ_CvjEJ9Hp7BY_754743_760907.wav,StephOH_UC3Pf4SXpxiRnU1e0CqIJzLQ_CvjEJ9Hp7BY,754743,760907,6164
StephOH_UC3Pf4SXpxiRnU1e0CqIJzLQ_CvjEJ9Hp7BY_761219_761563.wav,StephOH_UC3Pf4SXpxiRnU1e0CqIJzLQ_CvjEJ9Hp7BY,761219,761563,344
StephOH_UC3Pf4SXpxiRnU1e0CqIJzLQ_CvjEJ9Hp7BY_761987_764155.wav,StephOH_UC3Pf4SXpxiRnU1e0CqIJzLQ_CvjEJ9Hp7BY,761987,764155,2168
StephOH_UC3Pf4SXpxiRnU1e0CqIJzLQ_CvjEJ9Hp7BY_764571_764723.wav,StephOH_UC3Pf4SXpxiRnU1e0CqIJzLQ_CvjEJ9Hp7BY,764571,764723,152
StephOH_UC3Pf4SXpxiRnU1e0CqIJzLQ_CvjEJ9Hp7BY_764995_765675.wav,StephOH_UC3Pf4SXpxiRnU1e0CqIJzLQ_CvjEJ9Hp7BY,764995,765675,680
StephOH_UC3Pf4SXpxiRnU1e0CqIJzLQ_CvjEJ9Hp7BY_765931_766715.wav,StephOH_UC3Pf4SXpxiRnU1e0CqIJzLQ_CvjEJ9Hp7BY,765931,766715,784
StephOH_UC3Pf4SXpxiRnU1e0CqIJzLQ_CvjEJ9Hp7BY_767363_767867.wav,StephOH_UC3Pf4SXpxiRnU1e0CqIJzLQ_CvjEJ9Hp7BY,767363,767867,504
StephOH_UC3Pf4SXpxiRnU1e0CqIJzLQ_CvjEJ9Hp7BY_769091_771355.wav,StephOH_UC3Pf4SXpxiRnU1e0CqIJzLQ_CvjEJ9Hp7BY,769091,771355,2264
StephOH_UC3Pf4SXpxiRnU1e0CqIJzLQ_CvjEJ9Hp7BY_771667_776043.wav,StephOH_UC3Pf4SXpxiRnU1e0CqIJzLQ_CvjEJ9Hp7BY,771667,776043,4376
StephOH_UC3Pf4SXpxiRnU1e0CqIJzLQ_CvjEJ9Hp7BY_777139_786335.wav,StephOH_UC3Pf4SXpxiRnU1e0CqIJzLQ_CvjEJ9Hp7BY,777139,786335,9196
StephOH_UC3Pf4SXpxiRnU1e0CqIJzLQ_CvjEJ9Hp7BY_786487_787011.wav,StephOH_UC3Pf4SXpxiRnU1e0CqIJzLQ_CvjEJ9Hp7BY,786487,787011,524
StephOH_UC3Pf4SXpxiRnU1e0CqIJzLQ_CvjEJ9Hp7BY_787747_794059.wav,StephOH_UC3Pf4SXpxiRnU1e0CqIJzLQ_CvjEJ9Hp7BY,787747,794059,6312
StephOH_UC3Pf4SXpxiRnU1e0CqIJzLQ_CvjEJ9Hp7BY_794395_794859.wav,StephOH_UC3Pf4SXpxiRnU1e0CqIJzLQ_CvjEJ9Hp7BY,794395,794859,464
StephOH_UC3Pf4SXpxiRnU1e0CqIJzLQ_CvjEJ9Hp7BY_795867_802019.wav,StephOH_UC3Pf4SXpxiRnU1e0CqIJzLQ_CvjEJ9Hp7BY,795867,802019,6152
StephOH_UC3Pf4SXpxiRnU1e0CqIJzLQ_CvjEJ9Hp7BY_802211_804115.wav,StephOH_UC3Pf4SXpxiRnU1e0CqIJzLQ_CvjEJ9Hp7BY,802211,804115,1904
StephOH_UC3Pf4SXpxiRnU1e0CqIJzLQ_CvjEJ9Hp7BY_804283_808315.wav,StephOH_UC3Pf4SXpxiRnU1e0CqIJzLQ_CvjEJ9Hp7BY,804283,808315,4032
StephOH_UC3Pf4SXpxiRnU1e0CqIJzLQ_CvjEJ9Hp7BY_808395_810579.wav,StephOH_UC3Pf4SXpxiRnU1e0CqIJzLQ_CvjEJ9Hp7BY,808395,810579,2184
StephOH_UC3Pf4SXpxiRnU1e0CqIJzLQ_CvjEJ9Hp7BY_810675_822979.wav,StephOH_UC3Pf4SXpxiRnU1e0CqIJzLQ_CvjEJ9Hp7BY,810675,822979,12304
StephOH_UC3Pf4SXpxiRnU1e0CqIJzLQ_CvjEJ9Hp7BY_823075_823779.wav,StephOH_UC3Pf4SXpxiRnU1e0CqIJzLQ_CvjEJ9Hp7BY,823075,823779,704
StephOH_UC3Pf4SXpxiRnU1e0CqIJzLQ_CvjEJ9Hp7BY_823883_825779.wav,StephOH_UC3Pf4SXpxiRnU1e0CqIJzLQ_CvjEJ9Hp7BY,823883,825779,1896
StephOH_UC3Pf4SXpxiRnU1e0CqIJzLQ_CvjEJ9Hp7BY_826115_840523.wav,StephOH_UC3Pf4SXpxiRnU1e0CqIJzLQ_CvjEJ9Hp7BY,826115,840523,14408
StephOH_UC3Pf4SXpxiRnU1e0CqIJzLQ_CvjEJ9Hp7BY_841259_843243.wav,StephOH_UC3Pf4SXpxiRnU1e0CqIJzLQ_CvjEJ9Hp7BY,841259,843243,1984
StephOH_UC3Pf4SXpxiRnU1e0CqIJzLQ_CvjEJ9Hp7BY_843723_848915.wav,StephOH_UC3Pf4SXpxiRnU1e0CqIJzLQ_CvjEJ9Hp7BY,843723,848915,5192
StephOH_UC3Pf4SXpxiRnU1e0CqIJzLQ_CvjEJ9Hp7BY_849379_849979.wav,StephOH_UC3Pf4SXpxiRnU1e0CqIJzLQ_CvjEJ9Hp7BY,849379,849979,600
StephOH_UC3Pf4SXpxiRnU1e0CqIJzLQ_CvjEJ9Hp7BY_850411_857443.wav,StephOH_UC3Pf4SXpxiRnU1e0CqIJzLQ_CvjEJ9Hp7BY,850411,857443,7032
StephOH_UC3Pf4SXpxiRnU1e0CqIJzLQ_CvjEJ9Hp7BY_858419_860395.wav,StephOH_UC3Pf4SXpxiRnU1e0CqIJzLQ_CvjEJ9Hp7BY,858419,860395,1976
StephOH_UC3Pf4SXpxiRnU1e0CqIJzLQ_CvjEJ9Hp7BY_860707_861355.wav,StephOH_UC3Pf4SXpxiRnU1e0CqIJzLQ_CvjEJ9Hp7BY,860707,861355,648
StephOH_UC3Pf4SXpxiRnU1e0CqIJzLQ_CvjEJ9Hp7BY_862411_869035.wav,StephOH_UC3Pf4SXpxiRnU1e0CqIJzLQ_CvjEJ9Hp7BY,862411,869035,6624
StephOH_UC3Pf4SXpxiRnU1e0CqIJzLQ_CvjEJ9Hp7BY_869691_873645.wav,StephOH_UC3Pf4SXpxiRnU1e0CqIJzLQ_CvjEJ9Hp7BY,869691,873645,3954
StephOH_UC3Pf4SXpxiRnU1e0CqIJzLQ_CvjEJ9Hp7BY_873781_874174.wav,StephOH_UC3Pf4SXpxiRnU1e0CqIJzLQ_CvjEJ9Hp7BY,873781,874174,393
StephOH_UC3Pf4SXpxiRnU1e0CqIJzLQ_CvjEJ9Hp7BY_874310_878006.wav,StephOH_UC3Pf4SXpxiRnU1e0CqIJzLQ_CvjEJ9Hp7BY,874310,878006,3696
StephOH_UC3Pf4SXpxiRnU1e0CqIJzLQ_CvjEJ9Hp7BY_878158_884751.wav,StephOH_UC3Pf4SXpxiRnU1e0CqIJzLQ_CvjEJ9Hp7BY,878158,884751,6593
StephOH_UC3Pf4SXpxiRnU1e0CqIJzLQ_CvjEJ9Hp7BY_884903_888155.wav,StephOH_UC3Pf4SXpxiRnU1e0CqIJzLQ_CvjEJ9Hp7BY,884903,888155,3252
StephOH_UC3Pf4SXpxiRnU1e0CqIJzLQ_CvjEJ9Hp7BY_888515_888915.wav,StephOH_UC3Pf4SXpxiRnU1e0CqIJzLQ_CvjEJ9Hp7BY,888515,888915,400
StephOH_UC3Pf4SXpxiRnU1e0CqIJzLQ_CvjEJ9Hp7BY_889419_894259.wav,StephOH_UC3Pf4SXpxiRnU1e0CqIJzLQ_CvjEJ9Hp7BY,889419,894259,4840
StephOH_UC3Pf4SXpxiRnU1e0CqIJzLQ_CvjEJ9Hp7BY_894571_903975.wav,StephOH_UC3Pf4SXpxiRnU1e0CqIJzLQ_CvjEJ9Hp7BY,894571,903975,9404
StephOH_UC3Pf4SXpxiRnU1e0CqIJzLQ_CvjEJ9Hp7BY_904159_904427.wav,StephOH_UC3Pf4SXpxiRnU1e0CqIJzLQ_CvjEJ9Hp7BY,904159,904427,268
StephOH_UC3Pf4SXpxiRnU1e0CqIJzLQ_CvjEJ9Hp7BY_905211_911251.wav,StephOH_UC3Pf4SXpxiRnU1e0CqIJzLQ_CvjEJ9Hp7BY,905211,911251,6040
StephOH_UC3Pf4SXpxiRnU1e0CqIJzLQ_CvjEJ9Hp7BY_911523_919603.wav,StephOH_UC3Pf4SXpxiRnU1e0CqIJzLQ_CvjEJ9Hp7BY,911523,919603,8080
StephOH_UC3Pf4SXpxiRnU1e0CqIJzLQ_CvjEJ9Hp7BY_919739_923059.wav,StephOH_UC3Pf4SXpxiRnU1e0CqIJzLQ_CvjEJ9Hp7BY,919739,923059,3320
StephOH_UC3Pf4SXpxiRnU1e0CqIJzLQ_CvjEJ9Hp7BY_923459_926339.wav,StephOH_UC3Pf4SXpxiRnU1e0CqIJzLQ_CvjEJ9Hp7BY,923459,926339,2880
StephOH_UC3Pf4SXpxiRnU1e0CqIJzLQ_CvjEJ9Hp7BY_927035_932067.wav,StephOH_UC3Pf4SXpxiRnU1e0CqIJzLQ_CvjEJ9Hp7BY,927035,932067,5032
StephOH_UC3Pf4SXpxiRnU1e0CqIJzLQ_CvjEJ9Hp7BY_932211_936395.wav,StephOH_UC3Pf4SXpxiRnU1e0CqIJzLQ_CvjEJ9Hp7BY,932211,936395,4184
StephOH_UC3Pf4SXpxiRnU1e0CqIJzLQ_CvjEJ9Hp7BY_936531_942339.wav,StephOH_UC3Pf4SXpxiRnU1e0CqIJzLQ_CvjEJ9Hp7BY,936531,942339,5808
StephOH_UC3Pf4SXpxiRnU1e0CqIJzLQ_CvjEJ9Hp7BY_942595_951299.wav,StephOH_UC3Pf4SXpxiRnU1e0CqIJzLQ_CvjEJ9Hp7BY,942595,951299,8704
StephOH_UC3Pf4SXpxiRnU1e0CqIJzLQ_CvjEJ9Hp7BY_951811_955835.wav,StephOH_UC3Pf4SXpxiRnU1e0CqIJzLQ_CvjEJ9Hp7BY,951811,955835,4024
StephOH_UC3Pf4SXpxiRnU1e0CqIJzLQ_CvjEJ9Hp7BY_956027_969019.wav,StephOH_UC3Pf4SXpxiRnU1e0CqIJzLQ_CvjEJ9Hp7BY,956027,969019,12992
StephOH_UC3Pf4SXpxiRnU1e0CqIJzLQ_CvjEJ9Hp7BY_969331_971203.wav,StephOH_UC3Pf4SXpxiRnU1e0CqIJzLQ_CvjEJ9Hp7BY,969331,971203,1872
StephOH_UC3Pf4SXpxiRnU1e0CqIJzLQ_CvjEJ9Hp7BY_971507_980027.wav,StephOH_UC3Pf4SXpxiRnU1e0CqIJzLQ_CvjEJ9Hp7BY,971507,980027,8520
StephOH_UC3Pf4SXpxiRnU1e0CqIJzLQ_CvjEJ9Hp7BY_981299_988215.wav,StephOH_UC3Pf4SXpxiRnU1e0CqIJzLQ_CvjEJ9Hp7BY,981299,988215,6916
StephOH_UC3Pf4SXpxiRnU1e0CqIJzLQ_CvjEJ9Hp7BY_988415_994977.wav,StephOH_UC3Pf4SXpxiRnU1e0CqIJzLQ_CvjEJ9Hp7BY,988415,994977,6562
StephOH_UC3Pf4SXpxiRnU1e0CqIJzLQ_CvjEJ9Hp7BY_995137_996793.wav,StephOH_UC3Pf4SXpxiRnU1e0CqIJzLQ_CvjEJ9Hp7BY,995137,996793,1656
StephOH_UC3Pf4SXpxiRnU1e0CqIJzLQ_CvjEJ9Hp7BY_996969_1006291.wav,StephOH_UC3Pf4SXpxiRnU1e0CqIJzLQ_CvjEJ9Hp7BY,996969,1006291,9322
StephOH_UC3Pf4SXpxiRnU1e0CqIJzLQ_CvjEJ9Hp7BY_1006595_1015355.wav,StephOH_UC3Pf4SXpxiRnU1e0CqIJzLQ_CvjEJ9Hp7BY,1006595,1015355,8760
StephOH_UC3Pf4SXpxiRnU1e0CqIJzLQ_CvjEJ9Hp7BY_1015827_1023947.wav,StephOH_UC3Pf4SXpxiRnU1e0CqIJzLQ_CvjEJ9Hp7BY,1015827,1023947,8120
StephOH_UC3Pf4SXpxiRnU1e0CqIJzLQ_CvjEJ9Hp7BY_1024211_1027431.wav,StephOH_UC3Pf4SXpxiRnU1e0CqIJzLQ_CvjEJ9Hp7BY,1024211,1027431,3220
StephOH_UC3Pf4SXpxiRnU1e0CqIJzLQ_CvjEJ9Hp7BY_1027623_1032507.wav,StephOH_UC3Pf4SXpxiRnU1e0CqIJzLQ_CvjEJ9Hp7BY,1027623,1032507,4884
StephOH_UC3Pf4SXpxiRnU1e0CqIJzLQ_CvjEJ9Hp7BY_1033139_1035379.wav,StephOH_UC3Pf4SXpxiRnU1e0CqIJzLQ_CvjEJ9Hp7BY,1033139,1035379,2240
StephOH_UC3Pf4SXpxiRnU1e0CqIJzLQ_CvjEJ9Hp7BY_1035827_1040187.wav,StephOH_UC3Pf4SXpxiRnU1e0CqIJzLQ_CvjEJ9Hp7BY,1035827,1040187,4360
StephOH_UC3Pf4SXpxiRnU1e0CqIJzLQ_CvjEJ9Hp7BY_1040459_1040803.wav,StephOH_UC3Pf4SXpxiRnU1e0CqIJzLQ_CvjEJ9Hp7BY,1040459,1040803,344
StephOH_UC3Pf4SXpxiRnU1e0CqIJzLQ_CvjEJ9Hp7BY_1041435_1041915.wav,StephOH_UC3Pf4SXpxiRnU1e0CqIJzLQ_CvjEJ9Hp7BY,1041435,1041915,480
StephOH_UC3Pf4SXpxiRnU1e0CqIJzLQ_CvjEJ9Hp7BY_1042283_1043587.wav,StephOH_UC3Pf4SXpxiRnU1e0CqIJzLQ_CvjEJ9Hp7BY,1042283,1043587,1304
StephOH_UC3Pf4SXpxiRnU1e0CqIJzLQ_CvjEJ9Hp7BY_1043843_1050443.wav,StephOH_UC3Pf4SXpxiRnU1e0CqIJzLQ_CvjEJ9Hp7BY,1043843,1050443,6600
StephOH_UC3Pf4SXpxiRnU1e0CqIJzLQ_CvjEJ9Hp7BY_1050699_1057975.wav,StephOH_UC3Pf4SXpxiRnU1e0CqIJzLQ_CvjEJ9Hp7BY,1050699,1057975,7276
StephOH_UC3Pf4SXpxiRnU1e0CqIJzLQ_CvjEJ9Hp7BY_1058199_1065577.wav,StephOH_UC3Pf4SXpxiRnU1e0CqIJzLQ_CvjEJ9Hp7BY,1058199,1065577,7378
StephOH_UC3Pf4SXpxiRnU1e0CqIJzLQ_CvjEJ9Hp7BY_1065745_1067883.wav,StephOH_UC3Pf4SXpxiRnU1e0CqIJzLQ_CvjEJ9Hp7BY,1065745,1067883,2138
StephOH_UC3Pf4SXpxiRnU1e0CqIJzLQ_CvjEJ9Hp7BY_1068339_1068747.wav,StephOH_UC3Pf4SXpxiRnU1e0CqIJzLQ_CvjEJ9Hp7BY,1068339,1068747,408
StephOH_UC3Pf4SXpxiRnU1e0CqIJzLQ_CvjEJ9Hp7BY_1068923_1076859.wav,StephOH_UC3Pf4SXpxiRnU1e0CqIJzLQ_CvjEJ9Hp7BY,1068923,1076859,7936
StephOH_UC3Pf4SXpxiRnU1e0CqIJzLQ_CvjEJ9Hp7BY_1077283_1079819.wav,StephOH_UC3Pf4SXpxiRnU1e0CqIJzLQ_CvjEJ9Hp7BY,1077283,1079819,2536
StephOH_UC3Pf4SXpxiRnU1e0CqIJzLQ_CvjEJ9Hp7BY_1080211_1085003.wav,StephOH_UC3Pf4SXpxiRnU1e0CqIJzLQ_CvjEJ9Hp7BY,1080211,1085003,4792
StephOH_UC3Pf4SXpxiRnU1e0CqIJzLQ_CvjEJ9Hp7BY_1085155_1094139.wav,StephOH_UC3Pf4SXpxiRnU1e0CqIJzLQ_CvjEJ9Hp7BY,1085155,1094139,8984
StephOH_UC3Pf4SXpxiRnU1e0CqIJzLQ_CvjEJ9Hp7BY_1094307_1094899.wav,StephOH_UC3Pf4SXpxiRnU1e0CqIJzLQ_CvjEJ9Hp7BY,1094307,1094899,592
