filename,video_id,start_time,end_time,duration
hiyeonni_UCIE8oNAijVSSedjX3tUHJg_Wa3uG7kfHjw_0_1424.wav,hiyeonni_UCIE8oNAijVSSedjX3tUHJg_Wa3uG7kfHjw,0,1424,1424
hiyeonni_UCIE8oNAijVSSedjX3tUHJg_Wa3uG7kfHjw_1656_4352.wav,hiyeonni_UCIE8oNAijVSSedjX3tUHJg_Wa3uG7kfHjw,1656,4352,2696
hiyeonni_UCIE8oNAijVSSedjX3tUHJg_Wa3uG7kfHjw_4664_14560.wav,hiyeonni_UCIE8oNAijVSSedjX3tUHJg_Wa3uG7kfHjw,4664,14560,9896
hiyeonni_UCIE8oNAijVSSedjX3tUHJg_Wa3uG7kfHjw_14696_17608.wav,hiyeonni_UCIE8oNAijVSSedjX3tUHJg_Wa3uG7kfHjw,14696,17608,2912
hiyeonni_UCIE8oNAijVSSedjX3tUHJg_Wa3uG7kfHjw_17808_20392.wav,hiyeonni_UCIE8oNAijVSSedjX3tUHJg_Wa3uG7kfHjw,17808,20392,2584
hiyeonni_UCIE8oNAijVSSedjX3tUHJg_Wa3uG7kfHjw_20696_28784.wav,hiyeonni_UCIE8oNAijVSSedjX3tUHJg_Wa3uG7kfHjw,20696,28784,8088
hiyeonni_UCIE8oNAijVSSedjX3tUHJg_Wa3uG7kfHjw_28904_33392.wav,hiyeonni_UCIE8oNAijVSSedjX3tUHJg_Wa3uG7kfHjw,28904,33392,4488
hiyeonni_UCIE8oNAijVSSedjX3tUHJg_Wa3uG7kfHjw_33560_39740.wav,hiyeonni_UCIE8oNAijVSSedjX3tUHJg_Wa3uG7kfHjw,33560,39740,6180
hiyeonni_UCIE8oNAijVSSedjX3tUHJg_Wa3uG7kfHjw_40004_44472.wav,hiyeonni_UCIE8oNAijVSSedjX3tUHJg_Wa3uG7kfHjw,40004,44472,4468
hiyeonni_UCIE8oNAijVSSedjX3tUHJg_Wa3uG7kfHjw_44624_48512.wav,hiyeonni_UCIE8oNAijVSSedjX3tUHJg_Wa3uG7kfHjw,44624,48512,3888
hiyeonni_UCIE8oNAijVSSedjX3tUHJg_Wa3uG7kfHjw_48672_49880.wav,hiyeonni_UCIE8oNAijVSSedjX3tUHJg_Wa3uG7kfHjw,48672,49880,1208
hiyeonni_UCIE8oNAijVSSedjX3tUHJg_Wa3uG7kfHjw_50032_57000.wav,hiyeonni_UCIE8oNAijVSSedjX3tUHJg_Wa3uG7kfHjw,50032,57000,6968
hiyeonni_UCIE8oNAijVSSedjX3tUHJg_Wa3uG7kfHjw_57720_62108.wav,hiyeonni_UCIE8oNAijVSSedjX3tUHJg_Wa3uG7kfHjw,57720,62108,4388
hiyeonni_UCIE8oNAijVSSedjX3tUHJg_Wa3uG7kfHjw_62332_65612.wav,hiyeonni_UCIE8oNAijVSSedjX3tUHJg_Wa3uG7kfHjw,62332,65612,3280
hiyeonni_UCIE8oNAijVSSedjX3tUHJg_Wa3uG7kfHjw_65804_71860.wav,hiyeonni_UCIE8oNAijVSSedjX3tUHJg_Wa3uG7kfHjw,65804,71860,6056
hiyeonni_UCIE8oNAijVSSedjX3tUHJg_Wa3uG7kfHjw_71988_72620.wav,hiyeonni_UCIE8oNAijVSSedjX3tUHJg_Wa3uG7kfHjw,71988,72620,632
hiyeonni_UCIE8oNAijVSSedjX3tUHJg_Wa3uG7kfHjw_72740_77476.wav,hiyeonni_UCIE8oNAijVSSedjX3tUHJg_Wa3uG7kfHjw,72740,77476,4736
hiyeonni_UCIE8oNAijVSSedjX3tUHJg_Wa3uG7kfHjw_77612_79460.wav,hiyeonni_UCIE8oNAijVSSedjX3tUHJg_Wa3uG7kfHjw,77612,79460,1848
hiyeonni_UCIE8oNAijVSSedjX3tUHJg_Wa3uG7kfHjw_79636_86620.wav,hiyeonni_UCIE8oNAijVSSedjX3tUHJg_Wa3uG7kfHjw,79636,86620,6984
hiyeonni_UCIE8oNAijVSSedjX3tUHJg_Wa3uG7kfHjw_86868_92932.wav,hiyeonni_UCIE8oNAijVSSedjX3tUHJg_Wa3uG7kfHjw,86868,92932,6064
hiyeonni_UCIE8oNAijVSSedjX3tUHJg_Wa3uG7kfHjw_93044_96044.wav,hiyeonni_UCIE8oNAijVSSedjX3tUHJg_Wa3uG7kfHjw,93044,96044,3000
hiyeonni_UCIE8oNAijVSSedjX3tUHJg_Wa3uG7kfHjw_96300_105108.wav,hiyeonni_UCIE8oNAijVSSedjX3tUHJg_Wa3uG7kfHjw,96300,105108,8808
hiyeonni_UCIE8oNAijVSSedjX3tUHJg_Wa3uG7kfHjw_105348_109612.wav,hiyeonni_UCIE8oNAijVSSedjX3tUHJg_Wa3uG7kfHjw,105348,109612,4264
hiyeonni_UCIE8oNAijVSSedjX3tUHJg_Wa3uG7kfHjw_109964_114828.wav,hiyeonni_UCIE8oNAijVSSedjX3tUHJg_Wa3uG7kfHjw,109964,114828,4864
hiyeonni_UCIE8oNAijVSSedjX3tUHJg_Wa3uG7kfHjw_115084_122188.wav,hiyeonni_UCIE8oNAijVSSedjX3tUHJg_Wa3uG7kfHjw,115084,122188,7104
hiyeonni_UCIE8oNAijVSSedjX3tUHJg_Wa3uG7kfHjw_122364_127524.wav,hiyeonni_UCIE8oNAijVSSedjX3tUHJg_Wa3uG7kfHjw,122364,127524,5160
hiyeonni_UCIE8oNAijVSSedjX3tUHJg_Wa3uG7kfHjw_127756_133532.wav,hiyeonni_UCIE8oNAijVSSedjX3tUHJg_Wa3uG7kfHjw,127756,133532,5776
hiyeonni_UCIE8oNAijVSSedjX3tUHJg_Wa3uG7kfHjw_133804_135556.wav,hiyeonni_UCIE8oNAijVSSedjX3tUHJg_Wa3uG7kfHjw,133804,135556,1752
hiyeonni_UCIE8oNAijVSSedjX3tUHJg_Wa3uG7kfHjw_135892_140564.wav,hiyeonni_UCIE8oNAijVSSedjX3tUHJg_Wa3uG7kfHjw,135892,140564,4672
hiyeonni_UCIE8oNAijVSSedjX3tUHJg_Wa3uG7kfHjw_140828_142780.wav,hiyeonni_UCIE8oNAijVSSedjX3tUHJg_Wa3uG7kfHjw,140828,142780,1952
hiyeonni_UCIE8oNAijVSSedjX3tUHJg_Wa3uG7kfHjw_143036_148652.wav,hiyeonni_UCIE8oNAijVSSedjX3tUHJg_Wa3uG7kfHjw,143036,148652,5616
hiyeonni_UCIE8oNAijVSSedjX3tUHJg_Wa3uG7kfHjw_148940_157748.wav,hiyeonni_UCIE8oNAijVSSedjX3tUHJg_Wa3uG7kfHjw,148940,157748,8808
hiyeonni_UCIE8oNAijVSSedjX3tUHJg_Wa3uG7kfHjw_158012_160916.wav,hiyeonni_UCIE8oNAijVSSedjX3tUHJg_Wa3uG7kfHjw,158012,160916,2904
hiyeonni_UCIE8oNAijVSSedjX3tUHJg_Wa3uG7kfHjw_161076_163420.wav,hiyeonni_UCIE8oNAijVSSedjX3tUHJg_Wa3uG7kfHjw,161076,163420,2344
hiyeonni_UCIE8oNAijVSSedjX3tUHJg_Wa3uG7kfHjw_163580_164352.wav,hiyeonni_UCIE8oNAijVSSedjX3tUHJg_Wa3uG7kfHjw,163580,164352,772
hiyeonni_UCIE8oNAijVSSedjX3tUHJg_Wa3uG7kfHjw_164792_169584.wav,hiyeonni_UCIE8oNAijVSSedjX3tUHJg_Wa3uG7kfHjw,164792,169584,4792
hiyeonni_UCIE8oNAijVSSedjX3tUHJg_Wa3uG7kfHjw_169896_177952.wav,hiyeonni_UCIE8oNAijVSSedjX3tUHJg_Wa3uG7kfHjw,169896,177952,8056
hiyeonni_UCIE8oNAijVSSedjX3tUHJg_Wa3uG7kfHjw_178128_181888.wav,hiyeonni_UCIE8oNAijVSSedjX3tUHJg_Wa3uG7kfHjw,178128,181888,3760
hiyeonni_UCIE8oNAijVSSedjX3tUHJg_Wa3uG7kfHjw_182008_188920.wav,hiyeonni_UCIE8oNAijVSSedjX3tUHJg_Wa3uG7kfHjw,182008,188920,6912
hiyeonni_UCIE8oNAijVSSedjX3tUHJg_Wa3uG7kfHjw_189136_189740.wav,hiyeonni_UCIE8oNAijVSSedjX3tUHJg_Wa3uG7kfHjw,189136,189740,604
hiyeonni_UCIE8oNAijVSSedjX3tUHJg_Wa3uG7kfHjw_189940_196668.wav,hiyeonni_UCIE8oNAijVSSedjX3tUHJg_Wa3uG7kfHjw,189940,196668,6728
hiyeonni_UCIE8oNAijVSSedjX3tUHJg_Wa3uG7kfHjw_196828_201004.wav,hiyeonni_UCIE8oNAijVSSedjX3tUHJg_Wa3uG7kfHjw,196828,201004,4176
hiyeonni_UCIE8oNAijVSSedjX3tUHJg_Wa3uG7kfHjw_201172_206472.wav,hiyeonni_UCIE8oNAijVSSedjX3tUHJg_Wa3uG7kfHjw,201172,206472,5300
hiyeonni_UCIE8oNAijVSSedjX3tUHJg_Wa3uG7kfHjw_206608_208136.wav,hiyeonni_UCIE8oNAijVSSedjX3tUHJg_Wa3uG7kfHjw,206608,208136,1528
hiyeonni_UCIE8oNAijVSSedjX3tUHJg_Wa3uG7kfHjw_208256_208776.wav,hiyeonni_UCIE8oNAijVSSedjX3tUHJg_Wa3uG7kfHjw,208256,208776,520
hiyeonni_UCIE8oNAijVSSedjX3tUHJg_Wa3uG7kfHjw_208880_211352.wav,hiyeonni_UCIE8oNAijVSSedjX3tUHJg_Wa3uG7kfHjw,208880,211352,2472
hiyeonni_UCIE8oNAijVSSedjX3tUHJg_Wa3uG7kfHjw_211464_217424.wav,hiyeonni_UCIE8oNAijVSSedjX3tUHJg_Wa3uG7kfHjw,211464,217424,5960
hiyeonni_UCIE8oNAijVSSedjX3tUHJg_Wa3uG7kfHjw_217552_223152.wav,hiyeonni_UCIE8oNAijVSSedjX3tUHJg_Wa3uG7kfHjw,217552,223152,5600
hiyeonni_UCIE8oNAijVSSedjX3tUHJg_Wa3uG7kfHjw_223256_224960.wav,hiyeonni_UCIE8oNAijVSSedjX3tUHJg_Wa3uG7kfHjw,223256,224960,1704
hiyeonni_UCIE8oNAijVSSedjX3tUHJg_Wa3uG7kfHjw_225096_230700.wav,hiyeonni_UCIE8oNAijVSSedjX3tUHJg_Wa3uG7kfHjw,225096,230700,5604
hiyeonni_UCIE8oNAijVSSedjX3tUHJg_Wa3uG7kfHjw_230852_235020.wav,hiyeonni_UCIE8oNAijVSSedjX3tUHJg_Wa3uG7kfHjw,230852,235020,4168
hiyeonni_UCIE8oNAijVSSedjX3tUHJg_Wa3uG7kfHjw_235172_237200.wav,hiyeonni_UCIE8oNAijVSSedjX3tUHJg_Wa3uG7kfHjw,235172,237200,2028
hiyeonni_UCIE8oNAijVSSedjX3tUHJg_Wa3uG7kfHjw_237320_239736.wav,hiyeonni_UCIE8oNAijVSSedjX3tUHJg_Wa3uG7kfHjw,237320,239736,2416
hiyeonni_UCIE8oNAijVSSedjX3tUHJg_Wa3uG7kfHjw_240144_247168.wav,hiyeonni_UCIE8oNAijVSSedjX3tUHJg_Wa3uG7kfHjw,240144,247168,7024
hiyeonni_UCIE8oNAijVSSedjX3tUHJg_Wa3uG7kfHjw_247504_249612.wav,hiyeonni_UCIE8oNAijVSSedjX3tUHJg_Wa3uG7kfHjw,247504,249612,2108
hiyeonni_UCIE8oNAijVSSedjX3tUHJg_Wa3uG7kfHjw_249764_254110.wav,hiyeonni_UCIE8oNAijVSSedjX3tUHJg_Wa3uG7kfHjw,249764,254110,4346
hiyeonni_UCIE8oNAijVSSedjX3tUHJg_Wa3uG7kfHjw_254502_259960.wav,hiyeonni_UCIE8oNAijVSSedjX3tUHJg_Wa3uG7kfHjw,254502,259960,5458
hiyeonni_UCIE8oNAijVSSedjX3tUHJg_Wa3uG7kfHjw_260224_262970.wav,hiyeonni_UCIE8oNAijVSSedjX3tUHJg_Wa3uG7kfHjw,260224,262970,2746
hiyeonni_UCIE8oNAijVSSedjX3tUHJg_Wa3uG7kfHjw_263234_271402.wav,hiyeonni_UCIE8oNAijVSSedjX3tUHJg_Wa3uG7kfHjw,263234,271402,8168
hiyeonni_UCIE8oNAijVSSedjX3tUHJg_Wa3uG7kfHjw_272004_273868.wav,hiyeonni_UCIE8oNAijVSSedjX3tUHJg_Wa3uG7kfHjw,272004,273868,1864
hiyeonni_UCIE8oNAijVSSedjX3tUHJg_Wa3uG7kfHjw_274036_276892.wav,hiyeonni_UCIE8oNAijVSSedjX3tUHJg_Wa3uG7kfHjw,274036,276892,2856
hiyeonni_UCIE8oNAijVSSedjX3tUHJg_Wa3uG7kfHjw_277108_280572.wav,hiyeonni_UCIE8oNAijVSSedjX3tUHJg_Wa3uG7kfHjw,277108,280572,3464
hiyeonni_UCIE8oNAijVSSedjX3tUHJg_Wa3uG7kfHjw_280972_286452.wav,hiyeonni_UCIE8oNAijVSSedjX3tUHJg_Wa3uG7kfHjw,280972,286452,5480
hiyeonni_UCIE8oNAijVSSedjX3tUHJg_Wa3uG7kfHjw_286764_291516.wav,hiyeonni_UCIE8oNAijVSSedjX3tUHJg_Wa3uG7kfHjw,286764,291516,4752
hiyeonni_UCIE8oNAijVSSedjX3tUHJg_Wa3uG7kfHjw_291708_297100.wav,hiyeonni_UCIE8oNAijVSSedjX3tUHJg_Wa3uG7kfHjw,291708,297100,5392
hiyeonni_UCIE8oNAijVSSedjX3tUHJg_Wa3uG7kfHjw_297348_300736.wav,hiyeonni_UCIE8oNAijVSSedjX3tUHJg_Wa3uG7kfHjw,297348,300736,3388
hiyeonni_UCIE8oNAijVSSedjX3tUHJg_Wa3uG7kfHjw_301248_304232.wav,hiyeonni_UCIE8oNAijVSSedjX3tUHJg_Wa3uG7kfHjw,301248,304232,2984
hiyeonni_UCIE8oNAijVSSedjX3tUHJg_Wa3uG7kfHjw_305440_307664.wav,hiyeonni_UCIE8oNAijVSSedjX3tUHJg_Wa3uG7kfHjw,305440,307664,2224
hiyeonni_UCIE8oNAijVSSedjX3tUHJg_Wa3uG7kfHjw_308392_313952.wav,hiyeonni_UCIE8oNAijVSSedjX3tUHJg_Wa3uG7kfHjw,308392,313952,5560
hiyeonni_UCIE8oNAijVSSedjX3tUHJg_Wa3uG7kfHjw_314120_322056.wav,hiyeonni_UCIE8oNAijVSSedjX3tUHJg_Wa3uG7kfHjw,314120,322056,7936
hiyeonni_UCIE8oNAijVSSedjX3tUHJg_Wa3uG7kfHjw_322208_326192.wav,hiyeonni_UCIE8oNAijVSSedjX3tUHJg_Wa3uG7kfHjw,322208,326192,3984
hiyeonni_UCIE8oNAijVSSedjX3tUHJg_Wa3uG7kfHjw_326320_333568.wav,hiyeonni_UCIE8oNAijVSSedjX3tUHJg_Wa3uG7kfHjw,326320,333568,7248
hiyeonni_UCIE8oNAijVSSedjX3tUHJg_Wa3uG7kfHjw_333848_334784.wav,hiyeonni_UCIE8oNAijVSSedjX3tUHJg_Wa3uG7kfHjw,333848,334784,936
hiyeonni_UCIE8oNAijVSSedjX3tUHJg_Wa3uG7kfHjw_334952_340064.wav,hiyeonni_UCIE8oNAijVSSedjX3tUHJg_Wa3uG7kfHjw,334952,340064,5112
hiyeonni_UCIE8oNAijVSSedjX3tUHJg_Wa3uG7kfHjw_340224_345064.wav,hiyeonni_UCIE8oNAijVSSedjX3tUHJg_Wa3uG7kfHjw,340224,345064,4840
hiyeonni_UCIE8oNAijVSSedjX3tUHJg_Wa3uG7kfHjw_345536_348208.wav,hiyeonni_UCIE8oNAijVSSedjX3tUHJg_Wa3uG7kfHjw,345536,348208,2672
hiyeonni_UCIE8oNAijVSSedjX3tUHJg_Wa3uG7kfHjw_348320_349736.wav,hiyeonni_UCIE8oNAijVSSedjX3tUHJg_Wa3uG7kfHjw,348320,349736,1416
hiyeonni_UCIE8oNAijVSSedjX3tUHJg_Wa3uG7kfHjw_349976_354872.wav,hiyeonni_UCIE8oNAijVSSedjX3tUHJg_Wa3uG7kfHjw,349976,354872,4896
hiyeonni_UCIE8oNAijVSSedjX3tUHJg_Wa3uG7kfHjw_355064_361672.wav,hiyeonni_UCIE8oNAijVSSedjX3tUHJg_Wa3uG7kfHjw,355064,361672,6608
hiyeonni_UCIE8oNAijVSSedjX3tUHJg_Wa3uG7kfHjw_361840_366728.wav,hiyeonni_UCIE8oNAijVSSedjX3tUHJg_Wa3uG7kfHjw,361840,366728,4888
hiyeonni_UCIE8oNAijVSSedjX3tUHJg_Wa3uG7kfHjw_367400_376544.wav,hiyeonni_UCIE8oNAijVSSedjX3tUHJg_Wa3uG7kfHjw,367400,376544,9144
hiyeonni_UCIE8oNAijVSSedjX3tUHJg_Wa3uG7kfHjw_376832_381360.wav,hiyeonni_UCIE8oNAijVSSedjX3tUHJg_Wa3uG7kfHjw,376832,381360,4528
hiyeonni_UCIE8oNAijVSSedjX3tUHJg_Wa3uG7kfHjw_382464_387456.wav,hiyeonni_UCIE8oNAijVSSedjX3tUHJg_Wa3uG7kfHjw,382464,387456,4992
hiyeonni_UCIE8oNAijVSSedjX3tUHJg_Wa3uG7kfHjw_387600_390152.wav,hiyeonni_UCIE8oNAijVSSedjX3tUHJg_Wa3uG7kfHjw,387600,390152,2552
hiyeonni_UCIE8oNAijVSSedjX3tUHJg_Wa3uG7kfHjw_390336_393800.wav,hiyeonni_UCIE8oNAijVSSedjX3tUHJg_Wa3uG7kfHjw,390336,393800,3464
hiyeonni_UCIE8oNAijVSSedjX3tUHJg_Wa3uG7kfHjw_393976_394712.wav,hiyeonni_UCIE8oNAijVSSedjX3tUHJg_Wa3uG7kfHjw,393976,394712,736
hiyeonni_UCIE8oNAijVSSedjX3tUHJg_Wa3uG7kfHjw_394824_397864.wav,hiyeonni_UCIE8oNAijVSSedjX3tUHJg_Wa3uG7kfHjw,394824,397864,3040
hiyeonni_UCIE8oNAijVSSedjX3tUHJg_Wa3uG7kfHjw_398232_400696.wav,hiyeonni_UCIE8oNAijVSSedjX3tUHJg_Wa3uG7kfHjw,398232,400696,2464
hiyeonni_UCIE8oNAijVSSedjX3tUHJg_Wa3uG7kfHjw_400904_402628.wav,hiyeonni_UCIE8oNAijVSSedjX3tUHJg_Wa3uG7kfHjw,400904,402628,1724
hiyeonni_UCIE8oNAijVSSedjX3tUHJg_Wa3uG7kfHjw_402972_411456.wav,hiyeonni_UCIE8oNAijVSSedjX3tUHJg_Wa3uG7kfHjw,402972,411456,8484
hiyeonni_UCIE8oNAijVSSedjX3tUHJg_Wa3uG7kfHjw_411848_416560.wav,hiyeonni_UCIE8oNAijVSSedjX3tUHJg_Wa3uG7kfHjw,411848,416560,4712
hiyeonni_UCIE8oNAijVSSedjX3tUHJg_Wa3uG7kfHjw_416880_421848.wav,hiyeonni_UCIE8oNAijVSSedjX3tUHJg_Wa3uG7kfHjw,416880,421848,4968
hiyeonni_UCIE8oNAijVSSedjX3tUHJg_Wa3uG7kfHjw_422016_425280.wav,hiyeonni_UCIE8oNAijVSSedjX3tUHJg_Wa3uG7kfHjw,422016,425280,3264
hiyeonni_UCIE8oNAijVSSedjX3tUHJg_Wa3uG7kfHjw_425432_425592.wav,hiyeonni_UCIE8oNAijVSSedjX3tUHJg_Wa3uG7kfHjw,425432,425592,160
hiyeonni_UCIE8oNAijVSSedjX3tUHJg_Wa3uG7kfHjw_425696_433864.wav,hiyeonni_UCIE8oNAijVSSedjX3tUHJg_Wa3uG7kfHjw,425696,433864,8168
hiyeonni_UCIE8oNAijVSSedjX3tUHJg_Wa3uG7kfHjw_434104_437032.wav,hiyeonni_UCIE8oNAijVSSedjX3tUHJg_Wa3uG7kfHjw,434104,437032,2928
hiyeonni_UCIE8oNAijVSSedjX3tUHJg_Wa3uG7kfHjw_437296_444448.wav,hiyeonni_UCIE8oNAijVSSedjX3tUHJg_Wa3uG7kfHjw,437296,444448,7152
hiyeonni_UCIE8oNAijVSSedjX3tUHJg_Wa3uG7kfHjw_444824_447248.wav,hiyeonni_UCIE8oNAijVSSedjX3tUHJg_Wa3uG7kfHjw,444824,447248,2424
hiyeonni_UCIE8oNAijVSSedjX3tUHJg_Wa3uG7kfHjw_447472_455920.wav,hiyeonni_UCIE8oNAijVSSedjX3tUHJg_Wa3uG7kfHjw,447472,455920,8448
hiyeonni_UCIE8oNAijVSSedjX3tUHJg_Wa3uG7kfHjw_456032_465752.wav,hiyeonni_UCIE8oNAijVSSedjX3tUHJg_Wa3uG7kfHjw,456032,465752,9720
hiyeonni_UCIE8oNAijVSSedjX3tUHJg_Wa3uG7kfHjw_465904_470632.wav,hiyeonni_UCIE8oNAijVSSedjX3tUHJg_Wa3uG7kfHjw,465904,470632,4728
hiyeonni_UCIE8oNAijVSSedjX3tUHJg_Wa3uG7kfHjw_471224_474536.wav,hiyeonni_UCIE8oNAijVSSedjX3tUHJg_Wa3uG7kfHjw,471224,474536,3312
hiyeonni_UCIE8oNAijVSSedjX3tUHJg_Wa3uG7kfHjw_474744_475064.wav,hiyeonni_UCIE8oNAijVSSedjX3tUHJg_Wa3uG7kfHjw,474744,475064,320
hiyeonni_UCIE8oNAijVSSedjX3tUHJg_Wa3uG7kfHjw_475384_475712.wav,hiyeonni_UCIE8oNAijVSSedjX3tUHJg_Wa3uG7kfHjw,475384,475712,328
hiyeonni_UCIE8oNAijVSSedjX3tUHJg_Wa3uG7kfHjw_476064_480464.wav,hiyeonni_UCIE8oNAijVSSedjX3tUHJg_Wa3uG7kfHjw,476064,480464,4400
hiyeonni_UCIE8oNAijVSSedjX3tUHJg_Wa3uG7kfHjw_480808_488908.wav,hiyeonni_UCIE8oNAijVSSedjX3tUHJg_Wa3uG7kfHjw,480808,488908,8100
hiyeonni_UCIE8oNAijVSSedjX3tUHJg_Wa3uG7kfHjw_489172_496236.wav,hiyeonni_UCIE8oNAijVSSedjX3tUHJg_Wa3uG7kfHjw,489172,496236,7064
hiyeonni_UCIE8oNAijVSSedjX3tUHJg_Wa3uG7kfHjw_496364_501532.wav,hiyeonni_UCIE8oNAijVSSedjX3tUHJg_Wa3uG7kfHjw,496364,501532,5168
hiyeonni_UCIE8oNAijVSSedjX3tUHJg_Wa3uG7kfHjw_501812_508756.wav,hiyeonni_UCIE8oNAijVSSedjX3tUHJg_Wa3uG7kfHjw,501812,508756,6944
hiyeonni_UCIE8oNAijVSSedjX3tUHJg_Wa3uG7kfHjw_508996_511812.wav,hiyeonni_UCIE8oNAijVSSedjX3tUHJg_Wa3uG7kfHjw,508996,511812,2816
hiyeonni_UCIE8oNAijVSSedjX3tUHJg_Wa3uG7kfHjw_511932_517600.wav,hiyeonni_UCIE8oNAijVSSedjX3tUHJg_Wa3uG7kfHjw,511932,517600,5668
hiyeonni_UCIE8oNAijVSSedjX3tUHJg_Wa3uG7kfHjw_517928_520858.wav,hiyeonni_UCIE8oNAijVSSedjX3tUHJg_Wa3uG7kfHjw,517928,520858,2930
hiyeonni_UCIE8oNAijVSSedjX3tUHJg_Wa3uG7kfHjw_521066_529268.wav,hiyeonni_UCIE8oNAijVSSedjX3tUHJg_Wa3uG7kfHjw,521066,529268,8202
hiyeonni_UCIE8oNAijVSSedjX3tUHJg_Wa3uG7kfHjw_529524_531400.wav,hiyeonni_UCIE8oNAijVSSedjX3tUHJg_Wa3uG7kfHjw,529524,531400,1876
hiyeonni_UCIE8oNAijVSSedjX3tUHJg_Wa3uG7kfHjw_531600_541224.wav,hiyeonni_UCIE8oNAijVSSedjX3tUHJg_Wa3uG7kfHjw,531600,541224,9624
hiyeonni_UCIE8oNAijVSSedjX3tUHJg_Wa3uG7kfHjw_541384_542576.wav,hiyeonni_UCIE8oNAijVSSedjX3tUHJg_Wa3uG7kfHjw,541384,542576,1192
hiyeonni_UCIE8oNAijVSSedjX3tUHJg_Wa3uG7kfHjw_543272_551576.wav,hiyeonni_UCIE8oNAijVSSedjX3tUHJg_Wa3uG7kfHjw,543272,551576,8304
hiyeonni_UCIE8oNAijVSSedjX3tUHJg_Wa3uG7kfHjw_551792_551912.wav,hiyeonni_UCIE8oNAijVSSedjX3tUHJg_Wa3uG7kfHjw,551792,551912,120
hiyeonni_UCIE8oNAijVSSedjX3tUHJg_Wa3uG7kfHjw_552032_557896.wav,hiyeonni_UCIE8oNAijVSSedjX3tUHJg_Wa3uG7kfHjw,552032,557896,5864
hiyeonni_UCIE8oNAijVSSedjX3tUHJg_Wa3uG7kfHjw_558680_561096.wav,hiyeonni_UCIE8oNAijVSSedjX3tUHJg_Wa3uG7kfHjw,558680,561096,2416
hiyeonni_UCIE8oNAijVSSedjX3tUHJg_Wa3uG7kfHjw_561520_569496.wav,hiyeonni_UCIE8oNAijVSSedjX3tUHJg_Wa3uG7kfHjw,561520,569496,7976
hiyeonni_UCIE8oNAijVSSedjX3tUHJg_Wa3uG7kfHjw_569872_578896.wav,hiyeonni_UCIE8oNAijVSSedjX3tUHJg_Wa3uG7kfHjw,569872,578896,9024
hiyeonni_UCIE8oNAijVSSedjX3tUHJg_Wa3uG7kfHjw_579080_585136.wav,hiyeonni_UCIE8oNAijVSSedjX3tUHJg_Wa3uG7kfHjw,579080,585136,6056
hiyeonni_UCIE8oNAijVSSedjX3tUHJg_Wa3uG7kfHjw_585272_588248.wav,hiyeonni_UCIE8oNAijVSSedjX3tUHJg_Wa3uG7kfHjw,585272,588248,2976
hiyeonni_UCIE8oNAijVSSedjX3tUHJg_Wa3uG7kfHjw_588480_593080.wav,hiyeonni_UCIE8oNAijVSSedjX3tUHJg_Wa3uG7kfHjw,588480,593080,4600
hiyeonni_UCIE8oNAijVSSedjX3tUHJg_Wa3uG7kfHjw_593312_602272.wav,hiyeonni_UCIE8oNAijVSSedjX3tUHJg_Wa3uG7kfHjw,593312,602272,8960
hiyeonni_UCIE8oNAijVSSedjX3tUHJg_Wa3uG7kfHjw_602432_604048.wav,hiyeonni_UCIE8oNAijVSSedjX3tUHJg_Wa3uG7kfHjw,602432,604048,1616
hiyeonni_UCIE8oNAijVSSedjX3tUHJg_Wa3uG7kfHjw_604336_609336.wav,hiyeonni_UCIE8oNAijVSSedjX3tUHJg_Wa3uG7kfHjw,604336,609336,5000
hiyeonni_UCIE8oNAijVSSedjX3tUHJg_Wa3uG7kfHjw_609752_618088.wav,hiyeonni_UCIE8oNAijVSSedjX3tUHJg_Wa3uG7kfHjw,609752,618088,8336
hiyeonni_UCIE8oNAijVSSedjX3tUHJg_Wa3uG7kfHjw_618352_626104.wav,hiyeonni_UCIE8oNAijVSSedjX3tUHJg_Wa3uG7kfHjw,618352,626104,7752
hiyeonni_UCIE8oNAijVSSedjX3tUHJg_Wa3uG7kfHjw_626408_635064.wav,hiyeonni_UCIE8oNAijVSSedjX3tUHJg_Wa3uG7kfHjw,626408,635064,8656
hiyeonni_UCIE8oNAijVSSedjX3tUHJg_Wa3uG7kfHjw_635224_645136.wav,hiyeonni_UCIE8oNAijVSSedjX3tUHJg_Wa3uG7kfHjw,635224,645136,9912
hiyeonni_UCIE8oNAijVSSedjX3tUHJg_Wa3uG7kfHjw_645248_646968.wav,hiyeonni_UCIE8oNAijVSSedjX3tUHJg_Wa3uG7kfHjw,645248,646968,1720
hiyeonni_UCIE8oNAijVSSedjX3tUHJg_Wa3uG7kfHjw_647376_648968.wav,hiyeonni_UCIE8oNAijVSSedjX3tUHJg_Wa3uG7kfHjw,647376,648968,1592
hiyeonni_UCIE8oNAijVSSedjX3tUHJg_Wa3uG7kfHjw_649328_656504.wav,hiyeonni_UCIE8oNAijVSSedjX3tUHJg_Wa3uG7kfHjw,649328,656504,7176
hiyeonni_UCIE8oNAijVSSedjX3tUHJg_Wa3uG7kfHjw_656936_661048.wav,hiyeonni_UCIE8oNAijVSSedjX3tUHJg_Wa3uG7kfHjw,656936,661048,4112
hiyeonni_UCIE8oNAijVSSedjX3tUHJg_Wa3uG7kfHjw_661696_667680.wav,hiyeonni_UCIE8oNAijVSSedjX3tUHJg_Wa3uG7kfHjw,661696,667680,5984
hiyeonni_UCIE8oNAijVSSedjX3tUHJg_Wa3uG7kfHjw_668576_675904.wav,hiyeonni_UCIE8oNAijVSSedjX3tUHJg_Wa3uG7kfHjw,668576,675904,7328
hiyeonni_UCIE8oNAijVSSedjX3tUHJg_Wa3uG7kfHjw_676120_679848.wav,hiyeonni_UCIE8oNAijVSSedjX3tUHJg_Wa3uG7kfHjw,676120,679848,3728
hiyeonni_UCIE8oNAijVSSedjX3tUHJg_Wa3uG7kfHjw_679984_684968.wav,hiyeonni_UCIE8oNAijVSSedjX3tUHJg_Wa3uG7kfHjw,679984,684968,4984
hiyeonni_UCIE8oNAijVSSedjX3tUHJg_Wa3uG7kfHjw_685176_694784.wav,hiyeonni_UCIE8oNAijVSSedjX3tUHJg_Wa3uG7kfHjw,685176,694784,9608
hiyeonni_UCIE8oNAijVSSedjX3tUHJg_Wa3uG7kfHjw_695136_697160.wav,hiyeonni_UCIE8oNAijVSSedjX3tUHJg_Wa3uG7kfHjw,695136,697160,2024
hiyeonni_UCIE8oNAijVSSedjX3tUHJg_Wa3uG7kfHjw_697384_701352.wav,hiyeonni_UCIE8oNAijVSSedjX3tUHJg_Wa3uG7kfHjw,697384,701352,3968
hiyeonni_UCIE8oNAijVSSedjX3tUHJg_Wa3uG7kfHjw_701512_708696.wav,hiyeonni_UCIE8oNAijVSSedjX3tUHJg_Wa3uG7kfHjw,701512,708696,7184
hiyeonni_UCIE8oNAijVSSedjX3tUHJg_Wa3uG7kfHjw_708976_710976.wav,hiyeonni_UCIE8oNAijVSSedjX3tUHJg_Wa3uG7kfHjw,708976,710976,2000
hiyeonni_UCIE8oNAijVSSedjX3tUHJg_Wa3uG7kfHjw_711880_715056.wav,hiyeonni_UCIE8oNAijVSSedjX3tUHJg_Wa3uG7kfHjw,711880,715056,3176
hiyeonni_UCIE8oNAijVSSedjX3tUHJg_Wa3uG7kfHjw_715176_719336.wav,hiyeonni_UCIE8oNAijVSSedjX3tUHJg_Wa3uG7kfHjw,715176,719336,4160
hiyeonni_UCIE8oNAijVSSedjX3tUHJg_Wa3uG7kfHjw_719536_725064.wav,hiyeonni_UCIE8oNAijVSSedjX3tUHJg_Wa3uG7kfHjw,719536,725064,5528
hiyeonni_UCIE8oNAijVSSedjX3tUHJg_Wa3uG7kfHjw_725648_733576.wav,hiyeonni_UCIE8oNAijVSSedjX3tUHJg_Wa3uG7kfHjw,725648,733576,7928
hiyeonni_UCIE8oNAijVSSedjX3tUHJg_Wa3uG7kfHjw_733776_739704.wav,hiyeonni_UCIE8oNAijVSSedjX3tUHJg_Wa3uG7kfHjw,733776,739704,5928
hiyeonni_UCIE8oNAijVSSedjX3tUHJg_Wa3uG7kfHjw_740032_741328.wav,hiyeonni_UCIE8oNAijVSSedjX3tUHJg_Wa3uG7kfHjw,740032,741328,1296
hiyeonni_UCIE8oNAijVSSedjX3tUHJg_Wa3uG7kfHjw_741448_742136.wav,hiyeonni_UCIE8oNAijVSSedjX3tUHJg_Wa3uG7kfHjw,741448,742136,688
hiyeonni_UCIE8oNAijVSSedjX3tUHJg_Wa3uG7kfHjw_742240_746088.wav,hiyeonni_UCIE8oNAijVSSedjX3tUHJg_Wa3uG7kfHjw,742240,746088,3848
hiyeonni_UCIE8oNAijVSSedjX3tUHJg_Wa3uG7kfHjw_746200_752464.wav,hiyeonni_UCIE8oNAijVSSedjX3tUHJg_Wa3uG7kfHjw,746200,752464,6264
hiyeonni_UCIE8oNAijVSSedjX3tUHJg_Wa3uG7kfHjw_752576_753448.wav,hiyeonni_UCIE8oNAijVSSedjX3tUHJg_Wa3uG7kfHjw,752576,753448,872
hiyeonni_UCIE8oNAijVSSedjX3tUHJg_Wa3uG7kfHjw_753584_755464.wav,hiyeonni_UCIE8oNAijVSSedjX3tUHJg_Wa3uG7kfHjw,753584,755464,1880
hiyeonni_UCIE8oNAijVSSedjX3tUHJg_Wa3uG7kfHjw_755848_758828.wav,hiyeonni_UCIE8oNAijVSSedjX3tUHJg_Wa3uG7kfHjw,755848,758828,2980
hiyeonni_UCIE8oNAijVSSedjX3tUHJg_Wa3uG7kfHjw_759052_768536.wav,hiyeonni_UCIE8oNAijVSSedjX3tUHJg_Wa3uG7kfHjw,759052,768536,9484
hiyeonni_UCIE8oNAijVSSedjX3tUHJg_Wa3uG7kfHjw_768992_772160.wav,hiyeonni_UCIE8oNAijVSSedjX3tUHJg_Wa3uG7kfHjw,768992,772160,3168
hiyeonni_UCIE8oNAijVSSedjX3tUHJg_Wa3uG7kfHjw_772320_775336.wav,hiyeonni_UCIE8oNAijVSSedjX3tUHJg_Wa3uG7kfHjw,772320,775336,3016
hiyeonni_UCIE8oNAijVSSedjX3tUHJg_Wa3uG7kfHjw_775488_781384.wav,hiyeonni_UCIE8oNAijVSSedjX3tUHJg_Wa3uG7kfHjw,775488,781384,5896
hiyeonni_UCIE8oNAijVSSedjX3tUHJg_Wa3uG7kfHjw_781520_783112.wav,hiyeonni_UCIE8oNAijVSSedjX3tUHJg_Wa3uG7kfHjw,781520,783112,1592
hiyeonni_UCIE8oNAijVSSedjX3tUHJg_Wa3uG7kfHjw_783320_787696.wav,hiyeonni_UCIE8oNAijVSSedjX3tUHJg_Wa3uG7kfHjw,783320,787696,4376
hiyeonni_UCIE8oNAijVSSedjX3tUHJg_Wa3uG7kfHjw_787928_793576.wav,hiyeonni_UCIE8oNAijVSSedjX3tUHJg_Wa3uG7kfHjw,787928,793576,5648
hiyeonni_UCIE8oNAijVSSedjX3tUHJg_Wa3uG7kfHjw_793712_802752.wav,hiyeonni_UCIE8oNAijVSSedjX3tUHJg_Wa3uG7kfHjw,793712,802752,9040
hiyeonni_UCIE8oNAijVSSedjX3tUHJg_Wa3uG7kfHjw_803048_804888.wav,hiyeonni_UCIE8oNAijVSSedjX3tUHJg_Wa3uG7kfHjw,803048,804888,1840
hiyeonni_UCIE8oNAijVSSedjX3tUHJg_Wa3uG7kfHjw_805008_808224.wav,hiyeonni_UCIE8oNAijVSSedjX3tUHJg_Wa3uG7kfHjw,805008,808224,3216
hiyeonni_UCIE8oNAijVSSedjX3tUHJg_Wa3uG7kfHjw_808584_810780.wav,hiyeonni_UCIE8oNAijVSSedjX3tUHJg_Wa3uG7kfHjw,808584,810780,2196
hiyeonni_UCIE8oNAijVSSedjX3tUHJg_Wa3uG7kfHjw_810948_813812.wav,hiyeonni_UCIE8oNAijVSSedjX3tUHJg_Wa3uG7kfHjw,810948,813812,2864
hiyeonni_UCIE8oNAijVSSedjX3tUHJg_Wa3uG7kfHjw_814012_814796.wav,hiyeonni_UCIE8oNAijVSSedjX3tUHJg_Wa3uG7kfHjw,814012,814796,784
hiyeonni_UCIE8oNAijVSSedjX3tUHJg_Wa3uG7kfHjw_814996_819588.wav,hiyeonni_UCIE8oNAijVSSedjX3tUHJg_Wa3uG7kfHjw,814996,819588,4592
hiyeonni_UCIE8oNAijVSSedjX3tUHJg_Wa3uG7kfHjw_819756_822620.wav,hiyeonni_UCIE8oNAijVSSedjX3tUHJg_Wa3uG7kfHjw,819756,822620,2864
hiyeonni_UCIE8oNAijVSSedjX3tUHJg_Wa3uG7kfHjw_822932_825284.wav,hiyeonni_UCIE8oNAijVSSedjX3tUHJg_Wa3uG7kfHjw,822932,825284,2352
hiyeonni_UCIE8oNAijVSSedjX3tUHJg_Wa3uG7kfHjw_825388_831620.wav,hiyeonni_UCIE8oNAijVSSedjX3tUHJg_Wa3uG7kfHjw,825388,831620,6232
hiyeonni_UCIE8oNAijVSSedjX3tUHJg_Wa3uG7kfHjw_831756_832440.wav,hiyeonni_UCIE8oNAijVSSedjX3tUHJg_Wa3uG7kfHjw,831756,832440,684
hiyeonni_UCIE8oNAijVSSedjX3tUHJg_Wa3uG7kfHjw_833224_836428.wav,hiyeonni_UCIE8oNAijVSSedjX3tUHJg_Wa3uG7kfHjw,833224,836428,3204
hiyeonni_UCIE8oNAijVSSedjX3tUHJg_Wa3uG7kfHjw_836564_842196.wav,hiyeonni_UCIE8oNAijVSSedjX3tUHJg_Wa3uG7kfHjw,836564,842196,5632
hiyeonni_UCIE8oNAijVSSedjX3tUHJg_Wa3uG7kfHjw_842364_845952.wav,hiyeonni_UCIE8oNAijVSSedjX3tUHJg_Wa3uG7kfHjw,842364,845952,3588
hiyeonni_UCIE8oNAijVSSedjX3tUHJg_Wa3uG7kfHjw_846304_855584.wav,hiyeonni_UCIE8oNAijVSSedjX3tUHJg_Wa3uG7kfHjw,846304,855584,9280
hiyeonni_UCIE8oNAijVSSedjX3tUHJg_Wa3uG7kfHjw_855848_857720.wav,hiyeonni_UCIE8oNAijVSSedjX3tUHJg_Wa3uG7kfHjw,855848,857720,1872
hiyeonni_UCIE8oNAijVSSedjX3tUHJg_Wa3uG7kfHjw_857992_860392.wav,hiyeonni_UCIE8oNAijVSSedjX3tUHJg_Wa3uG7kfHjw,857992,860392,2400
hiyeonni_UCIE8oNAijVSSedjX3tUHJg_Wa3uG7kfHjw_860520_869372.wav,hiyeonni_UCIE8oNAijVSSedjX3tUHJg_Wa3uG7kfHjw,860520,869372,8852
hiyeonni_UCIE8oNAijVSSedjX3tUHJg_Wa3uG7kfHjw_869524_872928.wav,hiyeonni_UCIE8oNAijVSSedjX3tUHJg_Wa3uG7kfHjw,869524,872928,3404
hiyeonni_UCIE8oNAijVSSedjX3tUHJg_Wa3uG7kfHjw_873136_874224.wav,hiyeonni_UCIE8oNAijVSSedjX3tUHJg_Wa3uG7kfHjw,873136,874224,1088
hiyeonni_UCIE8oNAijVSSedjX3tUHJg_Wa3uG7kfHjw_874432_879016.wav,hiyeonni_UCIE8oNAijVSSedjX3tUHJg_Wa3uG7kfHjw,874432,879016,4584
hiyeonni_UCIE8oNAijVSSedjX3tUHJg_Wa3uG7kfHjw_879200_880056.wav,hiyeonni_UCIE8oNAijVSSedjX3tUHJg_Wa3uG7kfHjw,879200,880056,856
hiyeonni_UCIE8oNAijVSSedjX3tUHJg_Wa3uG7kfHjw_880264_884624.wav,hiyeonni_UCIE8oNAijVSSedjX3tUHJg_Wa3uG7kfHjw,880264,884624,4360
hiyeonni_UCIE8oNAijVSSedjX3tUHJg_Wa3uG7kfHjw_884952_888280.wav,hiyeonni_UCIE8oNAijVSSedjX3tUHJg_Wa3uG7kfHjw,884952,888280,3328
hiyeonni_UCIE8oNAijVSSedjX3tUHJg_Wa3uG7kfHjw_888416_889802.wav,hiyeonni_UCIE8oNAijVSSedjX3tUHJg_Wa3uG7kfHjw,888416,889802,1386
hiyeonni_UCIE8oNAijVSSedjX3tUHJg_Wa3uG7kfHjw_890162_896406.wav,hiyeonni_UCIE8oNAijVSSedjX3tUHJg_Wa3uG7kfHjw,890162,896406,6244
hiyeonni_UCIE8oNAijVSSedjX3tUHJg_Wa3uG7kfHjw_896694_902898.wav,hiyeonni_UCIE8oNAijVSSedjX3tUHJg_Wa3uG7kfHjw,896694,902898,6204
hiyeonni_UCIE8oNAijVSSedjX3tUHJg_Wa3uG7kfHjw_903098_906396.wav,hiyeonni_UCIE8oNAijVSSedjX3tUHJg_Wa3uG7kfHjw,903098,906396,3298
hiyeonni_UCIE8oNAijVSSedjX3tUHJg_Wa3uG7kfHjw_906580_909152.wav,hiyeonni_UCIE8oNAijVSSedjX3tUHJg_Wa3uG7kfHjw,906580,909152,2572
hiyeonni_UCIE8oNAijVSSedjX3tUHJg_Wa3uG7kfHjw_909264_910432.wav,hiyeonni_UCIE8oNAijVSSedjX3tUHJg_Wa3uG7kfHjw,909264,910432,1168
hiyeonni_UCIE8oNAijVSSedjX3tUHJg_Wa3uG7kfHjw_910616_912928.wav,hiyeonni_UCIE8oNAijVSSedjX3tUHJg_Wa3uG7kfHjw,910616,912928,2312
hiyeonni_UCIE8oNAijVSSedjX3tUHJg_Wa3uG7kfHjw_913216_916608.wav,hiyeonni_UCIE8oNAijVSSedjX3tUHJg_Wa3uG7kfHjw,913216,916608,3392
hiyeonni_UCIE8oNAijVSSedjX3tUHJg_Wa3uG7kfHjw_916744_919168.wav,hiyeonni_UCIE8oNAijVSSedjX3tUHJg_Wa3uG7kfHjw,916744,919168,2424
hiyeonni_UCIE8oNAijVSSedjX3tUHJg_Wa3uG7kfHjw_919392_927826.wav,hiyeonni_UCIE8oNAijVSSedjX3tUHJg_Wa3uG7kfHjw,919392,927826,8434
hiyeonni_UCIE8oNAijVSSedjX3tUHJg_Wa3uG7kfHjw_928106_928514.wav,hiyeonni_UCIE8oNAijVSSedjX3tUHJg_Wa3uG7kfHjw,928106,928514,408
hiyeonni_UCIE8oNAijVSSedjX3tUHJg_Wa3uG7kfHjw_928714_929898.wav,hiyeonni_UCIE8oNAijVSSedjX3tUHJg_Wa3uG7kfHjw,928714,929898,1184
hiyeonni_UCIE8oNAijVSSedjX3tUHJg_Wa3uG7kfHjw_930532_934508.wav,hiyeonni_UCIE8oNAijVSSedjX3tUHJg_Wa3uG7kfHjw,930532,934508,3976
hiyeonni_UCIE8oNAijVSSedjX3tUHJg_Wa3uG7kfHjw_935144_935452.wav,hiyeonni_UCIE8oNAijVSSedjX3tUHJg_Wa3uG7kfHjw,935144,935452,308
hiyeonni_UCIE8oNAijVSSedjX3tUHJg_Wa3uG7kfHjw_935732_943300.wav,hiyeonni_UCIE8oNAijVSSedjX3tUHJg_Wa3uG7kfHjw,935732,943300,7568
hiyeonni_UCIE8oNAijVSSedjX3tUHJg_Wa3uG7kfHjw_943612_947948.wav,hiyeonni_UCIE8oNAijVSSedjX3tUHJg_Wa3uG7kfHjw,943612,947948,4336
hiyeonni_UCIE8oNAijVSSedjX3tUHJg_Wa3uG7kfHjw_948472_949144.wav,hiyeonni_UCIE8oNAijVSSedjX3tUHJg_Wa3uG7kfHjw,948472,949144,672
hiyeonni_UCIE8oNAijVSSedjX3tUHJg_Wa3uG7kfHjw_949544_951716.wav,hiyeonni_UCIE8oNAijVSSedjX3tUHJg_Wa3uG7kfHjw,949544,951716,2172
hiyeonni_UCIE8oNAijVSSedjX3tUHJg_Wa3uG7kfHjw_951828_958748.wav,hiyeonni_UCIE8oNAijVSSedjX3tUHJg_Wa3uG7kfHjw,951828,958748,6920
hiyeonni_UCIE8oNAijVSSedjX3tUHJg_Wa3uG7kfHjw_958916_963368.wav,hiyeonni_UCIE8oNAijVSSedjX3tUHJg_Wa3uG7kfHjw,958916,963368,4452
hiyeonni_UCIE8oNAijVSSedjX3tUHJg_Wa3uG7kfHjw_963624_965856.wav,hiyeonni_UCIE8oNAijVSSedjX3tUHJg_Wa3uG7kfHjw,963624,965856,2232
hiyeonni_UCIE8oNAijVSSedjX3tUHJg_Wa3uG7kfHjw_966312_968072.wav,hiyeonni_UCIE8oNAijVSSedjX3tUHJg_Wa3uG7kfHjw,966312,968072,1760
hiyeonni_UCIE8oNAijVSSedjX3tUHJg_Wa3uG7kfHjw_968680_970260.wav,hiyeonni_UCIE8oNAijVSSedjX3tUHJg_Wa3uG7kfHjw,968680,970260,1580
hiyeonni_UCIE8oNAijVSSedjX3tUHJg_Wa3uG7kfHjw_970380_974988.wav,hiyeonni_UCIE8oNAijVSSedjX3tUHJg_Wa3uG7kfHjw,970380,974988,4608
hiyeonni_UCIE8oNAijVSSedjX3tUHJg_Wa3uG7kfHjw_975124_979860.wav,hiyeonni_UCIE8oNAijVSSedjX3tUHJg_Wa3uG7kfHjw,975124,979860,4736
hiyeonni_UCIE8oNAijVSSedjX3tUHJg_Wa3uG7kfHjw_980552_984664.wav,hiyeonni_UCIE8oNAijVSSedjX3tUHJg_Wa3uG7kfHjw,980552,984664,4112
hiyeonni_UCIE8oNAijVSSedjX3tUHJg_Wa3uG7kfHjw_984808_989448.wav,hiyeonni_UCIE8oNAijVSSedjX3tUHJg_Wa3uG7kfHjw,984808,989448,4640
hiyeonni_UCIE8oNAijVSSedjX3tUHJg_Wa3uG7kfHjw_989632_993400.wav,hiyeonni_UCIE8oNAijVSSedjX3tUHJg_Wa3uG7kfHjw,989632,993400,3768
hiyeonni_UCIE8oNAijVSSedjX3tUHJg_Wa3uG7kfHjw_993552_1001736.wav,hiyeonni_UCIE8oNAijVSSedjX3tUHJg_Wa3uG7kfHjw,993552,1001736,8184
hiyeonni_UCIE8oNAijVSSedjX3tUHJg_Wa3uG7kfHjw_1001944_1010408.wav,hiyeonni_UCIE8oNAijVSSedjX3tUHJg_Wa3uG7kfHjw,1001944,1010408,8464
hiyeonni_UCIE8oNAijVSSedjX3tUHJg_Wa3uG7kfHjw_1010704_1015786.wav,hiyeonni_UCIE8oNAijVSSedjX3tUHJg_Wa3uG7kfHjw,1010704,1015786,5082
hiyeonni_UCIE8oNAijVSSedjX3tUHJg_Wa3uG7kfHjw_1015946_1024203.wav,hiyeonni_UCIE8oNAijVSSedjX3tUHJg_Wa3uG7kfHjw,1015946,1024203,8257
hiyeonni_UCIE8oNAijVSSedjX3tUHJg_Wa3uG7kfHjw_1024587_1026924.wav,hiyeonni_UCIE8oNAijVSSedjX3tUHJg_Wa3uG7kfHjw,1024587,1026924,2337
hiyeonni_UCIE8oNAijVSSedjX3tUHJg_Wa3uG7kfHjw_1027084_1029364.wav,hiyeonni_UCIE8oNAijVSSedjX3tUHJg_Wa3uG7kfHjw,1027084,1029364,2280
hiyeonni_UCIE8oNAijVSSedjX3tUHJg_Wa3uG7kfHjw_1029500_1035468.wav,hiyeonni_UCIE8oNAijVSSedjX3tUHJg_Wa3uG7kfHjw,1029500,1035468,5968
hiyeonni_UCIE8oNAijVSSedjX3tUHJg_Wa3uG7kfHjw_1035676_1044404.wav,hiyeonni_UCIE8oNAijVSSedjX3tUHJg_Wa3uG7kfHjw,1035676,1044404,8728
hiyeonni_UCIE8oNAijVSSedjX3tUHJg_Wa3uG7kfHjw_1044548_1045748.wav,hiyeonni_UCIE8oNAijVSSedjX3tUHJg_Wa3uG7kfHjw,1044548,1045748,1200
hiyeonni_UCIE8oNAijVSSedjX3tUHJg_Wa3uG7kfHjw_1046012_1054668.wav,hiyeonni_UCIE8oNAijVSSedjX3tUHJg_Wa3uG7kfHjw,1046012,1054668,8656
hiyeonni_UCIE8oNAijVSSedjX3tUHJg_Wa3uG7kfHjw_1054828_1061940.wav,hiyeonni_UCIE8oNAijVSSedjX3tUHJg_Wa3uG7kfHjw,1054828,1061940,7112
hiyeonni_UCIE8oNAijVSSedjX3tUHJg_Wa3uG7kfHjw_1062108_1067072.wav,hiyeonni_UCIE8oNAijVSSedjX3tUHJg_Wa3uG7kfHjw,1062108,1067072,4964
hiyeonni_UCIE8oNAijVSSedjX3tUHJg_Wa3uG7kfHjw_1067576_1076370.wav,hiyeonni_UCIE8oNAijVSSedjX3tUHJg_Wa3uG7kfHjw,1067576,1076370,8794
hiyeonni_UCIE8oNAijVSSedjX3tUHJg_Wa3uG7kfHjw_1076530_1079706.wav,hiyeonni_UCIE8oNAijVSSedjX3tUHJg_Wa3uG7kfHjw,1076530,1079706,3176
hiyeonni_UCIE8oNAijVSSedjX3tUHJg_Wa3uG7kfHjw_1080140_1084740.wav,hiyeonni_UCIE8oNAijVSSedjX3tUHJg_Wa3uG7kfHjw,1080140,1084740,4600
hiyeonni_UCIE8oNAijVSSedjX3tUHJg_Wa3uG7kfHjw_1084860_1087252.wav,hiyeonni_UCIE8oNAijVSSedjX3tUHJg_Wa3uG7kfHjw,1084860,1087252,2392
hiyeonni_UCIE8oNAijVSSedjX3tUHJg_Wa3uG7kfHjw_1087420_1094980.wav,hiyeonni_UCIE8oNAijVSSedjX3tUHJg_Wa3uG7kfHjw,1087420,1094980,7560
hiyeonni_UCIE8oNAijVSSedjX3tUHJg_Wa3uG7kfHjw_1095116_1096364.wav,hiyeonni_UCIE8oNAijVSSedjX3tUHJg_Wa3uG7kfHjw,1095116,1096364,1248
hiyeonni_UCIE8oNAijVSSedjX3tUHJg_Wa3uG7kfHjw_1096540_1097484.wav,hiyeonni_UCIE8oNAijVSSedjX3tUHJg_Wa3uG7kfHjw,1096540,1097484,944
hiyeonni_UCIE8oNAijVSSedjX3tUHJg_Wa3uG7kfHjw_1097620_1103660.wav,hiyeonni_UCIE8oNAijVSSedjX3tUHJg_Wa3uG7kfHjw,1097620,1103660,6040
hiyeonni_UCIE8oNAijVSSedjX3tUHJg_Wa3uG7kfHjw_1103780_1109048.wav,hiyeonni_UCIE8oNAijVSSedjX3tUHJg_Wa3uG7kfHjw,1103780,1109048,5268
hiyeonni_UCIE8oNAijVSSedjX3tUHJg_Wa3uG7kfHjw_1109200_1110568.wav,hiyeonni_UCIE8oNAijVSSedjX3tUHJg_Wa3uG7kfHjw,1109200,1110568,1368
hiyeonni_UCIE8oNAijVSSedjX3tUHJg_Wa3uG7kfHjw_1110784_1113944.wav,hiyeonni_UCIE8oNAijVSSedjX3tUHJg_Wa3uG7kfHjw,1110784,1113944,3160
hiyeonni_UCIE8oNAijVSSedjX3tUHJg_Wa3uG7kfHjw_1114144_1119820.wav,hiyeonni_UCIE8oNAijVSSedjX3tUHJg_Wa3uG7kfHjw,1114144,1119820,5676
hiyeonni_UCIE8oNAijVSSedjX3tUHJg_Wa3uG7kfHjw_1119956_1125768.wav,hiyeonni_UCIE8oNAijVSSedjX3tUHJg_Wa3uG7kfHjw,1119956,1125768,5812
hiyeonni_UCIE8oNAijVSSedjX3tUHJg_Wa3uG7kfHjw_1126112_1129736.wav,hiyeonni_UCIE8oNAijVSSedjX3tUHJg_Wa3uG7kfHjw,1126112,1129736,3624
hiyeonni_UCIE8oNAijVSSedjX3tUHJg_Wa3uG7kfHjw_1130008_1131456.wav,hiyeonni_UCIE8oNAijVSSedjX3tUHJg_Wa3uG7kfHjw,1130008,1131456,1448
hiyeonni_UCIE8oNAijVSSedjX3tUHJg_Wa3uG7kfHjw_1131576_1136232.wav,hiyeonni_UCIE8oNAijVSSedjX3tUHJg_Wa3uG7kfHjw,1131576,1136232,4656
hiyeonni_UCIE8oNAijVSSedjX3tUHJg_Wa3uG7kfHjw_1136352_1139936.wav,hiyeonni_UCIE8oNAijVSSedjX3tUHJg_Wa3uG7kfHjw,1136352,1139936,3584
hiyeonni_UCIE8oNAijVSSedjX3tUHJg_Wa3uG7kfHjw_1140040_1142080.wav,hiyeonni_UCIE8oNAijVSSedjX3tUHJg_Wa3uG7kfHjw,1140040,1142080,2040
hiyeonni_UCIE8oNAijVSSedjX3tUHJg_Wa3uG7kfHjw_1142312_1151560.wav,hiyeonni_UCIE8oNAijVSSedjX3tUHJg_Wa3uG7kfHjw,1142312,1151560,9248
hiyeonni_UCIE8oNAijVSSedjX3tUHJg_Wa3uG7kfHjw_1151672_1157440.wav,hiyeonni_UCIE8oNAijVSSedjX3tUHJg_Wa3uG7kfHjw,1151672,1157440,5768
hiyeonni_UCIE8oNAijVSSedjX3tUHJg_Wa3uG7kfHjw_1157608_1161880.wav,hiyeonni_UCIE8oNAijVSSedjX3tUHJg_Wa3uG7kfHjw,1157608,1161880,4272
hiyeonni_UCIE8oNAijVSSedjX3tUHJg_Wa3uG7kfHjw_1161992_1163168.wav,hiyeonni_UCIE8oNAijVSSedjX3tUHJg_Wa3uG7kfHjw,1161992,1163168,1176
hiyeonni_UCIE8oNAijVSSedjX3tUHJg_Wa3uG7kfHjw_1163368_1165368.wav,hiyeonni_UCIE8oNAijVSSedjX3tUHJg_Wa3uG7kfHjw,1163368,1165368,2000
hiyeonni_UCIE8oNAijVSSedjX3tUHJg_Wa3uG7kfHjw_1165648_1172368.wav,hiyeonni_UCIE8oNAijVSSedjX3tUHJg_Wa3uG7kfHjw,1165648,1172368,6720
hiyeonni_UCIE8oNAijVSSedjX3tUHJg_Wa3uG7kfHjw_1172696_1175656.wav,hiyeonni_UCIE8oNAijVSSedjX3tUHJg_Wa3uG7kfHjw,1172696,1175656,2960
hiyeonni_UCIE8oNAijVSSedjX3tUHJg_Wa3uG7kfHjw_1176088_1183864.wav,hiyeonni_UCIE8oNAijVSSedjX3tUHJg_Wa3uG7kfHjw,1176088,1183864,7776
hiyeonni_UCIE8oNAijVSSedjX3tUHJg_Wa3uG7kfHjw_1184024_1188864.wav,hiyeonni_UCIE8oNAijVSSedjX3tUHJg_Wa3uG7kfHjw,1184024,1188864,4840
hiyeonni_UCIE8oNAijVSSedjX3tUHJg_Wa3uG7kfHjw_1189112_1195800.wav,hiyeonni_UCIE8oNAijVSSedjX3tUHJg_Wa3uG7kfHjw,1189112,1195800,6688
hiyeonni_UCIE8oNAijVSSedjX3tUHJg_Wa3uG7kfHjw_1196152_1197656.wav,hiyeonni_UCIE8oNAijVSSedjX3tUHJg_Wa3uG7kfHjw,1196152,1197656,1504
hiyeonni_UCIE8oNAijVSSedjX3tUHJg_Wa3uG7kfHjw_1198024_1203176.wav,hiyeonni_UCIE8oNAijVSSedjX3tUHJg_Wa3uG7kfHjw,1198024,1203176,5152
hiyeonni_UCIE8oNAijVSSedjX3tUHJg_Wa3uG7kfHjw_1203368_1203688.wav,hiyeonni_UCIE8oNAijVSSedjX3tUHJg_Wa3uG7kfHjw,1203368,1203688,320
hiyeonni_UCIE8oNAijVSSedjX3tUHJg_Wa3uG7kfHjw_1204184_1213432.wav,hiyeonni_UCIE8oNAijVSSedjX3tUHJg_Wa3uG7kfHjw,1204184,1213432,9248
hiyeonni_UCIE8oNAijVSSedjX3tUHJg_Wa3uG7kfHjw_1213800_1215384.wav,hiyeonni_UCIE8oNAijVSSedjX3tUHJg_Wa3uG7kfHjw,1213800,1215384,1584
hiyeonni_UCIE8oNAijVSSedjX3tUHJg_Wa3uG7kfHjw_1216264_1222912.wav,hiyeonni_UCIE8oNAijVSSedjX3tUHJg_Wa3uG7kfHjw,1216264,1222912,6648
hiyeonni_UCIE8oNAijVSSedjX3tUHJg_Wa3uG7kfHjw_1223176_1231528.wav,hiyeonni_UCIE8oNAijVSSedjX3tUHJg_Wa3uG7kfHjw,1223176,1231528,8352
hiyeonni_UCIE8oNAijVSSedjX3tUHJg_Wa3uG7kfHjw_1231808_1236820.wav,hiyeonni_UCIE8oNAijVSSedjX3tUHJg_Wa3uG7kfHjw,1231808,1236820,5012
hiyeonni_UCIE8oNAijVSSedjX3tUHJg_Wa3uG7kfHjw_1236932_1245396.wav,hiyeonni_UCIE8oNAijVSSedjX3tUHJg_Wa3uG7kfHjw,1236932,1245396,8464
hiyeonni_UCIE8oNAijVSSedjX3tUHJg_Wa3uG7kfHjw_1246128_1246688.wav,hiyeonni_UCIE8oNAijVSSedjX3tUHJg_Wa3uG7kfHjw,1246128,1246688,560
hiyeonni_UCIE8oNAijVSSedjX3tUHJg_Wa3uG7kfHjw_1246976_1253576.wav,hiyeonni_UCIE8oNAijVSSedjX3tUHJg_Wa3uG7kfHjw,1246976,1253576,6600
hiyeonni_UCIE8oNAijVSSedjX3tUHJg_Wa3uG7kfHjw_1253992_1254600.wav,hiyeonni_UCIE8oNAijVSSedjX3tUHJg_Wa3uG7kfHjw,1253992,1254600,608
hiyeonni_UCIE8oNAijVSSedjX3tUHJg_Wa3uG7kfHjw_1254760_1256184.wav,hiyeonni_UCIE8oNAijVSSedjX3tUHJg_Wa3uG7kfHjw,1254760,1256184,1424
hiyeonni_UCIE8oNAijVSSedjX3tUHJg_Wa3uG7kfHjw_1256336_1265912.wav,hiyeonni_UCIE8oNAijVSSedjX3tUHJg_Wa3uG7kfHjw,1256336,1265912,9576
hiyeonni_UCIE8oNAijVSSedjX3tUHJg_Wa3uG7kfHjw_1266104_1271880.wav,hiyeonni_UCIE8oNAijVSSedjX3tUHJg_Wa3uG7kfHjw,1266104,1271880,5776
hiyeonni_UCIE8oNAijVSSedjX3tUHJg_Wa3uG7kfHjw_1272304_1273192.wav,hiyeonni_UCIE8oNAijVSSedjX3tUHJg_Wa3uG7kfHjw,1272304,1273192,888
hiyeonni_UCIE8oNAijVSSedjX3tUHJg_Wa3uG7kfHjw_1273352_1273944.wav,hiyeonni_UCIE8oNAijVSSedjX3tUHJg_Wa3uG7kfHjw,1273352,1273944,592
hiyeonni_UCIE8oNAijVSSedjX3tUHJg_Wa3uG7kfHjw_1274096_1274960.wav,hiyeonni_UCIE8oNAijVSSedjX3tUHJg_Wa3uG7kfHjw,1274096,1274960,864
hiyeonni_UCIE8oNAijVSSedjX3tUHJg_Wa3uG7kfHjw_1275224_1284408.wav,hiyeonni_UCIE8oNAijVSSedjX3tUHJg_Wa3uG7kfHjw,1275224,1284408,9184
hiyeonni_UCIE8oNAijVSSedjX3tUHJg_Wa3uG7kfHjw_1284608_1287608.wav,hiyeonni_UCIE8oNAijVSSedjX3tUHJg_Wa3uG7kfHjw,1284608,1287608,3000
hiyeonni_UCIE8oNAijVSSedjX3tUHJg_Wa3uG7kfHjw_1288136_1290996.wav,hiyeonni_UCIE8oNAijVSSedjX3tUHJg_Wa3uG7kfHjw,1288136,1290996,2860
hiyeonni_UCIE8oNAijVSSedjX3tUHJg_Wa3uG7kfHjw_1291164_1300568.wav,hiyeonni_UCIE8oNAijVSSedjX3tUHJg_Wa3uG7kfHjw,1291164,1300568,9404
hiyeonni_UCIE8oNAijVSSedjX3tUHJg_Wa3uG7kfHjw_1300728_1302904.wav,hiyeonni_UCIE8oNAijVSSedjX3tUHJg_Wa3uG7kfHjw,1300728,1302904,2176
hiyeonni_UCIE8oNAijVSSedjX3tUHJg_Wa3uG7kfHjw_1303056_1307064.wav,hiyeonni_UCIE8oNAijVSSedjX3tUHJg_Wa3uG7kfHjw,1303056,1307064,4008
hiyeonni_UCIE8oNAijVSSedjX3tUHJg_Wa3uG7kfHjw_1307272_1310072.wav,hiyeonni_UCIE8oNAijVSSedjX3tUHJg_Wa3uG7kfHjw,1307272,1310072,2800
hiyeonni_UCIE8oNAijVSSedjX3tUHJg_Wa3uG7kfHjw_1310336_1313096.wav,hiyeonni_UCIE8oNAijVSSedjX3tUHJg_Wa3uG7kfHjw,1310336,1313096,2760
hiyeonni_UCIE8oNAijVSSedjX3tUHJg_Wa3uG7kfHjw_1313296_1315896.wav,hiyeonni_UCIE8oNAijVSSedjX3tUHJg_Wa3uG7kfHjw,1313296,1315896,2600
hiyeonni_UCIE8oNAijVSSedjX3tUHJg_Wa3uG7kfHjw_1316096_1319512.wav,hiyeonni_UCIE8oNAijVSSedjX3tUHJg_Wa3uG7kfHjw,1316096,1319512,3416
hiyeonni_UCIE8oNAijVSSedjX3tUHJg_Wa3uG7kfHjw_1319952_1322136.wav,hiyeonni_UCIE8oNAijVSSedjX3tUHJg_Wa3uG7kfHjw,1319952,1322136,2184
hiyeonni_UCIE8oNAijVSSedjX3tUHJg_Wa3uG7kfHjw_1322328_1325400.wav,hiyeonni_UCIE8oNAijVSSedjX3tUHJg_Wa3uG7kfHjw,1322328,1325400,3072
hiyeonni_UCIE8oNAijVSSedjX3tUHJg_Wa3uG7kfHjw_1325696_1331696.wav,hiyeonni_UCIE8oNAijVSSedjX3tUHJg_Wa3uG7kfHjw,1325696,1331696,6000
hiyeonni_UCIE8oNAijVSSedjX3tUHJg_Wa3uG7kfHjw_1332144_1334316.wav,hiyeonni_UCIE8oNAijVSSedjX3tUHJg_Wa3uG7kfHjw,1332144,1334316,2172
hiyeonni_UCIE8oNAijVSSedjX3tUHJg_Wa3uG7kfHjw_1334484_1340528.wav,hiyeonni_UCIE8oNAijVSSedjX3tUHJg_Wa3uG7kfHjw,1334484,1340528,6044
hiyeonni_UCIE8oNAijVSSedjX3tUHJg_Wa3uG7kfHjw_1340696_1346460.wav,hiyeonni_UCIE8oNAijVSSedjX3tUHJg_Wa3uG7kfHjw,1340696,1346460,5764
hiyeonni_UCIE8oNAijVSSedjX3tUHJg_Wa3uG7kfHjw_1346660_1347176.wav,hiyeonni_UCIE8oNAijVSSedjX3tUHJg_Wa3uG7kfHjw,1346660,1347176,516
hiyeonni_UCIE8oNAijVSSedjX3tUHJg_Wa3uG7kfHjw_1347480_1347616.wav,hiyeonni_UCIE8oNAijVSSedjX3tUHJg_Wa3uG7kfHjw,1347480,1347616,136
hiyeonni_UCIE8oNAijVSSedjX3tUHJg_Wa3uG7kfHjw_1348056_1357684.wav,hiyeonni_UCIE8oNAijVSSedjX3tUHJg_Wa3uG7kfHjw,1348056,1357684,9628
hiyeonni_UCIE8oNAijVSSedjX3tUHJg_Wa3uG7kfHjw_1357812_1358448.wav,hiyeonni_UCIE8oNAijVSSedjX3tUHJg_Wa3uG7kfHjw,1357812,1358448,636
hiyeonni_UCIE8oNAijVSSedjX3tUHJg_Wa3uG7kfHjw_1358720_1363728.wav,hiyeonni_UCIE8oNAijVSSedjX3tUHJg_Wa3uG7kfHjw,1358720,1363728,5008
hiyeonni_UCIE8oNAijVSSedjX3tUHJg_Wa3uG7kfHjw_1364080_1369680.wav,hiyeonni_UCIE8oNAijVSSedjX3tUHJg_Wa3uG7kfHjw,1364080,1369680,5600
hiyeonni_UCIE8oNAijVSSedjX3tUHJg_Wa3uG7kfHjw_1369896_1376208.wav,hiyeonni_UCIE8oNAijVSSedjX3tUHJg_Wa3uG7kfHjw,1369896,1376208,6312
hiyeonni_UCIE8oNAijVSSedjX3tUHJg_Wa3uG7kfHjw_1377016_1382136.wav,hiyeonni_UCIE8oNAijVSSedjX3tUHJg_Wa3uG7kfHjw,1377016,1382136,5120
hiyeonni_UCIE8oNAijVSSedjX3tUHJg_Wa3uG7kfHjw_1382608_1385696.wav,hiyeonni_UCIE8oNAijVSSedjX3tUHJg_Wa3uG7kfHjw,1382608,1385696,3088
hiyeonni_UCIE8oNAijVSSedjX3tUHJg_Wa3uG7kfHjw_1385896_1390520.wav,hiyeonni_UCIE8oNAijVSSedjX3tUHJg_Wa3uG7kfHjw,1385896,1390520,4624
hiyeonni_UCIE8oNAijVSSedjX3tUHJg_Wa3uG7kfHjw_1390640_1400352.wav,hiyeonni_UCIE8oNAijVSSedjX3tUHJg_Wa3uG7kfHjw,1390640,1400352,9712
hiyeonni_UCIE8oNAijVSSedjX3tUHJg_Wa3uG7kfHjw_1400528_1406904.wav,hiyeonni_UCIE8oNAijVSSedjX3tUHJg_Wa3uG7kfHjw,1400528,1406904,6376
hiyeonni_UCIE8oNAijVSSedjX3tUHJg_Wa3uG7kfHjw_1407392_1413552.wav,hiyeonni_UCIE8oNAijVSSedjX3tUHJg_Wa3uG7kfHjw,1407392,1413552,6160
hiyeonni_UCIE8oNAijVSSedjX3tUHJg_Wa3uG7kfHjw_1413968_1422066.wav,hiyeonni_UCIE8oNAijVSSedjX3tUHJg_Wa3uG7kfHjw,1413968,1422066,8098
hiyeonni_UCIE8oNAijVSSedjX3tUHJg_Wa3uG7kfHjw_1422234_1424291.wav,hiyeonni_UCIE8oNAijVSSedjX3tUHJg_Wa3uG7kfHjw,1422234,1424291,2057
hiyeonni_UCIE8oNAijVSSedjX3tUHJg_Wa3uG7kfHjw_1424531_1427923.wav,hiyeonni_UCIE8oNAijVSSedjX3tUHJg_Wa3uG7kfHjw,1424531,1427923,3392
hiyeonni_UCIE8oNAijVSSedjX3tUHJg_Wa3uG7kfHjw_1428147_1433364.wav,hiyeonni_UCIE8oNAijVSSedjX3tUHJg_Wa3uG7kfHjw,1428147,1433364,5217
hiyeonni_UCIE8oNAijVSSedjX3tUHJg_Wa3uG7kfHjw_1433564_1437020.wav,hiyeonni_UCIE8oNAijVSSedjX3tUHJg_Wa3uG7kfHjw,1433564,1437020,3456
hiyeonni_UCIE8oNAijVSSedjX3tUHJg_Wa3uG7kfHjw_1437244_1441710.wav,hiyeonni_UCIE8oNAijVSSedjX3tUHJg_Wa3uG7kfHjw,1437244,1441710,4466
hiyeonni_UCIE8oNAijVSSedjX3tUHJg_Wa3uG7kfHjw_1441886_1444767.wav,hiyeonni_UCIE8oNAijVSSedjX3tUHJg_Wa3uG7kfHjw,1441886,1444767,2881
hiyeonni_UCIE8oNAijVSSedjX3tUHJg_Wa3uG7kfHjw_1444991_1454560.wav,hiyeonni_UCIE8oNAijVSSedjX3tUHJg_Wa3uG7kfHjw,1444991,1454560,9569
hiyeonni_UCIE8oNAijVSSedjX3tUHJg_Wa3uG7kfHjw_1455008_1456696.wav,hiyeonni_UCIE8oNAijVSSedjX3tUHJg_Wa3uG7kfHjw,1455008,1456696,1688
hiyeonni_UCIE8oNAijVSSedjX3tUHJg_Wa3uG7kfHjw_1457088_1458504.wav,hiyeonni_UCIE8oNAijVSSedjX3tUHJg_Wa3uG7kfHjw,1457088,1458504,1416
hiyeonni_UCIE8oNAijVSSedjX3tUHJg_Wa3uG7kfHjw_1458632_1466176.wav,hiyeonni_UCIE8oNAijVSSedjX3tUHJg_Wa3uG7kfHjw,1458632,1466176,7544
hiyeonni_UCIE8oNAijVSSedjX3tUHJg_Wa3uG7kfHjw_1466408_1472664.wav,hiyeonni_UCIE8oNAijVSSedjX3tUHJg_Wa3uG7kfHjw,1466408,1472664,6256
hiyeonni_UCIE8oNAijVSSedjX3tUHJg_Wa3uG7kfHjw_1473024_1475784.wav,hiyeonni_UCIE8oNAijVSSedjX3tUHJg_Wa3uG7kfHjw,1473024,1475784,2760
hiyeonni_UCIE8oNAijVSSedjX3tUHJg_Wa3uG7kfHjw_1475904_1481184.wav,hiyeonni_UCIE8oNAijVSSedjX3tUHJg_Wa3uG7kfHjw,1475904,1481184,5280
hiyeonni_UCIE8oNAijVSSedjX3tUHJg_Wa3uG7kfHjw_1481296_1482488.wav,hiyeonni_UCIE8oNAijVSSedjX3tUHJg_Wa3uG7kfHjw,1481296,1482488,1192
hiyeonni_UCIE8oNAijVSSedjX3tUHJg_Wa3uG7kfHjw_1482664_1486816.wav,hiyeonni_UCIE8oNAijVSSedjX3tUHJg_Wa3uG7kfHjw,1482664,1486816,4152
hiyeonni_UCIE8oNAijVSSedjX3tUHJg_Wa3uG7kfHjw_1487264_1494392.wav,hiyeonni_UCIE8oNAijVSSedjX3tUHJg_Wa3uG7kfHjw,1487264,1494392,7128
hiyeonni_UCIE8oNAijVSSedjX3tUHJg_Wa3uG7kfHjw_1494544_1499728.wav,hiyeonni_UCIE8oNAijVSSedjX3tUHJg_Wa3uG7kfHjw,1494544,1499728,5184
hiyeonni_UCIE8oNAijVSSedjX3tUHJg_Wa3uG7kfHjw_1499888_1500944.wav,hiyeonni_UCIE8oNAijVSSedjX3tUHJg_Wa3uG7kfHjw,1499888,1500944,1056
hiyeonni_UCIE8oNAijVSSedjX3tUHJg_Wa3uG7kfHjw_1501456_1507652.wav,hiyeonni_UCIE8oNAijVSSedjX3tUHJg_Wa3uG7kfHjw,1501456,1507652,6196
hiyeonni_UCIE8oNAijVSSedjX3tUHJg_Wa3uG7kfHjw_1507876_1513044.wav,hiyeonni_UCIE8oNAijVSSedjX3tUHJg_Wa3uG7kfHjw,1507876,1513044,5168
hiyeonni_UCIE8oNAijVSSedjX3tUHJg_Wa3uG7kfHjw_1513196_1518620.wav,hiyeonni_UCIE8oNAijVSSedjX3tUHJg_Wa3uG7kfHjw,1513196,1518620,5424
hiyeonni_UCIE8oNAijVSSedjX3tUHJg_Wa3uG7kfHjw_1518748_1527348.wav,hiyeonni_UCIE8oNAijVSSedjX3tUHJg_Wa3uG7kfHjw,1518748,1527348,8600
hiyeonni_UCIE8oNAijVSSedjX3tUHJg_Wa3uG7kfHjw_1527708_1528956.wav,hiyeonni_UCIE8oNAijVSSedjX3tUHJg_Wa3uG7kfHjw,1527708,1528956,1248
hiyeonni_UCIE8oNAijVSSedjX3tUHJg_Wa3uG7kfHjw_1529172_1531680.wav,hiyeonni_UCIE8oNAijVSSedjX3tUHJg_Wa3uG7kfHjw,1529172,1531680,2508
hiyeonni_UCIE8oNAijVSSedjX3tUHJg_Wa3uG7kfHjw_1532072_1536872.wav,hiyeonni_UCIE8oNAijVSSedjX3tUHJg_Wa3uG7kfHjw,1532072,1536872,4800
hiyeonni_UCIE8oNAijVSSedjX3tUHJg_Wa3uG7kfHjw_1536976_1541248.wav,hiyeonni_UCIE8oNAijVSSedjX3tUHJg_Wa3uG7kfHjw,1536976,1541248,4272
hiyeonni_UCIE8oNAijVSSedjX3tUHJg_Wa3uG7kfHjw_1541432_1545680.wav,hiyeonni_UCIE8oNAijVSSedjX3tUHJg_Wa3uG7kfHjw,1541432,1545680,4248
hiyeonni_UCIE8oNAijVSSedjX3tUHJg_Wa3uG7kfHjw_1546184_1551120.wav,hiyeonni_UCIE8oNAijVSSedjX3tUHJg_Wa3uG7kfHjw,1546184,1551120,4936
hiyeonni_UCIE8oNAijVSSedjX3tUHJg_Wa3uG7kfHjw_1551272_1553896.wav,hiyeonni_UCIE8oNAijVSSedjX3tUHJg_Wa3uG7kfHjw,1551272,1553896,2624
hiyeonni_UCIE8oNAijVSSedjX3tUHJg_Wa3uG7kfHjw_1554200_1555736.wav,hiyeonni_UCIE8oNAijVSSedjX3tUHJg_Wa3uG7kfHjw,1554200,1555736,1536
hiyeonni_UCIE8oNAijVSSedjX3tUHJg_Wa3uG7kfHjw_1555888_1556600.wav,hiyeonni_UCIE8oNAijVSSedjX3tUHJg_Wa3uG7kfHjw,1555888,1556600,712
hiyeonni_UCIE8oNAijVSSedjX3tUHJg_Wa3uG7kfHjw_1556736_1564864.wav,hiyeonni_UCIE8oNAijVSSedjX3tUHJg_Wa3uG7kfHjw,1556736,1564864,8128
hiyeonni_UCIE8oNAijVSSedjX3tUHJg_Wa3uG7kfHjw_1565104_1567128.wav,hiyeonni_UCIE8oNAijVSSedjX3tUHJg_Wa3uG7kfHjw,1565104,1567128,2024
hiyeonni_UCIE8oNAijVSSedjX3tUHJg_Wa3uG7kfHjw_1567280_1569752.wav,hiyeonni_UCIE8oNAijVSSedjX3tUHJg_Wa3uG7kfHjw,1567280,1569752,2472
hiyeonni_UCIE8oNAijVSSedjX3tUHJg_Wa3uG7kfHjw_1569984_1573168.wav,hiyeonni_UCIE8oNAijVSSedjX3tUHJg_Wa3uG7kfHjw,1569984,1573168,3184
hiyeonni_UCIE8oNAijVSSedjX3tUHJg_Wa3uG7kfHjw_1573472_1575048.wav,hiyeonni_UCIE8oNAijVSSedjX3tUHJg_Wa3uG7kfHjw,1573472,1575048,1576
hiyeonni_UCIE8oNAijVSSedjX3tUHJg_Wa3uG7kfHjw_1575168_1576864.wav,hiyeonni_UCIE8oNAijVSSedjX3tUHJg_Wa3uG7kfHjw,1575168,1576864,1696
hiyeonni_UCIE8oNAijVSSedjX3tUHJg_Wa3uG7kfHjw_1577160_1581448.wav,hiyeonni_UCIE8oNAijVSSedjX3tUHJg_Wa3uG7kfHjw,1577160,1581448,4288
hiyeonni_UCIE8oNAijVSSedjX3tUHJg_Wa3uG7kfHjw_1581712_1585992.wav,hiyeonni_UCIE8oNAijVSSedjX3tUHJg_Wa3uG7kfHjw,1581712,1585992,4280
hiyeonni_UCIE8oNAijVSSedjX3tUHJg_Wa3uG7kfHjw_1586136_1587424.wav,hiyeonni_UCIE8oNAijVSSedjX3tUHJg_Wa3uG7kfHjw,1586136,1587424,1288
hiyeonni_UCIE8oNAijVSSedjX3tUHJg_Wa3uG7kfHjw_1587544_1593600.wav,hiyeonni_UCIE8oNAijVSSedjX3tUHJg_Wa3uG7kfHjw,1587544,1593600,6056
hiyeonni_UCIE8oNAijVSSedjX3tUHJg_Wa3uG7kfHjw_1593744_1595672.wav,hiyeonni_UCIE8oNAijVSSedjX3tUHJg_Wa3uG7kfHjw,1593744,1595672,1928
hiyeonni_UCIE8oNAijVSSedjX3tUHJg_Wa3uG7kfHjw_1595992_1599352.wav,hiyeonni_UCIE8oNAijVSSedjX3tUHJg_Wa3uG7kfHjw,1595992,1599352,3360
hiyeonni_UCIE8oNAijVSSedjX3tUHJg_Wa3uG7kfHjw_1599632_1606520.wav,hiyeonni_UCIE8oNAijVSSedjX3tUHJg_Wa3uG7kfHjw,1599632,1606520,6888
hiyeonni_UCIE8oNAijVSSedjX3tUHJg_Wa3uG7kfHjw_1607168_1608456.wav,hiyeonni_UCIE8oNAijVSSedjX3tUHJg_Wa3uG7kfHjw,1607168,1608456,1288
hiyeonni_UCIE8oNAijVSSedjX3tUHJg_Wa3uG7kfHjw_1608944_1613120.wav,hiyeonni_UCIE8oNAijVSSedjX3tUHJg_Wa3uG7kfHjw,1608944,1613120,4176
hiyeonni_UCIE8oNAijVSSedjX3tUHJg_Wa3uG7kfHjw_1613280_1619904.wav,hiyeonni_UCIE8oNAijVSSedjX3tUHJg_Wa3uG7kfHjw,1613280,1619904,6624
hiyeonni_UCIE8oNAijVSSedjX3tUHJg_Wa3uG7kfHjw_1620080_1620904.wav,hiyeonni_UCIE8oNAijVSSedjX3tUHJg_Wa3uG7kfHjw,1620080,1620904,824
hiyeonni_UCIE8oNAijVSSedjX3tUHJg_Wa3uG7kfHjw_1621272_1626524.wav,hiyeonni_UCIE8oNAijVSSedjX3tUHJg_Wa3uG7kfHjw,1621272,1626524,5252
hiyeonni_UCIE8oNAijVSSedjX3tUHJg_Wa3uG7kfHjw_1626676_1631544.wav,hiyeonni_UCIE8oNAijVSSedjX3tUHJg_Wa3uG7kfHjw,1626676,1631544,4868
hiyeonni_UCIE8oNAijVSSedjX3tUHJg_Wa3uG7kfHjw_1631760_1637184.wav,hiyeonni_UCIE8oNAijVSSedjX3tUHJg_Wa3uG7kfHjw,1631760,1637184,5424
hiyeonni_UCIE8oNAijVSSedjX3tUHJg_Wa3uG7kfHjw_1637344_1638256.wav,hiyeonni_UCIE8oNAijVSSedjX3tUHJg_Wa3uG7kfHjw,1637344,1638256,912
hiyeonni_UCIE8oNAijVSSedjX3tUHJg_Wa3uG7kfHjw_1638664_1647652.wav,hiyeonni_UCIE8oNAijVSSedjX3tUHJg_Wa3uG7kfHjw,1638664,1647652,8988
hiyeonni_UCIE8oNAijVSSedjX3tUHJg_Wa3uG7kfHjw_1647876_1649552.wav,hiyeonni_UCIE8oNAijVSSedjX3tUHJg_Wa3uG7kfHjw,1647876,1649552,1676
hiyeonni_UCIE8oNAijVSSedjX3tUHJg_Wa3uG7kfHjw_1649824_1658464.wav,hiyeonni_UCIE8oNAijVSSedjX3tUHJg_Wa3uG7kfHjw,1649824,1658464,8640
hiyeonni_UCIE8oNAijVSSedjX3tUHJg_Wa3uG7kfHjw_1658992_1660592.wav,hiyeonni_UCIE8oNAijVSSedjX3tUHJg_Wa3uG7kfHjw,1658992,1660592,1600
hiyeonni_UCIE8oNAijVSSedjX3tUHJg_Wa3uG7kfHjw_1660896_1665816.wav,hiyeonni_UCIE8oNAijVSSedjX3tUHJg_Wa3uG7kfHjw,1660896,1665816,4920
hiyeonni_UCIE8oNAijVSSedjX3tUHJg_Wa3uG7kfHjw_1666216_1669968.wav,hiyeonni_UCIE8oNAijVSSedjX3tUHJg_Wa3uG7kfHjw,1666216,1669968,3752
hiyeonni_UCIE8oNAijVSSedjX3tUHJg_Wa3uG7kfHjw_1670616_1671760.wav,hiyeonni_UCIE8oNAijVSSedjX3tUHJg_Wa3uG7kfHjw,1670616,1671760,1144
hiyeonni_UCIE8oNAijVSSedjX3tUHJg_Wa3uG7kfHjw_1672144_1676552.wav,hiyeonni_UCIE8oNAijVSSedjX3tUHJg_Wa3uG7kfHjw,1672144,1676552,4408
hiyeonni_UCIE8oNAijVSSedjX3tUHJg_Wa3uG7kfHjw_1676968_1678068.wav,hiyeonni_UCIE8oNAijVSSedjX3tUHJg_Wa3uG7kfHjw,1676968,1678068,1100
hiyeonni_UCIE8oNAijVSSedjX3tUHJg_Wa3uG7kfHjw_1678220_1679516.wav,hiyeonni_UCIE8oNAijVSSedjX3tUHJg_Wa3uG7kfHjw,1678220,1679516,1296
hiyeonni_UCIE8oNAijVSSedjX3tUHJg_Wa3uG7kfHjw_1679652_1688180.wav,hiyeonni_UCIE8oNAijVSSedjX3tUHJg_Wa3uG7kfHjw,1679652,1688180,8528
hiyeonni_UCIE8oNAijVSSedjX3tUHJg_Wa3uG7kfHjw_1688348_1688548.wav,hiyeonni_UCIE8oNAijVSSedjX3tUHJg_Wa3uG7kfHjw,1688348,1688548,200
hiyeonni_UCIE8oNAijVSSedjX3tUHJg_Wa3uG7kfHjw_1688708_1691236.wav,hiyeonni_UCIE8oNAijVSSedjX3tUHJg_Wa3uG7kfHjw,1688708,1691236,2528
hiyeonni_UCIE8oNAijVSSedjX3tUHJg_Wa3uG7kfHjw_1691420_1692412.wav,hiyeonni_UCIE8oNAijVSSedjX3tUHJg_Wa3uG7kfHjw,1691420,1692412,992
hiyeonni_UCIE8oNAijVSSedjX3tUHJg_Wa3uG7kfHjw_1692580_1700036.wav,hiyeonni_UCIE8oNAijVSSedjX3tUHJg_Wa3uG7kfHjw,1692580,1700036,7456
hiyeonni_UCIE8oNAijVSSedjX3tUHJg_Wa3uG7kfHjw_1700252_1709916.wav,hiyeonni_UCIE8oNAijVSSedjX3tUHJg_Wa3uG7kfHjw,1700252,1709916,9664
hiyeonni_UCIE8oNAijVSSedjX3tUHJg_Wa3uG7kfHjw_1710156_1711790.wav,hiyeonni_UCIE8oNAijVSSedjX3tUHJg_Wa3uG7kfHjw,1710156,1711790,1634
hiyeonni_UCIE8oNAijVSSedjX3tUHJg_Wa3uG7kfHjw_1712006_1713598.wav,hiyeonni_UCIE8oNAijVSSedjX3tUHJg_Wa3uG7kfHjw,1712006,1713598,1592
hiyeonni_UCIE8oNAijVSSedjX3tUHJg_Wa3uG7kfHjw_1713798_1723326.wav,hiyeonni_UCIE8oNAijVSSedjX3tUHJg_Wa3uG7kfHjw,1713798,1723326,9528
hiyeonni_UCIE8oNAijVSSedjX3tUHJg_Wa3uG7kfHjw_1723486_1729192.wav,hiyeonni_UCIE8oNAijVSSedjX3tUHJg_Wa3uG7kfHjw,1723486,1729192,5706
hiyeonni_UCIE8oNAijVSSedjX3tUHJg_Wa3uG7kfHjw_1729680_1732916.wav,hiyeonni_UCIE8oNAijVSSedjX3tUHJg_Wa3uG7kfHjw,1729680,1732916,3236
hiyeonni_UCIE8oNAijVSSedjX3tUHJg_Wa3uG7kfHjw_1733132_1736684.wav,hiyeonni_UCIE8oNAijVSSedjX3tUHJg_Wa3uG7kfHjw,1733132,1736684,3552
hiyeonni_UCIE8oNAijVSSedjX3tUHJg_Wa3uG7kfHjw_1736836_1740684.wav,hiyeonni_UCIE8oNAijVSSedjX3tUHJg_Wa3uG7kfHjw,1736836,1740684,3848
hiyeonni_UCIE8oNAijVSSedjX3tUHJg_Wa3uG7kfHjw_1740932_1741436.wav,hiyeonni_UCIE8oNAijVSSedjX3tUHJg_Wa3uG7kfHjw,1740932,1741436,504
hiyeonni_UCIE8oNAijVSSedjX3tUHJg_Wa3uG7kfHjw_1741724_1748540.wav,hiyeonni_UCIE8oNAijVSSedjX3tUHJg_Wa3uG7kfHjw,1741724,1748540,6816
hiyeonni_UCIE8oNAijVSSedjX3tUHJg_Wa3uG7kfHjw_1748724_1749632.wav,hiyeonni_UCIE8oNAijVSSedjX3tUHJg_Wa3uG7kfHjw,1748724,1749632,908
hiyeonni_UCIE8oNAijVSSedjX3tUHJg_Wa3uG7kfHjw_1749840_1751200.wav,hiyeonni_UCIE8oNAijVSSedjX3tUHJg_Wa3uG7kfHjw,1749840,1751200,1360
hiyeonni_UCIE8oNAijVSSedjX3tUHJg_Wa3uG7kfHjw_1751912_1757376.wav,hiyeonni_UCIE8oNAijVSSedjX3tUHJg_Wa3uG7kfHjw,1751912,1757376,5464
hiyeonni_UCIE8oNAijVSSedjX3tUHJg_Wa3uG7kfHjw_1757680_1759936.wav,hiyeonni_UCIE8oNAijVSSedjX3tUHJg_Wa3uG7kfHjw,1757680,1759936,2256
hiyeonni_UCIE8oNAijVSSedjX3tUHJg_Wa3uG7kfHjw_1760072_1762424.wav,hiyeonni_UCIE8oNAijVSSedjX3tUHJg_Wa3uG7kfHjw,1760072,1762424,2352
hiyeonni_UCIE8oNAijVSSedjX3tUHJg_Wa3uG7kfHjw_1762600_1764752.wav,hiyeonni_UCIE8oNAijVSSedjX3tUHJg_Wa3uG7kfHjw,1762600,1764752,2152
hiyeonni_UCIE8oNAijVSSedjX3tUHJg_Wa3uG7kfHjw_1764920_1770192.wav,hiyeonni_UCIE8oNAijVSSedjX3tUHJg_Wa3uG7kfHjw,1764920,1770192,5272
hiyeonni_UCIE8oNAijVSSedjX3tUHJg_Wa3uG7kfHjw_1770560_1773936.wav,hiyeonni_UCIE8oNAijVSSedjX3tUHJg_Wa3uG7kfHjw,1770560,1773936,3376
hiyeonni_UCIE8oNAijVSSedjX3tUHJg_Wa3uG7kfHjw_1774360_1776352.wav,hiyeonni_UCIE8oNAijVSSedjX3tUHJg_Wa3uG7kfHjw,1774360,1776352,1992
hiyeonni_UCIE8oNAijVSSedjX3tUHJg_Wa3uG7kfHjw_1776664_1781304.wav,hiyeonni_UCIE8oNAijVSSedjX3tUHJg_Wa3uG7kfHjw,1776664,1781304,4640
hiyeonni_UCIE8oNAijVSSedjX3tUHJg_Wa3uG7kfHjw_1782024_1783744.wav,hiyeonni_UCIE8oNAijVSSedjX3tUHJg_Wa3uG7kfHjw,1782024,1783744,1720
hiyeonni_UCIE8oNAijVSSedjX3tUHJg_Wa3uG7kfHjw_1784096_1784896.wav,hiyeonni_UCIE8oNAijVSSedjX3tUHJg_Wa3uG7kfHjw,1784096,1784896,800
hiyeonni_UCIE8oNAijVSSedjX3tUHJg_Wa3uG7kfHjw_1785128_1792984.wav,hiyeonni_UCIE8oNAijVSSedjX3tUHJg_Wa3uG7kfHjw,1785128,1792984,7856
hiyeonni_UCIE8oNAijVSSedjX3tUHJg_Wa3uG7kfHjw_1793320_1800040.wav,hiyeonni_UCIE8oNAijVSSedjX3tUHJg_Wa3uG7kfHjw,1793320,1800040,6720
hiyeonni_UCIE8oNAijVSSedjX3tUHJg_Wa3uG7kfHjw_1800312_1807968.wav,hiyeonni_UCIE8oNAijVSSedjX3tUHJg_Wa3uG7kfHjw,1800312,1807968,7656
hiyeonni_UCIE8oNAijVSSedjX3tUHJg_Wa3uG7kfHjw_1808200_1814536.wav,hiyeonni_UCIE8oNAijVSSedjX3tUHJg_Wa3uG7kfHjw,1808200,1814536,6336
hiyeonni_UCIE8oNAijVSSedjX3tUHJg_Wa3uG7kfHjw_1814656_1820928.wav,hiyeonni_UCIE8oNAijVSSedjX3tUHJg_Wa3uG7kfHjw,1814656,1820928,6272
hiyeonni_UCIE8oNAijVSSedjX3tUHJg_Wa3uG7kfHjw_1821080_1824072.wav,hiyeonni_UCIE8oNAijVSSedjX3tUHJg_Wa3uG7kfHjw,1821080,1824072,2992
hiyeonni_UCIE8oNAijVSSedjX3tUHJg_Wa3uG7kfHjw_1824240_1830960.wav,hiyeonni_UCIE8oNAijVSSedjX3tUHJg_Wa3uG7kfHjw,1824240,1830960,6720
hiyeonni_UCIE8oNAijVSSedjX3tUHJg_Wa3uG7kfHjw_1831272_1837584.wav,hiyeonni_UCIE8oNAijVSSedjX3tUHJg_Wa3uG7kfHjw,1831272,1837584,6312
hiyeonni_UCIE8oNAijVSSedjX3tUHJg_Wa3uG7kfHjw_1837976_1843336.wav,hiyeonni_UCIE8oNAijVSSedjX3tUHJg_Wa3uG7kfHjw,1837976,1843336,5360
hiyeonni_UCIE8oNAijVSSedjX3tUHJg_Wa3uG7kfHjw_1843840_1847120.wav,hiyeonni_UCIE8oNAijVSSedjX3tUHJg_Wa3uG7kfHjw,1843840,1847120,3280
hiyeonni_UCIE8oNAijVSSedjX3tUHJg_Wa3uG7kfHjw_1847336_1856816.wav,hiyeonni_UCIE8oNAijVSSedjX3tUHJg_Wa3uG7kfHjw,1847336,1856816,9480
hiyeonni_UCIE8oNAijVSSedjX3tUHJg_Wa3uG7kfHjw_1856984_1862952.wav,hiyeonni_UCIE8oNAijVSSedjX3tUHJg_Wa3uG7kfHjw,1856984,1862952,5968
hiyeonni_UCIE8oNAijVSSedjX3tUHJg_Wa3uG7kfHjw_1863104_1869216.wav,hiyeonni_UCIE8oNAijVSSedjX3tUHJg_Wa3uG7kfHjw,1863104,1869216,6112
hiyeonni_UCIE8oNAijVSSedjX3tUHJg_Wa3uG7kfHjw_1869760_1870512.wav,hiyeonni_UCIE8oNAijVSSedjX3tUHJg_Wa3uG7kfHjw,1869760,1870512,752
hiyeonni_UCIE8oNAijVSSedjX3tUHJg_Wa3uG7kfHjw_1870640_1870832.wav,hiyeonni_UCIE8oNAijVSSedjX3tUHJg_Wa3uG7kfHjw,1870640,1870832,192
hiyeonni_UCIE8oNAijVSSedjX3tUHJg_Wa3uG7kfHjw_1871064_1871968.wav,hiyeonni_UCIE8oNAijVSSedjX3tUHJg_Wa3uG7kfHjw,1871064,1871968,904
hiyeonni_UCIE8oNAijVSSedjX3tUHJg_Wa3uG7kfHjw_1872136_1873848.wav,hiyeonni_UCIE8oNAijVSSedjX3tUHJg_Wa3uG7kfHjw,1872136,1873848,1712
hiyeonni_UCIE8oNAijVSSedjX3tUHJg_Wa3uG7kfHjw_1874088_1874784.wav,hiyeonni_UCIE8oNAijVSSedjX3tUHJg_Wa3uG7kfHjw,1874088,1874784,696
hiyeonni_UCIE8oNAijVSSedjX3tUHJg_Wa3uG7kfHjw_1874920_1875056.wav,hiyeonni_UCIE8oNAijVSSedjX3tUHJg_Wa3uG7kfHjw,1874920,1875056,136
hiyeonni_UCIE8oNAijVSSedjX3tUHJg_Wa3uG7kfHjw_1875184_1876560.wav,hiyeonni_UCIE8oNAijVSSedjX3tUHJg_Wa3uG7kfHjw,1875184,1876560,1376
hiyeonni_UCIE8oNAijVSSedjX3tUHJg_Wa3uG7kfHjw_1876704_1877032.wav,hiyeonni_UCIE8oNAijVSSedjX3tUHJg_Wa3uG7kfHjw,1876704,1877032,328
hiyeonni_UCIE8oNAijVSSedjX3tUHJg_Wa3uG7kfHjw_1877152_1878040.wav,hiyeonni_UCIE8oNAijVSSedjX3tUHJg_Wa3uG7kfHjw,1877152,1878040,888
hiyeonni_UCIE8oNAijVSSedjX3tUHJg_Wa3uG7kfHjw_1878192_1880000.wav,hiyeonni_UCIE8oNAijVSSedjX3tUHJg_Wa3uG7kfHjw,1878192,1880000,1808
hiyeonni_UCIE8oNAijVSSedjX3tUHJg_Wa3uG7kfHjw_1880160_1881120.wav,hiyeonni_UCIE8oNAijVSSedjX3tUHJg_Wa3uG7kfHjw,1880160,1881120,960
hiyeonni_UCIE8oNAijVSSedjX3tUHJg_Wa3uG7kfHjw_1881240_1882664.wav,hiyeonni_UCIE8oNAijVSSedjX3tUHJg_Wa3uG7kfHjw,1881240,1882664,1424
hiyeonni_UCIE8oNAijVSSedjX3tUHJg_Wa3uG7kfHjw_1882792_1882976.wav,hiyeonni_UCIE8oNAijVSSedjX3tUHJg_Wa3uG7kfHjw,1882792,1882976,184
hiyeonni_UCIE8oNAijVSSedjX3tUHJg_Wa3uG7kfHjw_1883216_1884120.wav,hiyeonni_UCIE8oNAijVSSedjX3tUHJg_Wa3uG7kfHjw,1883216,1884120,904
hiyeonni_UCIE8oNAijVSSedjX3tUHJg_Wa3uG7kfHjw_1884288_1886000.wav,hiyeonni_UCIE8oNAijVSSedjX3tUHJg_Wa3uG7kfHjw,1884288,1886000,1712
hiyeonni_UCIE8oNAijVSSedjX3tUHJg_Wa3uG7kfHjw_1886248_1886936.wav,hiyeonni_UCIE8oNAijVSSedjX3tUHJg_Wa3uG7kfHjw,1886248,1886936,688
hiyeonni_UCIE8oNAijVSSedjX3tUHJg_Wa3uG7kfHjw_1887072_1887208.wav,hiyeonni_UCIE8oNAijVSSedjX3tUHJg_Wa3uG7kfHjw,1887072,1887208,136
hiyeonni_UCIE8oNAijVSSedjX3tUHJg_Wa3uG7kfHjw_1887336_1888696.wav,hiyeonni_UCIE8oNAijVSSedjX3tUHJg_Wa3uG7kfHjw,1887336,1888696,1360
