filename,video_id,start_time,end_time,duration
hiyeonni_UCIE8oNAijVSSedjX3tUHJg_Wa3uG7kfHjw_0_14560.wav,hiyeonni_UCIE8oNAijVSSedjX3tUHJg_Wa3uG7kfHjw,0,14560,14560
hiyeonni_UCIE8oNAijVSSedjX3tUHJg_Wa3uG7kfHjw_14696_17616.wav,hiyeonni_UCIE8oNAijVSSedjX3tUHJg_Wa3uG7kfHjw,14696,17616,2920
hiyeonni_UCIE8oNAijVSSedjX3tUHJg_Wa3uG7kfHjw_17808_20408.wav,hiyeonni_UCIE8oNAijVSSedjX3tUHJg_Wa3uG7kfHjw,17808,20408,2600
hiyeonni_UCIE8oNAijVSSedjX3tUHJg_Wa3uG7kfHjw_20688_28672.wav,hiyeonni_UCIE8oNAijVSSedjX3tUHJg_Wa3uG7kfHjw,20688,28672,7984
hiyeonni_UCIE8oNAijVSSedjX3tUHJg_Wa3uG7kfHjw_28912_33392.wav,hiyeonni_UCIE8oNAijVSSedjX3tUHJg_Wa3uG7kfHjw,28912,33392,4480
hiyeonni_UCIE8oNAijVSSedjX3tUHJg_Wa3uG7kfHjw_33560_48520.wav,hiyeonni_UCIE8oNAijVSSedjX3tUHJg_Wa3uG7kfHjw,33560,48520,14960
hiyeonni_UCIE8oNAijVSSedjX3tUHJg_Wa3uG7kfHjw_48672_49880.wav,hiyeonni_UCIE8oNAijVSSedjX3tUHJg_Wa3uG7kfHjw,48672,49880,1208
hiyeonni_UCIE8oNAijVSSedjX3tUHJg_Wa3uG7kfHjw_50032_57008.wav,hiyeonni_UCIE8oNAijVSSedjX3tUHJg_Wa3uG7kfHjw,50032,57008,6976
hiyeonni_UCIE8oNAijVSSedjX3tUHJg_Wa3uG7kfHjw_57720_62097.wav,hiyeonni_UCIE8oNAijVSSedjX3tUHJg_Wa3uG7kfHjw,57720,62097,4377
hiyeonni_UCIE8oNAijVSSedjX3tUHJg_Wa3uG7kfHjw_62329_65609.wav,hiyeonni_UCIE8oNAijVSSedjX3tUHJg_Wa3uG7kfHjw,62329,65609,3280
hiyeonni_UCIE8oNAijVSSedjX3tUHJg_Wa3uG7kfHjw_65809_71857.wav,hiyeonni_UCIE8oNAijVSSedjX3tUHJg_Wa3uG7kfHjw,65809,71857,6048
hiyeonni_UCIE8oNAijVSSedjX3tUHJg_Wa3uG7kfHjw_71993_77473.wav,hiyeonni_UCIE8oNAijVSSedjX3tUHJg_Wa3uG7kfHjw,71993,77473,5480
hiyeonni_UCIE8oNAijVSSedjX3tUHJg_Wa3uG7kfHjw_77609_88849.wav,hiyeonni_UCIE8oNAijVSSedjX3tUHJg_Wa3uG7kfHjw,77609,88849,11240
hiyeonni_UCIE8oNAijVSSedjX3tUHJg_Wa3uG7kfHjw_88929_90057.wav,hiyeonni_UCIE8oNAijVSSedjX3tUHJg_Wa3uG7kfHjw,88929,90057,1128
hiyeonni_UCIE8oNAijVSSedjX3tUHJg_Wa3uG7kfHjw_90145_92409.wav,hiyeonni_UCIE8oNAijVSSedjX3tUHJg_Wa3uG7kfHjw,90145,92409,2264
hiyeonni_UCIE8oNAijVSSedjX3tUHJg_Wa3uG7kfHjw_92489_92929.wav,hiyeonni_UCIE8oNAijVSSedjX3tUHJg_Wa3uG7kfHjw,92489,92929,440
hiyeonni_UCIE8oNAijVSSedjX3tUHJg_Wa3uG7kfHjw_93049_96065.wav,hiyeonni_UCIE8oNAijVSSedjX3tUHJg_Wa3uG7kfHjw,93049,96065,3016
hiyeonni_UCIE8oNAijVSSedjX3tUHJg_Wa3uG7kfHjw_96153_96801.wav,hiyeonni_UCIE8oNAijVSSedjX3tUHJg_Wa3uG7kfHjw,96153,96801,648
hiyeonni_UCIE8oNAijVSSedjX3tUHJg_Wa3uG7kfHjw_96881_109857.wav,hiyeonni_UCIE8oNAijVSSedjX3tUHJg_Wa3uG7kfHjw,96881,109857,12976
hiyeonni_UCIE8oNAijVSSedjX3tUHJg_Wa3uG7kfHjw_109969_114913.wav,hiyeonni_UCIE8oNAijVSSedjX3tUHJg_Wa3uG7kfHjw,109969,114913,4944
hiyeonni_UCIE8oNAijVSSedjX3tUHJg_Wa3uG7kfHjw_115081_122018.wav,hiyeonni_UCIE8oNAijVSSedjX3tUHJg_Wa3uG7kfHjw,115081,122018,6937
hiyeonni_UCIE8oNAijVSSedjX3tUHJg_Wa3uG7kfHjw_122370_133532.wav,hiyeonni_UCIE8oNAijVSSedjX3tUHJg_Wa3uG7kfHjw,122370,133532,11162
hiyeonni_UCIE8oNAijVSSedjX3tUHJg_Wa3uG7kfHjw_133804_148781.wav,hiyeonni_UCIE8oNAijVSSedjX3tUHJg_Wa3uG7kfHjw,133804,148781,14977
hiyeonni_UCIE8oNAijVSSedjX3tUHJg_Wa3uG7kfHjw_148941_157861.wav,hiyeonni_UCIE8oNAijVSSedjX3tUHJg_Wa3uG7kfHjw,148941,157861,8920
hiyeonni_UCIE8oNAijVSSedjX3tUHJg_Wa3uG7kfHjw_158005_160918.wav,hiyeonni_UCIE8oNAijVSSedjX3tUHJg_Wa3uG7kfHjw,158005,160918,2913
hiyeonni_UCIE8oNAijVSSedjX3tUHJg_Wa3uG7kfHjw_161070_163422.wav,hiyeonni_UCIE8oNAijVSSedjX3tUHJg_Wa3uG7kfHjw,161070,163422,2352
hiyeonni_UCIE8oNAijVSSedjX3tUHJg_Wa3uG7kfHjw_163582_164352.wav,hiyeonni_UCIE8oNAijVSSedjX3tUHJg_Wa3uG7kfHjw,163582,164352,770
hiyeonni_UCIE8oNAijVSSedjX3tUHJg_Wa3uG7kfHjw_164792_169584.wav,hiyeonni_UCIE8oNAijVSSedjX3tUHJg_Wa3uG7kfHjw,164792,169584,4792
hiyeonni_UCIE8oNAijVSSedjX3tUHJg_Wa3uG7kfHjw_169896_177928.wav,hiyeonni_UCIE8oNAijVSSedjX3tUHJg_Wa3uG7kfHjw,169896,177928,8032
hiyeonni_UCIE8oNAijVSSedjX3tUHJg_Wa3uG7kfHjw_178128_188920.wav,hiyeonni_UCIE8oNAijVSSedjX3tUHJg_Wa3uG7kfHjw,178128,188920,10792
hiyeonni_UCIE8oNAijVSSedjX3tUHJg_Wa3uG7kfHjw_189136_189824.wav,hiyeonni_UCIE8oNAijVSSedjX3tUHJg_Wa3uG7kfHjw,189136,189824,688
hiyeonni_UCIE8oNAijVSSedjX3tUHJg_Wa3uG7kfHjw_189936_196720.wav,hiyeonni_UCIE8oNAijVSSedjX3tUHJg_Wa3uG7kfHjw,189936,196720,6784
hiyeonni_UCIE8oNAijVSSedjX3tUHJg_Wa3uG7kfHjw_196824_201064.wav,hiyeonni_UCIE8oNAijVSSedjX3tUHJg_Wa3uG7kfHjw,196824,201064,4240
hiyeonni_UCIE8oNAijVSSedjX3tUHJg_Wa3uG7kfHjw_201168_206472.wav,hiyeonni_UCIE8oNAijVSSedjX3tUHJg_Wa3uG7kfHjw,201168,206472,5304
hiyeonni_UCIE8oNAijVSSedjX3tUHJg_Wa3uG7kfHjw_206608_217424.wav,hiyeonni_UCIE8oNAijVSSedjX3tUHJg_Wa3uG7kfHjw,206608,217424,10816
hiyeonni_UCIE8oNAijVSSedjX3tUHJg_Wa3uG7kfHjw_217552_224960.wav,hiyeonni_UCIE8oNAijVSSedjX3tUHJg_Wa3uG7kfHjw,217552,224960,7408
hiyeonni_UCIE8oNAijVSSedjX3tUHJg_Wa3uG7kfHjw_225096_237152.wav,hiyeonni_UCIE8oNAijVSSedjX3tUHJg_Wa3uG7kfHjw,225096,237152,12056
hiyeonni_UCIE8oNAijVSSedjX3tUHJg_Wa3uG7kfHjw_237328_239736.wav,hiyeonni_UCIE8oNAijVSSedjX3tUHJg_Wa3uG7kfHjw,237328,239736,2408
hiyeonni_UCIE8oNAijVSSedjX3tUHJg_Wa3uG7kfHjw_240144_247168.wav,hiyeonni_UCIE8oNAijVSSedjX3tUHJg_Wa3uG7kfHjw,240144,247168,7024
hiyeonni_UCIE8oNAijVSSedjX3tUHJg_Wa3uG7kfHjw_247504_249569.wav,hiyeonni_UCIE8oNAijVSSedjX3tUHJg_Wa3uG7kfHjw,247504,249569,2065
hiyeonni_UCIE8oNAijVSSedjX3tUHJg_Wa3uG7kfHjw_249769_259961.wav,hiyeonni_UCIE8oNAijVSSedjX3tUHJg_Wa3uG7kfHjw,249769,259961,10192
hiyeonni_UCIE8oNAijVSSedjX3tUHJg_Wa3uG7kfHjw_260225_271809.wav,hiyeonni_UCIE8oNAijVSSedjX3tUHJg_Wa3uG7kfHjw,260225,271809,11584
hiyeonni_UCIE8oNAijVSSedjX3tUHJg_Wa3uG7kfHjw_272009_273849.wav,hiyeonni_UCIE8oNAijVSSedjX3tUHJg_Wa3uG7kfHjw,272009,273849,1840
hiyeonni_UCIE8oNAijVSSedjX3tUHJg_Wa3uG7kfHjw_274033_276889.wav,hiyeonni_UCIE8oNAijVSSedjX3tUHJg_Wa3uG7kfHjw,274033,276889,2856
hiyeonni_UCIE8oNAijVSSedjX3tUHJg_Wa3uG7kfHjw_277105_291498.wav,hiyeonni_UCIE8oNAijVSSedjX3tUHJg_Wa3uG7kfHjw,277105,291498,14393
hiyeonni_UCIE8oNAijVSSedjX3tUHJg_Wa3uG7kfHjw_291706_297100.wav,hiyeonni_UCIE8oNAijVSSedjX3tUHJg_Wa3uG7kfHjw,291706,297100,5394
hiyeonni_UCIE8oNAijVSSedjX3tUHJg_Wa3uG7kfHjw_297348_300736.wav,hiyeonni_UCIE8oNAijVSSedjX3tUHJg_Wa3uG7kfHjw,297348,300736,3388
hiyeonni_UCIE8oNAijVSSedjX3tUHJg_Wa3uG7kfHjw_301248_304232.wav,hiyeonni_UCIE8oNAijVSSedjX3tUHJg_Wa3uG7kfHjw,301248,304232,2984
hiyeonni_UCIE8oNAijVSSedjX3tUHJg_Wa3uG7kfHjw_305440_307664.wav,hiyeonni_UCIE8oNAijVSSedjX3tUHJg_Wa3uG7kfHjw,305440,307664,2224
hiyeonni_UCIE8oNAijVSSedjX3tUHJg_Wa3uG7kfHjw_308392_313952.wav,hiyeonni_UCIE8oNAijVSSedjX3tUHJg_Wa3uG7kfHjw,308392,313952,5560
hiyeonni_UCIE8oNAijVSSedjX3tUHJg_Wa3uG7kfHjw_314120_322056.wav,hiyeonni_UCIE8oNAijVSSedjX3tUHJg_Wa3uG7kfHjw,314120,322056,7936
hiyeonni_UCIE8oNAijVSSedjX3tUHJg_Wa3uG7kfHjw_322208_326168.wav,hiyeonni_UCIE8oNAijVSSedjX3tUHJg_Wa3uG7kfHjw,322208,326168,3960
hiyeonni_UCIE8oNAijVSSedjX3tUHJg_Wa3uG7kfHjw_326320_333376.wav,hiyeonni_UCIE8oNAijVSSedjX3tUHJg_Wa3uG7kfHjw,326320,333376,7056
hiyeonni_UCIE8oNAijVSSedjX3tUHJg_Wa3uG7kfHjw_333848_345376.wav,hiyeonni_UCIE8oNAijVSSedjX3tUHJg_Wa3uG7kfHjw,333848,345376,11528
hiyeonni_UCIE8oNAijVSSedjX3tUHJg_Wa3uG7kfHjw_345536_349736.wav,hiyeonni_UCIE8oNAijVSSedjX3tUHJg_Wa3uG7kfHjw,345536,349736,4200
hiyeonni_UCIE8oNAijVSSedjX3tUHJg_Wa3uG7kfHjw_349976_354848.wav,hiyeonni_UCIE8oNAijVSSedjX3tUHJg_Wa3uG7kfHjw,349976,354848,4872
hiyeonni_UCIE8oNAijVSSedjX3tUHJg_Wa3uG7kfHjw_355072_366944.wav,hiyeonni_UCIE8oNAijVSSedjX3tUHJg_Wa3uG7kfHjw,355072,366944,11872
hiyeonni_UCIE8oNAijVSSedjX3tUHJg_Wa3uG7kfHjw_367400_376544.wav,hiyeonni_UCIE8oNAijVSSedjX3tUHJg_Wa3uG7kfHjw,367400,376544,9144
hiyeonni_UCIE8oNAijVSSedjX3tUHJg_Wa3uG7kfHjw_376832_381360.wav,hiyeonni_UCIE8oNAijVSSedjX3tUHJg_Wa3uG7kfHjw,376832,381360,4528
hiyeonni_UCIE8oNAijVSSedjX3tUHJg_Wa3uG7kfHjw_382464_387442.wav,hiyeonni_UCIE8oNAijVSSedjX3tUHJg_Wa3uG7kfHjw,382464,387442,4978
hiyeonni_UCIE8oNAijVSSedjX3tUHJg_Wa3uG7kfHjw_387626_390172.wav,hiyeonni_UCIE8oNAijVSSedjX3tUHJg_Wa3uG7kfHjw,387626,390172,2546
hiyeonni_UCIE8oNAijVSSedjX3tUHJg_Wa3uG7kfHjw_390332_393816.wav,hiyeonni_UCIE8oNAijVSSedjX3tUHJg_Wa3uG7kfHjw,390332,393816,3484
hiyeonni_UCIE8oNAijVSSedjX3tUHJg_Wa3uG7kfHjw_393968_397864.wav,hiyeonni_UCIE8oNAijVSSedjX3tUHJg_Wa3uG7kfHjw,393968,397864,3896
hiyeonni_UCIE8oNAijVSSedjX3tUHJg_Wa3uG7kfHjw_398232_400776.wav,hiyeonni_UCIE8oNAijVSSedjX3tUHJg_Wa3uG7kfHjw,398232,400776,2544
hiyeonni_UCIE8oNAijVSSedjX3tUHJg_Wa3uG7kfHjw_400896_405265.wav,hiyeonni_UCIE8oNAijVSSedjX3tUHJg_Wa3uG7kfHjw,400896,405265,4369
hiyeonni_UCIE8oNAijVSSedjX3tUHJg_Wa3uG7kfHjw_405353_412513.wav,hiyeonni_UCIE8oNAijVSSedjX3tUHJg_Wa3uG7kfHjw,405353,412513,7160
hiyeonni_UCIE8oNAijVSSedjX3tUHJg_Wa3uG7kfHjw_412593_416561.wav,hiyeonni_UCIE8oNAijVSSedjX3tUHJg_Wa3uG7kfHjw,412593,416561,3968
hiyeonni_UCIE8oNAijVSSedjX3tUHJg_Wa3uG7kfHjw_416881_421857.wav,hiyeonni_UCIE8oNAijVSSedjX3tUHJg_Wa3uG7kfHjw,416881,421857,4976
hiyeonni_UCIE8oNAijVSSedjX3tUHJg_Wa3uG7kfHjw_422017_425553.wav,hiyeonni_UCIE8oNAijVSSedjX3tUHJg_Wa3uG7kfHjw,422017,425553,3536
hiyeonni_UCIE8oNAijVSSedjX3tUHJg_Wa3uG7kfHjw_425697_433866.wav,hiyeonni_UCIE8oNAijVSSedjX3tUHJg_Wa3uG7kfHjw,425697,433866,8169
hiyeonni_UCIE8oNAijVSSedjX3tUHJg_Wa3uG7kfHjw_434098_447258.wav,hiyeonni_UCIE8oNAijVSSedjX3tUHJg_Wa3uG7kfHjw,434098,447258,13160
hiyeonni_UCIE8oNAijVSSedjX3tUHJg_Wa3uG7kfHjw_447466_455906.wav,hiyeonni_UCIE8oNAijVSSedjX3tUHJg_Wa3uG7kfHjw,447466,455906,8440
hiyeonni_UCIE8oNAijVSSedjX3tUHJg_Wa3uG7kfHjw_456026_465107.wav,hiyeonni_UCIE8oNAijVSSedjX3tUHJg_Wa3uG7kfHjw,456026,465107,9081
hiyeonni_UCIE8oNAijVSSedjX3tUHJg_Wa3uG7kfHjw_465211_471083.wav,hiyeonni_UCIE8oNAijVSSedjX3tUHJg_Wa3uG7kfHjw,465211,471083,5872
hiyeonni_UCIE8oNAijVSSedjX3tUHJg_Wa3uG7kfHjw_471227_474532.wav,hiyeonni_UCIE8oNAijVSSedjX3tUHJg_Wa3uG7kfHjw,471227,474532,3305
hiyeonni_UCIE8oNAijVSSedjX3tUHJg_Wa3uG7kfHjw_474748_475064.wav,hiyeonni_UCIE8oNAijVSSedjX3tUHJg_Wa3uG7kfHjw,474748,475064,316
hiyeonni_UCIE8oNAijVSSedjX3tUHJg_Wa3uG7kfHjw_475384_475712.wav,hiyeonni_UCIE8oNAijVSSedjX3tUHJg_Wa3uG7kfHjw,475384,475712,328
hiyeonni_UCIE8oNAijVSSedjX3tUHJg_Wa3uG7kfHjw_476064_480464.wav,hiyeonni_UCIE8oNAijVSSedjX3tUHJg_Wa3uG7kfHjw,476064,480464,4400
hiyeonni_UCIE8oNAijVSSedjX3tUHJg_Wa3uG7kfHjw_480808_488908.wav,hiyeonni_UCIE8oNAijVSSedjX3tUHJg_Wa3uG7kfHjw,480808,488908,8100
hiyeonni_UCIE8oNAijVSSedjX3tUHJg_Wa3uG7kfHjw_489172_496205.wav,hiyeonni_UCIE8oNAijVSSedjX3tUHJg_Wa3uG7kfHjw,489172,496205,7033
hiyeonni_UCIE8oNAijVSSedjX3tUHJg_Wa3uG7kfHjw_496365_508766.wav,hiyeonni_UCIE8oNAijVSSedjX3tUHJg_Wa3uG7kfHjw,496365,508766,12401
hiyeonni_UCIE8oNAijVSSedjX3tUHJg_Wa3uG7kfHjw_508982_517600.wav,hiyeonni_UCIE8oNAijVSSedjX3tUHJg_Wa3uG7kfHjw,508982,517600,8618
hiyeonni_UCIE8oNAijVSSedjX3tUHJg_Wa3uG7kfHjw_517928_531400.wav,hiyeonni_UCIE8oNAijVSSedjX3tUHJg_Wa3uG7kfHjw,517928,531400,13472
hiyeonni_UCIE8oNAijVSSedjX3tUHJg_Wa3uG7kfHjw_531600_541224.wav,hiyeonni_UCIE8oNAijVSSedjX3tUHJg_Wa3uG7kfHjw,531600,541224,9624
hiyeonni_UCIE8oNAijVSSedjX3tUHJg_Wa3uG7kfHjw_541384_542576.wav,hiyeonni_UCIE8oNAijVSSedjX3tUHJg_Wa3uG7kfHjw,541384,542576,1192
hiyeonni_UCIE8oNAijVSSedjX3tUHJg_Wa3uG7kfHjw_543272_551576.wav,hiyeonni_UCIE8oNAijVSSedjX3tUHJg_Wa3uG7kfHjw,543272,551576,8304
hiyeonni_UCIE8oNAijVSSedjX3tUHJg_Wa3uG7kfHjw_551792_557896.wav,hiyeonni_UCIE8oNAijVSSedjX3tUHJg_Wa3uG7kfHjw,551792,557896,6104
hiyeonni_UCIE8oNAijVSSedjX3tUHJg_Wa3uG7kfHjw_558680_561096.wav,hiyeonni_UCIE8oNAijVSSedjX3tUHJg_Wa3uG7kfHjw,558680,561096,2416
hiyeonni_UCIE8oNAijVSSedjX3tUHJg_Wa3uG7kfHjw_561520_565136.wav,hiyeonni_UCIE8oNAijVSSedjX3tUHJg_Wa3uG7kfHjw,561520,565136,3616
hiyeonni_UCIE8oNAijVSSedjX3tUHJg_Wa3uG7kfHjw_565328_569496.wav,hiyeonni_UCIE8oNAijVSSedjX3tUHJg_Wa3uG7kfHjw,565328,569496,4168
hiyeonni_UCIE8oNAijVSSedjX3tUHJg_Wa3uG7kfHjw_569872_572024.wav,hiyeonni_UCIE8oNAijVSSedjX3tUHJg_Wa3uG7kfHjw,569872,572024,2152
hiyeonni_UCIE8oNAijVSSedjX3tUHJg_Wa3uG7kfHjw_572184_578896.wav,hiyeonni_UCIE8oNAijVSSedjX3tUHJg_Wa3uG7kfHjw,572184,578896,6712
hiyeonni_UCIE8oNAijVSSedjX3tUHJg_Wa3uG7kfHjw_579080_585120.wav,hiyeonni_UCIE8oNAijVSSedjX3tUHJg_Wa3uG7kfHjw,579080,585120,6040
hiyeonni_UCIE8oNAijVSSedjX3tUHJg_Wa3uG7kfHjw_585272_588248.wav,hiyeonni_UCIE8oNAijVSSedjX3tUHJg_Wa3uG7kfHjw,585272,588248,2976
hiyeonni_UCIE8oNAijVSSedjX3tUHJg_Wa3uG7kfHjw_588480_593080.wav,hiyeonni_UCIE8oNAijVSSedjX3tUHJg_Wa3uG7kfHjw,588480,593080,4600
hiyeonni_UCIE8oNAijVSSedjX3tUHJg_Wa3uG7kfHjw_593312_604048.wav,hiyeonni_UCIE8oNAijVSSedjX3tUHJg_Wa3uG7kfHjw,593312,604048,10736
hiyeonni_UCIE8oNAijVSSedjX3tUHJg_Wa3uG7kfHjw_604336_609336.wav,hiyeonni_UCIE8oNAijVSSedjX3tUHJg_Wa3uG7kfHjw,604336,609336,5000
hiyeonni_UCIE8oNAijVSSedjX3tUHJg_Wa3uG7kfHjw_609752_612000.wav,hiyeonni_UCIE8oNAijVSSedjX3tUHJg_Wa3uG7kfHjw,609752,612000,2248
hiyeonni_UCIE8oNAijVSSedjX3tUHJg_Wa3uG7kfHjw_612160_618088.wav,hiyeonni_UCIE8oNAijVSSedjX3tUHJg_Wa3uG7kfHjw,612160,618088,5928
hiyeonni_UCIE8oNAijVSSedjX3tUHJg_Wa3uG7kfHjw_618352_626104.wav,hiyeonni_UCIE8oNAijVSSedjX3tUHJg_Wa3uG7kfHjw,618352,626104,7752
hiyeonni_UCIE8oNAijVSSedjX3tUHJg_Wa3uG7kfHjw_626408_635064.wav,hiyeonni_UCIE8oNAijVSSedjX3tUHJg_Wa3uG7kfHjw,626408,635064,8656
hiyeonni_UCIE8oNAijVSSedjX3tUHJg_Wa3uG7kfHjw_635224_645124.wav,hiyeonni_UCIE8oNAijVSSedjX3tUHJg_Wa3uG7kfHjw,635224,645124,9900
hiyeonni_UCIE8oNAijVSSedjX3tUHJg_Wa3uG7kfHjw_645252_646968.wav,hiyeonni_UCIE8oNAijVSSedjX3tUHJg_Wa3uG7kfHjw,645252,646968,1716
hiyeonni_UCIE8oNAijVSSedjX3tUHJg_Wa3uG7kfHjw_647376_648968.wav,hiyeonni_UCIE8oNAijVSSedjX3tUHJg_Wa3uG7kfHjw,647376,648968,1592
hiyeonni_UCIE8oNAijVSSedjX3tUHJg_Wa3uG7kfHjw_649328_656504.wav,hiyeonni_UCIE8oNAijVSSedjX3tUHJg_Wa3uG7kfHjw,649328,656504,7176
hiyeonni_UCIE8oNAijVSSedjX3tUHJg_Wa3uG7kfHjw_656936_661048.wav,hiyeonni_UCIE8oNAijVSSedjX3tUHJg_Wa3uG7kfHjw,656936,661048,4112
hiyeonni_UCIE8oNAijVSSedjX3tUHJg_Wa3uG7kfHjw_661696_667680.wav,hiyeonni_UCIE8oNAijVSSedjX3tUHJg_Wa3uG7kfHjw,661696,667680,5984
hiyeonni_UCIE8oNAijVSSedjX3tUHJg_Wa3uG7kfHjw_668576_675904.wav,hiyeonni_UCIE8oNAijVSSedjX3tUHJg_Wa3uG7kfHjw,668576,675904,7328
hiyeonni_UCIE8oNAijVSSedjX3tUHJg_Wa3uG7kfHjw_676120_679832.wav,hiyeonni_UCIE8oNAijVSSedjX3tUHJg_Wa3uG7kfHjw,676120,679832,3712
hiyeonni_UCIE8oNAijVSSedjX3tUHJg_Wa3uG7kfHjw_679984_684968.wav,hiyeonni_UCIE8oNAijVSSedjX3tUHJg_Wa3uG7kfHjw,679984,684968,4984
hiyeonni_UCIE8oNAijVSSedjX3tUHJg_Wa3uG7kfHjw_685176_694784.wav,hiyeonni_UCIE8oNAijVSSedjX3tUHJg_Wa3uG7kfHjw,685176,694784,9608
hiyeonni_UCIE8oNAijVSSedjX3tUHJg_Wa3uG7kfHjw_695136_697160.wav,hiyeonni_UCIE8oNAijVSSedjX3tUHJg_Wa3uG7kfHjw,695136,697160,2024
hiyeonni_UCIE8oNAijVSSedjX3tUHJg_Wa3uG7kfHjw_697384_701340.wav,hiyeonni_UCIE8oNAijVSSedjX3tUHJg_Wa3uG7kfHjw,697384,701340,3956
hiyeonni_UCIE8oNAijVSSedjX3tUHJg_Wa3uG7kfHjw_701508_708696.wav,hiyeonni_UCIE8oNAijVSSedjX3tUHJg_Wa3uG7kfHjw,701508,708696,7188
hiyeonni_UCIE8oNAijVSSedjX3tUHJg_Wa3uG7kfHjw_708976_710976.wav,hiyeonni_UCIE8oNAijVSSedjX3tUHJg_Wa3uG7kfHjw,708976,710976,2000
hiyeonni_UCIE8oNAijVSSedjX3tUHJg_Wa3uG7kfHjw_711880_719336.wav,hiyeonni_UCIE8oNAijVSSedjX3tUHJg_Wa3uG7kfHjw,711880,719336,7456
hiyeonni_UCIE8oNAijVSSedjX3tUHJg_Wa3uG7kfHjw_719536_725064.wav,hiyeonni_UCIE8oNAijVSSedjX3tUHJg_Wa3uG7kfHjw,719536,725064,5528
hiyeonni_UCIE8oNAijVSSedjX3tUHJg_Wa3uG7kfHjw_725648_733576.wav,hiyeonni_UCIE8oNAijVSSedjX3tUHJg_Wa3uG7kfHjw,725648,733576,7928
hiyeonni_UCIE8oNAijVSSedjX3tUHJg_Wa3uG7kfHjw_733776_739704.wav,hiyeonni_UCIE8oNAijVSSedjX3tUHJg_Wa3uG7kfHjw,733776,739704,5928
hiyeonni_UCIE8oNAijVSSedjX3tUHJg_Wa3uG7kfHjw_740032_753448.wav,hiyeonni_UCIE8oNAijVSSedjX3tUHJg_Wa3uG7kfHjw,740032,753448,13416
hiyeonni_UCIE8oNAijVSSedjX3tUHJg_Wa3uG7kfHjw_753584_755752.wav,hiyeonni_UCIE8oNAijVSSedjX3tUHJg_Wa3uG7kfHjw,753584,755752,2168
hiyeonni_UCIE8oNAijVSSedjX3tUHJg_Wa3uG7kfHjw_755848_767744.wav,hiyeonni_UCIE8oNAijVSSedjX3tUHJg_Wa3uG7kfHjw,755848,767744,11896
hiyeonni_UCIE8oNAijVSSedjX3tUHJg_Wa3uG7kfHjw_767824_768592.wav,hiyeonni_UCIE8oNAijVSSedjX3tUHJg_Wa3uG7kfHjw,767824,768592,768
hiyeonni_UCIE8oNAijVSSedjX3tUHJg_Wa3uG7kfHjw_768992_772160.wav,hiyeonni_UCIE8oNAijVSSedjX3tUHJg_Wa3uG7kfHjw,768992,772160,3168
hiyeonni_UCIE8oNAijVSSedjX3tUHJg_Wa3uG7kfHjw_772320_775336.wav,hiyeonni_UCIE8oNAijVSSedjX3tUHJg_Wa3uG7kfHjw,772320,775336,3016
hiyeonni_UCIE8oNAijVSSedjX3tUHJg_Wa3uG7kfHjw_775488_781384.wav,hiyeonni_UCIE8oNAijVSSedjX3tUHJg_Wa3uG7kfHjw,775488,781384,5896
hiyeonni_UCIE8oNAijVSSedjX3tUHJg_Wa3uG7kfHjw_781520_793568.wav,hiyeonni_UCIE8oNAijVSSedjX3tUHJg_Wa3uG7kfHjw,781520,793568,12048
hiyeonni_UCIE8oNAijVSSedjX3tUHJg_Wa3uG7kfHjw_793712_804864.wav,hiyeonni_UCIE8oNAijVSSedjX3tUHJg_Wa3uG7kfHjw,793712,804864,11152
hiyeonni_UCIE8oNAijVSSedjX3tUHJg_Wa3uG7kfHjw_805008_808224.wav,hiyeonni_UCIE8oNAijVSSedjX3tUHJg_Wa3uG7kfHjw,805008,808224,3216
hiyeonni_UCIE8oNAijVSSedjX3tUHJg_Wa3uG7kfHjw_808584_810780.wav,hiyeonni_UCIE8oNAijVSSedjX3tUHJg_Wa3uG7kfHjw,808584,810780,2196
hiyeonni_UCIE8oNAijVSSedjX3tUHJg_Wa3uG7kfHjw_810948_814829.wav,hiyeonni_UCIE8oNAijVSSedjX3tUHJg_Wa3uG7kfHjw,810948,814829,3881
hiyeonni_UCIE8oNAijVSSedjX3tUHJg_Wa3uG7kfHjw_814997_822766.wav,hiyeonni_UCIE8oNAijVSSedjX3tUHJg_Wa3uG7kfHjw,814997,822766,7769
hiyeonni_UCIE8oNAijVSSedjX3tUHJg_Wa3uG7kfHjw_822942_832440.wav,hiyeonni_UCIE8oNAijVSSedjX3tUHJg_Wa3uG7kfHjw,822942,832440,9498
hiyeonni_UCIE8oNAijVSSedjX3tUHJg_Wa3uG7kfHjw_833224_842196.wav,hiyeonni_UCIE8oNAijVSSedjX3tUHJg_Wa3uG7kfHjw,833224,842196,8972
hiyeonni_UCIE8oNAijVSSedjX3tUHJg_Wa3uG7kfHjw_842364_845952.wav,hiyeonni_UCIE8oNAijVSSedjX3tUHJg_Wa3uG7kfHjw,842364,845952,3588
hiyeonni_UCIE8oNAijVSSedjX3tUHJg_Wa3uG7kfHjw_846304_860380.wav,hiyeonni_UCIE8oNAijVSSedjX3tUHJg_Wa3uG7kfHjw,846304,860380,14076
hiyeonni_UCIE8oNAijVSSedjX3tUHJg_Wa3uG7kfHjw_860524_869374.wav,hiyeonni_UCIE8oNAijVSSedjX3tUHJg_Wa3uG7kfHjw,860524,869374,8850
hiyeonni_UCIE8oNAijVSSedjX3tUHJg_Wa3uG7kfHjw_869518_872928.wav,hiyeonni_UCIE8oNAijVSSedjX3tUHJg_Wa3uG7kfHjw,869518,872928,3410
hiyeonni_UCIE8oNAijVSSedjX3tUHJg_Wa3uG7kfHjw_873136_874224.wav,hiyeonni_UCIE8oNAijVSSedjX3tUHJg_Wa3uG7kfHjw,873136,874224,1088
hiyeonni_UCIE8oNAijVSSedjX3tUHJg_Wa3uG7kfHjw_874432_880056.wav,hiyeonni_UCIE8oNAijVSSedjX3tUHJg_Wa3uG7kfHjw,874432,880056,5624
hiyeonni_UCIE8oNAijVSSedjX3tUHJg_Wa3uG7kfHjw_880264_884624.wav,hiyeonni_UCIE8oNAijVSSedjX3tUHJg_Wa3uG7kfHjw,880264,884624,4360
hiyeonni_UCIE8oNAijVSSedjX3tUHJg_Wa3uG7kfHjw_884952_888256.wav,hiyeonni_UCIE8oNAijVSSedjX3tUHJg_Wa3uG7kfHjw,884952,888256,3304
hiyeonni_UCIE8oNAijVSSedjX3tUHJg_Wa3uG7kfHjw_888416_889140.wav,hiyeonni_UCIE8oNAijVSSedjX3tUHJg_Wa3uG7kfHjw,888416,889140,724
hiyeonni_UCIE8oNAijVSSedjX3tUHJg_Wa3uG7kfHjw_889252_903246.wav,hiyeonni_UCIE8oNAijVSSedjX3tUHJg_Wa3uG7kfHjw,889252,903246,13994
hiyeonni_UCIE8oNAijVSSedjX3tUHJg_Wa3uG7kfHjw_903350_906408.wav,hiyeonni_UCIE8oNAijVSSedjX3tUHJg_Wa3uG7kfHjw,903350,906408,3058
hiyeonni_UCIE8oNAijVSSedjX3tUHJg_Wa3uG7kfHjw_906576_910432.wav,hiyeonni_UCIE8oNAijVSSedjX3tUHJg_Wa3uG7kfHjw,906576,910432,3856
hiyeonni_UCIE8oNAijVSSedjX3tUHJg_Wa3uG7kfHjw_910616_912928.wav,hiyeonni_UCIE8oNAijVSSedjX3tUHJg_Wa3uG7kfHjw,910616,912928,2312
hiyeonni_UCIE8oNAijVSSedjX3tUHJg_Wa3uG7kfHjw_913216_919168.wav,hiyeonni_UCIE8oNAijVSSedjX3tUHJg_Wa3uG7kfHjw,913216,919168,5952
hiyeonni_UCIE8oNAijVSSedjX3tUHJg_Wa3uG7kfHjw_919392_930361.wav,hiyeonni_UCIE8oNAijVSSedjX3tUHJg_Wa3uG7kfHjw,919392,930361,10969
hiyeonni_UCIE8oNAijVSSedjX3tUHJg_Wa3uG7kfHjw_930473_934610.wav,hiyeonni_UCIE8oNAijVSSedjX3tUHJg_Wa3uG7kfHjw,930473,934610,4137
hiyeonni_UCIE8oNAijVSSedjX3tUHJg_Wa3uG7kfHjw_935148_935558.wav,hiyeonni_UCIE8oNAijVSSedjX3tUHJg_Wa3uG7kfHjw,935148,935558,410
hiyeonni_UCIE8oNAijVSSedjX3tUHJg_Wa3uG7kfHjw_935686_949144.wav,hiyeonni_UCIE8oNAijVSSedjX3tUHJg_Wa3uG7kfHjw,935686,949144,13458
hiyeonni_UCIE8oNAijVSSedjX3tUHJg_Wa3uG7kfHjw_949544_951658.wav,hiyeonni_UCIE8oNAijVSSedjX3tUHJg_Wa3uG7kfHjw,949544,951658,2114
hiyeonni_UCIE8oNAijVSSedjX3tUHJg_Wa3uG7kfHjw_951834_958748.wav,hiyeonni_UCIE8oNAijVSSedjX3tUHJg_Wa3uG7kfHjw,951834,958748,6914
hiyeonni_UCIE8oNAijVSSedjX3tUHJg_Wa3uG7kfHjw_958916_963368.wav,hiyeonni_UCIE8oNAijVSSedjX3tUHJg_Wa3uG7kfHjw,958916,963368,4452
hiyeonni_UCIE8oNAijVSSedjX3tUHJg_Wa3uG7kfHjw_963624_965856.wav,hiyeonni_UCIE8oNAijVSSedjX3tUHJg_Wa3uG7kfHjw,963624,965856,2232
hiyeonni_UCIE8oNAijVSSedjX3tUHJg_Wa3uG7kfHjw_966312_968072.wav,hiyeonni_UCIE8oNAijVSSedjX3tUHJg_Wa3uG7kfHjw,966312,968072,1760
hiyeonni_UCIE8oNAijVSSedjX3tUHJg_Wa3uG7kfHjw_968680_974988.wav,hiyeonni_UCIE8oNAijVSSedjX3tUHJg_Wa3uG7kfHjw,968680,974988,6308
hiyeonni_UCIE8oNAijVSSedjX3tUHJg_Wa3uG7kfHjw_975124_979860.wav,hiyeonni_UCIE8oNAijVSSedjX3tUHJg_Wa3uG7kfHjw,975124,979860,4736
hiyeonni_UCIE8oNAijVSSedjX3tUHJg_Wa3uG7kfHjw_980552_984624.wav,hiyeonni_UCIE8oNAijVSSedjX3tUHJg_Wa3uG7kfHjw,980552,984624,4072
hiyeonni_UCIE8oNAijVSSedjX3tUHJg_Wa3uG7kfHjw_984808_989496.wav,hiyeonni_UCIE8oNAijVSSedjX3tUHJg_Wa3uG7kfHjw,984808,989496,4688
hiyeonni_UCIE8oNAijVSSedjX3tUHJg_Wa3uG7kfHjw_989608_993432.wav,hiyeonni_UCIE8oNAijVSSedjX3tUHJg_Wa3uG7kfHjw,989608,993432,3824
hiyeonni_UCIE8oNAijVSSedjX3tUHJg_Wa3uG7kfHjw_993544_1001736.wav,hiyeonni_UCIE8oNAijVSSedjX3tUHJg_Wa3uG7kfHjw,993544,1001736,8192
hiyeonni_UCIE8oNAijVSSedjX3tUHJg_Wa3uG7kfHjw_1001944_1010408.wav,hiyeonni_UCIE8oNAijVSSedjX3tUHJg_Wa3uG7kfHjw,1001944,1010408,8464
hiyeonni_UCIE8oNAijVSSedjX3tUHJg_Wa3uG7kfHjw_1010704_1015785.wav,hiyeonni_UCIE8oNAijVSSedjX3tUHJg_Wa3uG7kfHjw,1010704,1015785,5081
hiyeonni_UCIE8oNAijVSSedjX3tUHJg_Wa3uG7kfHjw_1015945_1026922.wav,hiyeonni_UCIE8oNAijVSSedjX3tUHJg_Wa3uG7kfHjw,1015945,1026922,10977
hiyeonni_UCIE8oNAijVSSedjX3tUHJg_Wa3uG7kfHjw_1027082_1029338.wav,hiyeonni_UCIE8oNAijVSSedjX3tUHJg_Wa3uG7kfHjw,1027082,1029338,2256
hiyeonni_UCIE8oNAijVSSedjX3tUHJg_Wa3uG7kfHjw_1029506_1044355.wav,hiyeonni_UCIE8oNAijVSSedjX3tUHJg_Wa3uG7kfHjw,1029506,1044355,14849
hiyeonni_UCIE8oNAijVSSedjX3tUHJg_Wa3uG7kfHjw_1044547_1045748.wav,hiyeonni_UCIE8oNAijVSSedjX3tUHJg_Wa3uG7kfHjw,1044547,1045748,1201
hiyeonni_UCIE8oNAijVSSedjX3tUHJg_Wa3uG7kfHjw_1046012_1048812.wav,hiyeonni_UCIE8oNAijVSSedjX3tUHJg_Wa3uG7kfHjw,1046012,1048812,2800
hiyeonni_UCIE8oNAijVSSedjX3tUHJg_Wa3uG7kfHjw_1048972_1054669.wav,hiyeonni_UCIE8oNAijVSSedjX3tUHJg_Wa3uG7kfHjw,1048972,1054669,5697
hiyeonni_UCIE8oNAijVSSedjX3tUHJg_Wa3uG7kfHjw_1054829_1061902.wav,hiyeonni_UCIE8oNAijVSSedjX3tUHJg_Wa3uG7kfHjw,1054829,1061902,7073
hiyeonni_UCIE8oNAijVSSedjX3tUHJg_Wa3uG7kfHjw_1062110_1067072.wav,hiyeonni_UCIE8oNAijVSSedjX3tUHJg_Wa3uG7kfHjw,1062110,1067072,4962
hiyeonni_UCIE8oNAijVSSedjX3tUHJg_Wa3uG7kfHjw_1067576_1079802.wav,hiyeonni_UCIE8oNAijVSSedjX3tUHJg_Wa3uG7kfHjw,1067576,1079802,12226
hiyeonni_UCIE8oNAijVSSedjX3tUHJg_Wa3uG7kfHjw_1080140_1087254.wav,hiyeonni_UCIE8oNAijVSSedjX3tUHJg_Wa3uG7kfHjw,1080140,1087254,7114
hiyeonni_UCIE8oNAijVSSedjX3tUHJg_Wa3uG7kfHjw_1087414_1094974.wav,hiyeonni_UCIE8oNAijVSSedjX3tUHJg_Wa3uG7kfHjw,1087414,1094974,7560
hiyeonni_UCIE8oNAijVSSedjX3tUHJg_Wa3uG7kfHjw_1095126_1096366.wav,hiyeonni_UCIE8oNAijVSSedjX3tUHJg_Wa3uG7kfHjw,1095126,1096366,1240
hiyeonni_UCIE8oNAijVSSedjX3tUHJg_Wa3uG7kfHjw_1096542_1097479.wav,hiyeonni_UCIE8oNAijVSSedjX3tUHJg_Wa3uG7kfHjw,1096542,1097479,937
hiyeonni_UCIE8oNAijVSSedjX3tUHJg_Wa3uG7kfHjw_1097615_1103639.wav,hiyeonni_UCIE8oNAijVSSedjX3tUHJg_Wa3uG7kfHjw,1097615,1103639,6024
hiyeonni_UCIE8oNAijVSSedjX3tUHJg_Wa3uG7kfHjw_1103783_1110659.wav,hiyeonni_UCIE8oNAijVSSedjX3tUHJg_Wa3uG7kfHjw,1103783,1110659,6876
hiyeonni_UCIE8oNAijVSSedjX3tUHJg_Wa3uG7kfHjw_1110779_1119823.wav,hiyeonni_UCIE8oNAijVSSedjX3tUHJg_Wa3uG7kfHjw,1110779,1119823,9044
hiyeonni_UCIE8oNAijVSSedjX3tUHJg_Wa3uG7kfHjw_1119959_1125768.wav,hiyeonni_UCIE8oNAijVSSedjX3tUHJg_Wa3uG7kfHjw,1119959,1125768,5809
hiyeonni_UCIE8oNAijVSSedjX3tUHJg_Wa3uG7kfHjw_1126112_1129736.wav,hiyeonni_UCIE8oNAijVSSedjX3tUHJg_Wa3uG7kfHjw,1126112,1129736,3624
hiyeonni_UCIE8oNAijVSSedjX3tUHJg_Wa3uG7kfHjw_1130008_1142080.wav,hiyeonni_UCIE8oNAijVSSedjX3tUHJg_Wa3uG7kfHjw,1130008,1142080,12072
hiyeonni_UCIE8oNAijVSSedjX3tUHJg_Wa3uG7kfHjw_1142312_1146512.wav,hiyeonni_UCIE8oNAijVSSedjX3tUHJg_Wa3uG7kfHjw,1142312,1146512,4200
hiyeonni_UCIE8oNAijVSSedjX3tUHJg_Wa3uG7kfHjw_1146640_1151544.wav,hiyeonni_UCIE8oNAijVSSedjX3tUHJg_Wa3uG7kfHjw,1146640,1151544,4904
hiyeonni_UCIE8oNAijVSSedjX3tUHJg_Wa3uG7kfHjw_1151672_1157288.wav,hiyeonni_UCIE8oNAijVSSedjX3tUHJg_Wa3uG7kfHjw,1151672,1157288,5616
hiyeonni_UCIE8oNAijVSSedjX3tUHJg_Wa3uG7kfHjw_1157608_1161876.wav,hiyeonni_UCIE8oNAijVSSedjX3tUHJg_Wa3uG7kfHjw,1157608,1161876,4268
hiyeonni_UCIE8oNAijVSSedjX3tUHJg_Wa3uG7kfHjw_1161988_1175716.wav,hiyeonni_UCIE8oNAijVSSedjX3tUHJg_Wa3uG7kfHjw,1161988,1175716,13728
hiyeonni_UCIE8oNAijVSSedjX3tUHJg_Wa3uG7kfHjw_1175820_1175980.wav,hiyeonni_UCIE8oNAijVSSedjX3tUHJg_Wa3uG7kfHjw,1175820,1175980,160
hiyeonni_UCIE8oNAijVSSedjX3tUHJg_Wa3uG7kfHjw_1176084_1183916.wav,hiyeonni_UCIE8oNAijVSSedjX3tUHJg_Wa3uG7kfHjw,1176084,1183916,7832
hiyeonni_UCIE8oNAijVSSedjX3tUHJg_Wa3uG7kfHjw_1184020_1196036.wav,hiyeonni_UCIE8oNAijVSSedjX3tUHJg_Wa3uG7kfHjw,1184020,1196036,12016
hiyeonni_UCIE8oNAijVSSedjX3tUHJg_Wa3uG7kfHjw_1196148_1197680.wav,hiyeonni_UCIE8oNAijVSSedjX3tUHJg_Wa3uG7kfHjw,1196148,1197680,1532
hiyeonni_UCIE8oNAijVSSedjX3tUHJg_Wa3uG7kfHjw_1197816_1203688.wav,hiyeonni_UCIE8oNAijVSSedjX3tUHJg_Wa3uG7kfHjw,1197816,1203688,5872
hiyeonni_UCIE8oNAijVSSedjX3tUHJg_Wa3uG7kfHjw_1204184_1213432.wav,hiyeonni_UCIE8oNAijVSSedjX3tUHJg_Wa3uG7kfHjw,1204184,1213432,9248
hiyeonni_UCIE8oNAijVSSedjX3tUHJg_Wa3uG7kfHjw_1213800_1215384.wav,hiyeonni_UCIE8oNAijVSSedjX3tUHJg_Wa3uG7kfHjw,1213800,1215384,1584
hiyeonni_UCIE8oNAijVSSedjX3tUHJg_Wa3uG7kfHjw_1216264_1222912.wav,hiyeonni_UCIE8oNAijVSSedjX3tUHJg_Wa3uG7kfHjw,1216264,1222912,6648
hiyeonni_UCIE8oNAijVSSedjX3tUHJg_Wa3uG7kfHjw_1223176_1231528.wav,hiyeonni_UCIE8oNAijVSSedjX3tUHJg_Wa3uG7kfHjw,1223176,1231528,8352
hiyeonni_UCIE8oNAijVSSedjX3tUHJg_Wa3uG7kfHjw_1231808_1245512.wav,hiyeonni_UCIE8oNAijVSSedjX3tUHJg_Wa3uG7kfHjw,1231808,1245512,13704
hiyeonni_UCIE8oNAijVSSedjX3tUHJg_Wa3uG7kfHjw_1246128_1246688.wav,hiyeonni_UCIE8oNAijVSSedjX3tUHJg_Wa3uG7kfHjw,1246128,1246688,560
hiyeonni_UCIE8oNAijVSSedjX3tUHJg_Wa3uG7kfHjw_1246976_1253576.wav,hiyeonni_UCIE8oNAijVSSedjX3tUHJg_Wa3uG7kfHjw,1246976,1253576,6600
hiyeonni_UCIE8oNAijVSSedjX3tUHJg_Wa3uG7kfHjw_1253992_1254592.wav,hiyeonni_UCIE8oNAijVSSedjX3tUHJg_Wa3uG7kfHjw,1253992,1254592,600
hiyeonni_UCIE8oNAijVSSedjX3tUHJg_Wa3uG7kfHjw_1254760_1272048.wav,hiyeonni_UCIE8oNAijVSSedjX3tUHJg_Wa3uG7kfHjw,1254760,1272048,17288
hiyeonni_UCIE8oNAijVSSedjX3tUHJg_Wa3uG7kfHjw_1272304_1273232.wav,hiyeonni_UCIE8oNAijVSSedjX3tUHJg_Wa3uG7kfHjw,1272304,1273232,928
hiyeonni_UCIE8oNAijVSSedjX3tUHJg_Wa3uG7kfHjw_1273344_1273976.wav,hiyeonni_UCIE8oNAijVSSedjX3tUHJg_Wa3uG7kfHjw,1273344,1273976,632
hiyeonni_UCIE8oNAijVSSedjX3tUHJg_Wa3uG7kfHjw_1274088_1287968.wav,hiyeonni_UCIE8oNAijVSSedjX3tUHJg_Wa3uG7kfHjw,1274088,1287968,13880
hiyeonni_UCIE8oNAijVSSedjX3tUHJg_Wa3uG7kfHjw_1288136_1300560.wav,hiyeonni_UCIE8oNAijVSSedjX3tUHJg_Wa3uG7kfHjw,1288136,1300560,12424
hiyeonni_UCIE8oNAijVSSedjX3tUHJg_Wa3uG7kfHjw_1300728_1302896.wav,hiyeonni_UCIE8oNAijVSSedjX3tUHJg_Wa3uG7kfHjw,1300728,1302896,2168
hiyeonni_UCIE8oNAijVSSedjX3tUHJg_Wa3uG7kfHjw_1303056_1307184.wav,hiyeonni_UCIE8oNAijVSSedjX3tUHJg_Wa3uG7kfHjw,1303056,1307184,4128
hiyeonni_UCIE8oNAijVSSedjX3tUHJg_Wa3uG7kfHjw_1307264_1311176.wav,hiyeonni_UCIE8oNAijVSSedjX3tUHJg_Wa3uG7kfHjw,1307264,1311176,3912
hiyeonni_UCIE8oNAijVSSedjX3tUHJg_Wa3uG7kfHjw_1311256_1319816.wav,hiyeonni_UCIE8oNAijVSSedjX3tUHJg_Wa3uG7kfHjw,1311256,1319816,8560
hiyeonni_UCIE8oNAijVSSedjX3tUHJg_Wa3uG7kfHjw_1319960_1322132.wav,hiyeonni_UCIE8oNAijVSSedjX3tUHJg_Wa3uG7kfHjw,1319960,1322132,2172
hiyeonni_UCIE8oNAijVSSedjX3tUHJg_Wa3uG7kfHjw_1322332_1325404.wav,hiyeonni_UCIE8oNAijVSSedjX3tUHJg_Wa3uG7kfHjw,1322332,1325404,3072
hiyeonni_UCIE8oNAijVSSedjX3tUHJg_Wa3uG7kfHjw_1325740_1328916.wav,hiyeonni_UCIE8oNAijVSSedjX3tUHJg_Wa3uG7kfHjw,1325740,1328916,3176
hiyeonni_UCIE8oNAijVSSedjX3tUHJg_Wa3uG7kfHjw_1329100_1331696.wav,hiyeonni_UCIE8oNAijVSSedjX3tUHJg_Wa3uG7kfHjw,1329100,1331696,2596
hiyeonni_UCIE8oNAijVSSedjX3tUHJg_Wa3uG7kfHjw_1332144_1334306.wav,hiyeonni_UCIE8oNAijVSSedjX3tUHJg_Wa3uG7kfHjw,1332144,1334306,2162
hiyeonni_UCIE8oNAijVSSedjX3tUHJg_Wa3uG7kfHjw_1334490_1340531.wav,hiyeonni_UCIE8oNAijVSSedjX3tUHJg_Wa3uG7kfHjw,1334490,1340531,6041
hiyeonni_UCIE8oNAijVSSedjX3tUHJg_Wa3uG7kfHjw_1340691_1346460.wav,hiyeonni_UCIE8oNAijVSSedjX3tUHJg_Wa3uG7kfHjw,1340691,1346460,5769
hiyeonni_UCIE8oNAijVSSedjX3tUHJg_Wa3uG7kfHjw_1346660_1347176.wav,hiyeonni_UCIE8oNAijVSSedjX3tUHJg_Wa3uG7kfHjw,1346660,1347176,516
hiyeonni_UCIE8oNAijVSSedjX3tUHJg_Wa3uG7kfHjw_1347480_1347616.wav,hiyeonni_UCIE8oNAijVSSedjX3tUHJg_Wa3uG7kfHjw,1347480,1347616,136
hiyeonni_UCIE8oNAijVSSedjX3tUHJg_Wa3uG7kfHjw_1348056_1357684.wav,hiyeonni_UCIE8oNAijVSSedjX3tUHJg_Wa3uG7kfHjw,1348056,1357684,9628
hiyeonni_UCIE8oNAijVSSedjX3tUHJg_Wa3uG7kfHjw_1357812_1358448.wav,hiyeonni_UCIE8oNAijVSSedjX3tUHJg_Wa3uG7kfHjw,1357812,1358448,636
hiyeonni_UCIE8oNAijVSSedjX3tUHJg_Wa3uG7kfHjw_1358720_1363728.wav,hiyeonni_UCIE8oNAijVSSedjX3tUHJg_Wa3uG7kfHjw,1358720,1363728,5008
hiyeonni_UCIE8oNAijVSSedjX3tUHJg_Wa3uG7kfHjw_1364080_1369680.wav,hiyeonni_UCIE8oNAijVSSedjX3tUHJg_Wa3uG7kfHjw,1364080,1369680,5600
hiyeonni_UCIE8oNAijVSSedjX3tUHJg_Wa3uG7kfHjw_1369896_1376208.wav,hiyeonni_UCIE8oNAijVSSedjX3tUHJg_Wa3uG7kfHjw,1369896,1376208,6312
hiyeonni_UCIE8oNAijVSSedjX3tUHJg_Wa3uG7kfHjw_1377016_1382136.wav,hiyeonni_UCIE8oNAijVSSedjX3tUHJg_Wa3uG7kfHjw,1377016,1382136,5120
hiyeonni_UCIE8oNAijVSSedjX3tUHJg_Wa3uG7kfHjw_1382608_1385696.wav,hiyeonni_UCIE8oNAijVSSedjX3tUHJg_Wa3uG7kfHjw,1382608,1385696,3088
hiyeonni_UCIE8oNAijVSSedjX3tUHJg_Wa3uG7kfHjw_1385896_1390512.wav,hiyeonni_UCIE8oNAijVSSedjX3tUHJg_Wa3uG7kfHjw,1385896,1390512,4616
hiyeonni_UCIE8oNAijVSSedjX3tUHJg_Wa3uG7kfHjw_1390672_1400352.wav,hiyeonni_UCIE8oNAijVSSedjX3tUHJg_Wa3uG7kfHjw,1390672,1400352,9680
hiyeonni_UCIE8oNAijVSSedjX3tUHJg_Wa3uG7kfHjw_1400528_1406904.wav,hiyeonni_UCIE8oNAijVSSedjX3tUHJg_Wa3uG7kfHjw,1400528,1406904,6376
hiyeonni_UCIE8oNAijVSSedjX3tUHJg_Wa3uG7kfHjw_1407392_1413552.wav,hiyeonni_UCIE8oNAijVSSedjX3tUHJg_Wa3uG7kfHjw,1407392,1413552,6160
hiyeonni_UCIE8oNAijVSSedjX3tUHJg_Wa3uG7kfHjw_1413968_1422066.wav,hiyeonni_UCIE8oNAijVSSedjX3tUHJg_Wa3uG7kfHjw,1413968,1422066,8098
hiyeonni_UCIE8oNAijVSSedjX3tUHJg_Wa3uG7kfHjw_1422234_1433364.wav,hiyeonni_UCIE8oNAijVSSedjX3tUHJg_Wa3uG7kfHjw,1422234,1433364,11130
hiyeonni_UCIE8oNAijVSSedjX3tUHJg_Wa3uG7kfHjw_1433564_1437020.wav,hiyeonni_UCIE8oNAijVSSedjX3tUHJg_Wa3uG7kfHjw,1433564,1437020,3456
hiyeonni_UCIE8oNAijVSSedjX3tUHJg_Wa3uG7kfHjw_1437244_1441710.wav,hiyeonni_UCIE8oNAijVSSedjX3tUHJg_Wa3uG7kfHjw,1437244,1441710,4466
hiyeonni_UCIE8oNAijVSSedjX3tUHJg_Wa3uG7kfHjw_1441886_1454560.wav,hiyeonni_UCIE8oNAijVSSedjX3tUHJg_Wa3uG7kfHjw,1441886,1454560,12674
hiyeonni_UCIE8oNAijVSSedjX3tUHJg_Wa3uG7kfHjw_1455008_1456696.wav,hiyeonni_UCIE8oNAijVSSedjX3tUHJg_Wa3uG7kfHjw,1455008,1456696,1688
hiyeonni_UCIE8oNAijVSSedjX3tUHJg_Wa3uG7kfHjw_1457088_1458472.wav,hiyeonni_UCIE8oNAijVSSedjX3tUHJg_Wa3uG7kfHjw,1457088,1458472,1384
hiyeonni_UCIE8oNAijVSSedjX3tUHJg_Wa3uG7kfHjw_1458640_1467904.wav,hiyeonni_UCIE8oNAijVSSedjX3tUHJg_Wa3uG7kfHjw,1458640,1467904,9264
hiyeonni_UCIE8oNAijVSSedjX3tUHJg_Wa3uG7kfHjw_1468040_1472872.wav,hiyeonni_UCIE8oNAijVSSedjX3tUHJg_Wa3uG7kfHjw,1468040,1472872,4832
hiyeonni_UCIE8oNAijVSSedjX3tUHJg_Wa3uG7kfHjw_1473024_1481144.wav,hiyeonni_UCIE8oNAijVSSedjX3tUHJg_Wa3uG7kfHjw,1473024,1481144,8120
hiyeonni_UCIE8oNAijVSSedjX3tUHJg_Wa3uG7kfHjw_1481296_1482488.wav,hiyeonni_UCIE8oNAijVSSedjX3tUHJg_Wa3uG7kfHjw,1481296,1482488,1192
hiyeonni_UCIE8oNAijVSSedjX3tUHJg_Wa3uG7kfHjw_1482664_1486816.wav,hiyeonni_UCIE8oNAijVSSedjX3tUHJg_Wa3uG7kfHjw,1482664,1486816,4152
hiyeonni_UCIE8oNAijVSSedjX3tUHJg_Wa3uG7kfHjw_1487264_1494392.wav,hiyeonni_UCIE8oNAijVSSedjX3tUHJg_Wa3uG7kfHjw,1487264,1494392,7128
hiyeonni_UCIE8oNAijVSSedjX3tUHJg_Wa3uG7kfHjw_1494544_1499728.wav,hiyeonni_UCIE8oNAijVSSedjX3tUHJg_Wa3uG7kfHjw,1494544,1499728,5184
hiyeonni_UCIE8oNAijVSSedjX3tUHJg_Wa3uG7kfHjw_1499888_1500944.wav,hiyeonni_UCIE8oNAijVSSedjX3tUHJg_Wa3uG7kfHjw,1499888,1500944,1056
hiyeonni_UCIE8oNAijVSSedjX3tUHJg_Wa3uG7kfHjw_1501456_1507652.wav,hiyeonni_UCIE8oNAijVSSedjX3tUHJg_Wa3uG7kfHjw,1501456,1507652,6196
hiyeonni_UCIE8oNAijVSSedjX3tUHJg_Wa3uG7kfHjw_1507876_1513028.wav,hiyeonni_UCIE8oNAijVSSedjX3tUHJg_Wa3uG7kfHjw,1507876,1513028,5152
hiyeonni_UCIE8oNAijVSSedjX3tUHJg_Wa3uG7kfHjw_1513204_1518588.wav,hiyeonni_UCIE8oNAijVSSedjX3tUHJg_Wa3uG7kfHjw,1513204,1518588,5384
hiyeonni_UCIE8oNAijVSSedjX3tUHJg_Wa3uG7kfHjw_1518756_1528956.wav,hiyeonni_UCIE8oNAijVSSedjX3tUHJg_Wa3uG7kfHjw,1518756,1528956,10200
hiyeonni_UCIE8oNAijVSSedjX3tUHJg_Wa3uG7kfHjw_1529172_1531680.wav,hiyeonni_UCIE8oNAijVSSedjX3tUHJg_Wa3uG7kfHjw,1529172,1531680,2508
hiyeonni_UCIE8oNAijVSSedjX3tUHJg_Wa3uG7kfHjw_1532072_1536856.wav,hiyeonni_UCIE8oNAijVSSedjX3tUHJg_Wa3uG7kfHjw,1532072,1536856,4784
hiyeonni_UCIE8oNAijVSSedjX3tUHJg_Wa3uG7kfHjw_1537008_1541248.wav,hiyeonni_UCIE8oNAijVSSedjX3tUHJg_Wa3uG7kfHjw,1537008,1541248,4240
hiyeonni_UCIE8oNAijVSSedjX3tUHJg_Wa3uG7kfHjw_1541432_1545680.wav,hiyeonni_UCIE8oNAijVSSedjX3tUHJg_Wa3uG7kfHjw,1541432,1545680,4248
hiyeonni_UCIE8oNAijVSSedjX3tUHJg_Wa3uG7kfHjw_1546184_1556600.wav,hiyeonni_UCIE8oNAijVSSedjX3tUHJg_Wa3uG7kfHjw,1546184,1556600,10416
hiyeonni_UCIE8oNAijVSSedjX3tUHJg_Wa3uG7kfHjw_1556736_1569880.wav,hiyeonni_UCIE8oNAijVSSedjX3tUHJg_Wa3uG7kfHjw,1556736,1569880,13144
hiyeonni_UCIE8oNAijVSSedjX3tUHJg_Wa3uG7kfHjw_1569984_1573352.wav,hiyeonni_UCIE8oNAijVSSedjX3tUHJg_Wa3uG7kfHjw,1569984,1573352,3368
hiyeonni_UCIE8oNAijVSSedjX3tUHJg_Wa3uG7kfHjw_1573472_1575048.wav,hiyeonni_UCIE8oNAijVSSedjX3tUHJg_Wa3uG7kfHjw,1573472,1575048,1576
hiyeonni_UCIE8oNAijVSSedjX3tUHJg_Wa3uG7kfHjw_1575168_1576864.wav,hiyeonni_UCIE8oNAijVSSedjX3tUHJg_Wa3uG7kfHjw,1575168,1576864,1696
hiyeonni_UCIE8oNAijVSSedjX3tUHJg_Wa3uG7kfHjw_1577160_1581448.wav,hiyeonni_UCIE8oNAijVSSedjX3tUHJg_Wa3uG7kfHjw,1577160,1581448,4288
hiyeonni_UCIE8oNAijVSSedjX3tUHJg_Wa3uG7kfHjw_1581712_1585992.wav,hiyeonni_UCIE8oNAijVSSedjX3tUHJg_Wa3uG7kfHjw,1581712,1585992,4280
hiyeonni_UCIE8oNAijVSSedjX3tUHJg_Wa3uG7kfHjw_1586136_1593600.wav,hiyeonni_UCIE8oNAijVSSedjX3tUHJg_Wa3uG7kfHjw,1586136,1593600,7464
hiyeonni_UCIE8oNAijVSSedjX3tUHJg_Wa3uG7kfHjw_1593744_1595672.wav,hiyeonni_UCIE8oNAijVSSedjX3tUHJg_Wa3uG7kfHjw,1593744,1595672,1928
hiyeonni_UCIE8oNAijVSSedjX3tUHJg_Wa3uG7kfHjw_1595992_1599352.wav,hiyeonni_UCIE8oNAijVSSedjX3tUHJg_Wa3uG7kfHjw,1595992,1599352,3360
hiyeonni_UCIE8oNAijVSSedjX3tUHJg_Wa3uG7kfHjw_1599632_1606520.wav,hiyeonni_UCIE8oNAijVSSedjX3tUHJg_Wa3uG7kfHjw,1599632,1606520,6888
hiyeonni_UCIE8oNAijVSSedjX3tUHJg_Wa3uG7kfHjw_1607168_1608456.wav,hiyeonni_UCIE8oNAijVSSedjX3tUHJg_Wa3uG7kfHjw,1607168,1608456,1288
hiyeonni_UCIE8oNAijVSSedjX3tUHJg_Wa3uG7kfHjw_1608944_1613120.wav,hiyeonni_UCIE8oNAijVSSedjX3tUHJg_Wa3uG7kfHjw,1608944,1613120,4176
hiyeonni_UCIE8oNAijVSSedjX3tUHJg_Wa3uG7kfHjw_1613280_1619904.wav,hiyeonni_UCIE8oNAijVSSedjX3tUHJg_Wa3uG7kfHjw,1613280,1619904,6624
hiyeonni_UCIE8oNAijVSSedjX3tUHJg_Wa3uG7kfHjw_1620080_1620904.wav,hiyeonni_UCIE8oNAijVSSedjX3tUHJg_Wa3uG7kfHjw,1620080,1620904,824
hiyeonni_UCIE8oNAijVSSedjX3tUHJg_Wa3uG7kfHjw_1621272_1631544.wav,hiyeonni_UCIE8oNAijVSSedjX3tUHJg_Wa3uG7kfHjw,1621272,1631544,10272
hiyeonni_UCIE8oNAijVSSedjX3tUHJg_Wa3uG7kfHjw_1631760_1638256.wav,hiyeonni_UCIE8oNAijVSSedjX3tUHJg_Wa3uG7kfHjw,1631760,1638256,6496
hiyeonni_UCIE8oNAijVSSedjX3tUHJg_Wa3uG7kfHjw_1638664_1645178.wav,hiyeonni_UCIE8oNAijVSSedjX3tUHJg_Wa3uG7kfHjw,1638664,1645178,6514
hiyeonni_UCIE8oNAijVSSedjX3tUHJg_Wa3uG7kfHjw_1645410_1647652.wav,hiyeonni_UCIE8oNAijVSSedjX3tUHJg_Wa3uG7kfHjw,1645410,1647652,2242
hiyeonni_UCIE8oNAijVSSedjX3tUHJg_Wa3uG7kfHjw_1647876_1649552.wav,hiyeonni_UCIE8oNAijVSSedjX3tUHJg_Wa3uG7kfHjw,1647876,1649552,1676
hiyeonni_UCIE8oNAijVSSedjX3tUHJg_Wa3uG7kfHjw_1649824_1657888.wav,hiyeonni_UCIE8oNAijVSSedjX3tUHJg_Wa3uG7kfHjw,1649824,1657888,8064
hiyeonni_UCIE8oNAijVSSedjX3tUHJg_Wa3uG7kfHjw_1658096_1658464.wav,hiyeonni_UCIE8oNAijVSSedjX3tUHJg_Wa3uG7kfHjw,1658096,1658464,368
hiyeonni_UCIE8oNAijVSSedjX3tUHJg_Wa3uG7kfHjw_1658992_1660592.wav,hiyeonni_UCIE8oNAijVSSedjX3tUHJg_Wa3uG7kfHjw,1658992,1660592,1600
hiyeonni_UCIE8oNAijVSSedjX3tUHJg_Wa3uG7kfHjw_1660896_1665816.wav,hiyeonni_UCIE8oNAijVSSedjX3tUHJg_Wa3uG7kfHjw,1660896,1665816,4920
hiyeonni_UCIE8oNAijVSSedjX3tUHJg_Wa3uG7kfHjw_1666216_1669968.wav,hiyeonni_UCIE8oNAijVSSedjX3tUHJg_Wa3uG7kfHjw,1666216,1669968,3752
hiyeonni_UCIE8oNAijVSSedjX3tUHJg_Wa3uG7kfHjw_1670616_1671760.wav,hiyeonni_UCIE8oNAijVSSedjX3tUHJg_Wa3uG7kfHjw,1670616,1671760,1144
hiyeonni_UCIE8oNAijVSSedjX3tUHJg_Wa3uG7kfHjw_1672144_1676552.wav,hiyeonni_UCIE8oNAijVSSedjX3tUHJg_Wa3uG7kfHjw,1672144,1676552,4408
hiyeonni_UCIE8oNAijVSSedjX3tUHJg_Wa3uG7kfHjw_1676968_1678065.wav,hiyeonni_UCIE8oNAijVSSedjX3tUHJg_Wa3uG7kfHjw,1676968,1678065,1097
hiyeonni_UCIE8oNAijVSSedjX3tUHJg_Wa3uG7kfHjw_1678225_1679473.wav,hiyeonni_UCIE8oNAijVSSedjX3tUHJg_Wa3uG7kfHjw,1678225,1679473,1248
hiyeonni_UCIE8oNAijVSSedjX3tUHJg_Wa3uG7kfHjw_1679657_1688178.wav,hiyeonni_UCIE8oNAijVSSedjX3tUHJg_Wa3uG7kfHjw,1679657,1688178,8521
hiyeonni_UCIE8oNAijVSSedjX3tUHJg_Wa3uG7kfHjw_1688354_1688546.wav,hiyeonni_UCIE8oNAijVSSedjX3tUHJg_Wa3uG7kfHjw,1688354,1688546,192
hiyeonni_UCIE8oNAijVSSedjX3tUHJg_Wa3uG7kfHjw_1688714_1691234.wav,hiyeonni_UCIE8oNAijVSSedjX3tUHJg_Wa3uG7kfHjw,1688714,1691234,2520
hiyeonni_UCIE8oNAijVSSedjX3tUHJg_Wa3uG7kfHjw_1691418_1692418.wav,hiyeonni_UCIE8oNAijVSSedjX3tUHJg_Wa3uG7kfHjw,1691418,1692418,1000
hiyeonni_UCIE8oNAijVSSedjX3tUHJg_Wa3uG7kfHjw_1692578_1700123.wav,hiyeonni_UCIE8oNAijVSSedjX3tUHJg_Wa3uG7kfHjw,1692578,1700123,7545
hiyeonni_UCIE8oNAijVSSedjX3tUHJg_Wa3uG7kfHjw_1700227_1709916.wav,hiyeonni_UCIE8oNAijVSSedjX3tUHJg_Wa3uG7kfHjw,1700227,1709916,9689
hiyeonni_UCIE8oNAijVSSedjX3tUHJg_Wa3uG7kfHjw_1710156_1711886.wav,hiyeonni_UCIE8oNAijVSSedjX3tUHJg_Wa3uG7kfHjw,1710156,1711886,1730
hiyeonni_UCIE8oNAijVSSedjX3tUHJg_Wa3uG7kfHjw_1711998_1713662.wav,hiyeonni_UCIE8oNAijVSSedjX3tUHJg_Wa3uG7kfHjw,1711998,1713662,1664
hiyeonni_UCIE8oNAijVSSedjX3tUHJg_Wa3uG7kfHjw_1713782_1723335.wav,hiyeonni_UCIE8oNAijVSSedjX3tUHJg_Wa3uG7kfHjw,1713782,1723335,9553
hiyeonni_UCIE8oNAijVSSedjX3tUHJg_Wa3uG7kfHjw_1723487_1729192.wav,hiyeonni_UCIE8oNAijVSSedjX3tUHJg_Wa3uG7kfHjw,1723487,1729192,5705
hiyeonni_UCIE8oNAijVSSedjX3tUHJg_Wa3uG7kfHjw_1729680_1736700.wav,hiyeonni_UCIE8oNAijVSSedjX3tUHJg_Wa3uG7kfHjw,1729680,1736700,7020
hiyeonni_UCIE8oNAijVSSedjX3tUHJg_Wa3uG7kfHjw_1736836_1741470.wav,hiyeonni_UCIE8oNAijVSSedjX3tUHJg_Wa3uG7kfHjw,1736836,1741470,4634
hiyeonni_UCIE8oNAijVSSedjX3tUHJg_Wa3uG7kfHjw_1741606_1748590.wav,hiyeonni_UCIE8oNAijVSSedjX3tUHJg_Wa3uG7kfHjw,1741606,1748590,6984
hiyeonni_UCIE8oNAijVSSedjX3tUHJg_Wa3uG7kfHjw_1748718_1749632.wav,hiyeonni_UCIE8oNAijVSSedjX3tUHJg_Wa3uG7kfHjw,1748718,1749632,914
hiyeonni_UCIE8oNAijVSSedjX3tUHJg_Wa3uG7kfHjw_1749840_1751200.wav,hiyeonni_UCIE8oNAijVSSedjX3tUHJg_Wa3uG7kfHjw,1749840,1751200,1360
hiyeonni_UCIE8oNAijVSSedjX3tUHJg_Wa3uG7kfHjw_1751912_1757376.wav,hiyeonni_UCIE8oNAijVSSedjX3tUHJg_Wa3uG7kfHjw,1751912,1757376,5464
hiyeonni_UCIE8oNAijVSSedjX3tUHJg_Wa3uG7kfHjw_1757680_1759984.wav,hiyeonni_UCIE8oNAijVSSedjX3tUHJg_Wa3uG7kfHjw,1757680,1759984,2304
hiyeonni_UCIE8oNAijVSSedjX3tUHJg_Wa3uG7kfHjw_1760072_1770464.wav,hiyeonni_UCIE8oNAijVSSedjX3tUHJg_Wa3uG7kfHjw,1760072,1770464,10392
hiyeonni_UCIE8oNAijVSSedjX3tUHJg_Wa3uG7kfHjw_1770560_1774096.wav,hiyeonni_UCIE8oNAijVSSedjX3tUHJg_Wa3uG7kfHjw,1770560,1774096,3536
hiyeonni_UCIE8oNAijVSSedjX3tUHJg_Wa3uG7kfHjw_1774360_1776352.wav,hiyeonni_UCIE8oNAijVSSedjX3tUHJg_Wa3uG7kfHjw,1774360,1776352,1992
hiyeonni_UCIE8oNAijVSSedjX3tUHJg_Wa3uG7kfHjw_1776664_1781304.wav,hiyeonni_UCIE8oNAijVSSedjX3tUHJg_Wa3uG7kfHjw,1776664,1781304,4640
hiyeonni_UCIE8oNAijVSSedjX3tUHJg_Wa3uG7kfHjw_1782024_1783744.wav,hiyeonni_UCIE8oNAijVSSedjX3tUHJg_Wa3uG7kfHjw,1782024,1783744,1720
hiyeonni_UCIE8oNAijVSSedjX3tUHJg_Wa3uG7kfHjw_1784096_1784892.wav,hiyeonni_UCIE8oNAijVSSedjX3tUHJg_Wa3uG7kfHjw,1784096,1784892,796
hiyeonni_UCIE8oNAijVSSedjX3tUHJg_Wa3uG7kfHjw_1785132_1785728.wav,hiyeonni_UCIE8oNAijVSSedjX3tUHJg_Wa3uG7kfHjw,1785132,1785728,596
hiyeonni_UCIE8oNAijVSSedjX3tUHJg_Wa3uG7kfHjw_1785832_1793024.wav,hiyeonni_UCIE8oNAijVSSedjX3tUHJg_Wa3uG7kfHjw,1785832,1793024,7192
hiyeonni_UCIE8oNAijVSSedjX3tUHJg_Wa3uG7kfHjw_1793144_1800048.wav,hiyeonni_UCIE8oNAijVSSedjX3tUHJg_Wa3uG7kfHjw,1793144,1800048,6904
hiyeonni_UCIE8oNAijVSSedjX3tUHJg_Wa3uG7kfHjw_1800160_1806644.wav,hiyeonni_UCIE8oNAijVSSedjX3tUHJg_Wa3uG7kfHjw,1800160,1806644,6484
hiyeonni_UCIE8oNAijVSSedjX3tUHJg_Wa3uG7kfHjw_1806796_1807972.wav,hiyeonni_UCIE8oNAijVSSedjX3tUHJg_Wa3uG7kfHjw,1806796,1807972,1176
hiyeonni_UCIE8oNAijVSSedjX3tUHJg_Wa3uG7kfHjw_1808196_1814533.wav,hiyeonni_UCIE8oNAijVSSedjX3tUHJg_Wa3uG7kfHjw,1808196,1814533,6337
hiyeonni_UCIE8oNAijVSSedjX3tUHJg_Wa3uG7kfHjw_1814661_1820926.wav,hiyeonni_UCIE8oNAijVSSedjX3tUHJg_Wa3uG7kfHjw,1814661,1820926,6265
hiyeonni_UCIE8oNAijVSSedjX3tUHJg_Wa3uG7kfHjw_1821078_1824078.wav,hiyeonni_UCIE8oNAijVSSedjX3tUHJg_Wa3uG7kfHjw,1821078,1824078,3000
hiyeonni_UCIE8oNAijVSSedjX3tUHJg_Wa3uG7kfHjw_1824238_1837623.wav,hiyeonni_UCIE8oNAijVSSedjX3tUHJg_Wa3uG7kfHjw,1824238,1837623,13385
hiyeonni_UCIE8oNAijVSSedjX3tUHJg_Wa3uG7kfHjw_1837759_1843568.wav,hiyeonni_UCIE8oNAijVSSedjX3tUHJg_Wa3uG7kfHjw,1837759,1843568,5809
hiyeonni_UCIE8oNAijVSSedjX3tUHJg_Wa3uG7kfHjw_1843840_1856728.wav,hiyeonni_UCIE8oNAijVSSedjX3tUHJg_Wa3uG7kfHjw,1843840,1856728,12888
hiyeonni_UCIE8oNAijVSSedjX3tUHJg_Wa3uG7kfHjw_1856984_1862956.wav,hiyeonni_UCIE8oNAijVSSedjX3tUHJg_Wa3uG7kfHjw,1856984,1862956,5972
hiyeonni_UCIE8oNAijVSSedjX3tUHJg_Wa3uG7kfHjw_1863108_1869216.wav,hiyeonni_UCIE8oNAijVSSedjX3tUHJg_Wa3uG7kfHjw,1863108,1869216,6108
hiyeonni_UCIE8oNAijVSSedjX3tUHJg_Wa3uG7kfHjw_1869760_1884152.wav,hiyeonni_UCIE8oNAijVSSedjX3tUHJg_Wa3uG7kfHjw,1869760,1884152,14392
hiyeonni_UCIE8oNAijVSSedjX3tUHJg_Wa3uG7kfHjw_1884256_1888720.wav,hiyeonni_UCIE8oNAijVSSedjX3tUHJg_Wa3uG7kfHjw,1884256,1888720,4464
