filename,video_id,start_time,end_time,duration
AnnabelleGao_UClCbpIhDRqWEBLc4bEpjPQw_fiD3SrRq04_601_1049.wav,AnnabelleGao_UClCbpIhDRqWEBLc4bEpjPQw_fiD3SrRq04,601,1049,448
AnnabelleGao_UClCbpIhDRqWEBLc4bEpjPQw_fiD3SrRq04_1641_1777.wav,AnnabelleGao_UClCbpIhDRqWEBLc4bEpjPQw_fiD3SrRq04,1641,1777,136
AnnabelleGao_UClCbpIhDRqWEBLc4bEpjPQw_fiD3SrRq04_2737_6841.wav,AnnabelleGao_UClCbpIhDRqWEBLc4bEpjPQw_fiD3SrRq04,2737,6841,4104
AnnabelleGao_UClCbpIhDRqWEBLc4bEpjPQw_fiD3SrRq04_7353_7825.wav,AnnabelleGao_UClCbpIhDRqWEBLc4bEpjPQw_fiD3SrRq04,7353,7825,472
AnnabelleGao_UClCbpIhDRqWEBLc4bEpjPQw_fiD3SrRq04_8145_17723.wav,AnnabelleGao_UClCbpIhDRqWEBLc4bEpjPQw_fiD3SrRq04,8145,17723,9578
AnnabelleGao_UClCbpIhDRqWEBLc4bEpjPQw_fiD3SrRq04_18245_18769.wav,AnnabelleGao_UClCbpIhDRqWEBLc4bEpjPQw_fiD3SrRq04,18245,18769,524
AnnabelleGao_UClCbpIhDRqWEBLc4bEpjPQw_fiD3SrRq04_19129_19929.wav,AnnabelleGao_UClCbpIhDRqWEBLc4bEpjPQw_fiD3SrRq04,19129,19929,800
AnnabelleGao_UClCbpIhDRqWEBLc4bEpjPQw_fiD3SrRq04_20145_20993.wav,AnnabelleGao_UClCbpIhDRqWEBLc4bEpjPQw_fiD3SrRq04,20145,20993,848
AnnabelleGao_UClCbpIhDRqWEBLc4bEpjPQw_fiD3SrRq04_21209_28633.wav,AnnabelleGao_UClCbpIhDRqWEBLc4bEpjPQw_fiD3SrRq04,21209,28633,7424
AnnabelleGao_UClCbpIhDRqWEBLc4bEpjPQw_fiD3SrRq04_28833_37333.wav,AnnabelleGao_UClCbpIhDRqWEBLc4bEpjPQw_fiD3SrRq04,28833,37333,8500
AnnabelleGao_UClCbpIhDRqWEBLc4bEpjPQw_fiD3SrRq04_37661_38849.wav,AnnabelleGao_UClCbpIhDRqWEBLc4bEpjPQw_fiD3SrRq04,37661,38849,1188
AnnabelleGao_UClCbpIhDRqWEBLc4bEpjPQw_fiD3SrRq04_39097_40905.wav,AnnabelleGao_UClCbpIhDRqWEBLc4bEpjPQw_fiD3SrRq04,39097,40905,1808
AnnabelleGao_UClCbpIhDRqWEBLc4bEpjPQw_fiD3SrRq04_41465_44457.wav,AnnabelleGao_UClCbpIhDRqWEBLc4bEpjPQw_fiD3SrRq04,41465,44457,2992
AnnabelleGao_UClCbpIhDRqWEBLc4bEpjPQw_fiD3SrRq04_44961_59849.wav,AnnabelleGao_UClCbpIhDRqWEBLc4bEpjPQw_fiD3SrRq04,44961,59849,14888
AnnabelleGao_UClCbpIhDRqWEBLc4bEpjPQw_fiD3SrRq04_60073_61721.wav,AnnabelleGao_UClCbpIhDRqWEBLc4bEpjPQw_fiD3SrRq04,60073,61721,1648
AnnabelleGao_UClCbpIhDRqWEBLc4bEpjPQw_fiD3SrRq04_62049_70921.wav,AnnabelleGao_UClCbpIhDRqWEBLc4bEpjPQw_fiD3SrRq04,62049,70921,8872
AnnabelleGao_UClCbpIhDRqWEBLc4bEpjPQw_fiD3SrRq04_71241_72673.wav,AnnabelleGao_UClCbpIhDRqWEBLc4bEpjPQw_fiD3SrRq04,71241,72673,1432
AnnabelleGao_UClCbpIhDRqWEBLc4bEpjPQw_fiD3SrRq04_73049_81209.wav,AnnabelleGao_UClCbpIhDRqWEBLc4bEpjPQw_fiD3SrRq04,73049,81209,8160
AnnabelleGao_UClCbpIhDRqWEBLc4bEpjPQw_fiD3SrRq04_81345_88209.wav,AnnabelleGao_UClCbpIhDRqWEBLc4bEpjPQw_fiD3SrRq04,81345,88209,6864
AnnabelleGao_UClCbpIhDRqWEBLc4bEpjPQw_fiD3SrRq04_88425_100474.wav,AnnabelleGao_UClCbpIhDRqWEBLc4bEpjPQw_fiD3SrRq04,88425,100474,12049
AnnabelleGao_UClCbpIhDRqWEBLc4bEpjPQw_fiD3SrRq04_100602_102090.wav,AnnabelleGao_UClCbpIhDRqWEBLc4bEpjPQw_fiD3SrRq04,100602,102090,1488
AnnabelleGao_UClCbpIhDRqWEBLc4bEpjPQw_fiD3SrRq04_102451_103757.wav,AnnabelleGao_UClCbpIhDRqWEBLc4bEpjPQw_fiD3SrRq04,102451,103757,1306
AnnabelleGao_UClCbpIhDRqWEBLc4bEpjPQw_fiD3SrRq04_103925_109897.wav,AnnabelleGao_UClCbpIhDRqWEBLc4bEpjPQw_fiD3SrRq04,103925,109897,5972
AnnabelleGao_UClCbpIhDRqWEBLc4bEpjPQw_fiD3SrRq04_110281_119057.wav,AnnabelleGao_UClCbpIhDRqWEBLc4bEpjPQw_fiD3SrRq04,110281,119057,8776
AnnabelleGao_UClCbpIhDRqWEBLc4bEpjPQw_fiD3SrRq04_119273_126185.wav,AnnabelleGao_UClCbpIhDRqWEBLc4bEpjPQw_fiD3SrRq04,119273,126185,6912
AnnabelleGao_UClCbpIhDRqWEBLc4bEpjPQw_fiD3SrRq04_126313_129897.wav,AnnabelleGao_UClCbpIhDRqWEBLc4bEpjPQw_fiD3SrRq04,126313,129897,3584
AnnabelleGao_UClCbpIhDRqWEBLc4bEpjPQw_fiD3SrRq04_130153_134129.wav,AnnabelleGao_UClCbpIhDRqWEBLc4bEpjPQw_fiD3SrRq04,130153,134129,3976
AnnabelleGao_UClCbpIhDRqWEBLc4bEpjPQw_fiD3SrRq04_134489_142113.wav,AnnabelleGao_UClCbpIhDRqWEBLc4bEpjPQw_fiD3SrRq04,134489,142113,7624
AnnabelleGao_UClCbpIhDRqWEBLc4bEpjPQw_fiD3SrRq04_142369_153001.wav,AnnabelleGao_UClCbpIhDRqWEBLc4bEpjPQw_fiD3SrRq04,142369,153001,10632
AnnabelleGao_UClCbpIhDRqWEBLc4bEpjPQw_fiD3SrRq04_153177_157505.wav,AnnabelleGao_UClCbpIhDRqWEBLc4bEpjPQw_fiD3SrRq04,153177,157505,4328
AnnabelleGao_UClCbpIhDRqWEBLc4bEpjPQw_fiD3SrRq04_157721_165065.wav,AnnabelleGao_UClCbpIhDRqWEBLc4bEpjPQw_fiD3SrRq04,157721,165065,7344
AnnabelleGao_UClCbpIhDRqWEBLc4bEpjPQw_fiD3SrRq04_165681_167185.wav,AnnabelleGao_UClCbpIhDRqWEBLc4bEpjPQw_fiD3SrRq04,165681,167185,1504
AnnabelleGao_UClCbpIhDRqWEBLc4bEpjPQw_fiD3SrRq04_168017_171217.wav,AnnabelleGao_UClCbpIhDRqWEBLc4bEpjPQw_fiD3SrRq04,168017,171217,3200
AnnabelleGao_UClCbpIhDRqWEBLc4bEpjPQw_fiD3SrRq04_171481_180005.wav,AnnabelleGao_UClCbpIhDRqWEBLc4bEpjPQw_fiD3SrRq04,171481,180005,8524
AnnabelleGao_UClCbpIhDRqWEBLc4bEpjPQw_fiD3SrRq04_180181_182069.wav,AnnabelleGao_UClCbpIhDRqWEBLc4bEpjPQw_fiD3SrRq04,180181,182069,1888
AnnabelleGao_UClCbpIhDRqWEBLc4bEpjPQw_fiD3SrRq04_182277_188513.wav,AnnabelleGao_UClCbpIhDRqWEBLc4bEpjPQw_fiD3SrRq04,182277,188513,6236
AnnabelleGao_UClCbpIhDRqWEBLc4bEpjPQw_fiD3SrRq04_188689_192177.wav,AnnabelleGao_UClCbpIhDRqWEBLc4bEpjPQw_fiD3SrRq04,188689,192177,3488
AnnabelleGao_UClCbpIhDRqWEBLc4bEpjPQw_fiD3SrRq04_192705_194709.wav,AnnabelleGao_UClCbpIhDRqWEBLc4bEpjPQw_fiD3SrRq04,192705,194709,2004
AnnabelleGao_UClCbpIhDRqWEBLc4bEpjPQw_fiD3SrRq04_195101_204281.wav,AnnabelleGao_UClCbpIhDRqWEBLc4bEpjPQw_fiD3SrRq04,195101,204281,9180
AnnabelleGao_UClCbpIhDRqWEBLc4bEpjPQw_fiD3SrRq04_205249_207481.wav,AnnabelleGao_UClCbpIhDRqWEBLc4bEpjPQw_fiD3SrRq04,205249,207481,2232
AnnabelleGao_UClCbpIhDRqWEBLc4bEpjPQw_fiD3SrRq04_207777_214739.wav,AnnabelleGao_UClCbpIhDRqWEBLc4bEpjPQw_fiD3SrRq04,207777,214739,6962
AnnabelleGao_UClCbpIhDRqWEBLc4bEpjPQw_fiD3SrRq04_214851_220851.wav,AnnabelleGao_UClCbpIhDRqWEBLc4bEpjPQw_fiD3SrRq04,214851,220851,6000
AnnabelleGao_UClCbpIhDRqWEBLc4bEpjPQw_fiD3SrRq04_220955_226573.wav,AnnabelleGao_UClCbpIhDRqWEBLc4bEpjPQw_fiD3SrRq04,220955,226573,5618
AnnabelleGao_UClCbpIhDRqWEBLc4bEpjPQw_fiD3SrRq04_226821_230301.wav,AnnabelleGao_UClCbpIhDRqWEBLc4bEpjPQw_fiD3SrRq04,226821,230301,3480
AnnabelleGao_UClCbpIhDRqWEBLc4bEpjPQw_fiD3SrRq04_230525_231633.wav,AnnabelleGao_UClCbpIhDRqWEBLc4bEpjPQw_fiD3SrRq04,230525,231633,1108
AnnabelleGao_UClCbpIhDRqWEBLc4bEpjPQw_fiD3SrRq04_231793_233363.wav,AnnabelleGao_UClCbpIhDRqWEBLc4bEpjPQw_fiD3SrRq04,231793,233363,1570
AnnabelleGao_UClCbpIhDRqWEBLc4bEpjPQw_fiD3SrRq04_233603_244509.wav,AnnabelleGao_UClCbpIhDRqWEBLc4bEpjPQw_fiD3SrRq04,233603,244509,10906
AnnabelleGao_UClCbpIhDRqWEBLc4bEpjPQw_fiD3SrRq04_244749_246321.wav,AnnabelleGao_UClCbpIhDRqWEBLc4bEpjPQw_fiD3SrRq04,244749,246321,1572
AnnabelleGao_UClCbpIhDRqWEBLc4bEpjPQw_fiD3SrRq04_246705_247449.wav,AnnabelleGao_UClCbpIhDRqWEBLc4bEpjPQw_fiD3SrRq04,246705,247449,744
AnnabelleGao_UClCbpIhDRqWEBLc4bEpjPQw_fiD3SrRq04_248849_253169.wav,AnnabelleGao_UClCbpIhDRqWEBLc4bEpjPQw_fiD3SrRq04,248849,253169,4320
AnnabelleGao_UClCbpIhDRqWEBLc4bEpjPQw_fiD3SrRq04_253297_259513.wav,AnnabelleGao_UClCbpIhDRqWEBLc4bEpjPQw_fiD3SrRq04,253297,259513,6216
AnnabelleGao_UClCbpIhDRqWEBLc4bEpjPQw_fiD3SrRq04_261745_262749.wav,AnnabelleGao_UClCbpIhDRqWEBLc4bEpjPQw_fiD3SrRq04,261745,262749,1004
AnnabelleGao_UClCbpIhDRqWEBLc4bEpjPQw_fiD3SrRq04_262933_263749.wav,AnnabelleGao_UClCbpIhDRqWEBLc4bEpjPQw_fiD3SrRq04,262933,263749,816
AnnabelleGao_UClCbpIhDRqWEBLc4bEpjPQw_fiD3SrRq04_263917_269497.wav,AnnabelleGao_UClCbpIhDRqWEBLc4bEpjPQw_fiD3SrRq04,263917,269497,5580
AnnabelleGao_UClCbpIhDRqWEBLc4bEpjPQw_fiD3SrRq04_270313_273053.wav,AnnabelleGao_UClCbpIhDRqWEBLc4bEpjPQw_fiD3SrRq04,270313,273053,2740
AnnabelleGao_UClCbpIhDRqWEBLc4bEpjPQw_fiD3SrRq04_273301_283857.wav,AnnabelleGao_UClCbpIhDRqWEBLc4bEpjPQw_fiD3SrRq04,273301,283857,10556
AnnabelleGao_UClCbpIhDRqWEBLc4bEpjPQw_fiD3SrRq04_284305_286005.wav,AnnabelleGao_UClCbpIhDRqWEBLc4bEpjPQw_fiD3SrRq04,284305,286005,1700
AnnabelleGao_UClCbpIhDRqWEBLc4bEpjPQw_fiD3SrRq04_286165_290557.wav,AnnabelleGao_UClCbpIhDRqWEBLc4bEpjPQw_fiD3SrRq04,286165,290557,4392
AnnabelleGao_UClCbpIhDRqWEBLc4bEpjPQw_fiD3SrRq04_290749_292297.wav,AnnabelleGao_UClCbpIhDRqWEBLc4bEpjPQw_fiD3SrRq04,290749,292297,1548
AnnabelleGao_UClCbpIhDRqWEBLc4bEpjPQw_fiD3SrRq04_292745_297921.wav,AnnabelleGao_UClCbpIhDRqWEBLc4bEpjPQw_fiD3SrRq04,292745,297921,5176
AnnabelleGao_UClCbpIhDRqWEBLc4bEpjPQw_fiD3SrRq04_298233_298825.wav,AnnabelleGao_UClCbpIhDRqWEBLc4bEpjPQw_fiD3SrRq04,298233,298825,592
AnnabelleGao_UClCbpIhDRqWEBLc4bEpjPQw_fiD3SrRq04_299465_302345.wav,AnnabelleGao_UClCbpIhDRqWEBLc4bEpjPQw_fiD3SrRq04,299465,302345,2880
AnnabelleGao_UClCbpIhDRqWEBLc4bEpjPQw_fiD3SrRq04_302665_305369.wav,AnnabelleGao_UClCbpIhDRqWEBLc4bEpjPQw_fiD3SrRq04,302665,305369,2704
AnnabelleGao_UClCbpIhDRqWEBLc4bEpjPQw_fiD3SrRq04_305961_311481.wav,AnnabelleGao_UClCbpIhDRqWEBLc4bEpjPQw_fiD3SrRq04,305961,311481,5520
AnnabelleGao_UClCbpIhDRqWEBLc4bEpjPQw_fiD3SrRq04_312209_312777.wav,AnnabelleGao_UClCbpIhDRqWEBLc4bEpjPQw_fiD3SrRq04,312209,312777,568
AnnabelleGao_UClCbpIhDRqWEBLc4bEpjPQw_fiD3SrRq04_313057_314633.wav,AnnabelleGao_UClCbpIhDRqWEBLc4bEpjPQw_fiD3SrRq04,313057,314633,1576
AnnabelleGao_UClCbpIhDRqWEBLc4bEpjPQw_fiD3SrRq04_315393_319689.wav,AnnabelleGao_UClCbpIhDRqWEBLc4bEpjPQw_fiD3SrRq04,315393,319689,4296
AnnabelleGao_UClCbpIhDRqWEBLc4bEpjPQw_fiD3SrRq04_320489_322089.wav,AnnabelleGao_UClCbpIhDRqWEBLc4bEpjPQw_fiD3SrRq04,320489,322089,1600
AnnabelleGao_UClCbpIhDRqWEBLc4bEpjPQw_fiD3SrRq04_322569_327681.wav,AnnabelleGao_UClCbpIhDRqWEBLc4bEpjPQw_fiD3SrRq04,322569,327681,5112
AnnabelleGao_UClCbpIhDRqWEBLc4bEpjPQw_fiD3SrRq04_328041_330041.wav,AnnabelleGao_UClCbpIhDRqWEBLc4bEpjPQw_fiD3SrRq04,328041,330041,2000
AnnabelleGao_UClCbpIhDRqWEBLc4bEpjPQw_fiD3SrRq04_330401_335073.wav,AnnabelleGao_UClCbpIhDRqWEBLc4bEpjPQw_fiD3SrRq04,330401,335073,4672
AnnabelleGao_UClCbpIhDRqWEBLc4bEpjPQw_fiD3SrRq04_335361_338321.wav,AnnabelleGao_UClCbpIhDRqWEBLc4bEpjPQw_fiD3SrRq04,335361,338321,2960
AnnabelleGao_UClCbpIhDRqWEBLc4bEpjPQw_fiD3SrRq04_338473_344409.wav,AnnabelleGao_UClCbpIhDRqWEBLc4bEpjPQw_fiD3SrRq04,338473,344409,5936
AnnabelleGao_UClCbpIhDRqWEBLc4bEpjPQw_fiD3SrRq04_344737_348193.wav,AnnabelleGao_UClCbpIhDRqWEBLc4bEpjPQw_fiD3SrRq04,344737,348193,3456
AnnabelleGao_UClCbpIhDRqWEBLc4bEpjPQw_fiD3SrRq04_348481_353097.wav,AnnabelleGao_UClCbpIhDRqWEBLc4bEpjPQw_fiD3SrRq04,348481,353097,4616
AnnabelleGao_UClCbpIhDRqWEBLc4bEpjPQw_fiD3SrRq04_353521_355129.wav,AnnabelleGao_UClCbpIhDRqWEBLc4bEpjPQw_fiD3SrRq04,353521,355129,1608
AnnabelleGao_UClCbpIhDRqWEBLc4bEpjPQw_fiD3SrRq04_355361_358105.wav,AnnabelleGao_UClCbpIhDRqWEBLc4bEpjPQw_fiD3SrRq04,355361,358105,2744
AnnabelleGao_UClCbpIhDRqWEBLc4bEpjPQw_fiD3SrRq04_358217_366561.wav,AnnabelleGao_UClCbpIhDRqWEBLc4bEpjPQw_fiD3SrRq04,358217,366561,8344
AnnabelleGao_UClCbpIhDRqWEBLc4bEpjPQw_fiD3SrRq04_366681_374353.wav,AnnabelleGao_UClCbpIhDRqWEBLc4bEpjPQw_fiD3SrRq04,366681,374353,7672
AnnabelleGao_UClCbpIhDRqWEBLc4bEpjPQw_fiD3SrRq04_374561_378113.wav,AnnabelleGao_UClCbpIhDRqWEBLc4bEpjPQw_fiD3SrRq04,374561,378113,3552
AnnabelleGao_UClCbpIhDRqWEBLc4bEpjPQw_fiD3SrRq04_378441_379057.wav,AnnabelleGao_UClCbpIhDRqWEBLc4bEpjPQw_fiD3SrRq04,378441,379057,616
AnnabelleGao_UClCbpIhDRqWEBLc4bEpjPQw_fiD3SrRq04_379625_386421.wav,AnnabelleGao_UClCbpIhDRqWEBLc4bEpjPQw_fiD3SrRq04,379625,386421,6796
AnnabelleGao_UClCbpIhDRqWEBLc4bEpjPQw_fiD3SrRq04_386629_394769.wav,AnnabelleGao_UClCbpIhDRqWEBLc4bEpjPQw_fiD3SrRq04,386629,394769,8140
AnnabelleGao_UClCbpIhDRqWEBLc4bEpjPQw_fiD3SrRq04_395073_402723.wav,AnnabelleGao_UClCbpIhDRqWEBLc4bEpjPQw_fiD3SrRq04,395073,402723,7650
AnnabelleGao_UClCbpIhDRqWEBLc4bEpjPQw_fiD3SrRq04_402907_405211.wav,AnnabelleGao_UClCbpIhDRqWEBLc4bEpjPQw_fiD3SrRq04,402907,405211,2304
AnnabelleGao_UClCbpIhDRqWEBLc4bEpjPQw_fiD3SrRq04_405363_408805.wav,AnnabelleGao_UClCbpIhDRqWEBLc4bEpjPQw_fiD3SrRq04,405363,408805,3442
AnnabelleGao_UClCbpIhDRqWEBLc4bEpjPQw_fiD3SrRq04_409029_413239.wav,AnnabelleGao_UClCbpIhDRqWEBLc4bEpjPQw_fiD3SrRq04,409029,413239,4210
AnnabelleGao_UClCbpIhDRqWEBLc4bEpjPQw_fiD3SrRq04_413415_418887.wav,AnnabelleGao_UClCbpIhDRqWEBLc4bEpjPQw_fiD3SrRq04,413415,418887,5472
AnnabelleGao_UClCbpIhDRqWEBLc4bEpjPQw_fiD3SrRq04_419079_421017.wav,AnnabelleGao_UClCbpIhDRqWEBLc4bEpjPQw_fiD3SrRq04,419079,421017,1938
AnnabelleGao_UClCbpIhDRqWEBLc4bEpjPQw_fiD3SrRq04_421569_425929.wav,AnnabelleGao_UClCbpIhDRqWEBLc4bEpjPQw_fiD3SrRq04,421569,425929,4360
AnnabelleGao_UClCbpIhDRqWEBLc4bEpjPQw_fiD3SrRq04_426193_431585.wav,AnnabelleGao_UClCbpIhDRqWEBLc4bEpjPQw_fiD3SrRq04,426193,431585,5392
AnnabelleGao_UClCbpIhDRqWEBLc4bEpjPQw_fiD3SrRq04_432009_434713.wav,AnnabelleGao_UClCbpIhDRqWEBLc4bEpjPQw_fiD3SrRq04,432009,434713,2704
AnnabelleGao_UClCbpIhDRqWEBLc4bEpjPQw_fiD3SrRq04_434889_440177.wav,AnnabelleGao_UClCbpIhDRqWEBLc4bEpjPQw_fiD3SrRq04,434889,440177,5288
AnnabelleGao_UClCbpIhDRqWEBLc4bEpjPQw_fiD3SrRq04_440505_443649.wav,AnnabelleGao_UClCbpIhDRqWEBLc4bEpjPQw_fiD3SrRq04,440505,443649,3144
AnnabelleGao_UClCbpIhDRqWEBLc4bEpjPQw_fiD3SrRq04_443961_447409.wav,AnnabelleGao_UClCbpIhDRqWEBLc4bEpjPQw_fiD3SrRq04,443961,447409,3448
AnnabelleGao_UClCbpIhDRqWEBLc4bEpjPQw_fiD3SrRq04_447633_454873.wav,AnnabelleGao_UClCbpIhDRqWEBLc4bEpjPQw_fiD3SrRq04,447633,454873,7240
AnnabelleGao_UClCbpIhDRqWEBLc4bEpjPQw_fiD3SrRq04_455729_459185.wav,AnnabelleGao_UClCbpIhDRqWEBLc4bEpjPQw_fiD3SrRq04,455729,459185,3456
AnnabelleGao_UClCbpIhDRqWEBLc4bEpjPQw_fiD3SrRq04_459537_461749.wav,AnnabelleGao_UClCbpIhDRqWEBLc4bEpjPQw_fiD3SrRq04,459537,461749,2212
AnnabelleGao_UClCbpIhDRqWEBLc4bEpjPQw_fiD3SrRq04_461941_468121.wav,AnnabelleGao_UClCbpIhDRqWEBLc4bEpjPQw_fiD3SrRq04,461941,468121,6180
AnnabelleGao_UClCbpIhDRqWEBLc4bEpjPQw_fiD3SrRq04_468337_470665.wav,AnnabelleGao_UClCbpIhDRqWEBLc4bEpjPQw_fiD3SrRq04,468337,470665,2328
AnnabelleGao_UClCbpIhDRqWEBLc4bEpjPQw_fiD3SrRq04_470881_480617.wav,AnnabelleGao_UClCbpIhDRqWEBLc4bEpjPQw_fiD3SrRq04,470881,480617,9736
AnnabelleGao_UClCbpIhDRqWEBLc4bEpjPQw_fiD3SrRq04_480921_487969.wav,AnnabelleGao_UClCbpIhDRqWEBLc4bEpjPQw_fiD3SrRq04,480921,487969,7048
AnnabelleGao_UClCbpIhDRqWEBLc4bEpjPQw_fiD3SrRq04_488137_495065.wav,AnnabelleGao_UClCbpIhDRqWEBLc4bEpjPQw_fiD3SrRq04,488137,495065,6928
AnnabelleGao_UClCbpIhDRqWEBLc4bEpjPQw_fiD3SrRq04_495217_501873.wav,AnnabelleGao_UClCbpIhDRqWEBLc4bEpjPQw_fiD3SrRq04,495217,501873,6656
AnnabelleGao_UClCbpIhDRqWEBLc4bEpjPQw_fiD3SrRq04_502033_506697.wav,AnnabelleGao_UClCbpIhDRqWEBLc4bEpjPQw_fiD3SrRq04,502033,506697,4664
AnnabelleGao_UClCbpIhDRqWEBLc4bEpjPQw_fiD3SrRq04_506881_508185.wav,AnnabelleGao_UClCbpIhDRqWEBLc4bEpjPQw_fiD3SrRq04,506881,508185,1304
AnnabelleGao_UClCbpIhDRqWEBLc4bEpjPQw_fiD3SrRq04_508673_511265.wav,AnnabelleGao_UClCbpIhDRqWEBLc4bEpjPQw_fiD3SrRq04,508673,511265,2592
AnnabelleGao_UClCbpIhDRqWEBLc4bEpjPQw_fiD3SrRq04_511537_517513.wav,AnnabelleGao_UClCbpIhDRqWEBLc4bEpjPQw_fiD3SrRq04,511537,517513,5976
AnnabelleGao_UClCbpIhDRqWEBLc4bEpjPQw_fiD3SrRq04_517689_524105.wav,AnnabelleGao_UClCbpIhDRqWEBLc4bEpjPQw_fiD3SrRq04,517689,524105,6416
AnnabelleGao_UClCbpIhDRqWEBLc4bEpjPQw_fiD3SrRq04_524305_531321.wav,AnnabelleGao_UClCbpIhDRqWEBLc4bEpjPQw_fiD3SrRq04,524305,531321,7016
AnnabelleGao_UClCbpIhDRqWEBLc4bEpjPQw_fiD3SrRq04_531705_532881.wav,AnnabelleGao_UClCbpIhDRqWEBLc4bEpjPQw_fiD3SrRq04,531705,532881,1176
AnnabelleGao_UClCbpIhDRqWEBLc4bEpjPQw_fiD3SrRq04_533097_535185.wav,AnnabelleGao_UClCbpIhDRqWEBLc4bEpjPQw_fiD3SrRq04,533097,535185,2088
AnnabelleGao_UClCbpIhDRqWEBLc4bEpjPQw_fiD3SrRq04_535545_536361.wav,AnnabelleGao_UClCbpIhDRqWEBLc4bEpjPQw_fiD3SrRq04,535545,536361,816
AnnabelleGao_UClCbpIhDRqWEBLc4bEpjPQw_fiD3SrRq04_536745_543649.wav,AnnabelleGao_UClCbpIhDRqWEBLc4bEpjPQw_fiD3SrRq04,536745,543649,6904
AnnabelleGao_UClCbpIhDRqWEBLc4bEpjPQw_fiD3SrRq04_543945_545953.wav,AnnabelleGao_UClCbpIhDRqWEBLc4bEpjPQw_fiD3SrRq04,543945,545953,2008
AnnabelleGao_UClCbpIhDRqWEBLc4bEpjPQw_fiD3SrRq04_546289_555001.wav,AnnabelleGao_UClCbpIhDRqWEBLc4bEpjPQw_fiD3SrRq04,546289,555001,8712
AnnabelleGao_UClCbpIhDRqWEBLc4bEpjPQw_fiD3SrRq04_555273_559233.wav,AnnabelleGao_UClCbpIhDRqWEBLc4bEpjPQw_fiD3SrRq04,555273,559233,3960
AnnabelleGao_UClCbpIhDRqWEBLc4bEpjPQw_fiD3SrRq04_559561_564545.wav,AnnabelleGao_UClCbpIhDRqWEBLc4bEpjPQw_fiD3SrRq04,559561,564545,4984
AnnabelleGao_UClCbpIhDRqWEBLc4bEpjPQw_fiD3SrRq04_564833_572313.wav,AnnabelleGao_UClCbpIhDRqWEBLc4bEpjPQw_fiD3SrRq04,564833,572313,7480
AnnabelleGao_UClCbpIhDRqWEBLc4bEpjPQw_fiD3SrRq04_572673_573985.wav,AnnabelleGao_UClCbpIhDRqWEBLc4bEpjPQw_fiD3SrRq04,572673,573985,1312
AnnabelleGao_UClCbpIhDRqWEBLc4bEpjPQw_fiD3SrRq04_574313_576957.wav,AnnabelleGao_UClCbpIhDRqWEBLc4bEpjPQw_fiD3SrRq04,574313,576957,2644
AnnabelleGao_UClCbpIhDRqWEBLc4bEpjPQw_fiD3SrRq04_577189_578677.wav,AnnabelleGao_UClCbpIhDRqWEBLc4bEpjPQw_fiD3SrRq04,577189,578677,1488
AnnabelleGao_UClCbpIhDRqWEBLc4bEpjPQw_fiD3SrRq04_578901_585081.wav,AnnabelleGao_UClCbpIhDRqWEBLc4bEpjPQw_fiD3SrRq04,578901,585081,6180
AnnabelleGao_UClCbpIhDRqWEBLc4bEpjPQw_fiD3SrRq04_585337_589809.wav,AnnabelleGao_UClCbpIhDRqWEBLc4bEpjPQw_fiD3SrRq04,585337,589809,4472
AnnabelleGao_UClCbpIhDRqWEBLc4bEpjPQw_fiD3SrRq04_590185_595793.wav,AnnabelleGao_UClCbpIhDRqWEBLc4bEpjPQw_fiD3SrRq04,590185,595793,5608
AnnabelleGao_UClCbpIhDRqWEBLc4bEpjPQw_fiD3SrRq04_596137_604689.wav,AnnabelleGao_UClCbpIhDRqWEBLc4bEpjPQw_fiD3SrRq04,596137,604689,8552
AnnabelleGao_UClCbpIhDRqWEBLc4bEpjPQw_fiD3SrRq04_604985_606213.wav,AnnabelleGao_UClCbpIhDRqWEBLc4bEpjPQw_fiD3SrRq04,604985,606213,1228
AnnabelleGao_UClCbpIhDRqWEBLc4bEpjPQw_fiD3SrRq04_606365_617697.wav,AnnabelleGao_UClCbpIhDRqWEBLc4bEpjPQw_fiD3SrRq04,606365,617697,11332
AnnabelleGao_UClCbpIhDRqWEBLc4bEpjPQw_fiD3SrRq04_618065_627121.wav,AnnabelleGao_UClCbpIhDRqWEBLc4bEpjPQw_fiD3SrRq04,618065,627121,9056
AnnabelleGao_UClCbpIhDRqWEBLc4bEpjPQw_fiD3SrRq04_627529_628513.wav,AnnabelleGao_UClCbpIhDRqWEBLc4bEpjPQw_fiD3SrRq04,627529,628513,984
AnnabelleGao_UClCbpIhDRqWEBLc4bEpjPQw_fiD3SrRq04_628777_638265.wav,AnnabelleGao_UClCbpIhDRqWEBLc4bEpjPQw_fiD3SrRq04,628777,638265,9488
AnnabelleGao_UClCbpIhDRqWEBLc4bEpjPQw_fiD3SrRq04_638617_641513.wav,AnnabelleGao_UClCbpIhDRqWEBLc4bEpjPQw_fiD3SrRq04,638617,641513,2896
AnnabelleGao_UClCbpIhDRqWEBLc4bEpjPQw_fiD3SrRq04_641857_651965.wav,AnnabelleGao_UClCbpIhDRqWEBLc4bEpjPQw_fiD3SrRq04,641857,651965,10108
AnnabelleGao_UClCbpIhDRqWEBLc4bEpjPQw_fiD3SrRq04_652157_653009.wav,AnnabelleGao_UClCbpIhDRqWEBLc4bEpjPQw_fiD3SrRq04,652157,653009,852
AnnabelleGao_UClCbpIhDRqWEBLc4bEpjPQw_fiD3SrRq04_653217_655105.wav,AnnabelleGao_UClCbpIhDRqWEBLc4bEpjPQw_fiD3SrRq04,653217,655105,1888
AnnabelleGao_UClCbpIhDRqWEBLc4bEpjPQw_fiD3SrRq04_655425_657041.wav,AnnabelleGao_UClCbpIhDRqWEBLc4bEpjPQw_fiD3SrRq04,655425,657041,1616
AnnabelleGao_UClCbpIhDRqWEBLc4bEpjPQw_fiD3SrRq04_657297_657457.wav,AnnabelleGao_UClCbpIhDRqWEBLc4bEpjPQw_fiD3SrRq04,657297,657457,160
AnnabelleGao_UClCbpIhDRqWEBLc4bEpjPQw_fiD3SrRq04_657753_662189.wav,AnnabelleGao_UClCbpIhDRqWEBLc4bEpjPQw_fiD3SrRq04,657753,662189,4436
AnnabelleGao_UClCbpIhDRqWEBLc4bEpjPQw_fiD3SrRq04_662445_667097.wav,AnnabelleGao_UClCbpIhDRqWEBLc4bEpjPQw_fiD3SrRq04,662445,667097,4652
AnnabelleGao_UClCbpIhDRqWEBLc4bEpjPQw_fiD3SrRq04_667441_675521.wav,AnnabelleGao_UClCbpIhDRqWEBLc4bEpjPQw_fiD3SrRq04,667441,675521,8080
AnnabelleGao_UClCbpIhDRqWEBLc4bEpjPQw_fiD3SrRq04_675681_682937.wav,AnnabelleGao_UClCbpIhDRqWEBLc4bEpjPQw_fiD3SrRq04,675681,682937,7256
AnnabelleGao_UClCbpIhDRqWEBLc4bEpjPQw_fiD3SrRq04_683177_683777.wav,AnnabelleGao_UClCbpIhDRqWEBLc4bEpjPQw_fiD3SrRq04,683177,683777,600
AnnabelleGao_UClCbpIhDRqWEBLc4bEpjPQw_fiD3SrRq04_686825_687121.wav,AnnabelleGao_UClCbpIhDRqWEBLc4bEpjPQw_fiD3SrRq04,686825,687121,296
AnnabelleGao_UClCbpIhDRqWEBLc4bEpjPQw_fiD3SrRq04_687761_688569.wav,AnnabelleGao_UClCbpIhDRqWEBLc4bEpjPQw_fiD3SrRq04,687761,688569,808
AnnabelleGao_UClCbpIhDRqWEBLc4bEpjPQw_fiD3SrRq04_688905_695441.wav,AnnabelleGao_UClCbpIhDRqWEBLc4bEpjPQw_fiD3SrRq04,688905,695441,6536
AnnabelleGao_UClCbpIhDRqWEBLc4bEpjPQw_fiD3SrRq04_695937_697089.wav,AnnabelleGao_UClCbpIhDRqWEBLc4bEpjPQw_fiD3SrRq04,695937,697089,1152
AnnabelleGao_UClCbpIhDRqWEBLc4bEpjPQw_fiD3SrRq04_697833_698249.wav,AnnabelleGao_UClCbpIhDRqWEBLc4bEpjPQw_fiD3SrRq04,697833,698249,416
AnnabelleGao_UClCbpIhDRqWEBLc4bEpjPQw_fiD3SrRq04_698633_701553.wav,AnnabelleGao_UClCbpIhDRqWEBLc4bEpjPQw_fiD3SrRq04,698633,701553,2920
AnnabelleGao_UClCbpIhDRqWEBLc4bEpjPQw_fiD3SrRq04_701977_709285.wav,AnnabelleGao_UClCbpIhDRqWEBLc4bEpjPQw_fiD3SrRq04,701977,709285,7308
AnnabelleGao_UClCbpIhDRqWEBLc4bEpjPQw_fiD3SrRq04_709517_714357.wav,AnnabelleGao_UClCbpIhDRqWEBLc4bEpjPQw_fiD3SrRq04,709517,714357,4840
AnnabelleGao_UClCbpIhDRqWEBLc4bEpjPQw_fiD3SrRq04_714573_715255.wav,AnnabelleGao_UClCbpIhDRqWEBLc4bEpjPQw_fiD3SrRq04,714573,715255,682
AnnabelleGao_UClCbpIhDRqWEBLc4bEpjPQw_fiD3SrRq04_715463_721551.wav,AnnabelleGao_UClCbpIhDRqWEBLc4bEpjPQw_fiD3SrRq04,715463,721551,6088
AnnabelleGao_UClCbpIhDRqWEBLc4bEpjPQw_fiD3SrRq04_721855_725249.wav,AnnabelleGao_UClCbpIhDRqWEBLc4bEpjPQw_fiD3SrRq04,721855,725249,3394
AnnabelleGao_UClCbpIhDRqWEBLc4bEpjPQw_fiD3SrRq04_725665_729289.wav,AnnabelleGao_UClCbpIhDRqWEBLc4bEpjPQw_fiD3SrRq04,725665,729289,3624
AnnabelleGao_UClCbpIhDRqWEBLc4bEpjPQw_fiD3SrRq04_729609_730297.wav,AnnabelleGao_UClCbpIhDRqWEBLc4bEpjPQw_fiD3SrRq04,729609,730297,688
AnnabelleGao_UClCbpIhDRqWEBLc4bEpjPQw_fiD3SrRq04_730617_730841.wav,AnnabelleGao_UClCbpIhDRqWEBLc4bEpjPQw_fiD3SrRq04,730617,730841,224
AnnabelleGao_UClCbpIhDRqWEBLc4bEpjPQw_fiD3SrRq04_731097_738245.wav,AnnabelleGao_UClCbpIhDRqWEBLc4bEpjPQw_fiD3SrRq04,731097,738245,7148
AnnabelleGao_UClCbpIhDRqWEBLc4bEpjPQw_fiD3SrRq04_738493_739607.wav,AnnabelleGao_UClCbpIhDRqWEBLc4bEpjPQw_fiD3SrRq04,738493,739607,1114
AnnabelleGao_UClCbpIhDRqWEBLc4bEpjPQw_fiD3SrRq04_739751_740408.wav,AnnabelleGao_UClCbpIhDRqWEBLc4bEpjPQw_fiD3SrRq04,739751,740408,657
AnnabelleGao_UClCbpIhDRqWEBLc4bEpjPQw_fiD3SrRq04_740544_751681.wav,AnnabelleGao_UClCbpIhDRqWEBLc4bEpjPQw_fiD3SrRq04,740544,751681,11137
AnnabelleGao_UClCbpIhDRqWEBLc4bEpjPQw_fiD3SrRq04_752049_753433.wav,AnnabelleGao_UClCbpIhDRqWEBLc4bEpjPQw_fiD3SrRq04,752049,753433,1384
AnnabelleGao_UClCbpIhDRqWEBLc4bEpjPQw_fiD3SrRq04_753929_757777.wav,AnnabelleGao_UClCbpIhDRqWEBLc4bEpjPQw_fiD3SrRq04,753929,757777,3848
AnnabelleGao_UClCbpIhDRqWEBLc4bEpjPQw_fiD3SrRq04_758057_758923.wav,AnnabelleGao_UClCbpIhDRqWEBLc4bEpjPQw_fiD3SrRq04,758057,758923,866
AnnabelleGao_UClCbpIhDRqWEBLc4bEpjPQw_fiD3SrRq04_759131_767676.wav,AnnabelleGao_UClCbpIhDRqWEBLc4bEpjPQw_fiD3SrRq04,759131,767676,8545
AnnabelleGao_UClCbpIhDRqWEBLc4bEpjPQw_fiD3SrRq04_767860_769605.wav,AnnabelleGao_UClCbpIhDRqWEBLc4bEpjPQw_fiD3SrRq04,767860,769605,1745
AnnabelleGao_UClCbpIhDRqWEBLc4bEpjPQw_fiD3SrRq04_769869_780101.wav,AnnabelleGao_UClCbpIhDRqWEBLc4bEpjPQw_fiD3SrRq04,769869,780101,10232
AnnabelleGao_UClCbpIhDRqWEBLc4bEpjPQw_fiD3SrRq04_780357_782677.wav,AnnabelleGao_UClCbpIhDRqWEBLc4bEpjPQw_fiD3SrRq04,780357,782677,2320
AnnabelleGao_UClCbpIhDRqWEBLc4bEpjPQw_fiD3SrRq04_782989_784053.wav,AnnabelleGao_UClCbpIhDRqWEBLc4bEpjPQw_fiD3SrRq04,782989,784053,1064
AnnabelleGao_UClCbpIhDRqWEBLc4bEpjPQw_fiD3SrRq04_784285_792885.wav,AnnabelleGao_UClCbpIhDRqWEBLc4bEpjPQw_fiD3SrRq04,784285,792885,8600
AnnabelleGao_UClCbpIhDRqWEBLc4bEpjPQw_fiD3SrRq04_793221_794357.wav,AnnabelleGao_UClCbpIhDRqWEBLc4bEpjPQw_fiD3SrRq04,793221,794357,1136
AnnabelleGao_UClCbpIhDRqWEBLc4bEpjPQw_fiD3SrRq04_794645_801921.wav,AnnabelleGao_UClCbpIhDRqWEBLc4bEpjPQw_fiD3SrRq04,794645,801921,7276
AnnabelleGao_UClCbpIhDRqWEBLc4bEpjPQw_fiD3SrRq04_802273_806291.wav,AnnabelleGao_UClCbpIhDRqWEBLc4bEpjPQw_fiD3SrRq04,802273,806291,4018
AnnabelleGao_UClCbpIhDRqWEBLc4bEpjPQw_fiD3SrRq04_806459_807411.wav,AnnabelleGao_UClCbpIhDRqWEBLc4bEpjPQw_fiD3SrRq04,806459,807411,952
AnnabelleGao_UClCbpIhDRqWEBLc4bEpjPQw_fiD3SrRq04_807715_815699.wav,AnnabelleGao_UClCbpIhDRqWEBLc4bEpjPQw_fiD3SrRq04,807715,815699,7984
AnnabelleGao_UClCbpIhDRqWEBLc4bEpjPQw_fiD3SrRq04_815867_817643.wav,AnnabelleGao_UClCbpIhDRqWEBLc4bEpjPQw_fiD3SrRq04,815867,817643,1776
AnnabelleGao_UClCbpIhDRqWEBLc4bEpjPQw_fiD3SrRq04_817827_819299.wav,AnnabelleGao_UClCbpIhDRqWEBLc4bEpjPQw_fiD3SrRq04,817827,819299,1472
AnnabelleGao_UClCbpIhDRqWEBLc4bEpjPQw_fiD3SrRq04_819483_820373.wav,AnnabelleGao_UClCbpIhDRqWEBLc4bEpjPQw_fiD3SrRq04,819483,820373,890
AnnabelleGao_UClCbpIhDRqWEBLc4bEpjPQw_fiD3SrRq04_820773_826321.wav,AnnabelleGao_UClCbpIhDRqWEBLc4bEpjPQw_fiD3SrRq04,820773,826321,5548
AnnabelleGao_UClCbpIhDRqWEBLc4bEpjPQw_fiD3SrRq04_826737_828897.wav,AnnabelleGao_UClCbpIhDRqWEBLc4bEpjPQw_fiD3SrRq04,826737,828897,2160
AnnabelleGao_UClCbpIhDRqWEBLc4bEpjPQw_fiD3SrRq04_829385_830861.wav,AnnabelleGao_UClCbpIhDRqWEBLc4bEpjPQw_fiD3SrRq04,829385,830861,1476
AnnabelleGao_UClCbpIhDRqWEBLc4bEpjPQw_fiD3SrRq04_831037_836937.wav,AnnabelleGao_UClCbpIhDRqWEBLc4bEpjPQw_fiD3SrRq04,831037,836937,5900
AnnabelleGao_UClCbpIhDRqWEBLc4bEpjPQw_fiD3SrRq04_837273_842337.wav,AnnabelleGao_UClCbpIhDRqWEBLc4bEpjPQw_fiD3SrRq04,837273,842337,5064
AnnabelleGao_UClCbpIhDRqWEBLc4bEpjPQw_fiD3SrRq04_842609_852129.wav,AnnabelleGao_UClCbpIhDRqWEBLc4bEpjPQw_fiD3SrRq04,842609,852129,9520
AnnabelleGao_UClCbpIhDRqWEBLc4bEpjPQw_fiD3SrRq04_852345_853785.wav,AnnabelleGao_UClCbpIhDRqWEBLc4bEpjPQw_fiD3SrRq04,852345,853785,1440
AnnabelleGao_UClCbpIhDRqWEBLc4bEpjPQw_fiD3SrRq04_854385_860637.wav,AnnabelleGao_UClCbpIhDRqWEBLc4bEpjPQw_fiD3SrRq04,854385,860637,6252
AnnabelleGao_UClCbpIhDRqWEBLc4bEpjPQw_fiD3SrRq04_860941_867537.wav,AnnabelleGao_UClCbpIhDRqWEBLc4bEpjPQw_fiD3SrRq04,860941,867537,6596
AnnabelleGao_UClCbpIhDRqWEBLc4bEpjPQw_fiD3SrRq04_867833_869633.wav,AnnabelleGao_UClCbpIhDRqWEBLc4bEpjPQw_fiD3SrRq04,867833,869633,1800
AnnabelleGao_UClCbpIhDRqWEBLc4bEpjPQw_fiD3SrRq04_870057_871489.wav,AnnabelleGao_UClCbpIhDRqWEBLc4bEpjPQw_fiD3SrRq04,870057,871489,1432
AnnabelleGao_UClCbpIhDRqWEBLc4bEpjPQw_fiD3SrRq04_871865_872809.wav,AnnabelleGao_UClCbpIhDRqWEBLc4bEpjPQw_fiD3SrRq04,871865,872809,944
AnnabelleGao_UClCbpIhDRqWEBLc4bEpjPQw_fiD3SrRq04_873161_875049.wav,AnnabelleGao_UClCbpIhDRqWEBLc4bEpjPQw_fiD3SrRq04,873161,875049,1888
AnnabelleGao_UClCbpIhDRqWEBLc4bEpjPQw_fiD3SrRq04_875577_880305.wav,AnnabelleGao_UClCbpIhDRqWEBLc4bEpjPQw_fiD3SrRq04,875577,880305,4728
AnnabelleGao_UClCbpIhDRqWEBLc4bEpjPQw_fiD3SrRq04_880689_883681.wav,AnnabelleGao_UClCbpIhDRqWEBLc4bEpjPQw_fiD3SrRq04,880689,883681,2992
AnnabelleGao_UClCbpIhDRqWEBLc4bEpjPQw_fiD3SrRq04_884049_885849.wav,AnnabelleGao_UClCbpIhDRqWEBLc4bEpjPQw_fiD3SrRq04,884049,885849,1800
AnnabelleGao_UClCbpIhDRqWEBLc4bEpjPQw_fiD3SrRq04_886257_888441.wav,AnnabelleGao_UClCbpIhDRqWEBLc4bEpjPQw_fiD3SrRq04,886257,888441,2184
AnnabelleGao_UClCbpIhDRqWEBLc4bEpjPQw_fiD3SrRq04_888737_891673.wav,AnnabelleGao_UClCbpIhDRqWEBLc4bEpjPQw_fiD3SrRq04,888737,891673,2936
AnnabelleGao_UClCbpIhDRqWEBLc4bEpjPQw_fiD3SrRq04_892009_901625.wav,AnnabelleGao_UClCbpIhDRqWEBLc4bEpjPQw_fiD3SrRq04,892009,901625,9616
AnnabelleGao_UClCbpIhDRqWEBLc4bEpjPQw_fiD3SrRq04_902065_904725.wav,AnnabelleGao_UClCbpIhDRqWEBLc4bEpjPQw_fiD3SrRq04,902065,904725,2660
AnnabelleGao_UClCbpIhDRqWEBLc4bEpjPQw_fiD3SrRq04_905077_908661.wav,AnnabelleGao_UClCbpIhDRqWEBLc4bEpjPQw_fiD3SrRq04,905077,908661,3584
AnnabelleGao_UClCbpIhDRqWEBLc4bEpjPQw_fiD3SrRq04_909157_912697.wav,AnnabelleGao_UClCbpIhDRqWEBLc4bEpjPQw_fiD3SrRq04,909157,912697,3540
AnnabelleGao_UClCbpIhDRqWEBLc4bEpjPQw_fiD3SrRq04_913033_916377.wav,AnnabelleGao_UClCbpIhDRqWEBLc4bEpjPQw_fiD3SrRq04,913033,916377,3344
AnnabelleGao_UClCbpIhDRqWEBLc4bEpjPQw_fiD3SrRq04_916993_921409.wav,AnnabelleGao_UClCbpIhDRqWEBLc4bEpjPQw_fiD3SrRq04,916993,921409,4416
AnnabelleGao_UClCbpIhDRqWEBLc4bEpjPQw_fiD3SrRq04_921665_927553.wav,AnnabelleGao_UClCbpIhDRqWEBLc4bEpjPQw_fiD3SrRq04,921665,927553,5888
AnnabelleGao_UClCbpIhDRqWEBLc4bEpjPQw_fiD3SrRq04_927873_929585.wav,AnnabelleGao_UClCbpIhDRqWEBLc4bEpjPQw_fiD3SrRq04,927873,929585,1712
AnnabelleGao_UClCbpIhDRqWEBLc4bEpjPQw_fiD3SrRq04_930041_931833.wav,AnnabelleGao_UClCbpIhDRqWEBLc4bEpjPQw_fiD3SrRq04,930041,931833,1792
AnnabelleGao_UClCbpIhDRqWEBLc4bEpjPQw_fiD3SrRq04_932321_936553.wav,AnnabelleGao_UClCbpIhDRqWEBLc4bEpjPQw_fiD3SrRq04,932321,936553,4232
AnnabelleGao_UClCbpIhDRqWEBLc4bEpjPQw_fiD3SrRq04_936745_936953.wav,AnnabelleGao_UClCbpIhDRqWEBLc4bEpjPQw_fiD3SrRq04,936745,936953,208
AnnabelleGao_UClCbpIhDRqWEBLc4bEpjPQw_fiD3SrRq04_937129_940881.wav,AnnabelleGao_UClCbpIhDRqWEBLc4bEpjPQw_fiD3SrRq04,937129,940881,3752
AnnabelleGao_UClCbpIhDRqWEBLc4bEpjPQw_fiD3SrRq04_941089_942665.wav,AnnabelleGao_UClCbpIhDRqWEBLc4bEpjPQw_fiD3SrRq04,941089,942665,1576
AnnabelleGao_UClCbpIhDRqWEBLc4bEpjPQw_fiD3SrRq04_943025_944649.wav,AnnabelleGao_UClCbpIhDRqWEBLc4bEpjPQw_fiD3SrRq04,943025,944649,1624
AnnabelleGao_UClCbpIhDRqWEBLc4bEpjPQw_fiD3SrRq04_944873_946349.wav,AnnabelleGao_UClCbpIhDRqWEBLc4bEpjPQw_fiD3SrRq04,944873,946349,1476
AnnabelleGao_UClCbpIhDRqWEBLc4bEpjPQw_fiD3SrRq04_946517_952681.wav,AnnabelleGao_UClCbpIhDRqWEBLc4bEpjPQw_fiD3SrRq04,946517,952681,6164
AnnabelleGao_UClCbpIhDRqWEBLc4bEpjPQw_fiD3SrRq04_952929_958233.wav,AnnabelleGao_UClCbpIhDRqWEBLc4bEpjPQw_fiD3SrRq04,952929,958233,5304
AnnabelleGao_UClCbpIhDRqWEBLc4bEpjPQw_fiD3SrRq04_958609_959833.wav,AnnabelleGao_UClCbpIhDRqWEBLc4bEpjPQw_fiD3SrRq04,958609,959833,1224
AnnabelleGao_UClCbpIhDRqWEBLc4bEpjPQw_fiD3SrRq04_960105_960961.wav,AnnabelleGao_UClCbpIhDRqWEBLc4bEpjPQw_fiD3SrRq04,960105,960961,856
AnnabelleGao_UClCbpIhDRqWEBLc4bEpjPQw_fiD3SrRq04_961377_966617.wav,AnnabelleGao_UClCbpIhDRqWEBLc4bEpjPQw_fiD3SrRq04,961377,966617,5240
AnnabelleGao_UClCbpIhDRqWEBLc4bEpjPQw_fiD3SrRq04_967017_971137.wav,AnnabelleGao_UClCbpIhDRqWEBLc4bEpjPQw_fiD3SrRq04,967017,971137,4120
AnnabelleGao_UClCbpIhDRqWEBLc4bEpjPQw_fiD3SrRq04_971481_973561.wav,AnnabelleGao_UClCbpIhDRqWEBLc4bEpjPQw_fiD3SrRq04,971481,973561,2080
AnnabelleGao_UClCbpIhDRqWEBLc4bEpjPQw_fiD3SrRq04_974041_975617.wav,AnnabelleGao_UClCbpIhDRqWEBLc4bEpjPQw_fiD3SrRq04,974041,975617,1576
AnnabelleGao_UClCbpIhDRqWEBLc4bEpjPQw_fiD3SrRq04_976041_976785.wav,AnnabelleGao_UClCbpIhDRqWEBLc4bEpjPQw_fiD3SrRq04,976041,976785,744
AnnabelleGao_UClCbpIhDRqWEBLc4bEpjPQw_fiD3SrRq04_977233_979225.wav,AnnabelleGao_UClCbpIhDRqWEBLc4bEpjPQw_fiD3SrRq04,977233,979225,1992
AnnabelleGao_UClCbpIhDRqWEBLc4bEpjPQw_fiD3SrRq04_979545_981209.wav,AnnabelleGao_UClCbpIhDRqWEBLc4bEpjPQw_fiD3SrRq04,979545,981209,1664
AnnabelleGao_UClCbpIhDRqWEBLc4bEpjPQw_fiD3SrRq04_981505_984353.wav,AnnabelleGao_UClCbpIhDRqWEBLc4bEpjPQw_fiD3SrRq04,981505,984353,2848
AnnabelleGao_UClCbpIhDRqWEBLc4bEpjPQw_fiD3SrRq04_984633_988793.wav,AnnabelleGao_UClCbpIhDRqWEBLc4bEpjPQw_fiD3SrRq04,984633,988793,4160
AnnabelleGao_UClCbpIhDRqWEBLc4bEpjPQw_fiD3SrRq04_989065_989985.wav,AnnabelleGao_UClCbpIhDRqWEBLc4bEpjPQw_fiD3SrRq04,989065,989985,920
AnnabelleGao_UClCbpIhDRqWEBLc4bEpjPQw_fiD3SrRq04_990433_997017.wav,AnnabelleGao_UClCbpIhDRqWEBLc4bEpjPQw_fiD3SrRq04,990433,997017,6584
AnnabelleGao_UClCbpIhDRqWEBLc4bEpjPQw_fiD3SrRq04_997345_1001065.wav,AnnabelleGao_UClCbpIhDRqWEBLc4bEpjPQw_fiD3SrRq04,997345,1001065,3720
AnnabelleGao_UClCbpIhDRqWEBLc4bEpjPQw_fiD3SrRq04_1001569_1008885.wav,AnnabelleGao_UClCbpIhDRqWEBLc4bEpjPQw_fiD3SrRq04,1001569,1008885,7316
AnnabelleGao_UClCbpIhDRqWEBLc4bEpjPQw_fiD3SrRq04_1009141_1013761.wav,AnnabelleGao_UClCbpIhDRqWEBLc4bEpjPQw_fiD3SrRq04,1009141,1013761,4620
AnnabelleGao_UClCbpIhDRqWEBLc4bEpjPQw_fiD3SrRq04_1014073_1016677.wav,AnnabelleGao_UClCbpIhDRqWEBLc4bEpjPQw_fiD3SrRq04,1014073,1016677,2604
AnnabelleGao_UClCbpIhDRqWEBLc4bEpjPQw_fiD3SrRq04_1016813_1025361.wav,AnnabelleGao_UClCbpIhDRqWEBLc4bEpjPQw_fiD3SrRq04,1016813,1025361,8548
AnnabelleGao_UClCbpIhDRqWEBLc4bEpjPQw_fiD3SrRq04_1025617_1031689.wav,AnnabelleGao_UClCbpIhDRqWEBLc4bEpjPQw_fiD3SrRq04,1025617,1031689,6072
AnnabelleGao_UClCbpIhDRqWEBLc4bEpjPQw_fiD3SrRq04_1031993_1033761.wav,AnnabelleGao_UClCbpIhDRqWEBLc4bEpjPQw_fiD3SrRq04,1031993,1033761,1768
AnnabelleGao_UClCbpIhDRqWEBLc4bEpjPQw_fiD3SrRq04_1034033_1040101.wav,AnnabelleGao_UClCbpIhDRqWEBLc4bEpjPQw_fiD3SrRq04,1034033,1040101,6068
AnnabelleGao_UClCbpIhDRqWEBLc4bEpjPQw_fiD3SrRq04_1040333_1043369.wav,AnnabelleGao_UClCbpIhDRqWEBLc4bEpjPQw_fiD3SrRq04,1040333,1043369,3036
AnnabelleGao_UClCbpIhDRqWEBLc4bEpjPQw_fiD3SrRq04_1043905_1044497.wav,AnnabelleGao_UClCbpIhDRqWEBLc4bEpjPQw_fiD3SrRq04,1043905,1044497,592
AnnabelleGao_UClCbpIhDRqWEBLc4bEpjPQw_fiD3SrRq04_1044825_1048217.wav,AnnabelleGao_UClCbpIhDRqWEBLc4bEpjPQw_fiD3SrRq04,1044825,1048217,3392
AnnabelleGao_UClCbpIhDRqWEBLc4bEpjPQw_fiD3SrRq04_1048537_1048985.wav,AnnabelleGao_UClCbpIhDRqWEBLc4bEpjPQw_fiD3SrRq04,1048537,1048985,448
AnnabelleGao_UClCbpIhDRqWEBLc4bEpjPQw_fiD3SrRq04_1049281_1055513.wav,AnnabelleGao_UClCbpIhDRqWEBLc4bEpjPQw_fiD3SrRq04,1049281,1055513,6232
AnnabelleGao_UClCbpIhDRqWEBLc4bEpjPQw_fiD3SrRq04_1055737_1061217.wav,AnnabelleGao_UClCbpIhDRqWEBLc4bEpjPQw_fiD3SrRq04,1055737,1061217,5480
AnnabelleGao_UClCbpIhDRqWEBLc4bEpjPQw_fiD3SrRq04_1061417_1066073.wav,AnnabelleGao_UClCbpIhDRqWEBLc4bEpjPQw_fiD3SrRq04,1061417,1066073,4656
AnnabelleGao_UClCbpIhDRqWEBLc4bEpjPQw_fiD3SrRq04_1066553_1072113.wav,AnnabelleGao_UClCbpIhDRqWEBLc4bEpjPQw_fiD3SrRq04,1066553,1072113,5560
AnnabelleGao_UClCbpIhDRqWEBLc4bEpjPQw_fiD3SrRq04_1072753_1074713.wav,AnnabelleGao_UClCbpIhDRqWEBLc4bEpjPQw_fiD3SrRq04,1072753,1074713,1960
AnnabelleGao_UClCbpIhDRqWEBLc4bEpjPQw_fiD3SrRq04_1075505_1080217.wav,AnnabelleGao_UClCbpIhDRqWEBLc4bEpjPQw_fiD3SrRq04,1075505,1080217,4712
AnnabelleGao_UClCbpIhDRqWEBLc4bEpjPQw_fiD3SrRq04_1080705_1084689.wav,AnnabelleGao_UClCbpIhDRqWEBLc4bEpjPQw_fiD3SrRq04,1080705,1084689,3984
AnnabelleGao_UClCbpIhDRqWEBLc4bEpjPQw_fiD3SrRq04_1085465_1091609.wav,AnnabelleGao_UClCbpIhDRqWEBLc4bEpjPQw_fiD3SrRq04,1085465,1091609,6144
AnnabelleGao_UClCbpIhDRqWEBLc4bEpjPQw_fiD3SrRq04_1092009_1092417.wav,AnnabelleGao_UClCbpIhDRqWEBLc4bEpjPQw_fiD3SrRq04,1092009,1092417,408
AnnabelleGao_UClCbpIhDRqWEBLc4bEpjPQw_fiD3SrRq04_1093009_1096457.wav,AnnabelleGao_UClCbpIhDRqWEBLc4bEpjPQw_fiD3SrRq04,1093009,1096457,3448
AnnabelleGao_UClCbpIhDRqWEBLc4bEpjPQw_fiD3SrRq04_1096833_1099177.wav,AnnabelleGao_UClCbpIhDRqWEBLc4bEpjPQw_fiD3SrRq04,1096833,1099177,2344
AnnabelleGao_UClCbpIhDRqWEBLc4bEpjPQw_fiD3SrRq04_1099537_1103873.wav,AnnabelleGao_UClCbpIhDRqWEBLc4bEpjPQw_fiD3SrRq04,1099537,1103873,4336
AnnabelleGao_UClCbpIhDRqWEBLc4bEpjPQw_fiD3SrRq04_1105257_1111793.wav,AnnabelleGao_UClCbpIhDRqWEBLc4bEpjPQw_fiD3SrRq04,1105257,1111793,6536
AnnabelleGao_UClCbpIhDRqWEBLc4bEpjPQw_fiD3SrRq04_1112169_1116153.wav,AnnabelleGao_UClCbpIhDRqWEBLc4bEpjPQw_fiD3SrRq04,1112169,1116153,3984
AnnabelleGao_UClCbpIhDRqWEBLc4bEpjPQw_fiD3SrRq04_1116641_1119449.wav,AnnabelleGao_UClCbpIhDRqWEBLc4bEpjPQw_fiD3SrRq04,1116641,1119449,2808
AnnabelleGao_UClCbpIhDRqWEBLc4bEpjPQw_fiD3SrRq04_1120241_1127273.wav,AnnabelleGao_UClCbpIhDRqWEBLc4bEpjPQw_fiD3SrRq04,1120241,1127273,7032
AnnabelleGao_UClCbpIhDRqWEBLc4bEpjPQw_fiD3SrRq04_1127521_1129393.wav,AnnabelleGao_UClCbpIhDRqWEBLc4bEpjPQw_fiD3SrRq04,1127521,1129393,1872
AnnabelleGao_UClCbpIhDRqWEBLc4bEpjPQw_fiD3SrRq04_1130089_1132353.wav,AnnabelleGao_UClCbpIhDRqWEBLc4bEpjPQw_fiD3SrRq04,1130089,1132353,2264
AnnabelleGao_UClCbpIhDRqWEBLc4bEpjPQw_fiD3SrRq04_1132761_1134961.wav,AnnabelleGao_UClCbpIhDRqWEBLc4bEpjPQw_fiD3SrRq04,1132761,1134961,2200
AnnabelleGao_UClCbpIhDRqWEBLc4bEpjPQw_fiD3SrRq04_1135361_1138305.wav,AnnabelleGao_UClCbpIhDRqWEBLc4bEpjPQw_fiD3SrRq04,1135361,1138305,2944
AnnabelleGao_UClCbpIhDRqWEBLc4bEpjPQw_fiD3SrRq04_1138761_1144129.wav,AnnabelleGao_UClCbpIhDRqWEBLc4bEpjPQw_fiD3SrRq04,1138761,1144129,5368
AnnabelleGao_UClCbpIhDRqWEBLc4bEpjPQw_fiD3SrRq04_1144577_1147769.wav,AnnabelleGao_UClCbpIhDRqWEBLc4bEpjPQw_fiD3SrRq04,1144577,1147769,3192
AnnabelleGao_UClCbpIhDRqWEBLc4bEpjPQw_fiD3SrRq04_1148297_1149025.wav,AnnabelleGao_UClCbpIhDRqWEBLc4bEpjPQw_fiD3SrRq04,1148297,1149025,728
AnnabelleGao_UClCbpIhDRqWEBLc4bEpjPQw_fiD3SrRq04_1149473_1155617.wav,AnnabelleGao_UClCbpIhDRqWEBLc4bEpjPQw_fiD3SrRq04,1149473,1155617,6144
AnnabelleGao_UClCbpIhDRqWEBLc4bEpjPQw_fiD3SrRq04_1156217_1157625.wav,AnnabelleGao_UClCbpIhDRqWEBLc4bEpjPQw_fiD3SrRq04,1156217,1157625,1408
AnnabelleGao_UClCbpIhDRqWEBLc4bEpjPQw_fiD3SrRq04_1158225_1160097.wav,AnnabelleGao_UClCbpIhDRqWEBLc4bEpjPQw_fiD3SrRq04,1158225,1160097,1872
AnnabelleGao_UClCbpIhDRqWEBLc4bEpjPQw_fiD3SrRq04_1161057_1163933.wav,AnnabelleGao_UClCbpIhDRqWEBLc4bEpjPQw_fiD3SrRq04,1161057,1163933,2876
AnnabelleGao_UClCbpIhDRqWEBLc4bEpjPQw_fiD3SrRq04_1164157_1170841.wav,AnnabelleGao_UClCbpIhDRqWEBLc4bEpjPQw_fiD3SrRq04,1164157,1170841,6684
AnnabelleGao_UClCbpIhDRqWEBLc4bEpjPQw_fiD3SrRq04_1171057_1175217.wav,AnnabelleGao_UClCbpIhDRqWEBLc4bEpjPQw_fiD3SrRq04,1171057,1175217,4160
AnnabelleGao_UClCbpIhDRqWEBLc4bEpjPQw_fiD3SrRq04_1176585_1180973.wav,AnnabelleGao_UClCbpIhDRqWEBLc4bEpjPQw_fiD3SrRq04,1176585,1180973,4388
AnnabelleGao_UClCbpIhDRqWEBLc4bEpjPQw_fiD3SrRq04_1181285_1183129.wav,AnnabelleGao_UClCbpIhDRqWEBLc4bEpjPQw_fiD3SrRq04,1181285,1183129,1844
AnnabelleGao_UClCbpIhDRqWEBLc4bEpjPQw_fiD3SrRq04_1183393_1184329.wav,AnnabelleGao_UClCbpIhDRqWEBLc4bEpjPQw_fiD3SrRq04,1183393,1184329,936
AnnabelleGao_UClCbpIhDRqWEBLc4bEpjPQw_fiD3SrRq04_1184929_1190961.wav,AnnabelleGao_UClCbpIhDRqWEBLc4bEpjPQw_fiD3SrRq04,1184929,1190961,6032
AnnabelleGao_UClCbpIhDRqWEBLc4bEpjPQw_fiD3SrRq04_1191193_1193585.wav,AnnabelleGao_UClCbpIhDRqWEBLc4bEpjPQw_fiD3SrRq04,1191193,1193585,2392
AnnabelleGao_UClCbpIhDRqWEBLc4bEpjPQw_fiD3SrRq04_1193881_1200033.wav,AnnabelleGao_UClCbpIhDRqWEBLc4bEpjPQw_fiD3SrRq04,1193881,1200033,6152
AnnabelleGao_UClCbpIhDRqWEBLc4bEpjPQw_fiD3SrRq04_1200329_1203009.wav,AnnabelleGao_UClCbpIhDRqWEBLc4bEpjPQw_fiD3SrRq04,1200329,1203009,2680
AnnabelleGao_UClCbpIhDRqWEBLc4bEpjPQw_fiD3SrRq04_1203361_1208785.wav,AnnabelleGao_UClCbpIhDRqWEBLc4bEpjPQw_fiD3SrRq04,1203361,1208785,5424
AnnabelleGao_UClCbpIhDRqWEBLc4bEpjPQw_fiD3SrRq04_1209113_1212533.wav,AnnabelleGao_UClCbpIhDRqWEBLc4bEpjPQw_fiD3SrRq04,1209113,1212533,3420
AnnabelleGao_UClCbpIhDRqWEBLc4bEpjPQw_fiD3SrRq04_1212725_1218985.wav,AnnabelleGao_UClCbpIhDRqWEBLc4bEpjPQw_fiD3SrRq04,1212725,1218985,6260
AnnabelleGao_UClCbpIhDRqWEBLc4bEpjPQw_fiD3SrRq04_1219401_1223017.wav,AnnabelleGao_UClCbpIhDRqWEBLc4bEpjPQw_fiD3SrRq04,1219401,1223017,3616
AnnabelleGao_UClCbpIhDRqWEBLc4bEpjPQw_fiD3SrRq04_1223441_1230145.wav,AnnabelleGao_UClCbpIhDRqWEBLc4bEpjPQw_fiD3SrRq04,1223441,1230145,6704
AnnabelleGao_UClCbpIhDRqWEBLc4bEpjPQw_fiD3SrRq04_1230545_1231601.wav,AnnabelleGao_UClCbpIhDRqWEBLc4bEpjPQw_fiD3SrRq04,1230545,1231601,1056
AnnabelleGao_UClCbpIhDRqWEBLc4bEpjPQw_fiD3SrRq04_1231769_1239521.wav,AnnabelleGao_UClCbpIhDRqWEBLc4bEpjPQw_fiD3SrRq04,1231769,1239521,7752
AnnabelleGao_UClCbpIhDRqWEBLc4bEpjPQw_fiD3SrRq04_1239777_1241329.wav,AnnabelleGao_UClCbpIhDRqWEBLc4bEpjPQw_fiD3SrRq04,1239777,1241329,1552
AnnabelleGao_UClCbpIhDRqWEBLc4bEpjPQw_fiD3SrRq04_1241569_1251593.wav,AnnabelleGao_UClCbpIhDRqWEBLc4bEpjPQw_fiD3SrRq04,1241569,1251593,10024
AnnabelleGao_UClCbpIhDRqWEBLc4bEpjPQw_fiD3SrRq04_1252153_1253501.wav,AnnabelleGao_UClCbpIhDRqWEBLc4bEpjPQw_fiD3SrRq04,1252153,1253501,1348
AnnabelleGao_UClCbpIhDRqWEBLc4bEpjPQw_fiD3SrRq04_1254013_1257613.wav,AnnabelleGao_UClCbpIhDRqWEBLc4bEpjPQw_fiD3SrRq04,1254013,1257613,3600
AnnabelleGao_UClCbpIhDRqWEBLc4bEpjPQw_fiD3SrRq04_1257877_1260969.wav,AnnabelleGao_UClCbpIhDRqWEBLc4bEpjPQw_fiD3SrRq04,1257877,1260969,3092
AnnabelleGao_UClCbpIhDRqWEBLc4bEpjPQw_fiD3SrRq04_1261465_1264749.wav,AnnabelleGao_UClCbpIhDRqWEBLc4bEpjPQw_fiD3SrRq04,1261465,1264749,3284
AnnabelleGao_UClCbpIhDRqWEBLc4bEpjPQw_fiD3SrRq04_1265293_1270133.wav,AnnabelleGao_UClCbpIhDRqWEBLc4bEpjPQw_fiD3SrRq04,1265293,1270133,4840
AnnabelleGao_UClCbpIhDRqWEBLc4bEpjPQw_fiD3SrRq04_1270533_1271845.wav,AnnabelleGao_UClCbpIhDRqWEBLc4bEpjPQw_fiD3SrRq04,1270533,1271845,1312
AnnabelleGao_UClCbpIhDRqWEBLc4bEpjPQw_fiD3SrRq04_1272733_1273029.wav,AnnabelleGao_UClCbpIhDRqWEBLc4bEpjPQw_fiD3SrRq04,1272733,1273029,296
AnnabelleGao_UClCbpIhDRqWEBLc4bEpjPQw_fiD3SrRq04_1274401_1276137.wav,AnnabelleGao_UClCbpIhDRqWEBLc4bEpjPQw_fiD3SrRq04,1274401,1276137,1736
AnnabelleGao_UClCbpIhDRqWEBLc4bEpjPQw_fiD3SrRq04_1276401_1278235.wav,AnnabelleGao_UClCbpIhDRqWEBLc4bEpjPQw_fiD3SrRq04,1276401,1278235,1834
