filename,video_id,start_time,end_time,duration
KatrinaStacie_UCN8cGYfcFe1Tw28ZEvy7g_N6syUlMYhH0_120_9432.wav,KatrinaStacie_UCN8cGYfcFe1Tw28ZEvy7g_N6syUlMYhH0,120,9432,9312
KatrinaStacie_UCN8cGYfcFe1Tw28ZEvy7g_N6syUlMYhH0_9632_11256.wav,KatrinaStacie_UCN8cGYfcFe1Tw28ZEvy7g_N6syUlMYhH0,9632,11256,1624
KatrinaStacie_UCN8cGYfcFe1Tw28ZEvy7g_N6syUlMYhH0_11544_19512.wav,KatrinaStacie_UCN8cGYfcFe1Tw28ZEvy7g_N6syUlMYhH0,11544,19512,7968
KatrinaStacie_UCN8cGYfcFe1Tw28ZEvy7g_N6syUlMYhH0_19632_24136.wav,KatrinaStacie_UCN8cGYfcFe1Tw28ZEvy7g_N6syUlMYhH0,19632,24136,4504
KatrinaStacie_UCN8cGYfcFe1Tw28ZEvy7g_N6syUlMYhH0_24368_29008.wav,KatrinaStacie_UCN8cGYfcFe1Tw28ZEvy7g_N6syUlMYhH0,24368,29008,4640
KatrinaStacie_UCN8cGYfcFe1Tw28ZEvy7g_N6syUlMYhH0_29232_37088.wav,KatrinaStacie_UCN8cGYfcFe1Tw28ZEvy7g_N6syUlMYhH0,29232,37088,7856
KatrinaStacie_UCN8cGYfcFe1Tw28ZEvy7g_N6syUlMYhH0_37208_43776.wav,KatrinaStacie_UCN8cGYfcFe1Tw28ZEvy7g_N6syUlMYhH0,37208,43776,6568
KatrinaStacie_UCN8cGYfcFe1Tw28ZEvy7g_N6syUlMYhH0_43904_53280.wav,KatrinaStacie_UCN8cGYfcFe1Tw28ZEvy7g_N6syUlMYhH0,43904,53280,9376
KatrinaStacie_UCN8cGYfcFe1Tw28ZEvy7g_N6syUlMYhH0_53392_59848.wav,KatrinaStacie_UCN8cGYfcFe1Tw28ZEvy7g_N6syUlMYhH0,53392,59848,6456
KatrinaStacie_UCN8cGYfcFe1Tw28ZEvy7g_N6syUlMYhH0_60104_64696.wav,KatrinaStacie_UCN8cGYfcFe1Tw28ZEvy7g_N6syUlMYhH0,60104,64696,4592
KatrinaStacie_UCN8cGYfcFe1Tw28ZEvy7g_N6syUlMYhH0_64816_74296.wav,KatrinaStacie_UCN8cGYfcFe1Tw28ZEvy7g_N6syUlMYhH0,64816,74296,9480
KatrinaStacie_UCN8cGYfcFe1Tw28ZEvy7g_N6syUlMYhH0_74520_76912.wav,KatrinaStacie_UCN8cGYfcFe1Tw28ZEvy7g_N6syUlMYhH0,74520,76912,2392
KatrinaStacie_UCN8cGYfcFe1Tw28ZEvy7g_N6syUlMYhH0_77080_79896.wav,KatrinaStacie_UCN8cGYfcFe1Tw28ZEvy7g_N6syUlMYhH0,77080,79896,2816
KatrinaStacie_UCN8cGYfcFe1Tw28ZEvy7g_N6syUlMYhH0_80080_86961.wav,KatrinaStacie_UCN8cGYfcFe1Tw28ZEvy7g_N6syUlMYhH0,80080,86961,6881
KatrinaStacie_UCN8cGYfcFe1Tw28ZEvy7g_N6syUlMYhH0_87217_92049.wav,KatrinaStacie_UCN8cGYfcFe1Tw28ZEvy7g_N6syUlMYhH0,87217,92049,4832
KatrinaStacie_UCN8cGYfcFe1Tw28ZEvy7g_N6syUlMYhH0_92337_95257.wav,KatrinaStacie_UCN8cGYfcFe1Tw28ZEvy7g_N6syUlMYhH0,92337,95257,2920
KatrinaStacie_UCN8cGYfcFe1Tw28ZEvy7g_N6syUlMYhH0_95569_99065.wav,KatrinaStacie_UCN8cGYfcFe1Tw28ZEvy7g_N6syUlMYhH0,95569,99065,3496
KatrinaStacie_UCN8cGYfcFe1Tw28ZEvy7g_N6syUlMYhH0_99217_108849.wav,KatrinaStacie_UCN8cGYfcFe1Tw28ZEvy7g_N6syUlMYhH0,99217,108849,9632
KatrinaStacie_UCN8cGYfcFe1Tw28ZEvy7g_N6syUlMYhH0_109113_112273.wav,KatrinaStacie_UCN8cGYfcFe1Tw28ZEvy7g_N6syUlMYhH0,109113,112273,3160
KatrinaStacie_UCN8cGYfcFe1Tw28ZEvy7g_N6syUlMYhH0_112489_113177.wav,KatrinaStacie_UCN8cGYfcFe1Tw28ZEvy7g_N6syUlMYhH0,112489,113177,688
KatrinaStacie_UCN8cGYfcFe1Tw28ZEvy7g_N6syUlMYhH0_113337_115561.wav,KatrinaStacie_UCN8cGYfcFe1Tw28ZEvy7g_N6syUlMYhH0,113337,115561,2224
KatrinaStacie_UCN8cGYfcFe1Tw28ZEvy7g_N6syUlMYhH0_115817_125265.wav,KatrinaStacie_UCN8cGYfcFe1Tw28ZEvy7g_N6syUlMYhH0,115817,125265,9448
KatrinaStacie_UCN8cGYfcFe1Tw28ZEvy7g_N6syUlMYhH0_125537_131417.wav,KatrinaStacie_UCN8cGYfcFe1Tw28ZEvy7g_N6syUlMYhH0,125537,131417,5880
KatrinaStacie_UCN8cGYfcFe1Tw28ZEvy7g_N6syUlMYhH0_131625_132625.wav,KatrinaStacie_UCN8cGYfcFe1Tw28ZEvy7g_N6syUlMYhH0,131625,132625,1000
KatrinaStacie_UCN8cGYfcFe1Tw28ZEvy7g_N6syUlMYhH0_132817_139345.wav,KatrinaStacie_UCN8cGYfcFe1Tw28ZEvy7g_N6syUlMYhH0,132817,139345,6528
KatrinaStacie_UCN8cGYfcFe1Tw28ZEvy7g_N6syUlMYhH0_139585_143665.wav,KatrinaStacie_UCN8cGYfcFe1Tw28ZEvy7g_N6syUlMYhH0,139585,143665,4080
KatrinaStacie_UCN8cGYfcFe1Tw28ZEvy7g_N6syUlMYhH0_144081_146346.wav,KatrinaStacie_UCN8cGYfcFe1Tw28ZEvy7g_N6syUlMYhH0,144081,146346,2265
KatrinaStacie_UCN8cGYfcFe1Tw28ZEvy7g_N6syUlMYhH0_146490_154499.wav,KatrinaStacie_UCN8cGYfcFe1Tw28ZEvy7g_N6syUlMYhH0,146490,154499,8009
KatrinaStacie_UCN8cGYfcFe1Tw28ZEvy7g_N6syUlMYhH0_154803_157733.wav,KatrinaStacie_UCN8cGYfcFe1Tw28ZEvy7g_N6syUlMYhH0,154803,157733,2930
KatrinaStacie_UCN8cGYfcFe1Tw28ZEvy7g_N6syUlMYhH0_158189_158793.wav,KatrinaStacie_UCN8cGYfcFe1Tw28ZEvy7g_N6syUlMYhH0,158189,158793,604
KatrinaStacie_UCN8cGYfcFe1Tw28ZEvy7g_N6syUlMYhH0_159097_165409.wav,KatrinaStacie_UCN8cGYfcFe1Tw28ZEvy7g_N6syUlMYhH0,159097,165409,6312
KatrinaStacie_UCN8cGYfcFe1Tw28ZEvy7g_N6syUlMYhH0_165721_166489.wav,KatrinaStacie_UCN8cGYfcFe1Tw28ZEvy7g_N6syUlMYhH0,165721,166489,768
KatrinaStacie_UCN8cGYfcFe1Tw28ZEvy7g_N6syUlMYhH0_166593_169297.wav,KatrinaStacie_UCN8cGYfcFe1Tw28ZEvy7g_N6syUlMYhH0,166593,169297,2704
KatrinaStacie_UCN8cGYfcFe1Tw28ZEvy7g_N6syUlMYhH0_169505_174921.wav,KatrinaStacie_UCN8cGYfcFe1Tw28ZEvy7g_N6syUlMYhH0,169505,174921,5416
KatrinaStacie_UCN8cGYfcFe1Tw28ZEvy7g_N6syUlMYhH0_175073_176521.wav,KatrinaStacie_UCN8cGYfcFe1Tw28ZEvy7g_N6syUlMYhH0,175073,176521,1448
KatrinaStacie_UCN8cGYfcFe1Tw28ZEvy7g_N6syUlMYhH0_176705_182985.wav,KatrinaStacie_UCN8cGYfcFe1Tw28ZEvy7g_N6syUlMYhH0,176705,182985,6280
KatrinaStacie_UCN8cGYfcFe1Tw28ZEvy7g_N6syUlMYhH0_183217_186445.wav,KatrinaStacie_UCN8cGYfcFe1Tw28ZEvy7g_N6syUlMYhH0,183217,186445,3228
KatrinaStacie_UCN8cGYfcFe1Tw28ZEvy7g_N6syUlMYhH0_186621_189294.wav,KatrinaStacie_UCN8cGYfcFe1Tw28ZEvy7g_N6syUlMYhH0,186621,189294,2673
KatrinaStacie_UCN8cGYfcFe1Tw28ZEvy7g_N6syUlMYhH0_189598_196263.wav,KatrinaStacie_UCN8cGYfcFe1Tw28ZEvy7g_N6syUlMYhH0,189598,196263,6665
KatrinaStacie_UCN8cGYfcFe1Tw28ZEvy7g_N6syUlMYhH0_196663_199671.wav,KatrinaStacie_UCN8cGYfcFe1Tw28ZEvy7g_N6syUlMYhH0,196663,199671,3008
KatrinaStacie_UCN8cGYfcFe1Tw28ZEvy7g_N6syUlMYhH0_199999_204103.wav,KatrinaStacie_UCN8cGYfcFe1Tw28ZEvy7g_N6syUlMYhH0,199999,204103,4104
KatrinaStacie_UCN8cGYfcFe1Tw28ZEvy7g_N6syUlMYhH0_204503_205201.wav,KatrinaStacie_UCN8cGYfcFe1Tw28ZEvy7g_N6syUlMYhH0,204503,205201,698
KatrinaStacie_UCN8cGYfcFe1Tw28ZEvy7g_N6syUlMYhH0_205321_210497.wav,KatrinaStacie_UCN8cGYfcFe1Tw28ZEvy7g_N6syUlMYhH0,205321,210497,5176
KatrinaStacie_UCN8cGYfcFe1Tw28ZEvy7g_N6syUlMYhH0_210705_215769.wav,KatrinaStacie_UCN8cGYfcFe1Tw28ZEvy7g_N6syUlMYhH0,210705,215769,5064
KatrinaStacie_UCN8cGYfcFe1Tw28ZEvy7g_N6syUlMYhH0_216169_220825.wav,KatrinaStacie_UCN8cGYfcFe1Tw28ZEvy7g_N6syUlMYhH0,216169,220825,4656
KatrinaStacie_UCN8cGYfcFe1Tw28ZEvy7g_N6syUlMYhH0_221169_223296.wav,KatrinaStacie_UCN8cGYfcFe1Tw28ZEvy7g_N6syUlMYhH0,221169,223296,2127
KatrinaStacie_UCN8cGYfcFe1Tw28ZEvy7g_N6syUlMYhH0_223480_232321.wav,KatrinaStacie_UCN8cGYfcFe1Tw28ZEvy7g_N6syUlMYhH0,223480,232321,8841
KatrinaStacie_UCN8cGYfcFe1Tw28ZEvy7g_N6syUlMYhH0_232449_234929.wav,KatrinaStacie_UCN8cGYfcFe1Tw28ZEvy7g_N6syUlMYhH0,232449,234929,2480
KatrinaStacie_UCN8cGYfcFe1Tw28ZEvy7g_N6syUlMYhH0_235089_237305.wav,KatrinaStacie_UCN8cGYfcFe1Tw28ZEvy7g_N6syUlMYhH0,235089,237305,2216
KatrinaStacie_UCN8cGYfcFe1Tw28ZEvy7g_N6syUlMYhH0_237489_237841.wav,KatrinaStacie_UCN8cGYfcFe1Tw28ZEvy7g_N6syUlMYhH0,237489,237841,352
KatrinaStacie_UCN8cGYfcFe1Tw28ZEvy7g_N6syUlMYhH0_237969_247161.wav,KatrinaStacie_UCN8cGYfcFe1Tw28ZEvy7g_N6syUlMYhH0,237969,247161,9192
KatrinaStacie_UCN8cGYfcFe1Tw28ZEvy7g_N6syUlMYhH0_247465_248017.wav,KatrinaStacie_UCN8cGYfcFe1Tw28ZEvy7g_N6syUlMYhH0,247465,248017,552
KatrinaStacie_UCN8cGYfcFe1Tw28ZEvy7g_N6syUlMYhH0_248257_251345.wav,KatrinaStacie_UCN8cGYfcFe1Tw28ZEvy7g_N6syUlMYhH0,248257,251345,3088
KatrinaStacie_UCN8cGYfcFe1Tw28ZEvy7g_N6syUlMYhH0_251665_253922.wav,KatrinaStacie_UCN8cGYfcFe1Tw28ZEvy7g_N6syUlMYhH0,251665,253922,2257
KatrinaStacie_UCN8cGYfcFe1Tw28ZEvy7g_N6syUlMYhH0_254170_261819.wav,KatrinaStacie_UCN8cGYfcFe1Tw28ZEvy7g_N6syUlMYhH0,254170,261819,7649
KatrinaStacie_UCN8cGYfcFe1Tw28ZEvy7g_N6syUlMYhH0_262019_268405.wav,KatrinaStacie_UCN8cGYfcFe1Tw28ZEvy7g_N6syUlMYhH0,262019,268405,6386
KatrinaStacie_UCN8cGYfcFe1Tw28ZEvy7g_N6syUlMYhH0_268581_269964.wav,KatrinaStacie_UCN8cGYfcFe1Tw28ZEvy7g_N6syUlMYhH0,268581,269964,1383
KatrinaStacie_UCN8cGYfcFe1Tw28ZEvy7g_N6syUlMYhH0_270356_279600.wav,KatrinaStacie_UCN8cGYfcFe1Tw28ZEvy7g_N6syUlMYhH0,270356,279600,9244
KatrinaStacie_UCN8cGYfcFe1Tw28ZEvy7g_N6syUlMYhH0_279896_281764.wav,KatrinaStacie_UCN8cGYfcFe1Tw28ZEvy7g_N6syUlMYhH0,279896,281764,1868
KatrinaStacie_UCN8cGYfcFe1Tw28ZEvy7g_N6syUlMYhH0_281940_282421.wav,KatrinaStacie_UCN8cGYfcFe1Tw28ZEvy7g_N6syUlMYhH0,281940,282421,481
KatrinaStacie_UCN8cGYfcFe1Tw28ZEvy7g_N6syUlMYhH0_282549_285765.wav,KatrinaStacie_UCN8cGYfcFe1Tw28ZEvy7g_N6syUlMYhH0,282549,285765,3216
KatrinaStacie_UCN8cGYfcFe1Tw28ZEvy7g_N6syUlMYhH0_285989_291285.wav,KatrinaStacie_UCN8cGYfcFe1Tw28ZEvy7g_N6syUlMYhH0,285989,291285,5296
KatrinaStacie_UCN8cGYfcFe1Tw28ZEvy7g_N6syUlMYhH0_291493_296549.wav,KatrinaStacie_UCN8cGYfcFe1Tw28ZEvy7g_N6syUlMYhH0,291493,296549,5056
KatrinaStacie_UCN8cGYfcFe1Tw28ZEvy7g_N6syUlMYhH0_296733_302881.wav,KatrinaStacie_UCN8cGYfcFe1Tw28ZEvy7g_N6syUlMYhH0,296733,302881,6148
KatrinaStacie_UCN8cGYfcFe1Tw28ZEvy7g_N6syUlMYhH0_303361_308033.wav,KatrinaStacie_UCN8cGYfcFe1Tw28ZEvy7g_N6syUlMYhH0,303361,308033,4672
KatrinaStacie_UCN8cGYfcFe1Tw28ZEvy7g_N6syUlMYhH0_308537_311881.wav,KatrinaStacie_UCN8cGYfcFe1Tw28ZEvy7g_N6syUlMYhH0,308537,311881,3344
KatrinaStacie_UCN8cGYfcFe1Tw28ZEvy7g_N6syUlMYhH0_312417_316937.wav,KatrinaStacie_UCN8cGYfcFe1Tw28ZEvy7g_N6syUlMYhH0,312417,316937,4520
KatrinaStacie_UCN8cGYfcFe1Tw28ZEvy7g_N6syUlMYhH0_317281_322881.wav,KatrinaStacie_UCN8cGYfcFe1Tw28ZEvy7g_N6syUlMYhH0,317281,322881,5600
KatrinaStacie_UCN8cGYfcFe1Tw28ZEvy7g_N6syUlMYhH0_322985_329909.wav,KatrinaStacie_UCN8cGYfcFe1Tw28ZEvy7g_N6syUlMYhH0,322985,329909,6924
KatrinaStacie_UCN8cGYfcFe1Tw28ZEvy7g_N6syUlMYhH0_330069_331391.wav,KatrinaStacie_UCN8cGYfcFe1Tw28ZEvy7g_N6syUlMYhH0,330069,331391,1322
KatrinaStacie_UCN8cGYfcFe1Tw28ZEvy7g_N6syUlMYhH0_331671_337807.wav,KatrinaStacie_UCN8cGYfcFe1Tw28ZEvy7g_N6syUlMYhH0,331671,337807,6136
KatrinaStacie_UCN8cGYfcFe1Tw28ZEvy7g_N6syUlMYhH0_338111_343441.wav,KatrinaStacie_UCN8cGYfcFe1Tw28ZEvy7g_N6syUlMYhH0,338111,343441,5330
KatrinaStacie_UCN8cGYfcFe1Tw28ZEvy7g_N6syUlMYhH0_343545_344009.wav,KatrinaStacie_UCN8cGYfcFe1Tw28ZEvy7g_N6syUlMYhH0,343545,344009,464
KatrinaStacie_UCN8cGYfcFe1Tw28ZEvy7g_N6syUlMYhH0_344161_349401.wav,KatrinaStacie_UCN8cGYfcFe1Tw28ZEvy7g_N6syUlMYhH0,344161,349401,5240
KatrinaStacie_UCN8cGYfcFe1Tw28ZEvy7g_N6syUlMYhH0_349577_353057.wav,KatrinaStacie_UCN8cGYfcFe1Tw28ZEvy7g_N6syUlMYhH0,349577,353057,3480
KatrinaStacie_UCN8cGYfcFe1Tw28ZEvy7g_N6syUlMYhH0_353537_353969.wav,KatrinaStacie_UCN8cGYfcFe1Tw28ZEvy7g_N6syUlMYhH0,353537,353969,432
KatrinaStacie_UCN8cGYfcFe1Tw28ZEvy7g_N6syUlMYhH0_354073_355833.wav,KatrinaStacie_UCN8cGYfcFe1Tw28ZEvy7g_N6syUlMYhH0,354073,355833,1760
KatrinaStacie_UCN8cGYfcFe1Tw28ZEvy7g_N6syUlMYhH0_356049_363465.wav,KatrinaStacie_UCN8cGYfcFe1Tw28ZEvy7g_N6syUlMYhH0,356049,363465,7416
KatrinaStacie_UCN8cGYfcFe1Tw28ZEvy7g_N6syUlMYhH0_363569_369673.wav,KatrinaStacie_UCN8cGYfcFe1Tw28ZEvy7g_N6syUlMYhH0,363569,369673,6104
KatrinaStacie_UCN8cGYfcFe1Tw28ZEvy7g_N6syUlMYhH0_369785_371977.wav,KatrinaStacie_UCN8cGYfcFe1Tw28ZEvy7g_N6syUlMYhH0,369785,371977,2192
KatrinaStacie_UCN8cGYfcFe1Tw28ZEvy7g_N6syUlMYhH0_372145_381073.wav,KatrinaStacie_UCN8cGYfcFe1Tw28ZEvy7g_N6syUlMYhH0,372145,381073,8928
KatrinaStacie_UCN8cGYfcFe1Tw28ZEvy7g_N6syUlMYhH0_381425_385017.wav,KatrinaStacie_UCN8cGYfcFe1Tw28ZEvy7g_N6syUlMYhH0,381425,385017,3592
KatrinaStacie_UCN8cGYfcFe1Tw28ZEvy7g_N6syUlMYhH0_385289_386737.wav,KatrinaStacie_UCN8cGYfcFe1Tw28ZEvy7g_N6syUlMYhH0,385289,386737,1448
KatrinaStacie_UCN8cGYfcFe1Tw28ZEvy7g_N6syUlMYhH0_386913_389301.wav,KatrinaStacie_UCN8cGYfcFe1Tw28ZEvy7g_N6syUlMYhH0,386913,389301,2388
KatrinaStacie_UCN8cGYfcFe1Tw28ZEvy7g_N6syUlMYhH0_389597_397865.wav,KatrinaStacie_UCN8cGYfcFe1Tw28ZEvy7g_N6syUlMYhH0,389597,397865,8268
KatrinaStacie_UCN8cGYfcFe1Tw28ZEvy7g_N6syUlMYhH0_398057_398729.wav,KatrinaStacie_UCN8cGYfcFe1Tw28ZEvy7g_N6syUlMYhH0,398057,398729,672
KatrinaStacie_UCN8cGYfcFe1Tw28ZEvy7g_N6syUlMYhH0_398849_399729.wav,KatrinaStacie_UCN8cGYfcFe1Tw28ZEvy7g_N6syUlMYhH0,398849,399729,880
KatrinaStacie_UCN8cGYfcFe1Tw28ZEvy7g_N6syUlMYhH0_399921_403833.wav,KatrinaStacie_UCN8cGYfcFe1Tw28ZEvy7g_N6syUlMYhH0,399921,403833,3912
KatrinaStacie_UCN8cGYfcFe1Tw28ZEvy7g_N6syUlMYhH0_404025_405033.wav,KatrinaStacie_UCN8cGYfcFe1Tw28ZEvy7g_N6syUlMYhH0,404025,405033,1008
KatrinaStacie_UCN8cGYfcFe1Tw28ZEvy7g_N6syUlMYhH0_405185_407857.wav,KatrinaStacie_UCN8cGYfcFe1Tw28ZEvy7g_N6syUlMYhH0,405185,407857,2672
KatrinaStacie_UCN8cGYfcFe1Tw28ZEvy7g_N6syUlMYhH0_408025_410933.wav,KatrinaStacie_UCN8cGYfcFe1Tw28ZEvy7g_N6syUlMYhH0,408025,410933,2908
KatrinaStacie_UCN8cGYfcFe1Tw28ZEvy7g_N6syUlMYhH0_411093_420877.wav,KatrinaStacie_UCN8cGYfcFe1Tw28ZEvy7g_N6syUlMYhH0,411093,420877,9784
KatrinaStacie_UCN8cGYfcFe1Tw28ZEvy7g_N6syUlMYhH0_421141_425245.wav,KatrinaStacie_UCN8cGYfcFe1Tw28ZEvy7g_N6syUlMYhH0,421141,425245,4104
KatrinaStacie_UCN8cGYfcFe1Tw28ZEvy7g_N6syUlMYhH0_425501_432837.wav,KatrinaStacie_UCN8cGYfcFe1Tw28ZEvy7g_N6syUlMYhH0,425501,432837,7336
KatrinaStacie_UCN8cGYfcFe1Tw28ZEvy7g_N6syUlMYhH0_433005_433481.wav,KatrinaStacie_UCN8cGYfcFe1Tw28ZEvy7g_N6syUlMYhH0,433005,433481,476
KatrinaStacie_UCN8cGYfcFe1Tw28ZEvy7g_N6syUlMYhH0_433593_440421.wav,KatrinaStacie_UCN8cGYfcFe1Tw28ZEvy7g_N6syUlMYhH0,433593,440421,6828
KatrinaStacie_UCN8cGYfcFe1Tw28ZEvy7g_N6syUlMYhH0_440589_445857.wav,KatrinaStacie_UCN8cGYfcFe1Tw28ZEvy7g_N6syUlMYhH0,440589,445857,5268
KatrinaStacie_UCN8cGYfcFe1Tw28ZEvy7g_N6syUlMYhH0_446377_446529.wav,KatrinaStacie_UCN8cGYfcFe1Tw28ZEvy7g_N6syUlMYhH0,446377,446529,152
KatrinaStacie_UCN8cGYfcFe1Tw28ZEvy7g_N6syUlMYhH0_446977_448233.wav,KatrinaStacie_UCN8cGYfcFe1Tw28ZEvy7g_N6syUlMYhH0,446977,448233,1256
KatrinaStacie_UCN8cGYfcFe1Tw28ZEvy7g_N6syUlMYhH0_448921_453073.wav,KatrinaStacie_UCN8cGYfcFe1Tw28ZEvy7g_N6syUlMYhH0,448921,453073,4152
KatrinaStacie_UCN8cGYfcFe1Tw28ZEvy7g_N6syUlMYhH0_453977_455329.wav,KatrinaStacie_UCN8cGYfcFe1Tw28ZEvy7g_N6syUlMYhH0,453977,455329,1352
KatrinaStacie_UCN8cGYfcFe1Tw28ZEvy7g_N6syUlMYhH0_455769_457425.wav,KatrinaStacie_UCN8cGYfcFe1Tw28ZEvy7g_N6syUlMYhH0,455769,457425,1656
KatrinaStacie_UCN8cGYfcFe1Tw28ZEvy7g_N6syUlMYhH0_458537_459529.wav,KatrinaStacie_UCN8cGYfcFe1Tw28ZEvy7g_N6syUlMYhH0,458537,459529,992
KatrinaStacie_UCN8cGYfcFe1Tw28ZEvy7g_N6syUlMYhH0_459785_461737.wav,KatrinaStacie_UCN8cGYfcFe1Tw28ZEvy7g_N6syUlMYhH0,459785,461737,1952
KatrinaStacie_UCN8cGYfcFe1Tw28ZEvy7g_N6syUlMYhH0_462161_469233.wav,KatrinaStacie_UCN8cGYfcFe1Tw28ZEvy7g_N6syUlMYhH0,462161,469233,7072
KatrinaStacie_UCN8cGYfcFe1Tw28ZEvy7g_N6syUlMYhH0_469769_479609.wav,KatrinaStacie_UCN8cGYfcFe1Tw28ZEvy7g_N6syUlMYhH0,469769,479609,9840
KatrinaStacie_UCN8cGYfcFe1Tw28ZEvy7g_N6syUlMYhH0_479921_486897.wav,KatrinaStacie_UCN8cGYfcFe1Tw28ZEvy7g_N6syUlMYhH0,479921,486897,6976
KatrinaStacie_UCN8cGYfcFe1Tw28ZEvy7g_N6syUlMYhH0_487257_490809.wav,KatrinaStacie_UCN8cGYfcFe1Tw28ZEvy7g_N6syUlMYhH0,487257,490809,3552
KatrinaStacie_UCN8cGYfcFe1Tw28ZEvy7g_N6syUlMYhH0_490985_500513.wav,KatrinaStacie_UCN8cGYfcFe1Tw28ZEvy7g_N6syUlMYhH0,490985,500513,9528
KatrinaStacie_UCN8cGYfcFe1Tw28ZEvy7g_N6syUlMYhH0_500665_504353.wav,KatrinaStacie_UCN8cGYfcFe1Tw28ZEvy7g_N6syUlMYhH0,500665,504353,3688
KatrinaStacie_UCN8cGYfcFe1Tw28ZEvy7g_N6syUlMYhH0_504513_508141.wav,KatrinaStacie_UCN8cGYfcFe1Tw28ZEvy7g_N6syUlMYhH0,504513,508141,3628
KatrinaStacie_UCN8cGYfcFe1Tw28ZEvy7g_N6syUlMYhH0_508357_517150.wav,KatrinaStacie_UCN8cGYfcFe1Tw28ZEvy7g_N6syUlMYhH0,508357,517150,8793
KatrinaStacie_UCN8cGYfcFe1Tw28ZEvy7g_N6syUlMYhH0_517478_524391.wav,KatrinaStacie_UCN8cGYfcFe1Tw28ZEvy7g_N6syUlMYhH0,517478,524391,6913
KatrinaStacie_UCN8cGYfcFe1Tw28ZEvy7g_N6syUlMYhH0_524679_527497.wav,KatrinaStacie_UCN8cGYfcFe1Tw28ZEvy7g_N6syUlMYhH0,524679,527497,2818
KatrinaStacie_UCN8cGYfcFe1Tw28ZEvy7g_N6syUlMYhH0_527641_527905.wav,KatrinaStacie_UCN8cGYfcFe1Tw28ZEvy7g_N6syUlMYhH0,527641,527905,264
KatrinaStacie_UCN8cGYfcFe1Tw28ZEvy7g_N6syUlMYhH0_528025_534009.wav,KatrinaStacie_UCN8cGYfcFe1Tw28ZEvy7g_N6syUlMYhH0,528025,534009,5984
KatrinaStacie_UCN8cGYfcFe1Tw28ZEvy7g_N6syUlMYhH0_534161_537873.wav,KatrinaStacie_UCN8cGYfcFe1Tw28ZEvy7g_N6syUlMYhH0,534161,537873,3712
KatrinaStacie_UCN8cGYfcFe1Tw28ZEvy7g_N6syUlMYhH0_538049_540633.wav,KatrinaStacie_UCN8cGYfcFe1Tw28ZEvy7g_N6syUlMYhH0,538049,540633,2584
KatrinaStacie_UCN8cGYfcFe1Tw28ZEvy7g_N6syUlMYhH0_541169_543988.wav,KatrinaStacie_UCN8cGYfcFe1Tw28ZEvy7g_N6syUlMYhH0,541169,543988,2819
KatrinaStacie_UCN8cGYfcFe1Tw28ZEvy7g_N6syUlMYhH0_544108_546276.wav,KatrinaStacie_UCN8cGYfcFe1Tw28ZEvy7g_N6syUlMYhH0,544108,546276,2168
KatrinaStacie_UCN8cGYfcFe1Tw28ZEvy7g_N6syUlMYhH0_546381_552908.wav,KatrinaStacie_UCN8cGYfcFe1Tw28ZEvy7g_N6syUlMYhH0,546381,552908,6527
KatrinaStacie_UCN8cGYfcFe1Tw28ZEvy7g_N6syUlMYhH0_553060_562757.wav,KatrinaStacie_UCN8cGYfcFe1Tw28ZEvy7g_N6syUlMYhH0,553060,562757,9697
KatrinaStacie_UCN8cGYfcFe1Tw28ZEvy7g_N6syUlMYhH0_562868_565645.wav,KatrinaStacie_UCN8cGYfcFe1Tw28ZEvy7g_N6syUlMYhH0,562868,565645,2777
KatrinaStacie_UCN8cGYfcFe1Tw28ZEvy7g_N6syUlMYhH0_565764_573604.wav,KatrinaStacie_UCN8cGYfcFe1Tw28ZEvy7g_N6syUlMYhH0,565764,573604,7840
KatrinaStacie_UCN8cGYfcFe1Tw28ZEvy7g_N6syUlMYhH0_573884_582180.wav,KatrinaStacie_UCN8cGYfcFe1Tw28ZEvy7g_N6syUlMYhH0,573884,582180,8296
KatrinaStacie_UCN8cGYfcFe1Tw28ZEvy7g_N6syUlMYhH0_582468_588804.wav,KatrinaStacie_UCN8cGYfcFe1Tw28ZEvy7g_N6syUlMYhH0,582468,588804,6336
KatrinaStacie_UCN8cGYfcFe1Tw28ZEvy7g_N6syUlMYhH0_589236_591613.wav,KatrinaStacie_UCN8cGYfcFe1Tw28ZEvy7g_N6syUlMYhH0,589236,591613,2377
KatrinaStacie_UCN8cGYfcFe1Tw28ZEvy7g_N6syUlMYhH0_591724_595405.wav,KatrinaStacie_UCN8cGYfcFe1Tw28ZEvy7g_N6syUlMYhH0,591724,595405,3681
KatrinaStacie_UCN8cGYfcFe1Tw28ZEvy7g_N6syUlMYhH0_595564_600405.wav,KatrinaStacie_UCN8cGYfcFe1Tw28ZEvy7g_N6syUlMYhH0,595564,600405,4841
KatrinaStacie_UCN8cGYfcFe1Tw28ZEvy7g_N6syUlMYhH0_600564_603429.wav,KatrinaStacie_UCN8cGYfcFe1Tw28ZEvy7g_N6syUlMYhH0,600564,603429,2865
KatrinaStacie_UCN8cGYfcFe1Tw28ZEvy7g_N6syUlMYhH0_603532_609521.wav,KatrinaStacie_UCN8cGYfcFe1Tw28ZEvy7g_N6syUlMYhH0,603532,609521,5989
KatrinaStacie_UCN8cGYfcFe1Tw28ZEvy7g_N6syUlMYhH0_609841_610392.wav,KatrinaStacie_UCN8cGYfcFe1Tw28ZEvy7g_N6syUlMYhH0,609841,610392,551
KatrinaStacie_UCN8cGYfcFe1Tw28ZEvy7g_N6syUlMYhH0_610608_620155.wav,KatrinaStacie_UCN8cGYfcFe1Tw28ZEvy7g_N6syUlMYhH0,610608,620155,9547
KatrinaStacie_UCN8cGYfcFe1Tw28ZEvy7g_N6syUlMYhH0_620523_622981.wav,KatrinaStacie_UCN8cGYfcFe1Tw28ZEvy7g_N6syUlMYhH0,620523,622981,2458
KatrinaStacie_UCN8cGYfcFe1Tw28ZEvy7g_N6syUlMYhH0_623197_624829.wav,KatrinaStacie_UCN8cGYfcFe1Tw28ZEvy7g_N6syUlMYhH0,623197,624829,1632
KatrinaStacie_UCN8cGYfcFe1Tw28ZEvy7g_N6syUlMYhH0_624989_627681.wav,KatrinaStacie_UCN8cGYfcFe1Tw28ZEvy7g_N6syUlMYhH0,624989,627681,2692
KatrinaStacie_UCN8cGYfcFe1Tw28ZEvy7g_N6syUlMYhH0_628169_638153.wav,KatrinaStacie_UCN8cGYfcFe1Tw28ZEvy7g_N6syUlMYhH0,628169,638153,9984
KatrinaStacie_UCN8cGYfcFe1Tw28ZEvy7g_N6syUlMYhH0_638273_641305.wav,KatrinaStacie_UCN8cGYfcFe1Tw28ZEvy7g_N6syUlMYhH0,638273,641305,3032
KatrinaStacie_UCN8cGYfcFe1Tw28ZEvy7g_N6syUlMYhH0_641633_646613.wav,KatrinaStacie_UCN8cGYfcFe1Tw28ZEvy7g_N6syUlMYhH0,641633,646613,4980
KatrinaStacie_UCN8cGYfcFe1Tw28ZEvy7g_N6syUlMYhH0_646757_647621.wav,KatrinaStacie_UCN8cGYfcFe1Tw28ZEvy7g_N6syUlMYhH0,646757,647621,864
KatrinaStacie_UCN8cGYfcFe1Tw28ZEvy7g_N6syUlMYhH0_647805_650781.wav,KatrinaStacie_UCN8cGYfcFe1Tw28ZEvy7g_N6syUlMYhH0,647805,650781,2976
KatrinaStacie_UCN8cGYfcFe1Tw28ZEvy7g_N6syUlMYhH0_650933_658821.wav,KatrinaStacie_UCN8cGYfcFe1Tw28ZEvy7g_N6syUlMYhH0,650933,658821,7888
KatrinaStacie_UCN8cGYfcFe1Tw28ZEvy7g_N6syUlMYhH0_659029_668785.wav,KatrinaStacie_UCN8cGYfcFe1Tw28ZEvy7g_N6syUlMYhH0,659029,668785,9756
KatrinaStacie_UCN8cGYfcFe1Tw28ZEvy7g_N6syUlMYhH0_669121_670297.wav,KatrinaStacie_UCN8cGYfcFe1Tw28ZEvy7g_N6syUlMYhH0,669121,670297,1176
KatrinaStacie_UCN8cGYfcFe1Tw28ZEvy7g_N6syUlMYhH0_670433_676201.wav,KatrinaStacie_UCN8cGYfcFe1Tw28ZEvy7g_N6syUlMYhH0,670433,676201,5768
KatrinaStacie_UCN8cGYfcFe1Tw28ZEvy7g_N6syUlMYhH0_676305_677521.wav,KatrinaStacie_UCN8cGYfcFe1Tw28ZEvy7g_N6syUlMYhH0,676305,677521,1216
KatrinaStacie_UCN8cGYfcFe1Tw28ZEvy7g_N6syUlMYhH0_677649_678873.wav,KatrinaStacie_UCN8cGYfcFe1Tw28ZEvy7g_N6syUlMYhH0,677649,678873,1224
KatrinaStacie_UCN8cGYfcFe1Tw28ZEvy7g_N6syUlMYhH0_678977_688721.wav,KatrinaStacie_UCN8cGYfcFe1Tw28ZEvy7g_N6syUlMYhH0,678977,688721,9744
KatrinaStacie_UCN8cGYfcFe1Tw28ZEvy7g_N6syUlMYhH0_688873_695384.wav,KatrinaStacie_UCN8cGYfcFe1Tw28ZEvy7g_N6syUlMYhH0,688873,695384,6511
KatrinaStacie_UCN8cGYfcFe1Tw28ZEvy7g_N6syUlMYhH0_695544_703344.wav,KatrinaStacie_UCN8cGYfcFe1Tw28ZEvy7g_N6syUlMYhH0,695544,703344,7800
KatrinaStacie_UCN8cGYfcFe1Tw28ZEvy7g_N6syUlMYhH0_703688_704336.wav,KatrinaStacie_UCN8cGYfcFe1Tw28ZEvy7g_N6syUlMYhH0,703688,704336,648
KatrinaStacie_UCN8cGYfcFe1Tw28ZEvy7g_N6syUlMYhH0_704536_706089.wav,KatrinaStacie_UCN8cGYfcFe1Tw28ZEvy7g_N6syUlMYhH0,704536,706089,1553
KatrinaStacie_UCN8cGYfcFe1Tw28ZEvy7g_N6syUlMYhH0_706225_707689.wav,KatrinaStacie_UCN8cGYfcFe1Tw28ZEvy7g_N6syUlMYhH0,706225,707689,1464
KatrinaStacie_UCN8cGYfcFe1Tw28ZEvy7g_N6syUlMYhH0_707817_709873.wav,KatrinaStacie_UCN8cGYfcFe1Tw28ZEvy7g_N6syUlMYhH0,707817,709873,2056
KatrinaStacie_UCN8cGYfcFe1Tw28ZEvy7g_N6syUlMYhH0_709993_712564.wav,KatrinaStacie_UCN8cGYfcFe1Tw28ZEvy7g_N6syUlMYhH0,709993,712564,2571
KatrinaStacie_UCN8cGYfcFe1Tw28ZEvy7g_N6syUlMYhH0_712940_717876.wav,KatrinaStacie_UCN8cGYfcFe1Tw28ZEvy7g_N6syUlMYhH0,712940,717876,4936
KatrinaStacie_UCN8cGYfcFe1Tw28ZEvy7g_N6syUlMYhH0_718172_727664.wav,KatrinaStacie_UCN8cGYfcFe1Tw28ZEvy7g_N6syUlMYhH0,718172,727664,9492
KatrinaStacie_UCN8cGYfcFe1Tw28ZEvy7g_N6syUlMYhH0_727856_730040.wav,KatrinaStacie_UCN8cGYfcFe1Tw28ZEvy7g_N6syUlMYhH0,727856,730040,2184
KatrinaStacie_UCN8cGYfcFe1Tw28ZEvy7g_N6syUlMYhH0_730248_734808.wav,KatrinaStacie_UCN8cGYfcFe1Tw28ZEvy7g_N6syUlMYhH0,730248,734808,4560
KatrinaStacie_UCN8cGYfcFe1Tw28ZEvy7g_N6syUlMYhH0_735184_742593.wav,KatrinaStacie_UCN8cGYfcFe1Tw28ZEvy7g_N6syUlMYhH0,735184,742593,7409
KatrinaStacie_UCN8cGYfcFe1Tw28ZEvy7g_N6syUlMYhH0_742697_749921.wav,KatrinaStacie_UCN8cGYfcFe1Tw28ZEvy7g_N6syUlMYhH0,742697,749921,7224
KatrinaStacie_UCN8cGYfcFe1Tw28ZEvy7g_N6syUlMYhH0_750081_756737.wav,KatrinaStacie_UCN8cGYfcFe1Tw28ZEvy7g_N6syUlMYhH0,750081,756737,6656
KatrinaStacie_UCN8cGYfcFe1Tw28ZEvy7g_N6syUlMYhH0_757249_758841.wav,KatrinaStacie_UCN8cGYfcFe1Tw28ZEvy7g_N6syUlMYhH0,757249,758841,1592
KatrinaStacie_UCN8cGYfcFe1Tw28ZEvy7g_N6syUlMYhH0_759369_759857.wav,KatrinaStacie_UCN8cGYfcFe1Tw28ZEvy7g_N6syUlMYhH0,759369,759857,488
KatrinaStacie_UCN8cGYfcFe1Tw28ZEvy7g_N6syUlMYhH0_760177_760777.wav,KatrinaStacie_UCN8cGYfcFe1Tw28ZEvy7g_N6syUlMYhH0,760177,760777,600
KatrinaStacie_UCN8cGYfcFe1Tw28ZEvy7g_N6syUlMYhH0_760945_761929.wav,KatrinaStacie_UCN8cGYfcFe1Tw28ZEvy7g_N6syUlMYhH0,760945,761929,984
KatrinaStacie_UCN8cGYfcFe1Tw28ZEvy7g_N6syUlMYhH0_762049_770457.wav,KatrinaStacie_UCN8cGYfcFe1Tw28ZEvy7g_N6syUlMYhH0,762049,770457,8408
KatrinaStacie_UCN8cGYfcFe1Tw28ZEvy7g_N6syUlMYhH0_770609_779513.wav,KatrinaStacie_UCN8cGYfcFe1Tw28ZEvy7g_N6syUlMYhH0,770609,779513,8904
KatrinaStacie_UCN8cGYfcFe1Tw28ZEvy7g_N6syUlMYhH0_780001_781785.wav,KatrinaStacie_UCN8cGYfcFe1Tw28ZEvy7g_N6syUlMYhH0,780001,781785,1784
KatrinaStacie_UCN8cGYfcFe1Tw28ZEvy7g_N6syUlMYhH0_781905_791001.wav,KatrinaStacie_UCN8cGYfcFe1Tw28ZEvy7g_N6syUlMYhH0,781905,791001,9096
KatrinaStacie_UCN8cGYfcFe1Tw28ZEvy7g_N6syUlMYhH0_791153_795473.wav,KatrinaStacie_UCN8cGYfcFe1Tw28ZEvy7g_N6syUlMYhH0,791153,795473,4320
KatrinaStacie_UCN8cGYfcFe1Tw28ZEvy7g_N6syUlMYhH0_795825_796969.wav,KatrinaStacie_UCN8cGYfcFe1Tw28ZEvy7g_N6syUlMYhH0,795825,796969,1144
KatrinaStacie_UCN8cGYfcFe1Tw28ZEvy7g_N6syUlMYhH0_797289_797585.wav,KatrinaStacie_UCN8cGYfcFe1Tw28ZEvy7g_N6syUlMYhH0,797289,797585,296
KatrinaStacie_UCN8cGYfcFe1Tw28ZEvy7g_N6syUlMYhH0_797881_798241.wav,KatrinaStacie_UCN8cGYfcFe1Tw28ZEvy7g_N6syUlMYhH0,797881,798241,360
KatrinaStacie_UCN8cGYfcFe1Tw28ZEvy7g_N6syUlMYhH0_798409_803849.wav,KatrinaStacie_UCN8cGYfcFe1Tw28ZEvy7g_N6syUlMYhH0,798409,803849,5440
KatrinaStacie_UCN8cGYfcFe1Tw28ZEvy7g_N6syUlMYhH0_804081_808457.wav,KatrinaStacie_UCN8cGYfcFe1Tw28ZEvy7g_N6syUlMYhH0,804081,808457,4376
KatrinaStacie_UCN8cGYfcFe1Tw28ZEvy7g_N6syUlMYhH0_808593_809993.wav,KatrinaStacie_UCN8cGYfcFe1Tw28ZEvy7g_N6syUlMYhH0,808593,809993,1400
KatrinaStacie_UCN8cGYfcFe1Tw28ZEvy7g_N6syUlMYhH0_810665_813685.wav,KatrinaStacie_UCN8cGYfcFe1Tw28ZEvy7g_N6syUlMYhH0,810665,813685,3020
KatrinaStacie_UCN8cGYfcFe1Tw28ZEvy7g_N6syUlMYhH0_813789_818065.wav,KatrinaStacie_UCN8cGYfcFe1Tw28ZEvy7g_N6syUlMYhH0,813789,818065,4276
KatrinaStacie_UCN8cGYfcFe1Tw28ZEvy7g_N6syUlMYhH0_818225_824421.wav,KatrinaStacie_UCN8cGYfcFe1Tw28ZEvy7g_N6syUlMYhH0,818225,824421,6196
KatrinaStacie_UCN8cGYfcFe1Tw28ZEvy7g_N6syUlMYhH0_824533_827289.wav,KatrinaStacie_UCN8cGYfcFe1Tw28ZEvy7g_N6syUlMYhH0,824533,827289,2756
KatrinaStacie_UCN8cGYfcFe1Tw28ZEvy7g_N6syUlMYhH0_827609_833281.wav,KatrinaStacie_UCN8cGYfcFe1Tw28ZEvy7g_N6syUlMYhH0,827609,833281,5672
KatrinaStacie_UCN8cGYfcFe1Tw28ZEvy7g_N6syUlMYhH0_833385_834185.wav,KatrinaStacie_UCN8cGYfcFe1Tw28ZEvy7g_N6syUlMYhH0,833385,834185,800
KatrinaStacie_UCN8cGYfcFe1Tw28ZEvy7g_N6syUlMYhH0_834433_837785.wav,KatrinaStacie_UCN8cGYfcFe1Tw28ZEvy7g_N6syUlMYhH0,834433,837785,3352
KatrinaStacie_UCN8cGYfcFe1Tw28ZEvy7g_N6syUlMYhH0_837897_841225.wav,KatrinaStacie_UCN8cGYfcFe1Tw28ZEvy7g_N6syUlMYhH0,837897,841225,3328
KatrinaStacie_UCN8cGYfcFe1Tw28ZEvy7g_N6syUlMYhH0_841353_845225.wav,KatrinaStacie_UCN8cGYfcFe1Tw28ZEvy7g_N6syUlMYhH0,841353,845225,3872
KatrinaStacie_UCN8cGYfcFe1Tw28ZEvy7g_N6syUlMYhH0_845521_847745.wav,KatrinaStacie_UCN8cGYfcFe1Tw28ZEvy7g_N6syUlMYhH0,845521,847745,2224
KatrinaStacie_UCN8cGYfcFe1Tw28ZEvy7g_N6syUlMYhH0_847945_851593.wav,KatrinaStacie_UCN8cGYfcFe1Tw28ZEvy7g_N6syUlMYhH0,847945,851593,3648
KatrinaStacie_UCN8cGYfcFe1Tw28ZEvy7g_N6syUlMYhH0_851737_855819.wav,KatrinaStacie_UCN8cGYfcFe1Tw28ZEvy7g_N6syUlMYhH0,851737,855819,4082
KatrinaStacie_UCN8cGYfcFe1Tw28ZEvy7g_N6syUlMYhH0_856251_865756.wav,KatrinaStacie_UCN8cGYfcFe1Tw28ZEvy7g_N6syUlMYhH0,856251,865756,9505
KatrinaStacie_UCN8cGYfcFe1Tw28ZEvy7g_N6syUlMYhH0_865908_870204.wav,KatrinaStacie_UCN8cGYfcFe1Tw28ZEvy7g_N6syUlMYhH0,865908,870204,4296
KatrinaStacie_UCN8cGYfcFe1Tw28ZEvy7g_N6syUlMYhH0_870420_873025.wav,KatrinaStacie_UCN8cGYfcFe1Tw28ZEvy7g_N6syUlMYhH0,870420,873025,2605
KatrinaStacie_UCN8cGYfcFe1Tw28ZEvy7g_N6syUlMYhH0_873161_875505.wav,KatrinaStacie_UCN8cGYfcFe1Tw28ZEvy7g_N6syUlMYhH0,873161,875505,2344
KatrinaStacie_UCN8cGYfcFe1Tw28ZEvy7g_N6syUlMYhH0_875633_877129.wav,KatrinaStacie_UCN8cGYfcFe1Tw28ZEvy7g_N6syUlMYhH0,875633,877129,1496
KatrinaStacie_UCN8cGYfcFe1Tw28ZEvy7g_N6syUlMYhH0_877233_884776.wav,KatrinaStacie_UCN8cGYfcFe1Tw28ZEvy7g_N6syUlMYhH0,877233,884776,7543
KatrinaStacie_UCN8cGYfcFe1Tw28ZEvy7g_N6syUlMYhH0_884960_892337.wav,KatrinaStacie_UCN8cGYfcFe1Tw28ZEvy7g_N6syUlMYhH0,884960,892337,7377
KatrinaStacie_UCN8cGYfcFe1Tw28ZEvy7g_N6syUlMYhH0_892601_897465.wav,KatrinaStacie_UCN8cGYfcFe1Tw28ZEvy7g_N6syUlMYhH0,892601,897465,4864
KatrinaStacie_UCN8cGYfcFe1Tw28ZEvy7g_N6syUlMYhH0_897761_905809.wav,KatrinaStacie_UCN8cGYfcFe1Tw28ZEvy7g_N6syUlMYhH0,897761,905809,8048
KatrinaStacie_UCN8cGYfcFe1Tw28ZEvy7g_N6syUlMYhH0_906249_910579.wav,KatrinaStacie_UCN8cGYfcFe1Tw28ZEvy7g_N6syUlMYhH0,906249,910579,4330
KatrinaStacie_UCN8cGYfcFe1Tw28ZEvy7g_N6syUlMYhH0_910779_920468.wav,KatrinaStacie_UCN8cGYfcFe1Tw28ZEvy7g_N6syUlMYhH0,910779,920468,9689
KatrinaStacie_UCN8cGYfcFe1Tw28ZEvy7g_N6syUlMYhH0_920876_921932.wav,KatrinaStacie_UCN8cGYfcFe1Tw28ZEvy7g_N6syUlMYhH0,920876,921932,1056
KatrinaStacie_UCN8cGYfcFe1Tw28ZEvy7g_N6syUlMYhH0_922260_922861.wav,KatrinaStacie_UCN8cGYfcFe1Tw28ZEvy7g_N6syUlMYhH0,922260,922861,601
KatrinaStacie_UCN8cGYfcFe1Tw28ZEvy7g_N6syUlMYhH0_922997_923561.wav,KatrinaStacie_UCN8cGYfcFe1Tw28ZEvy7g_N6syUlMYhH0,922997,923561,564
KatrinaStacie_UCN8cGYfcFe1Tw28ZEvy7g_N6syUlMYhH0_923833_925441.wav,KatrinaStacie_UCN8cGYfcFe1Tw28ZEvy7g_N6syUlMYhH0,923833,925441,1608
KatrinaStacie_UCN8cGYfcFe1Tw28ZEvy7g_N6syUlMYhH0_925737_927353.wav,KatrinaStacie_UCN8cGYfcFe1Tw28ZEvy7g_N6syUlMYhH0,925737,927353,1616
KatrinaStacie_UCN8cGYfcFe1Tw28ZEvy7g_N6syUlMYhH0_927921_929105.wav,KatrinaStacie_UCN8cGYfcFe1Tw28ZEvy7g_N6syUlMYhH0,927921,929105,1184
KatrinaStacie_UCN8cGYfcFe1Tw28ZEvy7g_N6syUlMYhH0_929417_936689.wav,KatrinaStacie_UCN8cGYfcFe1Tw28ZEvy7g_N6syUlMYhH0,929417,936689,7272
KatrinaStacie_UCN8cGYfcFe1Tw28ZEvy7g_N6syUlMYhH0_936833_940937.wav,KatrinaStacie_UCN8cGYfcFe1Tw28ZEvy7g_N6syUlMYhH0,936833,940937,4104
KatrinaStacie_UCN8cGYfcFe1Tw28ZEvy7g_N6syUlMYhH0_941337_942769.wav,KatrinaStacie_UCN8cGYfcFe1Tw28ZEvy7g_N6syUlMYhH0,941337,942769,1432
KatrinaStacie_UCN8cGYfcFe1Tw28ZEvy7g_N6syUlMYhH0_943345_949929.wav,KatrinaStacie_UCN8cGYfcFe1Tw28ZEvy7g_N6syUlMYhH0,943345,949929,6584
KatrinaStacie_UCN8cGYfcFe1Tw28ZEvy7g_N6syUlMYhH0_950209_954281.wav,KatrinaStacie_UCN8cGYfcFe1Tw28ZEvy7g_N6syUlMYhH0,950209,954281,4072
KatrinaStacie_UCN8cGYfcFe1Tw28ZEvy7g_N6syUlMYhH0_954617_957193.wav,KatrinaStacie_UCN8cGYfcFe1Tw28ZEvy7g_N6syUlMYhH0,954617,957193,2576
KatrinaStacie_UCN8cGYfcFe1Tw28ZEvy7g_N6syUlMYhH0_957305_965545.wav,KatrinaStacie_UCN8cGYfcFe1Tw28ZEvy7g_N6syUlMYhH0,957305,965545,8240
KatrinaStacie_UCN8cGYfcFe1Tw28ZEvy7g_N6syUlMYhH0_965745_975137.wav,KatrinaStacie_UCN8cGYfcFe1Tw28ZEvy7g_N6syUlMYhH0,965745,975137,9392
KatrinaStacie_UCN8cGYfcFe1Tw28ZEvy7g_N6syUlMYhH0_975353_983033.wav,KatrinaStacie_UCN8cGYfcFe1Tw28ZEvy7g_N6syUlMYhH0,975353,983033,7680
KatrinaStacie_UCN8cGYfcFe1Tw28ZEvy7g_N6syUlMYhH0_983145_991713.wav,KatrinaStacie_UCN8cGYfcFe1Tw28ZEvy7g_N6syUlMYhH0,983145,991713,8568
KatrinaStacie_UCN8cGYfcFe1Tw28ZEvy7g_N6syUlMYhH0_991865_1000161.wav,KatrinaStacie_UCN8cGYfcFe1Tw28ZEvy7g_N6syUlMYhH0,991865,1000161,8296
KatrinaStacie_UCN8cGYfcFe1Tw28ZEvy7g_N6syUlMYhH0_1000321_1002745.wav,KatrinaStacie_UCN8cGYfcFe1Tw28ZEvy7g_N6syUlMYhH0,1000321,1002745,2424
KatrinaStacie_UCN8cGYfcFe1Tw28ZEvy7g_N6syUlMYhH0_1003137_1006153.wav,KatrinaStacie_UCN8cGYfcFe1Tw28ZEvy7g_N6syUlMYhH0,1003137,1006153,3016
KatrinaStacie_UCN8cGYfcFe1Tw28ZEvy7g_N6syUlMYhH0_1006569_1010561.wav,KatrinaStacie_UCN8cGYfcFe1Tw28ZEvy7g_N6syUlMYhH0,1006569,1010561,3992
KatrinaStacie_UCN8cGYfcFe1Tw28ZEvy7g_N6syUlMYhH0_1010857_1016323.wav,KatrinaStacie_UCN8cGYfcFe1Tw28ZEvy7g_N6syUlMYhH0,1010857,1016323,5466
KatrinaStacie_UCN8cGYfcFe1Tw28ZEvy7g_N6syUlMYhH0_1016483_1023004.wav,KatrinaStacie_UCN8cGYfcFe1Tw28ZEvy7g_N6syUlMYhH0,1016483,1023004,6521
KatrinaStacie_UCN8cGYfcFe1Tw28ZEvy7g_N6syUlMYhH0_1023380_1027765.wav,KatrinaStacie_UCN8cGYfcFe1Tw28ZEvy7g_N6syUlMYhH0,1023380,1027765,4385
KatrinaStacie_UCN8cGYfcFe1Tw28ZEvy7g_N6syUlMYhH0_1027885_1033805.wav,KatrinaStacie_UCN8cGYfcFe1Tw28ZEvy7g_N6syUlMYhH0,1027885,1033805,5920
KatrinaStacie_UCN8cGYfcFe1Tw28ZEvy7g_N6syUlMYhH0_1033949_1040253.wav,KatrinaStacie_UCN8cGYfcFe1Tw28ZEvy7g_N6syUlMYhH0,1033949,1040253,6304
KatrinaStacie_UCN8cGYfcFe1Tw28ZEvy7g_N6syUlMYhH0_1040413_1049109.wav,KatrinaStacie_UCN8cGYfcFe1Tw28ZEvy7g_N6syUlMYhH0,1040413,1049109,8696
KatrinaStacie_UCN8cGYfcFe1Tw28ZEvy7g_N6syUlMYhH0_1049221_1058021.wav,KatrinaStacie_UCN8cGYfcFe1Tw28ZEvy7g_N6syUlMYhH0,1049221,1058021,8800
KatrinaStacie_UCN8cGYfcFe1Tw28ZEvy7g_N6syUlMYhH0_1058133_1067308.wav,KatrinaStacie_UCN8cGYfcFe1Tw28ZEvy7g_N6syUlMYhH0,1058133,1067308,9175
KatrinaStacie_UCN8cGYfcFe1Tw28ZEvy7g_N6syUlMYhH0_1067540_1070581.wav,KatrinaStacie_UCN8cGYfcFe1Tw28ZEvy7g_N6syUlMYhH0,1067540,1070581,3041
KatrinaStacie_UCN8cGYfcFe1Tw28ZEvy7g_N6syUlMYhH0_1070797_1077685.wav,KatrinaStacie_UCN8cGYfcFe1Tw28ZEvy7g_N6syUlMYhH0,1070797,1077685,6888
KatrinaStacie_UCN8cGYfcFe1Tw28ZEvy7g_N6syUlMYhH0_1077885_1087241.wav,KatrinaStacie_UCN8cGYfcFe1Tw28ZEvy7g_N6syUlMYhH0,1077885,1087241,9356
KatrinaStacie_UCN8cGYfcFe1Tw28ZEvy7g_N6syUlMYhH0_1087561_1096809.wav,KatrinaStacie_UCN8cGYfcFe1Tw28ZEvy7g_N6syUlMYhH0,1087561,1096809,9248
KatrinaStacie_UCN8cGYfcFe1Tw28ZEvy7g_N6syUlMYhH0_1097105_1100345.wav,KatrinaStacie_UCN8cGYfcFe1Tw28ZEvy7g_N6syUlMYhH0,1097105,1100345,3240
KatrinaStacie_UCN8cGYfcFe1Tw28ZEvy7g_N6syUlMYhH0_1100513_1109145.wav,KatrinaStacie_UCN8cGYfcFe1Tw28ZEvy7g_N6syUlMYhH0,1100513,1109145,8632
KatrinaStacie_UCN8cGYfcFe1Tw28ZEvy7g_N6syUlMYhH0_1109265_1111597.wav,KatrinaStacie_UCN8cGYfcFe1Tw28ZEvy7g_N6syUlMYhH0,1109265,1111597,2332
KatrinaStacie_UCN8cGYfcFe1Tw28ZEvy7g_N6syUlMYhH0_1111821_1116876.wav,KatrinaStacie_UCN8cGYfcFe1Tw28ZEvy7g_N6syUlMYhH0,1111821,1116876,5055
KatrinaStacie_UCN8cGYfcFe1Tw28ZEvy7g_N6syUlMYhH0_1117205_1125989.wav,KatrinaStacie_UCN8cGYfcFe1Tw28ZEvy7g_N6syUlMYhH0,1117205,1125989,8784
KatrinaStacie_UCN8cGYfcFe1Tw28ZEvy7g_N6syUlMYhH0_1126205_1128177.wav,KatrinaStacie_UCN8cGYfcFe1Tw28ZEvy7g_N6syUlMYhH0,1126205,1128177,1972
KatrinaStacie_UCN8cGYfcFe1Tw28ZEvy7g_N6syUlMYhH0_1128281_1129145.wav,KatrinaStacie_UCN8cGYfcFe1Tw28ZEvy7g_N6syUlMYhH0,1128281,1129145,864
KatrinaStacie_UCN8cGYfcFe1Tw28ZEvy7g_N6syUlMYhH0_1129417_1132305.wav,KatrinaStacie_UCN8cGYfcFe1Tw28ZEvy7g_N6syUlMYhH0,1129417,1132305,2888
KatrinaStacie_UCN8cGYfcFe1Tw28ZEvy7g_N6syUlMYhH0_1132697_1132825.wav,KatrinaStacie_UCN8cGYfcFe1Tw28ZEvy7g_N6syUlMYhH0,1132697,1132825,128
KatrinaStacie_UCN8cGYfcFe1Tw28ZEvy7g_N6syUlMYhH0_1133121_1133873.wav,KatrinaStacie_UCN8cGYfcFe1Tw28ZEvy7g_N6syUlMYhH0,1133121,1133873,752
KatrinaStacie_UCN8cGYfcFe1Tw28ZEvy7g_N6syUlMYhH0_1134713_1137793.wav,KatrinaStacie_UCN8cGYfcFe1Tw28ZEvy7g_N6syUlMYhH0,1134713,1137793,3080
KatrinaStacie_UCN8cGYfcFe1Tw28ZEvy7g_N6syUlMYhH0_1138153_1139457.wav,KatrinaStacie_UCN8cGYfcFe1Tw28ZEvy7g_N6syUlMYhH0,1138153,1139457,1304
KatrinaStacie_UCN8cGYfcFe1Tw28ZEvy7g_N6syUlMYhH0_1139713_1140737.wav,KatrinaStacie_UCN8cGYfcFe1Tw28ZEvy7g_N6syUlMYhH0,1139713,1140737,1024
KatrinaStacie_UCN8cGYfcFe1Tw28ZEvy7g_N6syUlMYhH0_1140969_1141721.wav,KatrinaStacie_UCN8cGYfcFe1Tw28ZEvy7g_N6syUlMYhH0,1140969,1141721,752
KatrinaStacie_UCN8cGYfcFe1Tw28ZEvy7g_N6syUlMYhH0_1141833_1151489.wav,KatrinaStacie_UCN8cGYfcFe1Tw28ZEvy7g_N6syUlMYhH0,1141833,1151489,9656
KatrinaStacie_UCN8cGYfcFe1Tw28ZEvy7g_N6syUlMYhH0_1151609_1158633.wav,KatrinaStacie_UCN8cGYfcFe1Tw28ZEvy7g_N6syUlMYhH0,1151609,1158633,7024
KatrinaStacie_UCN8cGYfcFe1Tw28ZEvy7g_N6syUlMYhH0_1158777_1161553.wav,KatrinaStacie_UCN8cGYfcFe1Tw28ZEvy7g_N6syUlMYhH0,1158777,1161553,2776
KatrinaStacie_UCN8cGYfcFe1Tw28ZEvy7g_N6syUlMYhH0_1161753_1163713.wav,KatrinaStacie_UCN8cGYfcFe1Tw28ZEvy7g_N6syUlMYhH0,1161753,1163713,1960
KatrinaStacie_UCN8cGYfcFe1Tw28ZEvy7g_N6syUlMYhH0_1163865_1166401.wav,KatrinaStacie_UCN8cGYfcFe1Tw28ZEvy7g_N6syUlMYhH0,1163865,1166401,2536
KatrinaStacie_UCN8cGYfcFe1Tw28ZEvy7g_N6syUlMYhH0_1166705_1167229.wav,KatrinaStacie_UCN8cGYfcFe1Tw28ZEvy7g_N6syUlMYhH0,1166705,1167229,524
KatrinaStacie_UCN8cGYfcFe1Tw28ZEvy7g_N6syUlMYhH0_1167469_1169863.wav,KatrinaStacie_UCN8cGYfcFe1Tw28ZEvy7g_N6syUlMYhH0,1167469,1169863,2394
KatrinaStacie_UCN8cGYfcFe1Tw28ZEvy7g_N6syUlMYhH0_1170383_1171368.wav,KatrinaStacie_UCN8cGYfcFe1Tw28ZEvy7g_N6syUlMYhH0,1170383,1171368,985
KatrinaStacie_UCN8cGYfcFe1Tw28ZEvy7g_N6syUlMYhH0_1172072_1179464.wav,KatrinaStacie_UCN8cGYfcFe1Tw28ZEvy7g_N6syUlMYhH0,1172072,1179464,7392
KatrinaStacie_UCN8cGYfcFe1Tw28ZEvy7g_N6syUlMYhH0_1180641_1180874.wav,KatrinaStacie_UCN8cGYfcFe1Tw28ZEvy7g_N6syUlMYhH0,1180641,1180874,233
