filename,video_id,start_time,end_time,duration
KatrinaStacie_UCN8cGYfcFe1Tw28ZEvy7g_7Sj0nDK7TY_0_4624.wav,KatrinaStacie_UCN8cGYfcFe1Tw28ZEvy7g_7Sj0nDK7TY,0,4624,4624
KatrinaStacie_UCN8cGYfcFe1Tw28ZEvy7g_7Sj0nDK7TY_4864_10840.wav,KatrinaStacie_UCN8cGYfcFe1Tw28ZEvy7g_7Sj0nDK7TY,4864,10840,5976
KatrinaStacie_UCN8cGYfcFe1Tw28ZEvy7g_7Sj0nDK7TY_11224_20888.wav,KatrinaStacie_UCN8cGYfcFe1Tw28ZEvy7g_7Sj0nDK7TY,11224,20888,9664
KatrinaStacie_UCN8cGYfcFe1Tw28ZEvy7g_7Sj0nDK7TY_21064_21169.wav,KatrinaStacie_UCN8cGYfcFe1Tw28ZEvy7g_7Sj0nDK7TY,21064,21169,105
KatrinaStacie_UCN8cGYfcFe1Tw28ZEvy7g_7Sj0nDK7TY_21449_30129.wav,KatrinaStacie_UCN8cGYfcFe1Tw28ZEvy7g_7Sj0nDK7TY,21449,30129,8680
KatrinaStacie_UCN8cGYfcFe1Tw28ZEvy7g_7Sj0nDK7TY_30481_31057.wav,KatrinaStacie_UCN8cGYfcFe1Tw28ZEvy7g_7Sj0nDK7TY,30481,31057,576
KatrinaStacie_UCN8cGYfcFe1Tw28ZEvy7g_7Sj0nDK7TY_31913_38377.wav,KatrinaStacie_UCN8cGYfcFe1Tw28ZEvy7g_7Sj0nDK7TY,31913,38377,6464
KatrinaStacie_UCN8cGYfcFe1Tw28ZEvy7g_7Sj0nDK7TY_38545_45417.wav,KatrinaStacie_UCN8cGYfcFe1Tw28ZEvy7g_7Sj0nDK7TY,38545,45417,6872
KatrinaStacie_UCN8cGYfcFe1Tw28ZEvy7g_7Sj0nDK7TY_45577_46937.wav,KatrinaStacie_UCN8cGYfcFe1Tw28ZEvy7g_7Sj0nDK7TY,45577,46937,1360
KatrinaStacie_UCN8cGYfcFe1Tw28ZEvy7g_7Sj0nDK7TY_47065_49449.wav,KatrinaStacie_UCN8cGYfcFe1Tw28ZEvy7g_7Sj0nDK7TY,47065,49449,2384
KatrinaStacie_UCN8cGYfcFe1Tw28ZEvy7g_7Sj0nDK7TY_49553_50393.wav,KatrinaStacie_UCN8cGYfcFe1Tw28ZEvy7g_7Sj0nDK7TY,49553,50393,840
KatrinaStacie_UCN8cGYfcFe1Tw28ZEvy7g_7Sj0nDK7TY_50545_51617.wav,KatrinaStacie_UCN8cGYfcFe1Tw28ZEvy7g_7Sj0nDK7TY,50545,51617,1072
KatrinaStacie_UCN8cGYfcFe1Tw28ZEvy7g_7Sj0nDK7TY_51857_55065.wav,KatrinaStacie_UCN8cGYfcFe1Tw28ZEvy7g_7Sj0nDK7TY,51857,55065,3208
KatrinaStacie_UCN8cGYfcFe1Tw28ZEvy7g_7Sj0nDK7TY_55233_59097.wav,KatrinaStacie_UCN8cGYfcFe1Tw28ZEvy7g_7Sj0nDK7TY,55233,59097,3864
KatrinaStacie_UCN8cGYfcFe1Tw28ZEvy7g_7Sj0nDK7TY_59257_66569.wav,KatrinaStacie_UCN8cGYfcFe1Tw28ZEvy7g_7Sj0nDK7TY,59257,66569,7312
KatrinaStacie_UCN8cGYfcFe1Tw28ZEvy7g_7Sj0nDK7TY_66905_70937.wav,KatrinaStacie_UCN8cGYfcFe1Tw28ZEvy7g_7Sj0nDK7TY,66905,70937,4032
KatrinaStacie_UCN8cGYfcFe1Tw28ZEvy7g_7Sj0nDK7TY_71041_75737.wav,KatrinaStacie_UCN8cGYfcFe1Tw28ZEvy7g_7Sj0nDK7TY,71041,75737,4696
KatrinaStacie_UCN8cGYfcFe1Tw28ZEvy7g_7Sj0nDK7TY_75857_76081.wav,KatrinaStacie_UCN8cGYfcFe1Tw28ZEvy7g_7Sj0nDK7TY,75857,76081,224
KatrinaStacie_UCN8cGYfcFe1Tw28ZEvy7g_7Sj0nDK7TY_76201_85837.wav,KatrinaStacie_UCN8cGYfcFe1Tw28ZEvy7g_7Sj0nDK7TY,76201,85837,9636
KatrinaStacie_UCN8cGYfcFe1Tw28ZEvy7g_7Sj0nDK7TY_86045_86233.wav,KatrinaStacie_UCN8cGYfcFe1Tw28ZEvy7g_7Sj0nDK7TY,86045,86233,188
KatrinaStacie_UCN8cGYfcFe1Tw28ZEvy7g_7Sj0nDK7TY_86505_89609.wav,KatrinaStacie_UCN8cGYfcFe1Tw28ZEvy7g_7Sj0nDK7TY,86505,89609,3104
KatrinaStacie_UCN8cGYfcFe1Tw28ZEvy7g_7Sj0nDK7TY_89993_90221.wav,KatrinaStacie_UCN8cGYfcFe1Tw28ZEvy7g_7Sj0nDK7TY,89993,90221,228
KatrinaStacie_UCN8cGYfcFe1Tw28ZEvy7g_7Sj0nDK7TY_90333_91197.wav,KatrinaStacie_UCN8cGYfcFe1Tw28ZEvy7g_7Sj0nDK7TY,90333,91197,864
KatrinaStacie_UCN8cGYfcFe1Tw28ZEvy7g_7Sj0nDK7TY_91309_101097.wav,KatrinaStacie_UCN8cGYfcFe1Tw28ZEvy7g_7Sj0nDK7TY,91309,101097,9788
KatrinaStacie_UCN8cGYfcFe1Tw28ZEvy7g_7Sj0nDK7TY_101641_105209.wav,KatrinaStacie_UCN8cGYfcFe1Tw28ZEvy7g_7Sj0nDK7TY,101641,105209,3568
KatrinaStacie_UCN8cGYfcFe1Tw28ZEvy7g_7Sj0nDK7TY_105537_112713.wav,KatrinaStacie_UCN8cGYfcFe1Tw28ZEvy7g_7Sj0nDK7TY,105537,112713,7176
KatrinaStacie_UCN8cGYfcFe1Tw28ZEvy7g_7Sj0nDK7TY_113089_113741.wav,KatrinaStacie_UCN8cGYfcFe1Tw28ZEvy7g_7Sj0nDK7TY,113089,113741,652
KatrinaStacie_UCN8cGYfcFe1Tw28ZEvy7g_7Sj0nDK7TY_113853_116037.wav,KatrinaStacie_UCN8cGYfcFe1Tw28ZEvy7g_7Sj0nDK7TY,113853,116037,2184
KatrinaStacie_UCN8cGYfcFe1Tw28ZEvy7g_7Sj0nDK7TY_116157_126053.wav,KatrinaStacie_UCN8cGYfcFe1Tw28ZEvy7g_7Sj0nDK7TY,116157,126053,9896
KatrinaStacie_UCN8cGYfcFe1Tw28ZEvy7g_7Sj0nDK7TY_126173_131549.wav,KatrinaStacie_UCN8cGYfcFe1Tw28ZEvy7g_7Sj0nDK7TY,126173,131549,5376
KatrinaStacie_UCN8cGYfcFe1Tw28ZEvy7g_7Sj0nDK7TY_131749_138781.wav,KatrinaStacie_UCN8cGYfcFe1Tw28ZEvy7g_7Sj0nDK7TY,131749,138781,7032
KatrinaStacie_UCN8cGYfcFe1Tw28ZEvy7g_7Sj0nDK7TY_138893_144157.wav,KatrinaStacie_UCN8cGYfcFe1Tw28ZEvy7g_7Sj0nDK7TY,138893,144157,5264
KatrinaStacie_UCN8cGYfcFe1Tw28ZEvy7g_7Sj0nDK7TY_144325_146685.wav,KatrinaStacie_UCN8cGYfcFe1Tw28ZEvy7g_7Sj0nDK7TY,144325,146685,2360
KatrinaStacie_UCN8cGYfcFe1Tw28ZEvy7g_7Sj0nDK7TY_146789_150509.wav,KatrinaStacie_UCN8cGYfcFe1Tw28ZEvy7g_7Sj0nDK7TY,146789,150509,3720
KatrinaStacie_UCN8cGYfcFe1Tw28ZEvy7g_7Sj0nDK7TY_150613_150829.wav,KatrinaStacie_UCN8cGYfcFe1Tw28ZEvy7g_7Sj0nDK7TY,150613,150829,216
KatrinaStacie_UCN8cGYfcFe1Tw28ZEvy7g_7Sj0nDK7TY_150965_157317.wav,KatrinaStacie_UCN8cGYfcFe1Tw28ZEvy7g_7Sj0nDK7TY,150965,157317,6352
KatrinaStacie_UCN8cGYfcFe1Tw28ZEvy7g_7Sj0nDK7TY_157445_161013.wav,KatrinaStacie_UCN8cGYfcFe1Tw28ZEvy7g_7Sj0nDK7TY,157445,161013,3568
KatrinaStacie_UCN8cGYfcFe1Tw28ZEvy7g_7Sj0nDK7TY_161125_165801.wav,KatrinaStacie_UCN8cGYfcFe1Tw28ZEvy7g_7Sj0nDK7TY,161125,165801,4676
KatrinaStacie_UCN8cGYfcFe1Tw28ZEvy7g_7Sj0nDK7TY_166113_174829.wav,KatrinaStacie_UCN8cGYfcFe1Tw28ZEvy7g_7Sj0nDK7TY,166113,174829,8716
KatrinaStacie_UCN8cGYfcFe1Tw28ZEvy7g_7Sj0nDK7TY_175077_182333.wav,KatrinaStacie_UCN8cGYfcFe1Tw28ZEvy7g_7Sj0nDK7TY,175077,182333,7256
KatrinaStacie_UCN8cGYfcFe1Tw28ZEvy7g_7Sj0nDK7TY_182653_185485.wav,KatrinaStacie_UCN8cGYfcFe1Tw28ZEvy7g_7Sj0nDK7TY,182653,185485,2832
KatrinaStacie_UCN8cGYfcFe1Tw28ZEvy7g_7Sj0nDK7TY_186073_195707.wav,KatrinaStacie_UCN8cGYfcFe1Tw28ZEvy7g_7Sj0nDK7TY,186073,195707,9634
KatrinaStacie_UCN8cGYfcFe1Tw28ZEvy7g_7Sj0nDK7TY_195995_196117.wav,KatrinaStacie_UCN8cGYfcFe1Tw28ZEvy7g_7Sj0nDK7TY,195995,196117,122
KatrinaStacie_UCN8cGYfcFe1Tw28ZEvy7g_7Sj0nDK7TY_196357_197997.wav,KatrinaStacie_UCN8cGYfcFe1Tw28ZEvy7g_7Sj0nDK7TY,196357,197997,1640
KatrinaStacie_UCN8cGYfcFe1Tw28ZEvy7g_7Sj0nDK7TY_198269_204097.wav,KatrinaStacie_UCN8cGYfcFe1Tw28ZEvy7g_7Sj0nDK7TY,198269,204097,5828
KatrinaStacie_UCN8cGYfcFe1Tw28ZEvy7g_7Sj0nDK7TY_204417_214017.wav,KatrinaStacie_UCN8cGYfcFe1Tw28ZEvy7g_7Sj0nDK7TY,204417,214017,9600
KatrinaStacie_UCN8cGYfcFe1Tw28ZEvy7g_7Sj0nDK7TY_214537_217729.wav,KatrinaStacie_UCN8cGYfcFe1Tw28ZEvy7g_7Sj0nDK7TY,214537,217729,3192
KatrinaStacie_UCN8cGYfcFe1Tw28ZEvy7g_7Sj0nDK7TY_217873_220753.wav,KatrinaStacie_UCN8cGYfcFe1Tw28ZEvy7g_7Sj0nDK7TY,217873,220753,2880
KatrinaStacie_UCN8cGYfcFe1Tw28ZEvy7g_7Sj0nDK7TY_220937_227769.wav,KatrinaStacie_UCN8cGYfcFe1Tw28ZEvy7g_7Sj0nDK7TY,220937,227769,6832
KatrinaStacie_UCN8cGYfcFe1Tw28ZEvy7g_7Sj0nDK7TY_227945_230297.wav,KatrinaStacie_UCN8cGYfcFe1Tw28ZEvy7g_7Sj0nDK7TY,227945,230297,2352
KatrinaStacie_UCN8cGYfcFe1Tw28ZEvy7g_7Sj0nDK7TY_230673_235009.wav,KatrinaStacie_UCN8cGYfcFe1Tw28ZEvy7g_7Sj0nDK7TY,230673,235009,4336
KatrinaStacie_UCN8cGYfcFe1Tw28ZEvy7g_7Sj0nDK7TY_235129_235609.wav,KatrinaStacie_UCN8cGYfcFe1Tw28ZEvy7g_7Sj0nDK7TY,235129,235609,480
KatrinaStacie_UCN8cGYfcFe1Tw28ZEvy7g_7Sj0nDK7TY_235793_244721.wav,KatrinaStacie_UCN8cGYfcFe1Tw28ZEvy7g_7Sj0nDK7TY,235793,244721,8928
KatrinaStacie_UCN8cGYfcFe1Tw28ZEvy7g_7Sj0nDK7TY_244857_246857.wav,KatrinaStacie_UCN8cGYfcFe1Tw28ZEvy7g_7Sj0nDK7TY,244857,246857,2000
KatrinaStacie_UCN8cGYfcFe1Tw28ZEvy7g_7Sj0nDK7TY_247065_255097.wav,KatrinaStacie_UCN8cGYfcFe1Tw28ZEvy7g_7Sj0nDK7TY,247065,255097,8032
KatrinaStacie_UCN8cGYfcFe1Tw28ZEvy7g_7Sj0nDK7TY_255297_257177.wav,KatrinaStacie_UCN8cGYfcFe1Tw28ZEvy7g_7Sj0nDK7TY,255297,257177,1880
KatrinaStacie_UCN8cGYfcFe1Tw28ZEvy7g_7Sj0nDK7TY_257565_257797.wav,KatrinaStacie_UCN8cGYfcFe1Tw28ZEvy7g_7Sj0nDK7TY,257565,257797,232
KatrinaStacie_UCN8cGYfcFe1Tw28ZEvy7g_7Sj0nDK7TY_257949_259919.wav,KatrinaStacie_UCN8cGYfcFe1Tw28ZEvy7g_7Sj0nDK7TY,257949,259919,1970
KatrinaStacie_UCN8cGYfcFe1Tw28ZEvy7g_7Sj0nDK7TY_260159_266008.wav,KatrinaStacie_UCN8cGYfcFe1Tw28ZEvy7g_7Sj0nDK7TY,260159,266008,5849
KatrinaStacie_UCN8cGYfcFe1Tw28ZEvy7g_7Sj0nDK7TY_266320_275289.wav,KatrinaStacie_UCN8cGYfcFe1Tw28ZEvy7g_7Sj0nDK7TY,266320,275289,8969
KatrinaStacie_UCN8cGYfcFe1Tw28ZEvy7g_7Sj0nDK7TY_275505_277641.wav,KatrinaStacie_UCN8cGYfcFe1Tw28ZEvy7g_7Sj0nDK7TY,275505,277641,2136
KatrinaStacie_UCN8cGYfcFe1Tw28ZEvy7g_7Sj0nDK7TY_277769_277953.wav,KatrinaStacie_UCN8cGYfcFe1Tw28ZEvy7g_7Sj0nDK7TY,277769,277953,184
KatrinaStacie_UCN8cGYfcFe1Tw28ZEvy7g_7Sj0nDK7TY_278441_282973.wav,KatrinaStacie_UCN8cGYfcFe1Tw28ZEvy7g_7Sj0nDK7TY,278441,282973,4532
KatrinaStacie_UCN8cGYfcFe1Tw28ZEvy7g_7Sj0nDK7TY_283181_284373.wav,KatrinaStacie_UCN8cGYfcFe1Tw28ZEvy7g_7Sj0nDK7TY,283181,284373,1192
KatrinaStacie_UCN8cGYfcFe1Tw28ZEvy7g_7Sj0nDK7TY_284573_286933.wav,KatrinaStacie_UCN8cGYfcFe1Tw28ZEvy7g_7Sj0nDK7TY,284573,286933,2360
KatrinaStacie_UCN8cGYfcFe1Tw28ZEvy7g_7Sj0nDK7TY_287221_293833.wav,KatrinaStacie_UCN8cGYfcFe1Tw28ZEvy7g_7Sj0nDK7TY,287221,293833,6612
KatrinaStacie_UCN8cGYfcFe1Tw28ZEvy7g_7Sj0nDK7TY_294313_300265.wav,KatrinaStacie_UCN8cGYfcFe1Tw28ZEvy7g_7Sj0nDK7TY,294313,300265,5952
KatrinaStacie_UCN8cGYfcFe1Tw28ZEvy7g_7Sj0nDK7TY_300481_308185.wav,KatrinaStacie_UCN8cGYfcFe1Tw28ZEvy7g_7Sj0nDK7TY,300481,308185,7704
KatrinaStacie_UCN8cGYfcFe1Tw28ZEvy7g_7Sj0nDK7TY_308385_309801.wav,KatrinaStacie_UCN8cGYfcFe1Tw28ZEvy7g_7Sj0nDK7TY,308385,309801,1416
KatrinaStacie_UCN8cGYfcFe1Tw28ZEvy7g_7Sj0nDK7TY_310377_312193.wav,KatrinaStacie_UCN8cGYfcFe1Tw28ZEvy7g_7Sj0nDK7TY,310377,312193,1816
KatrinaStacie_UCN8cGYfcFe1Tw28ZEvy7g_7Sj0nDK7TY_312305_313001.wav,KatrinaStacie_UCN8cGYfcFe1Tw28ZEvy7g_7Sj0nDK7TY,312305,313001,696
KatrinaStacie_UCN8cGYfcFe1Tw28ZEvy7g_7Sj0nDK7TY_313201_317777.wav,KatrinaStacie_UCN8cGYfcFe1Tw28ZEvy7g_7Sj0nDK7TY,313201,317777,4576
KatrinaStacie_UCN8cGYfcFe1Tw28ZEvy7g_7Sj0nDK7TY_317953_323337.wav,KatrinaStacie_UCN8cGYfcFe1Tw28ZEvy7g_7Sj0nDK7TY,317953,323337,5384
KatrinaStacie_UCN8cGYfcFe1Tw28ZEvy7g_7Sj0nDK7TY_323569_328121.wav,KatrinaStacie_UCN8cGYfcFe1Tw28ZEvy7g_7Sj0nDK7TY,323569,328121,4552
KatrinaStacie_UCN8cGYfcFe1Tw28ZEvy7g_7Sj0nDK7TY_328705_330425.wav,KatrinaStacie_UCN8cGYfcFe1Tw28ZEvy7g_7Sj0nDK7TY,328705,330425,1720
KatrinaStacie_UCN8cGYfcFe1Tw28ZEvy7g_7Sj0nDK7TY_330705_337537.wav,KatrinaStacie_UCN8cGYfcFe1Tw28ZEvy7g_7Sj0nDK7TY,330705,337537,6832
KatrinaStacie_UCN8cGYfcFe1Tw28ZEvy7g_7Sj0nDK7TY_337801_344473.wav,KatrinaStacie_UCN8cGYfcFe1Tw28ZEvy7g_7Sj0nDK7TY,337801,344473,6672
KatrinaStacie_UCN8cGYfcFe1Tw28ZEvy7g_7Sj0nDK7TY_344641_344801.wav,KatrinaStacie_UCN8cGYfcFe1Tw28ZEvy7g_7Sj0nDK7TY,344641,344801,160
KatrinaStacie_UCN8cGYfcFe1Tw28ZEvy7g_7Sj0nDK7TY_344913_348193.wav,KatrinaStacie_UCN8cGYfcFe1Tw28ZEvy7g_7Sj0nDK7TY,344913,348193,3280
KatrinaStacie_UCN8cGYfcFe1Tw28ZEvy7g_7Sj0nDK7TY_348633_352689.wav,KatrinaStacie_UCN8cGYfcFe1Tw28ZEvy7g_7Sj0nDK7TY,348633,352689,4056
KatrinaStacie_UCN8cGYfcFe1Tw28ZEvy7g_7Sj0nDK7TY_353073_353761.wav,KatrinaStacie_UCN8cGYfcFe1Tw28ZEvy7g_7Sj0nDK7TY,353073,353761,688
KatrinaStacie_UCN8cGYfcFe1Tw28ZEvy7g_7Sj0nDK7TY_354057_354449.wav,KatrinaStacie_UCN8cGYfcFe1Tw28ZEvy7g_7Sj0nDK7TY,354057,354449,392
KatrinaStacie_UCN8cGYfcFe1Tw28ZEvy7g_7Sj0nDK7TY_354657_357545.wav,KatrinaStacie_UCN8cGYfcFe1Tw28ZEvy7g_7Sj0nDK7TY,354657,357545,2888
KatrinaStacie_UCN8cGYfcFe1Tw28ZEvy7g_7Sj0nDK7TY_357665_358545.wav,KatrinaStacie_UCN8cGYfcFe1Tw28ZEvy7g_7Sj0nDK7TY,357665,358545,880
KatrinaStacie_UCN8cGYfcFe1Tw28ZEvy7g_7Sj0nDK7TY_358761_364041.wav,KatrinaStacie_UCN8cGYfcFe1Tw28ZEvy7g_7Sj0nDK7TY,358761,364041,5280
KatrinaStacie_UCN8cGYfcFe1Tw28ZEvy7g_7Sj0nDK7TY_364153_364321.wav,KatrinaStacie_UCN8cGYfcFe1Tw28ZEvy7g_7Sj0nDK7TY,364153,364321,168
KatrinaStacie_UCN8cGYfcFe1Tw28ZEvy7g_7Sj0nDK7TY_364585_367657.wav,KatrinaStacie_UCN8cGYfcFe1Tw28ZEvy7g_7Sj0nDK7TY,364585,367657,3072
KatrinaStacie_UCN8cGYfcFe1Tw28ZEvy7g_7Sj0nDK7TY_367817_372137.wav,KatrinaStacie_UCN8cGYfcFe1Tw28ZEvy7g_7Sj0nDK7TY,367817,372137,4320
KatrinaStacie_UCN8cGYfcFe1Tw28ZEvy7g_7Sj0nDK7TY_372289_380153.wav,KatrinaStacie_UCN8cGYfcFe1Tw28ZEvy7g_7Sj0nDK7TY,372289,380153,7864
KatrinaStacie_UCN8cGYfcFe1Tw28ZEvy7g_7Sj0nDK7TY_380377_382041.wav,KatrinaStacie_UCN8cGYfcFe1Tw28ZEvy7g_7Sj0nDK7TY,380377,382041,1664
KatrinaStacie_UCN8cGYfcFe1Tw28ZEvy7g_7Sj0nDK7TY_382337_383425.wav,KatrinaStacie_UCN8cGYfcFe1Tw28ZEvy7g_7Sj0nDK7TY,382337,383425,1088
KatrinaStacie_UCN8cGYfcFe1Tw28ZEvy7g_7Sj0nDK7TY_383657_384393.wav,KatrinaStacie_UCN8cGYfcFe1Tw28ZEvy7g_7Sj0nDK7TY,383657,384393,736
KatrinaStacie_UCN8cGYfcFe1Tw28ZEvy7g_7Sj0nDK7TY_384625_386945.wav,KatrinaStacie_UCN8cGYfcFe1Tw28ZEvy7g_7Sj0nDK7TY,384625,386945,2320
KatrinaStacie_UCN8cGYfcFe1Tw28ZEvy7g_7Sj0nDK7TY_387385_390417.wav,KatrinaStacie_UCN8cGYfcFe1Tw28ZEvy7g_7Sj0nDK7TY,387385,390417,3032
KatrinaStacie_UCN8cGYfcFe1Tw28ZEvy7g_7Sj0nDK7TY_390713_398073.wav,KatrinaStacie_UCN8cGYfcFe1Tw28ZEvy7g_7Sj0nDK7TY,390713,398073,7360
KatrinaStacie_UCN8cGYfcFe1Tw28ZEvy7g_7Sj0nDK7TY_398633_403481.wav,KatrinaStacie_UCN8cGYfcFe1Tw28ZEvy7g_7Sj0nDK7TY,398633,403481,4848
KatrinaStacie_UCN8cGYfcFe1Tw28ZEvy7g_7Sj0nDK7TY_404113_413777.wav,KatrinaStacie_UCN8cGYfcFe1Tw28ZEvy7g_7Sj0nDK7TY,404113,413777,9664
KatrinaStacie_UCN8cGYfcFe1Tw28ZEvy7g_7Sj0nDK7TY_414225_414545.wav,KatrinaStacie_UCN8cGYfcFe1Tw28ZEvy7g_7Sj0nDK7TY,414225,414545,320
KatrinaStacie_UCN8cGYfcFe1Tw28ZEvy7g_7Sj0nDK7TY_415017_416409.wav,KatrinaStacie_UCN8cGYfcFe1Tw28ZEvy7g_7Sj0nDK7TY,415017,416409,1392
KatrinaStacie_UCN8cGYfcFe1Tw28ZEvy7g_7Sj0nDK7TY_416825_420561.wav,KatrinaStacie_UCN8cGYfcFe1Tw28ZEvy7g_7Sj0nDK7TY,416825,420561,3736
KatrinaStacie_UCN8cGYfcFe1Tw28ZEvy7g_7Sj0nDK7TY_420825_422057.wav,KatrinaStacie_UCN8cGYfcFe1Tw28ZEvy7g_7Sj0nDK7TY,420825,422057,1232
KatrinaStacie_UCN8cGYfcFe1Tw28ZEvy7g_7Sj0nDK7TY_422345_428589.wav,KatrinaStacie_UCN8cGYfcFe1Tw28ZEvy7g_7Sj0nDK7TY,422345,428589,6244
KatrinaStacie_UCN8cGYfcFe1Tw28ZEvy7g_7Sj0nDK7TY_428701_428837.wav,KatrinaStacie_UCN8cGYfcFe1Tw28ZEvy7g_7Sj0nDK7TY,428701,428837,136
KatrinaStacie_UCN8cGYfcFe1Tw28ZEvy7g_7Sj0nDK7TY_428941_435817.wav,KatrinaStacie_UCN8cGYfcFe1Tw28ZEvy7g_7Sj0nDK7TY,428941,435817,6876
KatrinaStacie_UCN8cGYfcFe1Tw28ZEvy7g_7Sj0nDK7TY_436145_436569.wav,KatrinaStacie_UCN8cGYfcFe1Tw28ZEvy7g_7Sj0nDK7TY,436145,436569,424
KatrinaStacie_UCN8cGYfcFe1Tw28ZEvy7g_7Sj0nDK7TY_436825_440505.wav,KatrinaStacie_UCN8cGYfcFe1Tw28ZEvy7g_7Sj0nDK7TY,436825,440505,3680
KatrinaStacie_UCN8cGYfcFe1Tw28ZEvy7g_7Sj0nDK7TY_440665_449505.wav,KatrinaStacie_UCN8cGYfcFe1Tw28ZEvy7g_7Sj0nDK7TY,440665,449505,8840
KatrinaStacie_UCN8cGYfcFe1Tw28ZEvy7g_7Sj0nDK7TY_449889_451921.wav,KatrinaStacie_UCN8cGYfcFe1Tw28ZEvy7g_7Sj0nDK7TY,449889,451921,2032
KatrinaStacie_UCN8cGYfcFe1Tw28ZEvy7g_7Sj0nDK7TY_452177_460465.wav,KatrinaStacie_UCN8cGYfcFe1Tw28ZEvy7g_7Sj0nDK7TY,452177,460465,8288
KatrinaStacie_UCN8cGYfcFe1Tw28ZEvy7g_7Sj0nDK7TY_460769_464045.wav,KatrinaStacie_UCN8cGYfcFe1Tw28ZEvy7g_7Sj0nDK7TY,460769,464045,3276
KatrinaStacie_UCN8cGYfcFe1Tw28ZEvy7g_7Sj0nDK7TY_464173_467445.wav,KatrinaStacie_UCN8cGYfcFe1Tw28ZEvy7g_7Sj0nDK7TY,464173,467445,3272
KatrinaStacie_UCN8cGYfcFe1Tw28ZEvy7g_7Sj0nDK7TY_467597_473097.wav,KatrinaStacie_UCN8cGYfcFe1Tw28ZEvy7g_7Sj0nDK7TY,467597,473097,5500
KatrinaStacie_UCN8cGYfcFe1Tw28ZEvy7g_7Sj0nDK7TY_473921_478553.wav,KatrinaStacie_UCN8cGYfcFe1Tw28ZEvy7g_7Sj0nDK7TY,473921,478553,4632
KatrinaStacie_UCN8cGYfcFe1Tw28ZEvy7g_7Sj0nDK7TY_478913_481297.wav,KatrinaStacie_UCN8cGYfcFe1Tw28ZEvy7g_7Sj0nDK7TY,478913,481297,2384
KatrinaStacie_UCN8cGYfcFe1Tw28ZEvy7g_7Sj0nDK7TY_481753_491217.wav,KatrinaStacie_UCN8cGYfcFe1Tw28ZEvy7g_7Sj0nDK7TY,481753,491217,9464
KatrinaStacie_UCN8cGYfcFe1Tw28ZEvy7g_7Sj0nDK7TY_491377_499769.wav,KatrinaStacie_UCN8cGYfcFe1Tw28ZEvy7g_7Sj0nDK7TY,491377,499769,8392
KatrinaStacie_UCN8cGYfcFe1Tw28ZEvy7g_7Sj0nDK7TY_500073_507161.wav,KatrinaStacie_UCN8cGYfcFe1Tw28ZEvy7g_7Sj0nDK7TY,500073,507161,7088
KatrinaStacie_UCN8cGYfcFe1Tw28ZEvy7g_7Sj0nDK7TY_507617_516017.wav,KatrinaStacie_UCN8cGYfcFe1Tw28ZEvy7g_7Sj0nDK7TY,507617,516017,8400
KatrinaStacie_UCN8cGYfcFe1Tw28ZEvy7g_7Sj0nDK7TY_516385_524827.wav,KatrinaStacie_UCN8cGYfcFe1Tw28ZEvy7g_7Sj0nDK7TY,516385,524827,8442
KatrinaStacie_UCN8cGYfcFe1Tw28ZEvy7g_7Sj0nDK7TY_524979_525147.wav,KatrinaStacie_UCN8cGYfcFe1Tw28ZEvy7g_7Sj0nDK7TY,524979,525147,168
KatrinaStacie_UCN8cGYfcFe1Tw28ZEvy7g_7Sj0nDK7TY_525299_526549.wav,KatrinaStacie_UCN8cGYfcFe1Tw28ZEvy7g_7Sj0nDK7TY,525299,526549,1250
KatrinaStacie_UCN8cGYfcFe1Tw28ZEvy7g_7Sj0nDK7TY_526701_529709.wav,KatrinaStacie_UCN8cGYfcFe1Tw28ZEvy7g_7Sj0nDK7TY,526701,529709,3008
KatrinaStacie_UCN8cGYfcFe1Tw28ZEvy7g_7Sj0nDK7TY_529861_535865.wav,KatrinaStacie_UCN8cGYfcFe1Tw28ZEvy7g_7Sj0nDK7TY,529861,535865,6004
KatrinaStacie_UCN8cGYfcFe1Tw28ZEvy7g_7Sj0nDK7TY_536233_538457.wav,KatrinaStacie_UCN8cGYfcFe1Tw28ZEvy7g_7Sj0nDK7TY,536233,538457,2224
KatrinaStacie_UCN8cGYfcFe1Tw28ZEvy7g_7Sj0nDK7TY_538729_544029.wav,KatrinaStacie_UCN8cGYfcFe1Tw28ZEvy7g_7Sj0nDK7TY,538729,544029,5300
KatrinaStacie_UCN8cGYfcFe1Tw28ZEvy7g_7Sj0nDK7TY_544133_547469.wav,KatrinaStacie_UCN8cGYfcFe1Tw28ZEvy7g_7Sj0nDK7TY,544133,547469,3336
KatrinaStacie_UCN8cGYfcFe1Tw28ZEvy7g_7Sj0nDK7TY_547645_557559.wav,KatrinaStacie_UCN8cGYfcFe1Tw28ZEvy7g_7Sj0nDK7TY,547645,557559,9914
KatrinaStacie_UCN8cGYfcFe1Tw28ZEvy7g_7Sj0nDK7TY_557791_560919.wav,KatrinaStacie_UCN8cGYfcFe1Tw28ZEvy7g_7Sj0nDK7TY,557791,560919,3128
KatrinaStacie_UCN8cGYfcFe1Tw28ZEvy7g_7Sj0nDK7TY_561361_567921.wav,KatrinaStacie_UCN8cGYfcFe1Tw28ZEvy7g_7Sj0nDK7TY,561361,567921,6560
KatrinaStacie_UCN8cGYfcFe1Tw28ZEvy7g_7Sj0nDK7TY_568073_575329.wav,KatrinaStacie_UCN8cGYfcFe1Tw28ZEvy7g_7Sj0nDK7TY,568073,575329,7256
KatrinaStacie_UCN8cGYfcFe1Tw28ZEvy7g_7Sj0nDK7TY_575553_582001.wav,KatrinaStacie_UCN8cGYfcFe1Tw28ZEvy7g_7Sj0nDK7TY,575553,582001,6448
KatrinaStacie_UCN8cGYfcFe1Tw28ZEvy7g_7Sj0nDK7TY_582169_584025.wav,KatrinaStacie_UCN8cGYfcFe1Tw28ZEvy7g_7Sj0nDK7TY,582169,584025,1856
KatrinaStacie_UCN8cGYfcFe1Tw28ZEvy7g_7Sj0nDK7TY_584225_592281.wav,KatrinaStacie_UCN8cGYfcFe1Tw28ZEvy7g_7Sj0nDK7TY,584225,592281,8056
KatrinaStacie_UCN8cGYfcFe1Tw28ZEvy7g_7Sj0nDK7TY_592425_593201.wav,KatrinaStacie_UCN8cGYfcFe1Tw28ZEvy7g_7Sj0nDK7TY,592425,593201,776
KatrinaStacie_UCN8cGYfcFe1Tw28ZEvy7g_7Sj0nDK7TY_593329_597961.wav,KatrinaStacie_UCN8cGYfcFe1Tw28ZEvy7g_7Sj0nDK7TY,593329,597961,4632
KatrinaStacie_UCN8cGYfcFe1Tw28ZEvy7g_7Sj0nDK7TY_598297_605345.wav,KatrinaStacie_UCN8cGYfcFe1Tw28ZEvy7g_7Sj0nDK7TY,598297,605345,7048
KatrinaStacie_UCN8cGYfcFe1Tw28ZEvy7g_7Sj0nDK7TY_605657_606785.wav,KatrinaStacie_UCN8cGYfcFe1Tw28ZEvy7g_7Sj0nDK7TY,605657,606785,1128
KatrinaStacie_UCN8cGYfcFe1Tw28ZEvy7g_7Sj0nDK7TY_606961_611449.wav,KatrinaStacie_UCN8cGYfcFe1Tw28ZEvy7g_7Sj0nDK7TY,606961,611449,4488
KatrinaStacie_UCN8cGYfcFe1Tw28ZEvy7g_7Sj0nDK7TY_611665_613993.wav,KatrinaStacie_UCN8cGYfcFe1Tw28ZEvy7g_7Sj0nDK7TY,611665,613993,2328
KatrinaStacie_UCN8cGYfcFe1Tw28ZEvy7g_7Sj0nDK7TY_614313_622121.wav,KatrinaStacie_UCN8cGYfcFe1Tw28ZEvy7g_7Sj0nDK7TY,614313,622121,7808
KatrinaStacie_UCN8cGYfcFe1Tw28ZEvy7g_7Sj0nDK7TY_622225_631137.wav,KatrinaStacie_UCN8cGYfcFe1Tw28ZEvy7g_7Sj0nDK7TY,622225,631137,8912
KatrinaStacie_UCN8cGYfcFe1Tw28ZEvy7g_7Sj0nDK7TY_631249_634009.wav,KatrinaStacie_UCN8cGYfcFe1Tw28ZEvy7g_7Sj0nDK7TY,631249,634009,2760
KatrinaStacie_UCN8cGYfcFe1Tw28ZEvy7g_7Sj0nDK7TY_634329_638893.wav,KatrinaStacie_UCN8cGYfcFe1Tw28ZEvy7g_7Sj0nDK7TY,634329,638893,4564
KatrinaStacie_UCN8cGYfcFe1Tw28ZEvy7g_7Sj0nDK7TY_639069_640239.wav,KatrinaStacie_UCN8cGYfcFe1Tw28ZEvy7g_7Sj0nDK7TY,639069,640239,1170
KatrinaStacie_UCN8cGYfcFe1Tw28ZEvy7g_7Sj0nDK7TY_640415_649577.wav,KatrinaStacie_UCN8cGYfcFe1Tw28ZEvy7g_7Sj0nDK7TY,640415,649577,9162
KatrinaStacie_UCN8cGYfcFe1Tw28ZEvy7g_7Sj0nDK7TY_650033_652453.wav,KatrinaStacie_UCN8cGYfcFe1Tw28ZEvy7g_7Sj0nDK7TY,650033,652453,2420
KatrinaStacie_UCN8cGYfcFe1Tw28ZEvy7g_7Sj0nDK7TY_652613_658541.wav,KatrinaStacie_UCN8cGYfcFe1Tw28ZEvy7g_7Sj0nDK7TY,652613,658541,5928
KatrinaStacie_UCN8cGYfcFe1Tw28ZEvy7g_7Sj0nDK7TY_658733_667261.wav,KatrinaStacie_UCN8cGYfcFe1Tw28ZEvy7g_7Sj0nDK7TY,658733,667261,8528
KatrinaStacie_UCN8cGYfcFe1Tw28ZEvy7g_7Sj0nDK7TY_667421_672697.wav,KatrinaStacie_UCN8cGYfcFe1Tw28ZEvy7g_7Sj0nDK7TY,667421,672697,5276
KatrinaStacie_UCN8cGYfcFe1Tw28ZEvy7g_7Sj0nDK7TY_672929_677353.wav,KatrinaStacie_UCN8cGYfcFe1Tw28ZEvy7g_7Sj0nDK7TY,672929,677353,4424
KatrinaStacie_UCN8cGYfcFe1Tw28ZEvy7g_7Sj0nDK7TY_677757_680039.wav,KatrinaStacie_UCN8cGYfcFe1Tw28ZEvy7g_7Sj0nDK7TY,677757,680039,2282
KatrinaStacie_UCN8cGYfcFe1Tw28ZEvy7g_7Sj0nDK7TY_680223_683327.wav,KatrinaStacie_UCN8cGYfcFe1Tw28ZEvy7g_7Sj0nDK7TY,680223,683327,3104
KatrinaStacie_UCN8cGYfcFe1Tw28ZEvy7g_7Sj0nDK7TY_683599_688457.wav,KatrinaStacie_UCN8cGYfcFe1Tw28ZEvy7g_7Sj0nDK7TY,683599,688457,4858
KatrinaStacie_UCN8cGYfcFe1Tw28ZEvy7g_7Sj0nDK7TY_688865_689993.wav,KatrinaStacie_UCN8cGYfcFe1Tw28ZEvy7g_7Sj0nDK7TY,688865,689993,1128
KatrinaStacie_UCN8cGYfcFe1Tw28ZEvy7g_7Sj0nDK7TY_690313_693425.wav,KatrinaStacie_UCN8cGYfcFe1Tw28ZEvy7g_7Sj0nDK7TY,690313,693425,3112
KatrinaStacie_UCN8cGYfcFe1Tw28ZEvy7g_7Sj0nDK7TY_693817_703089.wav,KatrinaStacie_UCN8cGYfcFe1Tw28ZEvy7g_7Sj0nDK7TY,693817,703089,9272
KatrinaStacie_UCN8cGYfcFe1Tw28ZEvy7g_7Sj0nDK7TY_703233_708993.wav,KatrinaStacie_UCN8cGYfcFe1Tw28ZEvy7g_7Sj0nDK7TY,703233,708993,5760
KatrinaStacie_UCN8cGYfcFe1Tw28ZEvy7g_7Sj0nDK7TY_709305_714849.wav,KatrinaStacie_UCN8cGYfcFe1Tw28ZEvy7g_7Sj0nDK7TY,709305,714849,5544
KatrinaStacie_UCN8cGYfcFe1Tw28ZEvy7g_7Sj0nDK7TY_715329_721101.wav,KatrinaStacie_UCN8cGYfcFe1Tw28ZEvy7g_7Sj0nDK7TY,715329,721101,5772
KatrinaStacie_UCN8cGYfcFe1Tw28ZEvy7g_7Sj0nDK7TY_721205_721373.wav,KatrinaStacie_UCN8cGYfcFe1Tw28ZEvy7g_7Sj0nDK7TY,721205,721373,168
KatrinaStacie_UCN8cGYfcFe1Tw28ZEvy7g_7Sj0nDK7TY_721477_725125.wav,KatrinaStacie_UCN8cGYfcFe1Tw28ZEvy7g_7Sj0nDK7TY,721477,725125,3648
KatrinaStacie_UCN8cGYfcFe1Tw28ZEvy7g_7Sj0nDK7TY_725277_726285.wav,KatrinaStacie_UCN8cGYfcFe1Tw28ZEvy7g_7Sj0nDK7TY,725277,726285,1008
KatrinaStacie_UCN8cGYfcFe1Tw28ZEvy7g_7Sj0nDK7TY_726397_727977.wav,KatrinaStacie_UCN8cGYfcFe1Tw28ZEvy7g_7Sj0nDK7TY,726397,727977,1580
KatrinaStacie_UCN8cGYfcFe1Tw28ZEvy7g_7Sj0nDK7TY_728425_737277.wav,KatrinaStacie_UCN8cGYfcFe1Tw28ZEvy7g_7Sj0nDK7TY,728425,737277,8852
KatrinaStacie_UCN8cGYfcFe1Tw28ZEvy7g_7Sj0nDK7TY_737389_738645.wav,KatrinaStacie_UCN8cGYfcFe1Tw28ZEvy7g_7Sj0nDK7TY,737389,738645,1256
KatrinaStacie_UCN8cGYfcFe1Tw28ZEvy7g_7Sj0nDK7TY_738821_748217.wav,KatrinaStacie_UCN8cGYfcFe1Tw28ZEvy7g_7Sj0nDK7TY,738821,748217,9396
KatrinaStacie_UCN8cGYfcFe1Tw28ZEvy7g_7Sj0nDK7TY_748513_751377.wav,KatrinaStacie_UCN8cGYfcFe1Tw28ZEvy7g_7Sj0nDK7TY,748513,751377,2864
KatrinaStacie_UCN8cGYfcFe1Tw28ZEvy7g_7Sj0nDK7TY_751673_756401.wav,KatrinaStacie_UCN8cGYfcFe1Tw28ZEvy7g_7Sj0nDK7TY,751673,756401,4728
KatrinaStacie_UCN8cGYfcFe1Tw28ZEvy7g_7Sj0nDK7TY_756809_757153.wav,KatrinaStacie_UCN8cGYfcFe1Tw28ZEvy7g_7Sj0nDK7TY,756809,757153,344
KatrinaStacie_UCN8cGYfcFe1Tw28ZEvy7g_7Sj0nDK7TY_757449_763569.wav,KatrinaStacie_UCN8cGYfcFe1Tw28ZEvy7g_7Sj0nDK7TY,757449,763569,6120
KatrinaStacie_UCN8cGYfcFe1Tw28ZEvy7g_7Sj0nDK7TY_763833_765813.wav,KatrinaStacie_UCN8cGYfcFe1Tw28ZEvy7g_7Sj0nDK7TY,763833,765813,1980
KatrinaStacie_UCN8cGYfcFe1Tw28ZEvy7g_7Sj0nDK7TY_765941_775357.wav,KatrinaStacie_UCN8cGYfcFe1Tw28ZEvy7g_7Sj0nDK7TY,765941,775357,9416
KatrinaStacie_UCN8cGYfcFe1Tw28ZEvy7g_7Sj0nDK7TY_775461_778705.wav,KatrinaStacie_UCN8cGYfcFe1Tw28ZEvy7g_7Sj0nDK7TY,775461,778705,3244
KatrinaStacie_UCN8cGYfcFe1Tw28ZEvy7g_7Sj0nDK7TY_779017_783065.wav,KatrinaStacie_UCN8cGYfcFe1Tw28ZEvy7g_7Sj0nDK7TY,779017,783065,4048
KatrinaStacie_UCN8cGYfcFe1Tw28ZEvy7g_7Sj0nDK7TY_783217_791393.wav,KatrinaStacie_UCN8cGYfcFe1Tw28ZEvy7g_7Sj0nDK7TY,783217,791393,8176
KatrinaStacie_UCN8cGYfcFe1Tw28ZEvy7g_7Sj0nDK7TY_791737_800729.wav,KatrinaStacie_UCN8cGYfcFe1Tw28ZEvy7g_7Sj0nDK7TY,791737,800729,8992
KatrinaStacie_UCN8cGYfcFe1Tw28ZEvy7g_7Sj0nDK7TY_801033_810601.wav,KatrinaStacie_UCN8cGYfcFe1Tw28ZEvy7g_7Sj0nDK7TY,801033,810601,9568
KatrinaStacie_UCN8cGYfcFe1Tw28ZEvy7g_7Sj0nDK7TY_810953_812377.wav,KatrinaStacie_UCN8cGYfcFe1Tw28ZEvy7g_7Sj0nDK7TY,810953,812377,1424
KatrinaStacie_UCN8cGYfcFe1Tw28ZEvy7g_7Sj0nDK7TY_812681_816865.wav,KatrinaStacie_UCN8cGYfcFe1Tw28ZEvy7g_7Sj0nDK7TY,812681,816865,4184
KatrinaStacie_UCN8cGYfcFe1Tw28ZEvy7g_7Sj0nDK7TY_817273_820189.wav,KatrinaStacie_UCN8cGYfcFe1Tw28ZEvy7g_7Sj0nDK7TY,817273,820189,2916
KatrinaStacie_UCN8cGYfcFe1Tw28ZEvy7g_7Sj0nDK7TY_820341_829085.wav,KatrinaStacie_UCN8cGYfcFe1Tw28ZEvy7g_7Sj0nDK7TY,820341,829085,8744
KatrinaStacie_UCN8cGYfcFe1Tw28ZEvy7g_7Sj0nDK7TY_829293_831501.wav,KatrinaStacie_UCN8cGYfcFe1Tw28ZEvy7g_7Sj0nDK7TY,829293,831501,2208
KatrinaStacie_UCN8cGYfcFe1Tw28ZEvy7g_7Sj0nDK7TY_831905_838905.wav,KatrinaStacie_UCN8cGYfcFe1Tw28ZEvy7g_7Sj0nDK7TY,831905,838905,7000
KatrinaStacie_UCN8cGYfcFe1Tw28ZEvy7g_7Sj0nDK7TY_839049_841161.wav,KatrinaStacie_UCN8cGYfcFe1Tw28ZEvy7g_7Sj0nDK7TY,839049,841161,2112
KatrinaStacie_UCN8cGYfcFe1Tw28ZEvy7g_7Sj0nDK7TY_841297_844421.wav,KatrinaStacie_UCN8cGYfcFe1Tw28ZEvy7g_7Sj0nDK7TY,841297,844421,3124
KatrinaStacie_UCN8cGYfcFe1Tw28ZEvy7g_7Sj0nDK7TY_844621_847549.wav,KatrinaStacie_UCN8cGYfcFe1Tw28ZEvy7g_7Sj0nDK7TY,844621,847549,2928
KatrinaStacie_UCN8cGYfcFe1Tw28ZEvy7g_7Sj0nDK7TY_847917_853169.wav,KatrinaStacie_UCN8cGYfcFe1Tw28ZEvy7g_7Sj0nDK7TY,847917,853169,5252
KatrinaStacie_UCN8cGYfcFe1Tw28ZEvy7g_7Sj0nDK7TY_853401_854513.wav,KatrinaStacie_UCN8cGYfcFe1Tw28ZEvy7g_7Sj0nDK7TY,853401,854513,1112
KatrinaStacie_UCN8cGYfcFe1Tw28ZEvy7g_7Sj0nDK7TY_854641_855513.wav,KatrinaStacie_UCN8cGYfcFe1Tw28ZEvy7g_7Sj0nDK7TY,854641,855513,872
KatrinaStacie_UCN8cGYfcFe1Tw28ZEvy7g_7Sj0nDK7TY_855697_861353.wav,KatrinaStacie_UCN8cGYfcFe1Tw28ZEvy7g_7Sj0nDK7TY,855697,861353,5656
KatrinaStacie_UCN8cGYfcFe1Tw28ZEvy7g_7Sj0nDK7TY_861809_866379.wav,KatrinaStacie_UCN8cGYfcFe1Tw28ZEvy7g_7Sj0nDK7TY,861809,866379,4570
KatrinaStacie_UCN8cGYfcFe1Tw28ZEvy7g_7Sj0nDK7TY_866539_873517.wav,KatrinaStacie_UCN8cGYfcFe1Tw28ZEvy7g_7Sj0nDK7TY,866539,873517,6978
KatrinaStacie_UCN8cGYfcFe1Tw28ZEvy7g_7Sj0nDK7TY_873765_874189.wav,KatrinaStacie_UCN8cGYfcFe1Tw28ZEvy7g_7Sj0nDK7TY,873765,874189,424
KatrinaStacie_UCN8cGYfcFe1Tw28ZEvy7g_7Sj0nDK7TY_874309_877157.wav,KatrinaStacie_UCN8cGYfcFe1Tw28ZEvy7g_7Sj0nDK7TY,874309,877157,2848
KatrinaStacie_UCN8cGYfcFe1Tw28ZEvy7g_7Sj0nDK7TY_877469_884749.wav,KatrinaStacie_UCN8cGYfcFe1Tw28ZEvy7g_7Sj0nDK7TY,877469,884749,7280
KatrinaStacie_UCN8cGYfcFe1Tw28ZEvy7g_7Sj0nDK7TY_884909_889261.wav,KatrinaStacie_UCN8cGYfcFe1Tw28ZEvy7g_7Sj0nDK7TY,884909,889261,4352
KatrinaStacie_UCN8cGYfcFe1Tw28ZEvy7g_7Sj0nDK7TY_889405_895301.wav,KatrinaStacie_UCN8cGYfcFe1Tw28ZEvy7g_7Sj0nDK7TY,889405,895301,5896
KatrinaStacie_UCN8cGYfcFe1Tw28ZEvy7g_7Sj0nDK7TY_895405_896861.wav,KatrinaStacie_UCN8cGYfcFe1Tw28ZEvy7g_7Sj0nDK7TY,895405,896861,1456
KatrinaStacie_UCN8cGYfcFe1Tw28ZEvy7g_7Sj0nDK7TY_897061_906629.wav,KatrinaStacie_UCN8cGYfcFe1Tw28ZEvy7g_7Sj0nDK7TY,897061,906629,9568
KatrinaStacie_UCN8cGYfcFe1Tw28ZEvy7g_7Sj0nDK7TY_907137_912697.wav,KatrinaStacie_UCN8cGYfcFe1Tw28ZEvy7g_7Sj0nDK7TY,907137,912697,5560
KatrinaStacie_UCN8cGYfcFe1Tw28ZEvy7g_7Sj0nDK7TY_912865_922009.wav,KatrinaStacie_UCN8cGYfcFe1Tw28ZEvy7g_7Sj0nDK7TY,912865,922009,9144
KatrinaStacie_UCN8cGYfcFe1Tw28ZEvy7g_7Sj0nDK7TY_922169_924613.wav,KatrinaStacie_UCN8cGYfcFe1Tw28ZEvy7g_7Sj0nDK7TY,922169,924613,2444
KatrinaStacie_UCN8cGYfcFe1Tw28ZEvy7g_7Sj0nDK7TY_924781_927837.wav,KatrinaStacie_UCN8cGYfcFe1Tw28ZEvy7g_7Sj0nDK7TY,924781,927837,3056
KatrinaStacie_UCN8cGYfcFe1Tw28ZEvy7g_7Sj0nDK7TY_928165_935709.wav,KatrinaStacie_UCN8cGYfcFe1Tw28ZEvy7g_7Sj0nDK7TY,928165,935709,7544
KatrinaStacie_UCN8cGYfcFe1Tw28ZEvy7g_7Sj0nDK7TY_935901_938917.wav,KatrinaStacie_UCN8cGYfcFe1Tw28ZEvy7g_7Sj0nDK7TY,935901,938917,3016
KatrinaStacie_UCN8cGYfcFe1Tw28ZEvy7g_7Sj0nDK7TY_939181_941909.wav,KatrinaStacie_UCN8cGYfcFe1Tw28ZEvy7g_7Sj0nDK7TY,939181,941909,2728
KatrinaStacie_UCN8cGYfcFe1Tw28ZEvy7g_7Sj0nDK7TY_942237_946633.wav,KatrinaStacie_UCN8cGYfcFe1Tw28ZEvy7g_7Sj0nDK7TY,942237,946633,4396
KatrinaStacie_UCN8cGYfcFe1Tw28ZEvy7g_7Sj0nDK7TY_946737_948425.wav,KatrinaStacie_UCN8cGYfcFe1Tw28ZEvy7g_7Sj0nDK7TY,946737,948425,1688
KatrinaStacie_UCN8cGYfcFe1Tw28ZEvy7g_7Sj0nDK7TY_948601_949441.wav,KatrinaStacie_UCN8cGYfcFe1Tw28ZEvy7g_7Sj0nDK7TY,948601,949441,840
KatrinaStacie_UCN8cGYfcFe1Tw28ZEvy7g_7Sj0nDK7TY_949593_950249.wav,KatrinaStacie_UCN8cGYfcFe1Tw28ZEvy7g_7Sj0nDK7TY,949593,950249,656
KatrinaStacie_UCN8cGYfcFe1Tw28ZEvy7g_7Sj0nDK7TY_950705_954201.wav,KatrinaStacie_UCN8cGYfcFe1Tw28ZEvy7g_7Sj0nDK7TY,950705,954201,3496
KatrinaStacie_UCN8cGYfcFe1Tw28ZEvy7g_7Sj0nDK7TY_954633_955929.wav,KatrinaStacie_UCN8cGYfcFe1Tw28ZEvy7g_7Sj0nDK7TY,954633,955929,1296
KatrinaStacie_UCN8cGYfcFe1Tw28ZEvy7g_7Sj0nDK7TY_956185_966066.wav,KatrinaStacie_UCN8cGYfcFe1Tw28ZEvy7g_7Sj0nDK7TY,956185,966066,9881
