filename,video_id,start_time,end_time,duration
한별Lily_UCQDMDj3iImJBPQUFHYPL76A_zay9rlpcsVA_0_9472.wav,한별Lily_UCQDMDj3iImJBPQUFHYPL76A_zay9rlpcsVA,0,9472,9472
한별Lily_UCQDMDj3iImJBPQUFHYPL76A_zay9rlpcsVA_9720_12025.wav,한별Lily_UCQDMDj3iImJBPQUFHYPL76A_zay9rlpcsVA,9720,12025,2305
한별Lily_UCQDMDj3iImJBPQUFHYPL76A_zay9rlpcsVA_12225_12949.wav,한별Lily_UCQDMDj3iImJBPQUFHYPL76A_zay9rlpcsVA,12225,12949,724
한별Lily_UCQDMDj3iImJBPQUFHYPL76A_zay9rlpcsVA_13189_16423.wav,한별Lily_UCQDMDj3iImJBPQUFHYPL76A_zay9rlpcsVA,13189,16423,3234
한별Lily_UCQDMDj3iImJBPQUFHYPL76A_zay9rlpcsVA_16687_19096.wav,한별Lily_UCQDMDj3iImJBPQUFHYPL76A_zay9rlpcsVA,16687,19096,2409
한별Lily_UCQDMDj3iImJBPQUFHYPL76A_zay9rlpcsVA_19520_27177.wav,한별Lily_UCQDMDj3iImJBPQUFHYPL76A_zay9rlpcsVA,19520,27177,7657
한별Lily_UCQDMDj3iImJBPQUFHYPL76A_zay9rlpcsVA_27353_35493.wav,한별Lily_UCQDMDj3iImJBPQUFHYPL76A_zay9rlpcsVA,27353,35493,8140
한별Lily_UCQDMDj3iImJBPQUFHYPL76A_zay9rlpcsVA_35821_41207.wav,한별Lily_UCQDMDj3iImJBPQUFHYPL76A_zay9rlpcsVA,35821,41207,5386
한별Lily_UCQDMDj3iImJBPQUFHYPL76A_zay9rlpcsVA_41639_47985.wav,한별Lily_UCQDMDj3iImJBPQUFHYPL76A_zay9rlpcsVA,41639,47985,6346
한별Lily_UCQDMDj3iImJBPQUFHYPL76A_zay9rlpcsVA_48121_53985.wav,한별Lily_UCQDMDj3iImJBPQUFHYPL76A_zay9rlpcsVA,48121,53985,5864
한별Lily_UCQDMDj3iImJBPQUFHYPL76A_zay9rlpcsVA_54161_60609.wav,한별Lily_UCQDMDj3iImJBPQUFHYPL76A_zay9rlpcsVA,54161,60609,6448
한별Lily_UCQDMDj3iImJBPQUFHYPL76A_zay9rlpcsVA_60785_68425.wav,한별Lily_UCQDMDj3iImJBPQUFHYPL76A_zay9rlpcsVA,60785,68425,7640
한별Lily_UCQDMDj3iImJBPQUFHYPL76A_zay9rlpcsVA_68665_78585.wav,한별Lily_UCQDMDj3iImJBPQUFHYPL76A_zay9rlpcsVA,68665,78585,9920
한별Lily_UCQDMDj3iImJBPQUFHYPL76A_zay9rlpcsVA_78825_79850.wav,한별Lily_UCQDMDj3iImJBPQUFHYPL76A_zay9rlpcsVA,78825,79850,1025
한별Lily_UCQDMDj3iImJBPQUFHYPL76A_zay9rlpcsVA_80146_89018.wav,한별Lily_UCQDMDj3iImJBPQUFHYPL76A_zay9rlpcsVA,80146,89018,8872
한별Lily_UCQDMDj3iImJBPQUFHYPL76A_zay9rlpcsVA_89482_95858.wav,한별Lily_UCQDMDj3iImJBPQUFHYPL76A_zay9rlpcsVA,89482,95858,6376
한별Lily_UCQDMDj3iImJBPQUFHYPL76A_zay9rlpcsVA_96178_99226.wav,한별Lily_UCQDMDj3iImJBPQUFHYPL76A_zay9rlpcsVA,96178,99226,3048
한별Lily_UCQDMDj3iImJBPQUFHYPL76A_zay9rlpcsVA_99498_109378.wav,한별Lily_UCQDMDj3iImJBPQUFHYPL76A_zay9rlpcsVA,99498,109378,9880
한별Lily_UCQDMDj3iImJBPQUFHYPL76A_zay9rlpcsVA_109842_110954.wav,한별Lily_UCQDMDj3iImJBPQUFHYPL76A_zay9rlpcsVA,109842,110954,1112
한별Lily_UCQDMDj3iImJBPQUFHYPL76A_zay9rlpcsVA_111298_112802.wav,한별Lily_UCQDMDj3iImJBPQUFHYPL76A_zay9rlpcsVA,111298,112802,1504
한별Lily_UCQDMDj3iImJBPQUFHYPL76A_zay9rlpcsVA_113058_114834.wav,한별Lily_UCQDMDj3iImJBPQUFHYPL76A_zay9rlpcsVA,113058,114834,1776
한별Lily_UCQDMDj3iImJBPQUFHYPL76A_zay9rlpcsVA_115042_120242.wav,한별Lily_UCQDMDj3iImJBPQUFHYPL76A_zay9rlpcsVA,115042,120242,5200
한별Lily_UCQDMDj3iImJBPQUFHYPL76A_zay9rlpcsVA_120346_125922.wav,한별Lily_UCQDMDj3iImJBPQUFHYPL76A_zay9rlpcsVA,120346,125922,5576
한별Lily_UCQDMDj3iImJBPQUFHYPL76A_zay9rlpcsVA_126210_133330.wav,한별Lily_UCQDMDj3iImJBPQUFHYPL76A_zay9rlpcsVA,126210,133330,7120
한별Lily_UCQDMDj3iImJBPQUFHYPL76A_zay9rlpcsVA_133434_138114.wav,한별Lily_UCQDMDj3iImJBPQUFHYPL76A_zay9rlpcsVA,133434,138114,4680
한별Lily_UCQDMDj3iImJBPQUFHYPL76A_zay9rlpcsVA_138562_139052.wav,한별Lily_UCQDMDj3iImJBPQUFHYPL76A_zay9rlpcsVA,138562,139052,490
한별Lily_UCQDMDj3iImJBPQUFHYPL76A_zay9rlpcsVA_139244_144485.wav,한별Lily_UCQDMDj3iImJBPQUFHYPL76A_zay9rlpcsVA,139244,144485,5241
한별Lily_UCQDMDj3iImJBPQUFHYPL76A_zay9rlpcsVA_144821_150549.wav,한별Lily_UCQDMDj3iImJBPQUFHYPL76A_zay9rlpcsVA,144821,150549,5728
한별Lily_UCQDMDj3iImJBPQUFHYPL76A_zay9rlpcsVA_150886_157094.wav,한별Lily_UCQDMDj3iImJBPQUFHYPL76A_zay9rlpcsVA,150886,157094,6208
한별Lily_UCQDMDj3iImJBPQUFHYPL76A_zay9rlpcsVA_157214_159634.wav,한별Lily_UCQDMDj3iImJBPQUFHYPL76A_zay9rlpcsVA,157214,159634,2420
한별Lily_UCQDMDj3iImJBPQUFHYPL76A_zay9rlpcsVA_159986_162194.wav,한별Lily_UCQDMDj3iImJBPQUFHYPL76A_zay9rlpcsVA,159986,162194,2208
한별Lily_UCQDMDj3iImJBPQUFHYPL76A_zay9rlpcsVA_162322_168790.wav,한별Lily_UCQDMDj3iImJBPQUFHYPL76A_zay9rlpcsVA,162322,168790,6468
한별Lily_UCQDMDj3iImJBPQUFHYPL76A_zay9rlpcsVA_168942_172678.wav,한별Lily_UCQDMDj3iImJBPQUFHYPL76A_zay9rlpcsVA,168942,172678,3736
한별Lily_UCQDMDj3iImJBPQUFHYPL76A_zay9rlpcsVA_172830_181674.wav,한별Lily_UCQDMDj3iImJBPQUFHYPL76A_zay9rlpcsVA,172830,181674,8844
한별Lily_UCQDMDj3iImJBPQUFHYPL76A_zay9rlpcsVA_182034_186106.wav,한별Lily_UCQDMDj3iImJBPQUFHYPL76A_zay9rlpcsVA,182034,186106,4072
한별Lily_UCQDMDj3iImJBPQUFHYPL76A_zay9rlpcsVA_186386_187390.wav,한별Lily_UCQDMDj3iImJBPQUFHYPL76A_zay9rlpcsVA,186386,187390,1004
한별Lily_UCQDMDj3iImJBPQUFHYPL76A_zay9rlpcsVA_187710_193518.wav,한별Lily_UCQDMDj3iImJBPQUFHYPL76A_zay9rlpcsVA,187710,193518,5808
한별Lily_UCQDMDj3iImJBPQUFHYPL76A_zay9rlpcsVA_193854_198798.wav,한별Lily_UCQDMDj3iImJBPQUFHYPL76A_zay9rlpcsVA,193854,198798,4944
한별Lily_UCQDMDj3iImJBPQUFHYPL76A_zay9rlpcsVA_199230_199598.wav,한별Lily_UCQDMDj3iImJBPQUFHYPL76A_zay9rlpcsVA,199230,199598,368
한별Lily_UCQDMDj3iImJBPQUFHYPL76A_zay9rlpcsVA_199926_201550.wav,한별Lily_UCQDMDj3iImJBPQUFHYPL76A_zay9rlpcsVA,199926,201550,1624
한별Lily_UCQDMDj3iImJBPQUFHYPL76A_zay9rlpcsVA_201734_202854.wav,한별Lily_UCQDMDj3iImJBPQUFHYPL76A_zay9rlpcsVA,201734,202854,1120
한별Lily_UCQDMDj3iImJBPQUFHYPL76A_zay9rlpcsVA_202958_209170.wav,한별Lily_UCQDMDj3iImJBPQUFHYPL76A_zay9rlpcsVA,202958,209170,6212
한별Lily_UCQDMDj3iImJBPQUFHYPL76A_zay9rlpcsVA_209690_212818.wav,한별Lily_UCQDMDj3iImJBPQUFHYPL76A_zay9rlpcsVA,209690,212818,3128
한별Lily_UCQDMDj3iImJBPQUFHYPL76A_zay9rlpcsVA_212970_216858.wav,한별Lily_UCQDMDj3iImJBPQUFHYPL76A_zay9rlpcsVA,212970,216858,3888
한별Lily_UCQDMDj3iImJBPQUFHYPL76A_zay9rlpcsVA_217170_226026.wav,한별Lily_UCQDMDj3iImJBPQUFHYPL76A_zay9rlpcsVA,217170,226026,8856
한별Lily_UCQDMDj3iImJBPQUFHYPL76A_zay9rlpcsVA_226194_227722.wav,한별Lily_UCQDMDj3iImJBPQUFHYPL76A_zay9rlpcsVA,226194,227722,1528
한별Lily_UCQDMDj3iImJBPQUFHYPL76A_zay9rlpcsVA_227978_233846.wav,한별Lily_UCQDMDj3iImJBPQUFHYPL76A_zay9rlpcsVA,227978,233846,5868
한별Lily_UCQDMDj3iImJBPQUFHYPL76A_zay9rlpcsVA_234062_234262.wav,한별Lily_UCQDMDj3iImJBPQUFHYPL76A_zay9rlpcsVA,234062,234262,200
한별Lily_UCQDMDj3iImJBPQUFHYPL76A_zay9rlpcsVA_234510_241570.wav,한별Lily_UCQDMDj3iImJBPQUFHYPL76A_zay9rlpcsVA,234510,241570,7060
한별Lily_UCQDMDj3iImJBPQUFHYPL76A_zay9rlpcsVA_241746_246538.wav,한별Lily_UCQDMDj3iImJBPQUFHYPL76A_zay9rlpcsVA,241746,246538,4792
한별Lily_UCQDMDj3iImJBPQUFHYPL76A_zay9rlpcsVA_246954_247126.wav,한별Lily_UCQDMDj3iImJBPQUFHYPL76A_zay9rlpcsVA,246954,247126,172
한별Lily_UCQDMDj3iImJBPQUFHYPL76A_zay9rlpcsVA_247326_247678.wav,한별Lily_UCQDMDj3iImJBPQUFHYPL76A_zay9rlpcsVA,247326,247678,352
한별Lily_UCQDMDj3iImJBPQUFHYPL76A_zay9rlpcsVA_247838_250808.wav,한별Lily_UCQDMDj3iImJBPQUFHYPL76A_zay9rlpcsVA,247838,250808,2970
한별Lily_UCQDMDj3iImJBPQUFHYPL76A_zay9rlpcsVA_250968_256401.wav,한별Lily_UCQDMDj3iImJBPQUFHYPL76A_zay9rlpcsVA,250968,256401,5433
한별Lily_UCQDMDj3iImJBPQUFHYPL76A_zay9rlpcsVA_256609_265346.wav,한별Lily_UCQDMDj3iImJBPQUFHYPL76A_zay9rlpcsVA,256609,265346,8737
한별Lily_UCQDMDj3iImJBPQUFHYPL76A_zay9rlpcsVA_265754_270746.wav,한별Lily_UCQDMDj3iImJBPQUFHYPL76A_zay9rlpcsVA,265754,270746,4992
한별Lily_UCQDMDj3iImJBPQUFHYPL76A_zay9rlpcsVA_271330_277618.wav,한별Lily_UCQDMDj3iImJBPQUFHYPL76A_zay9rlpcsVA,271330,277618,6288
한별Lily_UCQDMDj3iImJBPQUFHYPL76A_zay9rlpcsVA_278018_282218.wav,한별Lily_UCQDMDj3iImJBPQUFHYPL76A_zay9rlpcsVA,278018,282218,4200
한별Lily_UCQDMDj3iImJBPQUFHYPL76A_zay9rlpcsVA_282370_286074.wav,한별Lily_UCQDMDj3iImJBPQUFHYPL76A_zay9rlpcsVA,282370,286074,3704
한별Lily_UCQDMDj3iImJBPQUFHYPL76A_zay9rlpcsVA_286218_290690.wav,한별Lily_UCQDMDj3iImJBPQUFHYPL76A_zay9rlpcsVA,286218,290690,4472
한별Lily_UCQDMDj3iImJBPQUFHYPL76A_zay9rlpcsVA_290802_295114.wav,한별Lily_UCQDMDj3iImJBPQUFHYPL76A_zay9rlpcsVA,290802,295114,4312
한별Lily_UCQDMDj3iImJBPQUFHYPL76A_zay9rlpcsVA_295242_301930.wav,한별Lily_UCQDMDj3iImJBPQUFHYPL76A_zay9rlpcsVA,295242,301930,6688
한별Lily_UCQDMDj3iImJBPQUFHYPL76A_zay9rlpcsVA_302074_307466.wav,한별Lily_UCQDMDj3iImJBPQUFHYPL76A_zay9rlpcsVA,302074,307466,5392
한별Lily_UCQDMDj3iImJBPQUFHYPL76A_zay9rlpcsVA_307570_308002.wav,한별Lily_UCQDMDj3iImJBPQUFHYPL76A_zay9rlpcsVA,307570,308002,432
한별Lily_UCQDMDj3iImJBPQUFHYPL76A_zay9rlpcsVA_308114_312202.wav,한별Lily_UCQDMDj3iImJBPQUFHYPL76A_zay9rlpcsVA,308114,312202,4088
한별Lily_UCQDMDj3iImJBPQUFHYPL76A_zay9rlpcsVA_312642_321666.wav,한별Lily_UCQDMDj3iImJBPQUFHYPL76A_zay9rlpcsVA,312642,321666,9024
한별Lily_UCQDMDj3iImJBPQUFHYPL76A_zay9rlpcsVA_322154_323282.wav,한별Lily_UCQDMDj3iImJBPQUFHYPL76A_zay9rlpcsVA,322154,323282,1128
한별Lily_UCQDMDj3iImJBPQUFHYPL76A_zay9rlpcsVA_323490_330534.wav,한별Lily_UCQDMDj3iImJBPQUFHYPL76A_zay9rlpcsVA,323490,330534,7044
한별Lily_UCQDMDj3iImJBPQUFHYPL76A_zay9rlpcsVA_330726_337654.wav,한별Lily_UCQDMDj3iImJBPQUFHYPL76A_zay9rlpcsVA,330726,337654,6928
한별Lily_UCQDMDj3iImJBPQUFHYPL76A_zay9rlpcsVA_337830_346320.wav,한별Lily_UCQDMDj3iImJBPQUFHYPL76A_zay9rlpcsVA,337830,346320,8490
한별Lily_UCQDMDj3iImJBPQUFHYPL76A_zay9rlpcsVA_346536_351466.wav,한별Lily_UCQDMDj3iImJBPQUFHYPL76A_zay9rlpcsVA,346536,351466,4930
한별Lily_UCQDMDj3iImJBPQUFHYPL76A_zay9rlpcsVA_351586_355682.wav,한별Lily_UCQDMDj3iImJBPQUFHYPL76A_zay9rlpcsVA,351586,355682,4096
한별Lily_UCQDMDj3iImJBPQUFHYPL76A_zay9rlpcsVA_355810_358770.wav,한별Lily_UCQDMDj3iImJBPQUFHYPL76A_zay9rlpcsVA,355810,358770,2960
한별Lily_UCQDMDj3iImJBPQUFHYPL76A_zay9rlpcsVA_358898_367602.wav,한별Lily_UCQDMDj3iImJBPQUFHYPL76A_zay9rlpcsVA,358898,367602,8704
한별Lily_UCQDMDj3iImJBPQUFHYPL76A_zay9rlpcsVA_367778_372130.wav,한별Lily_UCQDMDj3iImJBPQUFHYPL76A_zay9rlpcsVA,367778,372130,4352
한별Lily_UCQDMDj3iImJBPQUFHYPL76A_zay9rlpcsVA_372386_375162.wav,한별Lily_UCQDMDj3iImJBPQUFHYPL76A_zay9rlpcsVA,372386,375162,2776
한별Lily_UCQDMDj3iImJBPQUFHYPL76A_zay9rlpcsVA_375442_378842.wav,한별Lily_UCQDMDj3iImJBPQUFHYPL76A_zay9rlpcsVA,375442,378842,3400
한별Lily_UCQDMDj3iImJBPQUFHYPL76A_zay9rlpcsVA_379186_381466.wav,한별Lily_UCQDMDj3iImJBPQUFHYPL76A_zay9rlpcsVA,379186,381466,2280
한별Lily_UCQDMDj3iImJBPQUFHYPL76A_zay9rlpcsVA_381842_388898.wav,한별Lily_UCQDMDj3iImJBPQUFHYPL76A_zay9rlpcsVA,381842,388898,7056
한별Lily_UCQDMDj3iImJBPQUFHYPL76A_zay9rlpcsVA_389178_393994.wav,한별Lily_UCQDMDj3iImJBPQUFHYPL76A_zay9rlpcsVA,389178,393994,4816
한별Lily_UCQDMDj3iImJBPQUFHYPL76A_zay9rlpcsVA_394506_400946.wav,한별Lily_UCQDMDj3iImJBPQUFHYPL76A_zay9rlpcsVA,394506,400946,6440
한별Lily_UCQDMDj3iImJBPQUFHYPL76A_zay9rlpcsVA_401114_406922.wav,한별Lily_UCQDMDj3iImJBPQUFHYPL76A_zay9rlpcsVA,401114,406922,5808
한별Lily_UCQDMDj3iImJBPQUFHYPL76A_zay9rlpcsVA_407266_407930.wav,한별Lily_UCQDMDj3iImJBPQUFHYPL76A_zay9rlpcsVA,407266,407930,664
한별Lily_UCQDMDj3iImJBPQUFHYPL76A_zay9rlpcsVA_408282_414826.wav,한별Lily_UCQDMDj3iImJBPQUFHYPL76A_zay9rlpcsVA,408282,414826,6544
한별Lily_UCQDMDj3iImJBPQUFHYPL76A_zay9rlpcsVA_415242_416178.wav,한별Lily_UCQDMDj3iImJBPQUFHYPL76A_zay9rlpcsVA,415242,416178,936
한별Lily_UCQDMDj3iImJBPQUFHYPL76A_zay9rlpcsVA_416450_417042.wav,한별Lily_UCQDMDj3iImJBPQUFHYPL76A_zay9rlpcsVA,416450,417042,592
한별Lily_UCQDMDj3iImJBPQUFHYPL76A_zay9rlpcsVA_417755_420219.wav,한별Lily_UCQDMDj3iImJBPQUFHYPL76A_zay9rlpcsVA,417755,420219,2464
한별Lily_UCQDMDj3iImJBPQUFHYPL76A_zay9rlpcsVA_420435_428252.wav,한별Lily_UCQDMDj3iImJBPQUFHYPL76A_zay9rlpcsVA,420435,428252,7817
한별Lily_UCQDMDj3iImJBPQUFHYPL76A_zay9rlpcsVA_428412_429070.wav,한별Lily_UCQDMDj3iImJBPQUFHYPL76A_zay9rlpcsVA,428412,429070,658
한별Lily_UCQDMDj3iImJBPQUFHYPL76A_zay9rlpcsVA_429182_429770.wav,한별Lily_UCQDMDj3iImJBPQUFHYPL76A_zay9rlpcsVA,429182,429770,588
한별Lily_UCQDMDj3iImJBPQUFHYPL76A_zay9rlpcsVA_430098_430410.wav,한별Lily_UCQDMDj3iImJBPQUFHYPL76A_zay9rlpcsVA,430098,430410,312
한별Lily_UCQDMDj3iImJBPQUFHYPL76A_zay9rlpcsVA_430554_432730.wav,한별Lily_UCQDMDj3iImJBPQUFHYPL76A_zay9rlpcsVA,430554,432730,2176
한별Lily_UCQDMDj3iImJBPQUFHYPL76A_zay9rlpcsVA_432850_433698.wav,한별Lily_UCQDMDj3iImJBPQUFHYPL76A_zay9rlpcsVA,432850,433698,848
한별Lily_UCQDMDj3iImJBPQUFHYPL76A_zay9rlpcsVA_433810_438394.wav,한별Lily_UCQDMDj3iImJBPQUFHYPL76A_zay9rlpcsVA,433810,438394,4584
한별Lily_UCQDMDj3iImJBPQUFHYPL76A_zay9rlpcsVA_438538_441474.wav,한별Lily_UCQDMDj3iImJBPQUFHYPL76A_zay9rlpcsVA,438538,441474,2936
한별Lily_UCQDMDj3iImJBPQUFHYPL76A_zay9rlpcsVA_441674_448954.wav,한별Lily_UCQDMDj3iImJBPQUFHYPL76A_zay9rlpcsVA,441674,448954,7280
한별Lily_UCQDMDj3iImJBPQUFHYPL76A_zay9rlpcsVA_449218_450474.wav,한별Lily_UCQDMDj3iImJBPQUFHYPL76A_zay9rlpcsVA,449218,450474,1256
한별Lily_UCQDMDj3iImJBPQUFHYPL76A_zay9rlpcsVA_450938_459594.wav,한별Lily_UCQDMDj3iImJBPQUFHYPL76A_zay9rlpcsVA,450938,459594,8656
한별Lily_UCQDMDj3iImJBPQUFHYPL76A_zay9rlpcsVA_459738_463198.wav,한별Lily_UCQDMDj3iImJBPQUFHYPL76A_zay9rlpcsVA,459738,463198,3460
한별Lily_UCQDMDj3iImJBPQUFHYPL76A_zay9rlpcsVA_463350_470520.wav,한별Lily_UCQDMDj3iImJBPQUFHYPL76A_zay9rlpcsVA,463350,470520,7170
한별Lily_UCQDMDj3iImJBPQUFHYPL76A_zay9rlpcsVA_470736_476010.wav,한별Lily_UCQDMDj3iImJBPQUFHYPL76A_zay9rlpcsVA,470736,476010,5274
한별Lily_UCQDMDj3iImJBPQUFHYPL76A_zay9rlpcsVA_476162_482346.wav,한별Lily_UCQDMDj3iImJBPQUFHYPL76A_zay9rlpcsVA,476162,482346,6184
한별Lily_UCQDMDj3iImJBPQUFHYPL76A_zay9rlpcsVA_482554_483018.wav,한별Lily_UCQDMDj3iImJBPQUFHYPL76A_zay9rlpcsVA,482554,483018,464
한별Lily_UCQDMDj3iImJBPQUFHYPL76A_zay9rlpcsVA_483170_485938.wav,한별Lily_UCQDMDj3iImJBPQUFHYPL76A_zay9rlpcsVA,483170,485938,2768
한별Lily_UCQDMDj3iImJBPQUFHYPL76A_zay9rlpcsVA_486050_490698.wav,한별Lily_UCQDMDj3iImJBPQUFHYPL76A_zay9rlpcsVA,486050,490698,4648
한별Lily_UCQDMDj3iImJBPQUFHYPL76A_zay9rlpcsVA_490938_493450.wav,한별Lily_UCQDMDj3iImJBPQUFHYPL76A_zay9rlpcsVA,490938,493450,2512
한별Lily_UCQDMDj3iImJBPQUFHYPL76A_zay9rlpcsVA_493778_495306.wav,한별Lily_UCQDMDj3iImJBPQUFHYPL76A_zay9rlpcsVA,493778,495306,1528
한별Lily_UCQDMDj3iImJBPQUFHYPL76A_zay9rlpcsVA_495554_505450.wav,한별Lily_UCQDMDj3iImJBPQUFHYPL76A_zay9rlpcsVA,495554,505450,9896
한별Lily_UCQDMDj3iImJBPQUFHYPL76A_zay9rlpcsVA_505730_508106.wav,한별Lily_UCQDMDj3iImJBPQUFHYPL76A_zay9rlpcsVA,505730,508106,2376
한별Lily_UCQDMDj3iImJBPQUFHYPL76A_zay9rlpcsVA_508266_510818.wav,한별Lily_UCQDMDj3iImJBPQUFHYPL76A_zay9rlpcsVA,508266,510818,2552
한별Lily_UCQDMDj3iImJBPQUFHYPL76A_zay9rlpcsVA_511218_519086.wav,한별Lily_UCQDMDj3iImJBPQUFHYPL76A_zay9rlpcsVA,511218,519086,7868
한별Lily_UCQDMDj3iImJBPQUFHYPL76A_zay9rlpcsVA_519198_520040.wav,한별Lily_UCQDMDj3iImJBPQUFHYPL76A_zay9rlpcsVA,519198,520040,842
한별Lily_UCQDMDj3iImJBPQUFHYPL76A_zay9rlpcsVA_520256_530130.wav,한별Lily_UCQDMDj3iImJBPQUFHYPL76A_zay9rlpcsVA,520256,530130,9874
한별Lily_UCQDMDj3iImJBPQUFHYPL76A_zay9rlpcsVA_530458_532378.wav,한별Lily_UCQDMDj3iImJBPQUFHYPL76A_zay9rlpcsVA,530458,532378,1920
한별Lily_UCQDMDj3iImJBPQUFHYPL76A_zay9rlpcsVA_532698_533250.wav,한별Lily_UCQDMDj3iImJBPQUFHYPL76A_zay9rlpcsVA,532698,533250,552
한별Lily_UCQDMDj3iImJBPQUFHYPL76A_zay9rlpcsVA_533538_536314.wav,한별Lily_UCQDMDj3iImJBPQUFHYPL76A_zay9rlpcsVA,533538,536314,2776
한별Lily_UCQDMDj3iImJBPQUFHYPL76A_zay9rlpcsVA_536762_537644.wav,한별Lily_UCQDMDj3iImJBPQUFHYPL76A_zay9rlpcsVA,536762,537644,882
한별Lily_UCQDMDj3iImJBPQUFHYPL76A_zay9rlpcsVA_537796_543293.wav,한별Lily_UCQDMDj3iImJBPQUFHYPL76A_zay9rlpcsVA,537796,543293,5497
한별Lily_UCQDMDj3iImJBPQUFHYPL76A_zay9rlpcsVA_543629_550126.wav,한별Lily_UCQDMDj3iImJBPQUFHYPL76A_zay9rlpcsVA,543629,550126,6497
한별Lily_UCQDMDj3iImJBPQUFHYPL76A_zay9rlpcsVA_550238_554170.wav,한별Lily_UCQDMDj3iImJBPQUFHYPL76A_zay9rlpcsVA,550238,554170,3932
한별Lily_UCQDMDj3iImJBPQUFHYPL76A_zay9rlpcsVA_554450_558682.wav,한별Lily_UCQDMDj3iImJBPQUFHYPL76A_zay9rlpcsVA,554450,558682,4232
한별Lily_UCQDMDj3iImJBPQUFHYPL76A_zay9rlpcsVA_559090_561986.wav,한별Lily_UCQDMDj3iImJBPQUFHYPL76A_zay9rlpcsVA,559090,561986,2896
한별Lily_UCQDMDj3iImJBPQUFHYPL76A_zay9rlpcsVA_562090_565170.wav,한별Lily_UCQDMDj3iImJBPQUFHYPL76A_zay9rlpcsVA,562090,565170,3080
한별Lily_UCQDMDj3iImJBPQUFHYPL76A_zay9rlpcsVA_565330_568938.wav,한별Lily_UCQDMDj3iImJBPQUFHYPL76A_zay9rlpcsVA,565330,568938,3608
한별Lily_UCQDMDj3iImJBPQUFHYPL76A_zay9rlpcsVA_569098_574042.wav,한별Lily_UCQDMDj3iImJBPQUFHYPL76A_zay9rlpcsVA,569098,574042,4944
한별Lily_UCQDMDj3iImJBPQUFHYPL76A_zay9rlpcsVA_574154_574602.wav,한별Lily_UCQDMDj3iImJBPQUFHYPL76A_zay9rlpcsVA,574154,574602,448
한별Lily_UCQDMDj3iImJBPQUFHYPL76A_zay9rlpcsVA_574994_578730.wav,한별Lily_UCQDMDj3iImJBPQUFHYPL76A_zay9rlpcsVA,574994,578730,3736
한별Lily_UCQDMDj3iImJBPQUFHYPL76A_zay9rlpcsVA_579010_586418.wav,한별Lily_UCQDMDj3iImJBPQUFHYPL76A_zay9rlpcsVA,579010,586418,7408
한별Lily_UCQDMDj3iImJBPQUFHYPL76A_zay9rlpcsVA_586602_591338.wav,한별Lily_UCQDMDj3iImJBPQUFHYPL76A_zay9rlpcsVA,586602,591338,4736
한별Lily_UCQDMDj3iImJBPQUFHYPL76A_zay9rlpcsVA_591626_600898.wav,한별Lily_UCQDMDj3iImJBPQUFHYPL76A_zay9rlpcsVA,591626,600898,9272
한별Lily_UCQDMDj3iImJBPQUFHYPL76A_zay9rlpcsVA_601090_603170.wav,한별Lily_UCQDMDj3iImJBPQUFHYPL76A_zay9rlpcsVA,601090,603170,2080
한별Lily_UCQDMDj3iImJBPQUFHYPL76A_zay9rlpcsVA_603298_613282.wav,한별Lily_UCQDMDj3iImJBPQUFHYPL76A_zay9rlpcsVA,603298,613282,9984
한별Lily_UCQDMDj3iImJBPQUFHYPL76A_zay9rlpcsVA_613402_617718.wav,한별Lily_UCQDMDj3iImJBPQUFHYPL76A_zay9rlpcsVA,613402,617718,4316
한별Lily_UCQDMDj3iImJBPQUFHYPL76A_zay9rlpcsVA_617886_627448.wav,한별Lily_UCQDMDj3iImJBPQUFHYPL76A_zay9rlpcsVA,617886,627448,9562
한별Lily_UCQDMDj3iImJBPQUFHYPL76A_zay9rlpcsVA_627800_630234.wav,한별Lily_UCQDMDj3iImJBPQUFHYPL76A_zay9rlpcsVA,627800,630234,2434
한별Lily_UCQDMDj3iImJBPQUFHYPL76A_zay9rlpcsVA_630666_637610.wav,한별Lily_UCQDMDj3iImJBPQUFHYPL76A_zay9rlpcsVA,630666,637610,6944
한별Lily_UCQDMDj3iImJBPQUFHYPL76A_zay9rlpcsVA_637722_638098.wav,한별Lily_UCQDMDj3iImJBPQUFHYPL76A_zay9rlpcsVA,637722,638098,376
한별Lily_UCQDMDj3iImJBPQUFHYPL76A_zay9rlpcsVA_638202_640794.wav,한별Lily_UCQDMDj3iImJBPQUFHYPL76A_zay9rlpcsVA,638202,640794,2592
한별Lily_UCQDMDj3iImJBPQUFHYPL76A_zay9rlpcsVA_640914_646306.wav,한별Lily_UCQDMDj3iImJBPQUFHYPL76A_zay9rlpcsVA,640914,646306,5392
한별Lily_UCQDMDj3iImJBPQUFHYPL76A_zay9rlpcsVA_646658_651826.wav,한별Lily_UCQDMDj3iImJBPQUFHYPL76A_zay9rlpcsVA,646658,651826,5168
한별Lily_UCQDMDj3iImJBPQUFHYPL76A_zay9rlpcsVA_651978_658394.wav,한별Lily_UCQDMDj3iImJBPQUFHYPL76A_zay9rlpcsVA,651978,658394,6416
한별Lily_UCQDMDj3iImJBPQUFHYPL76A_zay9rlpcsVA_658602_664338.wav,한별Lily_UCQDMDj3iImJBPQUFHYPL76A_zay9rlpcsVA,658602,664338,5736
한별Lily_UCQDMDj3iImJBPQUFHYPL76A_zay9rlpcsVA_664466_664610.wav,한별Lily_UCQDMDj3iImJBPQUFHYPL76A_zay9rlpcsVA,664466,664610,144
한별Lily_UCQDMDj3iImJBPQUFHYPL76A_zay9rlpcsVA_664730_671754.wav,한별Lily_UCQDMDj3iImJBPQUFHYPL76A_zay9rlpcsVA,664730,671754,7024
한별Lily_UCQDMDj3iImJBPQUFHYPL76A_zay9rlpcsVA_671922_673010.wav,한별Lily_UCQDMDj3iImJBPQUFHYPL76A_zay9rlpcsVA,671922,673010,1088
한별Lily_UCQDMDj3iImJBPQUFHYPL76A_zay9rlpcsVA_673122_679666.wav,한별Lily_UCQDMDj3iImJBPQUFHYPL76A_zay9rlpcsVA,673122,679666,6544
한별Lily_UCQDMDj3iImJBPQUFHYPL76A_zay9rlpcsVA_679850_683250.wav,한별Lily_UCQDMDj3iImJBPQUFHYPL76A_zay9rlpcsVA,679850,683250,3400
한별Lily_UCQDMDj3iImJBPQUFHYPL76A_zay9rlpcsVA_683354_687366.wav,한별Lily_UCQDMDj3iImJBPQUFHYPL76A_zay9rlpcsVA,683354,687366,4012
한별Lily_UCQDMDj3iImJBPQUFHYPL76A_zay9rlpcsVA_687526_692142.wav,한별Lily_UCQDMDj3iImJBPQUFHYPL76A_zay9rlpcsVA,687526,692142,4616
한별Lily_UCQDMDj3iImJBPQUFHYPL76A_zay9rlpcsVA_692334_694746.wav,한별Lily_UCQDMDj3iImJBPQUFHYPL76A_zay9rlpcsVA,692334,694746,2412
한별Lily_UCQDMDj3iImJBPQUFHYPL76A_zay9rlpcsVA_694914_696890.wav,한별Lily_UCQDMDj3iImJBPQUFHYPL76A_zay9rlpcsVA,694914,696890,1976
한별Lily_UCQDMDj3iImJBPQUFHYPL76A_zay9rlpcsVA_697058_699146.wav,한별Lily_UCQDMDj3iImJBPQUFHYPL76A_zay9rlpcsVA,697058,699146,2088
한별Lily_UCQDMDj3iImJBPQUFHYPL76A_zay9rlpcsVA_699330_707474.wav,한별Lily_UCQDMDj3iImJBPQUFHYPL76A_zay9rlpcsVA,699330,707474,8144
한별Lily_UCQDMDj3iImJBPQUFHYPL76A_zay9rlpcsVA_708010_713690.wav,한별Lily_UCQDMDj3iImJBPQUFHYPL76A_zay9rlpcsVA,708010,713690,5680
한별Lily_UCQDMDj3iImJBPQUFHYPL76A_zay9rlpcsVA_713858_723690.wav,한별Lily_UCQDMDj3iImJBPQUFHYPL76A_zay9rlpcsVA,713858,723690,9832
한별Lily_UCQDMDj3iImJBPQUFHYPL76A_zay9rlpcsVA_723866_724082.wav,한별Lily_UCQDMDj3iImJBPQUFHYPL76A_zay9rlpcsVA,723866,724082,216
한별Lily_UCQDMDj3iImJBPQUFHYPL76A_zay9rlpcsVA_724194_725162.wav,한별Lily_UCQDMDj3iImJBPQUFHYPL76A_zay9rlpcsVA,724194,725162,968
한별Lily_UCQDMDj3iImJBPQUFHYPL76A_zay9rlpcsVA_725290_731794.wav,한별Lily_UCQDMDj3iImJBPQUFHYPL76A_zay9rlpcsVA,725290,731794,6504
한별Lily_UCQDMDj3iImJBPQUFHYPL76A_zay9rlpcsVA_731962_737986.wav,한별Lily_UCQDMDj3iImJBPQUFHYPL76A_zay9rlpcsVA,731962,737986,6024
한별Lily_UCQDMDj3iImJBPQUFHYPL76A_zay9rlpcsVA_738114_742674.wav,한별Lily_UCQDMDj3iImJBPQUFHYPL76A_zay9rlpcsVA,738114,742674,4560
한별Lily_UCQDMDj3iImJBPQUFHYPL76A_zay9rlpcsVA_743018_747310.wav,한별Lily_UCQDMDj3iImJBPQUFHYPL76A_zay9rlpcsVA,743018,747310,4292
한별Lily_UCQDMDj3iImJBPQUFHYPL76A_zay9rlpcsVA_747430_748950.wav,한별Lily_UCQDMDj3iImJBPQUFHYPL76A_zay9rlpcsVA,747430,748950,1520
한별Lily_UCQDMDj3iImJBPQUFHYPL76A_zay9rlpcsVA_749126_750088.wav,한별Lily_UCQDMDj3iImJBPQUFHYPL76A_zay9rlpcsVA,749126,750088,962
한별Lily_UCQDMDj3iImJBPQUFHYPL76A_zay9rlpcsVA_750440_752616.wav,한별Lily_UCQDMDj3iImJBPQUFHYPL76A_zay9rlpcsVA,750440,752616,2176
한별Lily_UCQDMDj3iImJBPQUFHYPL76A_zay9rlpcsVA_752984_760274.wav,한별Lily_UCQDMDj3iImJBPQUFHYPL76A_zay9rlpcsVA,752984,760274,7290
한별Lily_UCQDMDj3iImJBPQUFHYPL76A_zay9rlpcsVA_760522_766922.wav,한별Lily_UCQDMDj3iImJBPQUFHYPL76A_zay9rlpcsVA,760522,766922,6400
한별Lily_UCQDMDj3iImJBPQUFHYPL76A_zay9rlpcsVA_767122_767750.wav,한별Lily_UCQDMDj3iImJBPQUFHYPL76A_zay9rlpcsVA,767122,767750,628
한별Lily_UCQDMDj3iImJBPQUFHYPL76A_zay9rlpcsVA_767942_772670.wav,한별Lily_UCQDMDj3iImJBPQUFHYPL76A_zay9rlpcsVA,767942,772670,4728
한별Lily_UCQDMDj3iImJBPQUFHYPL76A_zay9rlpcsVA_772910_776926.wav,한별Lily_UCQDMDj3iImJBPQUFHYPL76A_zay9rlpcsVA,772910,776926,4016
한별Lily_UCQDMDj3iImJBPQUFHYPL76A_zay9rlpcsVA_777086_779570.wav,한별Lily_UCQDMDj3iImJBPQUFHYPL76A_zay9rlpcsVA,777086,779570,2484
한별Lily_UCQDMDj3iImJBPQUFHYPL76A_zay9rlpcsVA_779826_785726.wav,한별Lily_UCQDMDj3iImJBPQUFHYPL76A_zay9rlpcsVA,779826,785726,5900
한별Lily_UCQDMDj3iImJBPQUFHYPL76A_zay9rlpcsVA_785958_791062.wav,한별Lily_UCQDMDj3iImJBPQUFHYPL76A_zay9rlpcsVA,785958,791062,5104
한별Lily_UCQDMDj3iImJBPQUFHYPL76A_zay9rlpcsVA_791182_796330.wav,한별Lily_UCQDMDj3iImJBPQUFHYPL76A_zay9rlpcsVA,791182,796330,5148
한별Lily_UCQDMDj3iImJBPQUFHYPL76A_zay9rlpcsVA_796634_803410.wav,한별Lily_UCQDMDj3iImJBPQUFHYPL76A_zay9rlpcsVA,796634,803410,6776
한별Lily_UCQDMDj3iImJBPQUFHYPL76A_zay9rlpcsVA_803762_806022.wav,한별Lily_UCQDMDj3iImJBPQUFHYPL76A_zay9rlpcsVA,803762,806022,2260
한별Lily_UCQDMDj3iImJBPQUFHYPL76A_zay9rlpcsVA_806158_812310.wav,한별Lily_UCQDMDj3iImJBPQUFHYPL76A_zay9rlpcsVA,806158,812310,6152
한별Lily_UCQDMDj3iImJBPQUFHYPL76A_zay9rlpcsVA_812510_817574.wav,한별Lily_UCQDMDj3iImJBPQUFHYPL76A_zay9rlpcsVA,812510,817574,5064
한별Lily_UCQDMDj3iImJBPQUFHYPL76A_zay9rlpcsVA_817742_823590.wav,한별Lily_UCQDMDj3iImJBPQUFHYPL76A_zay9rlpcsVA,817742,823590,5848
한별Lily_UCQDMDj3iImJBPQUFHYPL76A_zay9rlpcsVA_823718_832194.wav,한별Lily_UCQDMDj3iImJBPQUFHYPL76A_zay9rlpcsVA,823718,832194,8476
한별Lily_UCQDMDj3iImJBPQUFHYPL76A_zay9rlpcsVA_832466_841322.wav,한별Lily_UCQDMDj3iImJBPQUFHYPL76A_zay9rlpcsVA,832466,841322,8856
한별Lily_UCQDMDj3iImJBPQUFHYPL76A_zay9rlpcsVA_841594_845586.wav,한별Lily_UCQDMDj3iImJBPQUFHYPL76A_zay9rlpcsVA,841594,845586,3992
한별Lily_UCQDMDj3iImJBPQUFHYPL76A_zay9rlpcsVA_845866_851978.wav,한별Lily_UCQDMDj3iImJBPQUFHYPL76A_zay9rlpcsVA,845866,851978,6112
한별Lily_UCQDMDj3iImJBPQUFHYPL76A_zay9rlpcsVA_852178_856930.wav,한별Lily_UCQDMDj3iImJBPQUFHYPL76A_zay9rlpcsVA,852178,856930,4752
한별Lily_UCQDMDj3iImJBPQUFHYPL76A_zay9rlpcsVA_857082_858194.wav,한별Lily_UCQDMDj3iImJBPQUFHYPL76A_zay9rlpcsVA,857082,858194,1112
한별Lily_UCQDMDj3iImJBPQUFHYPL76A_zay9rlpcsVA_858626_860546.wav,한별Lily_UCQDMDj3iImJBPQUFHYPL76A_zay9rlpcsVA,858626,860546,1920
한별Lily_UCQDMDj3iImJBPQUFHYPL76A_zay9rlpcsVA_860698_863306.wav,한별Lily_UCQDMDj3iImJBPQUFHYPL76A_zay9rlpcsVA,860698,863306,2608
한별Lily_UCQDMDj3iImJBPQUFHYPL76A_zay9rlpcsVA_863482_872066.wav,한별Lily_UCQDMDj3iImJBPQUFHYPL76A_zay9rlpcsVA,863482,872066,8584
한별Lily_UCQDMDj3iImJBPQUFHYPL76A_zay9rlpcsVA_872482_876182.wav,한별Lily_UCQDMDj3iImJBPQUFHYPL76A_zay9rlpcsVA,872482,876182,3700
한별Lily_UCQDMDj3iImJBPQUFHYPL76A_zay9rlpcsVA_876406_884850.wav,한별Lily_UCQDMDj3iImJBPQUFHYPL76A_zay9rlpcsVA,876406,884850,8444
한별Lily_UCQDMDj3iImJBPQUFHYPL76A_zay9rlpcsVA_885186_890250.wav,한별Lily_UCQDMDj3iImJBPQUFHYPL76A_zay9rlpcsVA,885186,890250,5064
한별Lily_UCQDMDj3iImJBPQUFHYPL76A_zay9rlpcsVA_890386_896026.wav,한별Lily_UCQDMDj3iImJBPQUFHYPL76A_zay9rlpcsVA,890386,896026,5640
한별Lily_UCQDMDj3iImJBPQUFHYPL76A_zay9rlpcsVA_896282_901518.wav,한별Lily_UCQDMDj3iImJBPQUFHYPL76A_zay9rlpcsVA,896282,901518,5236
한별Lily_UCQDMDj3iImJBPQUFHYPL76A_zay9rlpcsVA_901654_907574.wav,한별Lily_UCQDMDj3iImJBPQUFHYPL76A_zay9rlpcsVA,901654,907574,5920
한별Lily_UCQDMDj3iImJBPQUFHYPL76A_zay9rlpcsVA_907790_915152.wav,한별Lily_UCQDMDj3iImJBPQUFHYPL76A_zay9rlpcsVA,907790,915152,7362
한별Lily_UCQDMDj3iImJBPQUFHYPL76A_zay9rlpcsVA_915304_917152.wav,한별Lily_UCQDMDj3iImJBPQUFHYPL76A_zay9rlpcsVA,915304,917152,1848
한별Lily_UCQDMDj3iImJBPQUFHYPL76A_zay9rlpcsVA_917520_922146.wav,한별Lily_UCQDMDj3iImJBPQUFHYPL76A_zay9rlpcsVA,917520,922146,4626
한별Lily_UCQDMDj3iImJBPQUFHYPL76A_zay9rlpcsVA_922650_929578.wav,한별Lily_UCQDMDj3iImJBPQUFHYPL76A_zay9rlpcsVA,922650,929578,6928
한별Lily_UCQDMDj3iImJBPQUFHYPL76A_zay9rlpcsVA_929682_934210.wav,한별Lily_UCQDMDj3iImJBPQUFHYPL76A_zay9rlpcsVA,929682,934210,4528
한별Lily_UCQDMDj3iImJBPQUFHYPL76A_zay9rlpcsVA_934538_940330.wav,한별Lily_UCQDMDj3iImJBPQUFHYPL76A_zay9rlpcsVA,934538,940330,5792
한별Lily_UCQDMDj3iImJBPQUFHYPL76A_zay9rlpcsVA_940818_947866.wav,한별Lily_UCQDMDj3iImJBPQUFHYPL76A_zay9rlpcsVA,940818,947866,7048
한별Lily_UCQDMDj3iImJBPQUFHYPL76A_zay9rlpcsVA_948402_951882.wav,한별Lily_UCQDMDj3iImJBPQUFHYPL76A_zay9rlpcsVA,948402,951882,3480
한별Lily_UCQDMDj3iImJBPQUFHYPL76A_zay9rlpcsVA_952242_959898.wav,한별Lily_UCQDMDj3iImJBPQUFHYPL76A_zay9rlpcsVA,952242,959898,7656
한별Lily_UCQDMDj3iImJBPQUFHYPL76A_zay9rlpcsVA_960154_966834.wav,한별Lily_UCQDMDj3iImJBPQUFHYPL76A_zay9rlpcsVA,960154,966834,6680
한별Lily_UCQDMDj3iImJBPQUFHYPL76A_zay9rlpcsVA_967490_973266.wav,한별Lily_UCQDMDj3iImJBPQUFHYPL76A_zay9rlpcsVA,967490,973266,5776
한별Lily_UCQDMDj3iImJBPQUFHYPL76A_zay9rlpcsVA_973474_980346.wav,한별Lily_UCQDMDj3iImJBPQUFHYPL76A_zay9rlpcsVA,973474,980346,6872
한별Lily_UCQDMDj3iImJBPQUFHYPL76A_zay9rlpcsVA_980506_986018.wav,한별Lily_UCQDMDj3iImJBPQUFHYPL76A_zay9rlpcsVA,980506,986018,5512
한별Lily_UCQDMDj3iImJBPQUFHYPL76A_zay9rlpcsVA_986210_987586.wav,한별Lily_UCQDMDj3iImJBPQUFHYPL76A_zay9rlpcsVA,986210,987586,1376
한별Lily_UCQDMDj3iImJBPQUFHYPL76A_zay9rlpcsVA_987762_997386.wav,한별Lily_UCQDMDj3iImJBPQUFHYPL76A_zay9rlpcsVA,987762,997386,9624
한별Lily_UCQDMDj3iImJBPQUFHYPL76A_zay9rlpcsVA_997586_999798.wav,한별Lily_UCQDMDj3iImJBPQUFHYPL76A_zay9rlpcsVA,997586,999798,2212
한별Lily_UCQDMDj3iImJBPQUFHYPL76A_zay9rlpcsVA_999966_1009319.wav,한별Lily_UCQDMDj3iImJBPQUFHYPL76A_zay9rlpcsVA,999966,1009319,9353
한별Lily_UCQDMDj3iImJBPQUFHYPL76A_zay9rlpcsVA_1009719_1011168.wav,한별Lily_UCQDMDj3iImJBPQUFHYPL76A_zay9rlpcsVA,1009719,1011168,1449
한별Lily_UCQDMDj3iImJBPQUFHYPL76A_zay9rlpcsVA_1011368_1011946.wav,한별Lily_UCQDMDj3iImJBPQUFHYPL76A_zay9rlpcsVA,1011368,1011946,578
한별Lily_UCQDMDj3iImJBPQUFHYPL76A_zay9rlpcsVA_1012386_1013066.wav,한별Lily_UCQDMDj3iImJBPQUFHYPL76A_zay9rlpcsVA,1012386,1013066,680
한별Lily_UCQDMDj3iImJBPQUFHYPL76A_zay9rlpcsVA_1013186_1016970.wav,한별Lily_UCQDMDj3iImJBPQUFHYPL76A_zay9rlpcsVA,1013186,1016970,3784
한별Lily_UCQDMDj3iImJBPQUFHYPL76A_zay9rlpcsVA_1017378_1018618.wav,한별Lily_UCQDMDj3iImJBPQUFHYPL76A_zay9rlpcsVA,1017378,1018618,1240
한별Lily_UCQDMDj3iImJBPQUFHYPL76A_zay9rlpcsVA_1018802_1025014.wav,한별Lily_UCQDMDj3iImJBPQUFHYPL76A_zay9rlpcsVA,1018802,1025014,6212
한별Lily_UCQDMDj3iImJBPQUFHYPL76A_zay9rlpcsVA_1025270_1030514.wav,한별Lily_UCQDMDj3iImJBPQUFHYPL76A_zay9rlpcsVA,1025270,1030514,5244
한별Lily_UCQDMDj3iImJBPQUFHYPL76A_zay9rlpcsVA_1030666_1035650.wav,한별Lily_UCQDMDj3iImJBPQUFHYPL76A_zay9rlpcsVA,1030666,1035650,4984
한별Lily_UCQDMDj3iImJBPQUFHYPL76A_zay9rlpcsVA_1035802_1045490.wav,한별Lily_UCQDMDj3iImJBPQUFHYPL76A_zay9rlpcsVA,1035802,1045490,9688
한별Lily_UCQDMDj3iImJBPQUFHYPL76A_zay9rlpcsVA_1045730_1046042.wav,한별Lily_UCQDMDj3iImJBPQUFHYPL76A_zay9rlpcsVA,1045730,1046042,312
한별Lily_UCQDMDj3iImJBPQUFHYPL76A_zay9rlpcsVA_1046394_1055012.wav,한별Lily_UCQDMDj3iImJBPQUFHYPL76A_zay9rlpcsVA,1046394,1055012,8618
한별Lily_UCQDMDj3iImJBPQUFHYPL76A_zay9rlpcsVA_1055164_1057660.wav,한별Lily_UCQDMDj3iImJBPQUFHYPL76A_zay9rlpcsVA,1055164,1057660,2496
한별Lily_UCQDMDj3iImJBPQUFHYPL76A_zay9rlpcsVA_1058062_1065730.wav,한별Lily_UCQDMDj3iImJBPQUFHYPL76A_zay9rlpcsVA,1058062,1065730,7668
한별Lily_UCQDMDj3iImJBPQUFHYPL76A_zay9rlpcsVA_1066570_1075590.wav,한별Lily_UCQDMDj3iImJBPQUFHYPL76A_zay9rlpcsVA,1066570,1075590,9020
한별Lily_UCQDMDj3iImJBPQUFHYPL76A_zay9rlpcsVA_1075918_1078642.wav,한별Lily_UCQDMDj3iImJBPQUFHYPL76A_zay9rlpcsVA,1075918,1078642,2724
한별Lily_UCQDMDj3iImJBPQUFHYPL76A_zay9rlpcsVA_1078746_1082834.wav,한별Lily_UCQDMDj3iImJBPQUFHYPL76A_zay9rlpcsVA,1078746,1082834,4088
한별Lily_UCQDMDj3iImJBPQUFHYPL76A_zay9rlpcsVA_1083002_1084114.wav,한별Lily_UCQDMDj3iImJBPQUFHYPL76A_zay9rlpcsVA,1083002,1084114,1112
한별Lily_UCQDMDj3iImJBPQUFHYPL76A_zay9rlpcsVA_1084386_1088066.wav,한별Lily_UCQDMDj3iImJBPQUFHYPL76A_zay9rlpcsVA,1084386,1088066,3680
한별Lily_UCQDMDj3iImJBPQUFHYPL76A_zay9rlpcsVA_1088282_1089282.wav,한별Lily_UCQDMDj3iImJBPQUFHYPL76A_zay9rlpcsVA,1088282,1089282,1000
한별Lily_UCQDMDj3iImJBPQUFHYPL76A_zay9rlpcsVA_1089506_1095482.wav,한별Lily_UCQDMDj3iImJBPQUFHYPL76A_zay9rlpcsVA,1089506,1095482,5976
한별Lily_UCQDMDj3iImJBPQUFHYPL76A_zay9rlpcsVA_1095794_1099802.wav,한별Lily_UCQDMDj3iImJBPQUFHYPL76A_zay9rlpcsVA,1095794,1099802,4008
한별Lily_UCQDMDj3iImJBPQUFHYPL76A_zay9rlpcsVA_1100026_1102090.wav,한별Lily_UCQDMDj3iImJBPQUFHYPL76A_zay9rlpcsVA,1100026,1102090,2064
한별Lily_UCQDMDj3iImJBPQUFHYPL76A_zay9rlpcsVA_1102298_1110610.wav,한별Lily_UCQDMDj3iImJBPQUFHYPL76A_zay9rlpcsVA,1102298,1110610,8312
한별Lily_UCQDMDj3iImJBPQUFHYPL76A_zay9rlpcsVA_1111034_1112014.wav,한별Lily_UCQDMDj3iImJBPQUFHYPL76A_zay9rlpcsVA,1111034,1112014,980
한별Lily_UCQDMDj3iImJBPQUFHYPL76A_zay9rlpcsVA_1112150_1116334.wav,한별Lily_UCQDMDj3iImJBPQUFHYPL76A_zay9rlpcsVA,1112150,1116334,4184
한별Lily_UCQDMDj3iImJBPQUFHYPL76A_zay9rlpcsVA_1116462_1120838.wav,한별Lily_UCQDMDj3iImJBPQUFHYPL76A_zay9rlpcsVA,1116462,1120838,4376
한별Lily_UCQDMDj3iImJBPQUFHYPL76A_zay9rlpcsVA_1120958_1121422.wav,한별Lily_UCQDMDj3iImJBPQUFHYPL76A_zay9rlpcsVA,1120958,1121422,464
한별Lily_UCQDMDj3iImJBPQUFHYPL76A_zay9rlpcsVA_1121534_1123850.wav,한별Lily_UCQDMDj3iImJBPQUFHYPL76A_zay9rlpcsVA,1121534,1123850,2316
한별Lily_UCQDMDj3iImJBPQUFHYPL76A_zay9rlpcsVA_1124138_1128210.wav,한별Lily_UCQDMDj3iImJBPQUFHYPL76A_zay9rlpcsVA,1124138,1128210,4072
한별Lily_UCQDMDj3iImJBPQUFHYPL76A_zay9rlpcsVA_1128402_1132914.wav,한별Lily_UCQDMDj3iImJBPQUFHYPL76A_zay9rlpcsVA,1128402,1132914,4512
한별Lily_UCQDMDj3iImJBPQUFHYPL76A_zay9rlpcsVA_1133026_1134274.wav,한별Lily_UCQDMDj3iImJBPQUFHYPL76A_zay9rlpcsVA,1133026,1134274,1248
한별Lily_UCQDMDj3iImJBPQUFHYPL76A_zay9rlpcsVA_1134562_1141302.wav,한별Lily_UCQDMDj3iImJBPQUFHYPL76A_zay9rlpcsVA,1134562,1141302,6740
한별Lily_UCQDMDj3iImJBPQUFHYPL76A_zay9rlpcsVA_1141438_1142358.wav,한별Lily_UCQDMDj3iImJBPQUFHYPL76A_zay9rlpcsVA,1141438,1142358,920
한별Lily_UCQDMDj3iImJBPQUFHYPL76A_zay9rlpcsVA_1142534_1152150.wav,한별Lily_UCQDMDj3iImJBPQUFHYPL76A_zay9rlpcsVA,1142534,1152150,9616
한별Lily_UCQDMDj3iImJBPQUFHYPL76A_zay9rlpcsVA_1152366_1153734.wav,한별Lily_UCQDMDj3iImJBPQUFHYPL76A_zay9rlpcsVA,1152366,1153734,1368
한별Lily_UCQDMDj3iImJBPQUFHYPL76A_zay9rlpcsVA_1153926_1157464.wav,한별Lily_UCQDMDj3iImJBPQUFHYPL76A_zay9rlpcsVA,1153926,1157464,3538
한별Lily_UCQDMDj3iImJBPQUFHYPL76A_zay9rlpcsVA_1157648_1162272.wav,한별Lily_UCQDMDj3iImJBPQUFHYPL76A_zay9rlpcsVA,1157648,1162272,4624
한별Lily_UCQDMDj3iImJBPQUFHYPL76A_zay9rlpcsVA_1162472_1168529.wav,한별Lily_UCQDMDj3iImJBPQUFHYPL76A_zay9rlpcsVA,1162472,1168529,6057
한별Lily_UCQDMDj3iImJBPQUFHYPL76A_zay9rlpcsVA_1168777_1176418.wav,한별Lily_UCQDMDj3iImJBPQUFHYPL76A_zay9rlpcsVA,1168777,1176418,7641
한별Lily_UCQDMDj3iImJBPQUFHYPL76A_zay9rlpcsVA_1176674_1180266.wav,한별Lily_UCQDMDj3iImJBPQUFHYPL76A_zay9rlpcsVA,1176674,1180266,3592
한별Lily_UCQDMDj3iImJBPQUFHYPL76A_zay9rlpcsVA_1180410_1184986.wav,한별Lily_UCQDMDj3iImJBPQUFHYPL76A_zay9rlpcsVA,1180410,1184986,4576
한별Lily_UCQDMDj3iImJBPQUFHYPL76A_zay9rlpcsVA_1185098_1186874.wav,한별Lily_UCQDMDj3iImJBPQUFHYPL76A_zay9rlpcsVA,1185098,1186874,1776
한별Lily_UCQDMDj3iImJBPQUFHYPL76A_zay9rlpcsVA_1187042_1188578.wav,한별Lily_UCQDMDj3iImJBPQUFHYPL76A_zay9rlpcsVA,1187042,1188578,1536
한별Lily_UCQDMDj3iImJBPQUFHYPL76A_zay9rlpcsVA_1188786_1198666.wav,한별Lily_UCQDMDj3iImJBPQUFHYPL76A_zay9rlpcsVA,1188786,1198666,9880
한별Lily_UCQDMDj3iImJBPQUFHYPL76A_zay9rlpcsVA_1198866_1204098.wav,한별Lily_UCQDMDj3iImJBPQUFHYPL76A_zay9rlpcsVA,1198866,1204098,5232
한별Lily_UCQDMDj3iImJBPQUFHYPL76A_zay9rlpcsVA_1204226_1206042.wav,한별Lily_UCQDMDj3iImJBPQUFHYPL76A_zay9rlpcsVA,1204226,1206042,1816
한별Lily_UCQDMDj3iImJBPQUFHYPL76A_zay9rlpcsVA_1206202_1214922.wav,한별Lily_UCQDMDj3iImJBPQUFHYPL76A_zay9rlpcsVA,1206202,1214922,8720
한별Lily_UCQDMDj3iImJBPQUFHYPL76A_zay9rlpcsVA_1215042_1219474.wav,한별Lily_UCQDMDj3iImJBPQUFHYPL76A_zay9rlpcsVA,1215042,1219474,4432
한별Lily_UCQDMDj3iImJBPQUFHYPL76A_zay9rlpcsVA_1219994_1226274.wav,한별Lily_UCQDMDj3iImJBPQUFHYPL76A_zay9rlpcsVA,1219994,1226274,6280
한별Lily_UCQDMDj3iImJBPQUFHYPL76A_zay9rlpcsVA_1226538_1229458.wav,한별Lily_UCQDMDj3iImJBPQUFHYPL76A_zay9rlpcsVA,1226538,1229458,2920
한별Lily_UCQDMDj3iImJBPQUFHYPL76A_zay9rlpcsVA_1229562_1238898.wav,한별Lily_UCQDMDj3iImJBPQUFHYPL76A_zay9rlpcsVA,1229562,1238898,9336
한별Lily_UCQDMDj3iImJBPQUFHYPL76A_zay9rlpcsVA_1239002_1247930.wav,한별Lily_UCQDMDj3iImJBPQUFHYPL76A_zay9rlpcsVA,1239002,1247930,8928
한별Lily_UCQDMDj3iImJBPQUFHYPL76A_zay9rlpcsVA_1248314_1249683.wav,한별Lily_UCQDMDj3iImJBPQUFHYPL76A_zay9rlpcsVA,1248314,1249683,1369
한별Lily_UCQDMDj3iImJBPQUFHYPL76A_zay9rlpcsVA_1249939_1256092.wav,한별Lily_UCQDMDj3iImJBPQUFHYPL76A_zay9rlpcsVA,1249939,1256092,6153
한별Lily_UCQDMDj3iImJBPQUFHYPL76A_zay9rlpcsVA_1256324_1258830.wav,한별Lily_UCQDMDj3iImJBPQUFHYPL76A_zay9rlpcsVA,1256324,1258830,2506
한별Lily_UCQDMDj3iImJBPQUFHYPL76A_zay9rlpcsVA_1258982_1261798.wav,한별Lily_UCQDMDj3iImJBPQUFHYPL76A_zay9rlpcsVA,1258982,1261798,2816
한별Lily_UCQDMDj3iImJBPQUFHYPL76A_zay9rlpcsVA_1262094_1267750.wav,한별Lily_UCQDMDj3iImJBPQUFHYPL76A_zay9rlpcsVA,1262094,1267750,5656
한별Lily_UCQDMDj3iImJBPQUFHYPL76A_zay9rlpcsVA_1268190_1269070.wav,한별Lily_UCQDMDj3iImJBPQUFHYPL76A_zay9rlpcsVA,1268190,1269070,880
한별Lily_UCQDMDj3iImJBPQUFHYPL76A_zay9rlpcsVA_1269270_1275310.wav,한별Lily_UCQDMDj3iImJBPQUFHYPL76A_zay9rlpcsVA,1269270,1275310,6040
한별Lily_UCQDMDj3iImJBPQUFHYPL76A_zay9rlpcsVA_1275510_1278166.wav,한별Lily_UCQDMDj3iImJBPQUFHYPL76A_zay9rlpcsVA,1275510,1278166,2656
한별Lily_UCQDMDj3iImJBPQUFHYPL76A_zay9rlpcsVA_1278398_1282034.wav,한별Lily_UCQDMDj3iImJBPQUFHYPL76A_zay9rlpcsVA,1278398,1282034,3636
한별Lily_UCQDMDj3iImJBPQUFHYPL76A_zay9rlpcsVA_1282178_1288722.wav,한별Lily_UCQDMDj3iImJBPQUFHYPL76A_zay9rlpcsVA,1282178,1288722,6544
한별Lily_UCQDMDj3iImJBPQUFHYPL76A_zay9rlpcsVA_1288890_1291642.wav,한별Lily_UCQDMDj3iImJBPQUFHYPL76A_zay9rlpcsVA,1288890,1291642,2752
한별Lily_UCQDMDj3iImJBPQUFHYPL76A_zay9rlpcsVA_1291794_1294642.wav,한별Lily_UCQDMDj3iImJBPQUFHYPL76A_zay9rlpcsVA,1291794,1294642,2848
한별Lily_UCQDMDj3iImJBPQUFHYPL76A_zay9rlpcsVA_1294794_1302242.wav,한별Lily_UCQDMDj3iImJBPQUFHYPL76A_zay9rlpcsVA,1294794,1302242,7448
한별Lily_UCQDMDj3iImJBPQUFHYPL76A_zay9rlpcsVA_1302386_1303578.wav,한별Lily_UCQDMDj3iImJBPQUFHYPL76A_zay9rlpcsVA,1302386,1303578,1192
한별Lily_UCQDMDj3iImJBPQUFHYPL76A_zay9rlpcsVA_1303778_1311194.wav,한별Lily_UCQDMDj3iImJBPQUFHYPL76A_zay9rlpcsVA,1303778,1311194,7416
한별Lily_UCQDMDj3iImJBPQUFHYPL76A_zay9rlpcsVA_1311626_1320954.wav,한별Lily_UCQDMDj3iImJBPQUFHYPL76A_zay9rlpcsVA,1311626,1320954,9328
한별Lily_UCQDMDj3iImJBPQUFHYPL76A_zay9rlpcsVA_1321354_1322794.wav,한별Lily_UCQDMDj3iImJBPQUFHYPL76A_zay9rlpcsVA,1321354,1322794,1440
한별Lily_UCQDMDj3iImJBPQUFHYPL76A_zay9rlpcsVA_1323098_1332426.wav,한별Lily_UCQDMDj3iImJBPQUFHYPL76A_zay9rlpcsVA,1323098,1332426,9328
한별Lily_UCQDMDj3iImJBPQUFHYPL76A_zay9rlpcsVA_1332706_1335530.wav,한별Lily_UCQDMDj3iImJBPQUFHYPL76A_zay9rlpcsVA,1332706,1335530,2824
한별Lily_UCQDMDj3iImJBPQUFHYPL76A_zay9rlpcsVA_1335682_1339891.wav,한별Lily_UCQDMDj3iImJBPQUFHYPL76A_zay9rlpcsVA,1335682,1339891,4209
한별Lily_UCQDMDj3iImJBPQUFHYPL76A_zay9rlpcsVA_1340043_1341971.wav,한별Lily_UCQDMDj3iImJBPQUFHYPL76A_zay9rlpcsVA,1340043,1341971,1928
한별Lily_UCQDMDj3iImJBPQUFHYPL76A_zay9rlpcsVA_1342195_1350211.wav,한별Lily_UCQDMDj3iImJBPQUFHYPL76A_zay9rlpcsVA,1342195,1350211,8016
한별Lily_UCQDMDj3iImJBPQUFHYPL76A_zay9rlpcsVA_1350491_1358419.wav,한별Lily_UCQDMDj3iImJBPQUFHYPL76A_zay9rlpcsVA,1350491,1358419,7928
한별Lily_UCQDMDj3iImJBPQUFHYPL76A_zay9rlpcsVA_1358795_1365635.wav,한별Lily_UCQDMDj3iImJBPQUFHYPL76A_zay9rlpcsVA,1358795,1365635,6840
한별Lily_UCQDMDj3iImJBPQUFHYPL76A_zay9rlpcsVA_1366035_1367979.wav,한별Lily_UCQDMDj3iImJBPQUFHYPL76A_zay9rlpcsVA,1366035,1367979,1944
한별Lily_UCQDMDj3iImJBPQUFHYPL76A_zay9rlpcsVA_1368131_1373059.wav,한별Lily_UCQDMDj3iImJBPQUFHYPL76A_zay9rlpcsVA,1368131,1373059,4928
한별Lily_UCQDMDj3iImJBPQUFHYPL76A_zay9rlpcsVA_1373187_1376547.wav,한별Lily_UCQDMDj3iImJBPQUFHYPL76A_zay9rlpcsVA,1373187,1376547,3360
한별Lily_UCQDMDj3iImJBPQUFHYPL76A_zay9rlpcsVA_1376667_1383427.wav,한별Lily_UCQDMDj3iImJBPQUFHYPL76A_zay9rlpcsVA,1376667,1383427,6760
한별Lily_UCQDMDj3iImJBPQUFHYPL76A_zay9rlpcsVA_1383531_1385275.wav,한별Lily_UCQDMDj3iImJBPQUFHYPL76A_zay9rlpcsVA,1383531,1385275,1744
한별Lily_UCQDMDj3iImJBPQUFHYPL76A_zay9rlpcsVA_1385467_1394779.wav,한별Lily_UCQDMDj3iImJBPQUFHYPL76A_zay9rlpcsVA,1385467,1394779,9312
한별Lily_UCQDMDj3iImJBPQUFHYPL76A_zay9rlpcsVA_1394947_1395811.wav,한별Lily_UCQDMDj3iImJBPQUFHYPL76A_zay9rlpcsVA,1394947,1395811,864
한별Lily_UCQDMDj3iImJBPQUFHYPL76A_zay9rlpcsVA_1395995_1396323.wav,한별Lily_UCQDMDj3iImJBPQUFHYPL76A_zay9rlpcsVA,1395995,1396323,328
한별Lily_UCQDMDj3iImJBPQUFHYPL76A_zay9rlpcsVA_1396699_1398980.wav,한별Lily_UCQDMDj3iImJBPQUFHYPL76A_zay9rlpcsVA,1396699,1398980,2281
한별Lily_UCQDMDj3iImJBPQUFHYPL76A_zay9rlpcsVA_1399276_1401692.wav,한별Lily_UCQDMDj3iImJBPQUFHYPL76A_zay9rlpcsVA,1399276,1401692,2416
한별Lily_UCQDMDj3iImJBPQUFHYPL76A_zay9rlpcsVA_1401980_1406060.wav,한별Lily_UCQDMDj3iImJBPQUFHYPL76A_zay9rlpcsVA,1401980,1406060,4080
한별Lily_UCQDMDj3iImJBPQUFHYPL76A_zay9rlpcsVA_1406340_1413796.wav,한별Lily_UCQDMDj3iImJBPQUFHYPL76A_zay9rlpcsVA,1406340,1413796,7456
한별Lily_UCQDMDj3iImJBPQUFHYPL76A_zay9rlpcsVA_1414116_1420132.wav,한별Lily_UCQDMDj3iImJBPQUFHYPL76A_zay9rlpcsVA,1414116,1420132,6016
