filename,video_id,start_time,end_time,duration
한별Lily_UCQDMDj3iImJBPQUFHYPL76A_zay9rlpcsVA_0_12024.wav,한별Lily_UCQDMDj3iImJBPQUFHYPL76A_zay9rlpcsVA,0,12024,12024
한별Lily_UCQDMDj3iImJBPQUFHYPL76A_zay9rlpcsVA_12224_12948.wav,한별Lily_UCQDMDj3iImJBPQUFHYPL76A_zay9rlpcsVA,12224,12948,724
한별Lily_UCQDMDj3iImJBPQUFHYPL76A_zay9rlpcsVA_13188_27176.wav,한별Lily_UCQDMDj3iImJBPQUFHYPL76A_zay9rlpcsVA,13188,27176,13988
한별Lily_UCQDMDj3iImJBPQUFHYPL76A_zay9rlpcsVA_27352_35730.wav,한별Lily_UCQDMDj3iImJBPQUFHYPL76A_zay9rlpcsVA,27352,35730,8378
한별Lily_UCQDMDj3iImJBPQUFHYPL76A_zay9rlpcsVA_35810_38890.wav,한별Lily_UCQDMDj3iImJBPQUFHYPL76A_zay9rlpcsVA,35810,38890,3080
한별Lily_UCQDMDj3iImJBPQUFHYPL76A_zay9rlpcsVA_38970_41474.wav,한별Lily_UCQDMDj3iImJBPQUFHYPL76A_zay9rlpcsVA,38970,41474,2504
한별Lily_UCQDMDj3iImJBPQUFHYPL76A_zay9rlpcsVA_41562_47980.wav,한별Lily_UCQDMDj3iImJBPQUFHYPL76A_zay9rlpcsVA,41562,47980,6418
한별Lily_UCQDMDj3iImJBPQUFHYPL76A_zay9rlpcsVA_48124_53984.wav,한별Lily_UCQDMDj3iImJBPQUFHYPL76A_zay9rlpcsVA,48124,53984,5860
한별Lily_UCQDMDj3iImJBPQUFHYPL76A_zay9rlpcsVA_54160_60608.wav,한별Lily_UCQDMDj3iImJBPQUFHYPL76A_zay9rlpcsVA,54160,60608,6448
한별Lily_UCQDMDj3iImJBPQUFHYPL76A_zay9rlpcsVA_60784_68425.wav,한별Lily_UCQDMDj3iImJBPQUFHYPL76A_zay9rlpcsVA,60784,68425,7641
한별Lily_UCQDMDj3iImJBPQUFHYPL76A_zay9rlpcsVA_68665_76777.wav,한별Lily_UCQDMDj3iImJBPQUFHYPL76A_zay9rlpcsVA,68665,76777,8112
한별Lily_UCQDMDj3iImJBPQUFHYPL76A_zay9rlpcsVA_76985_78585.wav,한별Lily_UCQDMDj3iImJBPQUFHYPL76A_zay9rlpcsVA,76985,78585,1600
한별Lily_UCQDMDj3iImJBPQUFHYPL76A_zay9rlpcsVA_78825_79850.wav,한별Lily_UCQDMDj3iImJBPQUFHYPL76A_zay9rlpcsVA,78825,79850,1025
한별Lily_UCQDMDj3iImJBPQUFHYPL76A_zay9rlpcsVA_80146_89018.wav,한별Lily_UCQDMDj3iImJBPQUFHYPL76A_zay9rlpcsVA,80146,89018,8872
한별Lily_UCQDMDj3iImJBPQUFHYPL76A_zay9rlpcsVA_89482_95858.wav,한별Lily_UCQDMDj3iImJBPQUFHYPL76A_zay9rlpcsVA,89482,95858,6376
한별Lily_UCQDMDj3iImJBPQUFHYPL76A_zay9rlpcsVA_96178_99226.wav,한별Lily_UCQDMDj3iImJBPQUFHYPL76A_zay9rlpcsVA,96178,99226,3048
한별Lily_UCQDMDj3iImJBPQUFHYPL76A_zay9rlpcsVA_99498_109378.wav,한별Lily_UCQDMDj3iImJBPQUFHYPL76A_zay9rlpcsVA,99498,109378,9880
한별Lily_UCQDMDj3iImJBPQUFHYPL76A_zay9rlpcsVA_109842_110954.wav,한별Lily_UCQDMDj3iImJBPQUFHYPL76A_zay9rlpcsVA,109842,110954,1112
한별Lily_UCQDMDj3iImJBPQUFHYPL76A_zay9rlpcsVA_111298_112802.wav,한별Lily_UCQDMDj3iImJBPQUFHYPL76A_zay9rlpcsVA,111298,112802,1504
한별Lily_UCQDMDj3iImJBPQUFHYPL76A_zay9rlpcsVA_113058_114834.wav,한별Lily_UCQDMDj3iImJBPQUFHYPL76A_zay9rlpcsVA,113058,114834,1776
한별Lily_UCQDMDj3iImJBPQUFHYPL76A_zay9rlpcsVA_115042_125922.wav,한별Lily_UCQDMDj3iImJBPQUFHYPL76A_zay9rlpcsVA,115042,125922,10880
한별Lily_UCQDMDj3iImJBPQUFHYPL76A_zay9rlpcsVA_126210_138114.wav,한별Lily_UCQDMDj3iImJBPQUFHYPL76A_zay9rlpcsVA,126210,138114,11904
한별Lily_UCQDMDj3iImJBPQUFHYPL76A_zay9rlpcsVA_138562_139052.wav,한별Lily_UCQDMDj3iImJBPQUFHYPL76A_zay9rlpcsVA,138562,139052,490
한별Lily_UCQDMDj3iImJBPQUFHYPL76A_zay9rlpcsVA_139244_150758.wav,한별Lily_UCQDMDj3iImJBPQUFHYPL76A_zay9rlpcsVA,139244,150758,11514
한별Lily_UCQDMDj3iImJBPQUFHYPL76A_zay9rlpcsVA_150886_159634.wav,한별Lily_UCQDMDj3iImJBPQUFHYPL76A_zay9rlpcsVA,150886,159634,8748
한별Lily_UCQDMDj3iImJBPQUFHYPL76A_zay9rlpcsVA_159986_162194.wav,한별Lily_UCQDMDj3iImJBPQUFHYPL76A_zay9rlpcsVA,159986,162194,2208
한별Lily_UCQDMDj3iImJBPQUFHYPL76A_zay9rlpcsVA_162322_172726.wav,한별Lily_UCQDMDj3iImJBPQUFHYPL76A_zay9rlpcsVA,162322,172726,10404
한별Lily_UCQDMDj3iImJBPQUFHYPL76A_zay9rlpcsVA_172822_179454.wav,한별Lily_UCQDMDj3iImJBPQUFHYPL76A_zay9rlpcsVA,172822,179454,6632
한별Lily_UCQDMDj3iImJBPQUFHYPL76A_zay9rlpcsVA_179550_179774.wav,한별Lily_UCQDMDj3iImJBPQUFHYPL76A_zay9rlpcsVA,179550,179774,224
한별Lily_UCQDMDj3iImJBPQUFHYPL76A_zay9rlpcsVA_179862_181674.wav,한별Lily_UCQDMDj3iImJBPQUFHYPL76A_zay9rlpcsVA,179862,181674,1812
한별Lily_UCQDMDj3iImJBPQUFHYPL76A_zay9rlpcsVA_182034_186106.wav,한별Lily_UCQDMDj3iImJBPQUFHYPL76A_zay9rlpcsVA,182034,186106,4072
한별Lily_UCQDMDj3iImJBPQUFHYPL76A_zay9rlpcsVA_186386_187390.wav,한별Lily_UCQDMDj3iImJBPQUFHYPL76A_zay9rlpcsVA,186386,187390,1004
한별Lily_UCQDMDj3iImJBPQUFHYPL76A_zay9rlpcsVA_187534_201560.wav,한별Lily_UCQDMDj3iImJBPQUFHYPL76A_zay9rlpcsVA,187534,201560,14026
한별Lily_UCQDMDj3iImJBPQUFHYPL76A_zay9rlpcsVA_201664_202856.wav,한별Lily_UCQDMDj3iImJBPQUFHYPL76A_zay9rlpcsVA,201664,202856,1192
한별Lily_UCQDMDj3iImJBPQUFHYPL76A_zay9rlpcsVA_202976_209170.wav,한별Lily_UCQDMDj3iImJBPQUFHYPL76A_zay9rlpcsVA,202976,209170,6194
한별Lily_UCQDMDj3iImJBPQUFHYPL76A_zay9rlpcsVA_209690_212818.wav,한별Lily_UCQDMDj3iImJBPQUFHYPL76A_zay9rlpcsVA,209690,212818,3128
한별Lily_UCQDMDj3iImJBPQUFHYPL76A_zay9rlpcsVA_212970_227722.wav,한별Lily_UCQDMDj3iImJBPQUFHYPL76A_zay9rlpcsVA,212970,227722,14752
한별Lily_UCQDMDj3iImJBPQUFHYPL76A_zay9rlpcsVA_227978_241570.wav,한별Lily_UCQDMDj3iImJBPQUFHYPL76A_zay9rlpcsVA,227978,241570,13592
한별Lily_UCQDMDj3iImJBPQUFHYPL76A_zay9rlpcsVA_241746_246538.wav,한별Lily_UCQDMDj3iImJBPQUFHYPL76A_zay9rlpcsVA,241746,246538,4792
한별Lily_UCQDMDj3iImJBPQUFHYPL76A_zay9rlpcsVA_246954_247126.wav,한별Lily_UCQDMDj3iImJBPQUFHYPL76A_zay9rlpcsVA,246954,247126,172
한별Lily_UCQDMDj3iImJBPQUFHYPL76A_zay9rlpcsVA_247326_247600.wav,한별Lily_UCQDMDj3iImJBPQUFHYPL76A_zay9rlpcsVA,247326,247600,274
한별Lily_UCQDMDj3iImJBPQUFHYPL76A_zay9rlpcsVA_247848_250817.wav,한별Lily_UCQDMDj3iImJBPQUFHYPL76A_zay9rlpcsVA,247848,250817,2969
한별Lily_UCQDMDj3iImJBPQUFHYPL76A_zay9rlpcsVA_250961_265346.wav,한별Lily_UCQDMDj3iImJBPQUFHYPL76A_zay9rlpcsVA,250961,265346,14385
한별Lily_UCQDMDj3iImJBPQUFHYPL76A_zay9rlpcsVA_265754_270746.wav,한별Lily_UCQDMDj3iImJBPQUFHYPL76A_zay9rlpcsVA,265754,270746,4992
한별Lily_UCQDMDj3iImJBPQUFHYPL76A_zay9rlpcsVA_271330_282234.wav,한별Lily_UCQDMDj3iImJBPQUFHYPL76A_zay9rlpcsVA,271330,282234,10904
한별Lily_UCQDMDj3iImJBPQUFHYPL76A_zay9rlpcsVA_282370_286074.wav,한별Lily_UCQDMDj3iImJBPQUFHYPL76A_zay9rlpcsVA,282370,286074,3704
한별Lily_UCQDMDj3iImJBPQUFHYPL76A_zay9rlpcsVA_286218_295114.wav,한별Lily_UCQDMDj3iImJBPQUFHYPL76A_zay9rlpcsVA,286218,295114,8896
한별Lily_UCQDMDj3iImJBPQUFHYPL76A_zay9rlpcsVA_295242_301930.wav,한별Lily_UCQDMDj3iImJBPQUFHYPL76A_zay9rlpcsVA,295242,301930,6688
한별Lily_UCQDMDj3iImJBPQUFHYPL76A_zay9rlpcsVA_302074_312202.wav,한별Lily_UCQDMDj3iImJBPQUFHYPL76A_zay9rlpcsVA,302074,312202,10128
한별Lily_UCQDMDj3iImJBPQUFHYPL76A_zay9rlpcsVA_312642_321666.wav,한별Lily_UCQDMDj3iImJBPQUFHYPL76A_zay9rlpcsVA,312642,321666,9024
한별Lily_UCQDMDj3iImJBPQUFHYPL76A_zay9rlpcsVA_322154_323282.wav,한별Lily_UCQDMDj3iImJBPQUFHYPL76A_zay9rlpcsVA,322154,323282,1128
한별Lily_UCQDMDj3iImJBPQUFHYPL76A_zay9rlpcsVA_323490_329531.wav,한별Lily_UCQDMDj3iImJBPQUFHYPL76A_zay9rlpcsVA,323490,329531,6041
한별Lily_UCQDMDj3iImJBPQUFHYPL76A_zay9rlpcsVA_329635_330555.wav,한별Lily_UCQDMDj3iImJBPQUFHYPL76A_zay9rlpcsVA,329635,330555,920
한별Lily_UCQDMDj3iImJBPQUFHYPL76A_zay9rlpcsVA_330667_332387.wav,한별Lily_UCQDMDj3iImJBPQUFHYPL76A_zay9rlpcsVA,330667,332387,1720
한별Lily_UCQDMDj3iImJBPQUFHYPL76A_zay9rlpcsVA_332483_344419.wav,한별Lily_UCQDMDj3iImJBPQUFHYPL76A_zay9rlpcsVA,332483,344419,11936
한별Lily_UCQDMDj3iImJBPQUFHYPL76A_zay9rlpcsVA_344499_351460.wav,한별Lily_UCQDMDj3iImJBPQUFHYPL76A_zay9rlpcsVA,344499,351460,6961
한별Lily_UCQDMDj3iImJBPQUFHYPL76A_zay9rlpcsVA_351588_353564.wav,한별Lily_UCQDMDj3iImJBPQUFHYPL76A_zay9rlpcsVA,351588,353564,1976
한별Lily_UCQDMDj3iImJBPQUFHYPL76A_zay9rlpcsVA_353724_355678.wav,한별Lily_UCQDMDj3iImJBPQUFHYPL76A_zay9rlpcsVA,353724,355678,1954
한별Lily_UCQDMDj3iImJBPQUFHYPL76A_zay9rlpcsVA_355806_358758.wav,한별Lily_UCQDMDj3iImJBPQUFHYPL76A_zay9rlpcsVA,355806,358758,2952
한별Lily_UCQDMDj3iImJBPQUFHYPL76A_zay9rlpcsVA_358894_367656.wav,한별Lily_UCQDMDj3iImJBPQUFHYPL76A_zay9rlpcsVA,358894,367656,8762
한별Lily_UCQDMDj3iImJBPQUFHYPL76A_zay9rlpcsVA_367776_375162.wav,한별Lily_UCQDMDj3iImJBPQUFHYPL76A_zay9rlpcsVA,367776,375162,7386
한별Lily_UCQDMDj3iImJBPQUFHYPL76A_zay9rlpcsVA_375442_378842.wav,한별Lily_UCQDMDj3iImJBPQUFHYPL76A_zay9rlpcsVA,375442,378842,3400
한별Lily_UCQDMDj3iImJBPQUFHYPL76A_zay9rlpcsVA_379186_381466.wav,한별Lily_UCQDMDj3iImJBPQUFHYPL76A_zay9rlpcsVA,379186,381466,2280
한별Lily_UCQDMDj3iImJBPQUFHYPL76A_zay9rlpcsVA_381842_388898.wav,한별Lily_UCQDMDj3iImJBPQUFHYPL76A_zay9rlpcsVA,381842,388898,7056
한별Lily_UCQDMDj3iImJBPQUFHYPL76A_zay9rlpcsVA_389178_393994.wav,한별Lily_UCQDMDj3iImJBPQUFHYPL76A_zay9rlpcsVA,389178,393994,4816
한별Lily_UCQDMDj3iImJBPQUFHYPL76A_zay9rlpcsVA_394506_400946.wav,한별Lily_UCQDMDj3iImJBPQUFHYPL76A_zay9rlpcsVA,394506,400946,6440
한별Lily_UCQDMDj3iImJBPQUFHYPL76A_zay9rlpcsVA_401114_406922.wav,한별Lily_UCQDMDj3iImJBPQUFHYPL76A_zay9rlpcsVA,401114,406922,5808
한별Lily_UCQDMDj3iImJBPQUFHYPL76A_zay9rlpcsVA_407266_407930.wav,한별Lily_UCQDMDj3iImJBPQUFHYPL76A_zay9rlpcsVA,407266,407930,664
한별Lily_UCQDMDj3iImJBPQUFHYPL76A_zay9rlpcsVA_408282_414826.wav,한별Lily_UCQDMDj3iImJBPQUFHYPL76A_zay9rlpcsVA,408282,414826,6544
한별Lily_UCQDMDj3iImJBPQUFHYPL76A_zay9rlpcsVA_415242_416178.wav,한별Lily_UCQDMDj3iImJBPQUFHYPL76A_zay9rlpcsVA,415242,416178,936
한별Lily_UCQDMDj3iImJBPQUFHYPL76A_zay9rlpcsVA_416450_417042.wav,한별Lily_UCQDMDj3iImJBPQUFHYPL76A_zay9rlpcsVA,416450,417042,592
한별Lily_UCQDMDj3iImJBPQUFHYPL76A_zay9rlpcsVA_417482_429770.wav,한별Lily_UCQDMDj3iImJBPQUFHYPL76A_zay9rlpcsVA,417482,429770,12288
한별Lily_UCQDMDj3iImJBPQUFHYPL76A_zay9rlpcsVA_430098_430410.wav,한별Lily_UCQDMDj3iImJBPQUFHYPL76A_zay9rlpcsVA,430098,430410,312
한별Lily_UCQDMDj3iImJBPQUFHYPL76A_zay9rlpcsVA_430554_438394.wav,한별Lily_UCQDMDj3iImJBPQUFHYPL76A_zay9rlpcsVA,430554,438394,7840
한별Lily_UCQDMDj3iImJBPQUFHYPL76A_zay9rlpcsVA_438538_441506.wav,한별Lily_UCQDMDj3iImJBPQUFHYPL76A_zay9rlpcsVA,438538,441506,2968
한별Lily_UCQDMDj3iImJBPQUFHYPL76A_zay9rlpcsVA_441650_448954.wav,한별Lily_UCQDMDj3iImJBPQUFHYPL76A_zay9rlpcsVA,441650,448954,7304
한별Lily_UCQDMDj3iImJBPQUFHYPL76A_zay9rlpcsVA_449218_450474.wav,한별Lily_UCQDMDj3iImJBPQUFHYPL76A_zay9rlpcsVA,449218,450474,1256
한별Lily_UCQDMDj3iImJBPQUFHYPL76A_zay9rlpcsVA_450938_459594.wav,한별Lily_UCQDMDj3iImJBPQUFHYPL76A_zay9rlpcsVA,450938,459594,8656
한별Lily_UCQDMDj3iImJBPQUFHYPL76A_zay9rlpcsVA_459746_470570.wav,한별Lily_UCQDMDj3iImJBPQUFHYPL76A_zay9rlpcsVA,459746,470570,10824
한별Lily_UCQDMDj3iImJBPQUFHYPL76A_zay9rlpcsVA_470674_475994.wav,한별Lily_UCQDMDj3iImJBPQUFHYPL76A_zay9rlpcsVA,470674,475994,5320
한별Lily_UCQDMDj3iImJBPQUFHYPL76A_zay9rlpcsVA_476162_482346.wav,한별Lily_UCQDMDj3iImJBPQUFHYPL76A_zay9rlpcsVA,476162,482346,6184
한별Lily_UCQDMDj3iImJBPQUFHYPL76A_zay9rlpcsVA_482554_483022.wav,한별Lily_UCQDMDj3iImJBPQUFHYPL76A_zay9rlpcsVA,482554,483022,468
한별Lily_UCQDMDj3iImJBPQUFHYPL76A_zay9rlpcsVA_483174_485928.wav,한별Lily_UCQDMDj3iImJBPQUFHYPL76A_zay9rlpcsVA,483174,485928,2754
한별Lily_UCQDMDj3iImJBPQUFHYPL76A_zay9rlpcsVA_486056_493673.wav,한별Lily_UCQDMDj3iImJBPQUFHYPL76A_zay9rlpcsVA,486056,493673,7617
한별Lily_UCQDMDj3iImJBPQUFHYPL76A_zay9rlpcsVA_493777_508153.wav,한별Lily_UCQDMDj3iImJBPQUFHYPL76A_zay9rlpcsVA,493777,508153,14376
한별Lily_UCQDMDj3iImJBPQUFHYPL76A_zay9rlpcsVA_508257_510818.wav,한별Lily_UCQDMDj3iImJBPQUFHYPL76A_zay9rlpcsVA,508257,510818,2561
한별Lily_UCQDMDj3iImJBPQUFHYPL76A_zay9rlpcsVA_511218_519086.wav,한별Lily_UCQDMDj3iImJBPQUFHYPL76A_zay9rlpcsVA,511218,519086,7868
한별Lily_UCQDMDj3iImJBPQUFHYPL76A_zay9rlpcsVA_519198_530130.wav,한별Lily_UCQDMDj3iImJBPQUFHYPL76A_zay9rlpcsVA,519198,530130,10932
한별Lily_UCQDMDj3iImJBPQUFHYPL76A_zay9rlpcsVA_530458_532378.wav,한별Lily_UCQDMDj3iImJBPQUFHYPL76A_zay9rlpcsVA,530458,532378,1920
한별Lily_UCQDMDj3iImJBPQUFHYPL76A_zay9rlpcsVA_532698_533250.wav,한별Lily_UCQDMDj3iImJBPQUFHYPL76A_zay9rlpcsVA,532698,533250,552
한별Lily_UCQDMDj3iImJBPQUFHYPL76A_zay9rlpcsVA_533538_536314.wav,한별Lily_UCQDMDj3iImJBPQUFHYPL76A_zay9rlpcsVA,533538,536314,2776
한별Lily_UCQDMDj3iImJBPQUFHYPL76A_zay9rlpcsVA_536762_550126.wav,한별Lily_UCQDMDj3iImJBPQUFHYPL76A_zay9rlpcsVA,536762,550126,13364
한별Lily_UCQDMDj3iImJBPQUFHYPL76A_zay9rlpcsVA_550238_554170.wav,한별Lily_UCQDMDj3iImJBPQUFHYPL76A_zay9rlpcsVA,550238,554170,3932
한별Lily_UCQDMDj3iImJBPQUFHYPL76A_zay9rlpcsVA_554450_558682.wav,한별Lily_UCQDMDj3iImJBPQUFHYPL76A_zay9rlpcsVA,554450,558682,4232
한별Lily_UCQDMDj3iImJBPQUFHYPL76A_zay9rlpcsVA_559090_561986.wav,한별Lily_UCQDMDj3iImJBPQUFHYPL76A_zay9rlpcsVA,559090,561986,2896
한별Lily_UCQDMDj3iImJBPQUFHYPL76A_zay9rlpcsVA_562090_574042.wav,한별Lily_UCQDMDj3iImJBPQUFHYPL76A_zay9rlpcsVA,562090,574042,11952
한별Lily_UCQDMDj3iImJBPQUFHYPL76A_zay9rlpcsVA_574154_574602.wav,한별Lily_UCQDMDj3iImJBPQUFHYPL76A_zay9rlpcsVA,574154,574602,448
한별Lily_UCQDMDj3iImJBPQUFHYPL76A_zay9rlpcsVA_574994_578730.wav,한별Lily_UCQDMDj3iImJBPQUFHYPL76A_zay9rlpcsVA,574994,578730,3736
한별Lily_UCQDMDj3iImJBPQUFHYPL76A_zay9rlpcsVA_579010_586418.wav,한별Lily_UCQDMDj3iImJBPQUFHYPL76A_zay9rlpcsVA,579010,586418,7408
한별Lily_UCQDMDj3iImJBPQUFHYPL76A_zay9rlpcsVA_586602_591338.wav,한별Lily_UCQDMDj3iImJBPQUFHYPL76A_zay9rlpcsVA,586602,591338,4736
한별Lily_UCQDMDj3iImJBPQUFHYPL76A_zay9rlpcsVA_591626_600898.wav,한별Lily_UCQDMDj3iImJBPQUFHYPL76A_zay9rlpcsVA,591626,600898,9272
한별Lily_UCQDMDj3iImJBPQUFHYPL76A_zay9rlpcsVA_601090_603170.wav,한별Lily_UCQDMDj3iImJBPQUFHYPL76A_zay9rlpcsVA,601090,603170,2080
한별Lily_UCQDMDj3iImJBPQUFHYPL76A_zay9rlpcsVA_603298_609866.wav,한별Lily_UCQDMDj3iImJBPQUFHYPL76A_zay9rlpcsVA,603298,609866,6568
한별Lily_UCQDMDj3iImJBPQUFHYPL76A_zay9rlpcsVA_610002_613274.wav,한별Lily_UCQDMDj3iImJBPQUFHYPL76A_zay9rlpcsVA,610002,613274,3272
한별Lily_UCQDMDj3iImJBPQUFHYPL76A_zay9rlpcsVA_613410_619586.wav,한별Lily_UCQDMDj3iImJBPQUFHYPL76A_zay9rlpcsVA,613410,619586,6176
한별Lily_UCQDMDj3iImJBPQUFHYPL76A_zay9rlpcsVA_619674_625674.wav,한별Lily_UCQDMDj3iImJBPQUFHYPL76A_zay9rlpcsVA,619674,625674,6000
한별Lily_UCQDMDj3iImJBPQUFHYPL76A_zay9rlpcsVA_625762_629114.wav,한별Lily_UCQDMDj3iImJBPQUFHYPL76A_zay9rlpcsVA,625762,629114,3352
한별Lily_UCQDMDj3iImJBPQUFHYPL76A_zay9rlpcsVA_629210_630234.wav,한별Lily_UCQDMDj3iImJBPQUFHYPL76A_zay9rlpcsVA,629210,630234,1024
한별Lily_UCQDMDj3iImJBPQUFHYPL76A_zay9rlpcsVA_630666_631994.wav,한별Lily_UCQDMDj3iImJBPQUFHYPL76A_zay9rlpcsVA,630666,631994,1328
한별Lily_UCQDMDj3iImJBPQUFHYPL76A_zay9rlpcsVA_632074_646306.wav,한별Lily_UCQDMDj3iImJBPQUFHYPL76A_zay9rlpcsVA,632074,646306,14232
한별Lily_UCQDMDj3iImJBPQUFHYPL76A_zay9rlpcsVA_646658_651826.wav,한별Lily_UCQDMDj3iImJBPQUFHYPL76A_zay9rlpcsVA,646658,651826,5168
한별Lily_UCQDMDj3iImJBPQUFHYPL76A_zay9rlpcsVA_651978_664338.wav,한별Lily_UCQDMDj3iImJBPQUFHYPL76A_zay9rlpcsVA,651978,664338,12360
한별Lily_UCQDMDj3iImJBPQUFHYPL76A_zay9rlpcsVA_664730_671754.wav,한별Lily_UCQDMDj3iImJBPQUFHYPL76A_zay9rlpcsVA,664730,671754,7024
한별Lily_UCQDMDj3iImJBPQUFHYPL76A_zay9rlpcsVA_671922_679666.wav,한별Lily_UCQDMDj3iImJBPQUFHYPL76A_zay9rlpcsVA,671922,679666,7744
한별Lily_UCQDMDj3iImJBPQUFHYPL76A_zay9rlpcsVA_679850_694746.wav,한별Lily_UCQDMDj3iImJBPQUFHYPL76A_zay9rlpcsVA,679850,694746,14896
한별Lily_UCQDMDj3iImJBPQUFHYPL76A_zay9rlpcsVA_694914_696890.wav,한별Lily_UCQDMDj3iImJBPQUFHYPL76A_zay9rlpcsVA,694914,696890,1976
한별Lily_UCQDMDj3iImJBPQUFHYPL76A_zay9rlpcsVA_697058_707474.wav,한별Lily_UCQDMDj3iImJBPQUFHYPL76A_zay9rlpcsVA,697058,707474,10416
한별Lily_UCQDMDj3iImJBPQUFHYPL76A_zay9rlpcsVA_708010_709370.wav,한별Lily_UCQDMDj3iImJBPQUFHYPL76A_zay9rlpcsVA,708010,709370,1360
한별Lily_UCQDMDj3iImJBPQUFHYPL76A_zay9rlpcsVA_709466_724074.wav,한별Lily_UCQDMDj3iImJBPQUFHYPL76A_zay9rlpcsVA,709466,724074,14608
한별Lily_UCQDMDj3iImJBPQUFHYPL76A_zay9rlpcsVA_724194_725162.wav,한별Lily_UCQDMDj3iImJBPQUFHYPL76A_zay9rlpcsVA,724194,725162,968
한별Lily_UCQDMDj3iImJBPQUFHYPL76A_zay9rlpcsVA_725290_731810.wav,한별Lily_UCQDMDj3iImJBPQUFHYPL76A_zay9rlpcsVA,725290,731810,6520
한별Lily_UCQDMDj3iImJBPQUFHYPL76A_zay9rlpcsVA_731954_737986.wav,한별Lily_UCQDMDj3iImJBPQUFHYPL76A_zay9rlpcsVA,731954,737986,6032
한별Lily_UCQDMDj3iImJBPQUFHYPL76A_zay9rlpcsVA_738114_742674.wav,한별Lily_UCQDMDj3iImJBPQUFHYPL76A_zay9rlpcsVA,738114,742674,4560
한별Lily_UCQDMDj3iImJBPQUFHYPL76A_zay9rlpcsVA_743018_747308.wav,한별Lily_UCQDMDj3iImJBPQUFHYPL76A_zay9rlpcsVA,743018,747308,4290
한별Lily_UCQDMDj3iImJBPQUFHYPL76A_zay9rlpcsVA_747428_767805.wav,한별Lily_UCQDMDj3iImJBPQUFHYPL76A_zay9rlpcsVA,747428,767805,20377
한별Lily_UCQDMDj3iImJBPQUFHYPL76A_zay9rlpcsVA_767933_772670.wav,한별Lily_UCQDMDj3iImJBPQUFHYPL76A_zay9rlpcsVA,767933,772670,4737
한별Lily_UCQDMDj3iImJBPQUFHYPL76A_zay9rlpcsVA_772910_779570.wav,한별Lily_UCQDMDj3iImJBPQUFHYPL76A_zay9rlpcsVA,772910,779570,6660
한별Lily_UCQDMDj3iImJBPQUFHYPL76A_zay9rlpcsVA_779826_785726.wav,한별Lily_UCQDMDj3iImJBPQUFHYPL76A_zay9rlpcsVA,779826,785726,5900
한별Lily_UCQDMDj3iImJBPQUFHYPL76A_zay9rlpcsVA_785958_791000.wav,한별Lily_UCQDMDj3iImJBPQUFHYPL76A_zay9rlpcsVA,785958,791000,5042
한별Lily_UCQDMDj3iImJBPQUFHYPL76A_zay9rlpcsVA_791184_796330.wav,한별Lily_UCQDMDj3iImJBPQUFHYPL76A_zay9rlpcsVA,791184,796330,5146
한별Lily_UCQDMDj3iImJBPQUFHYPL76A_zay9rlpcsVA_796634_803410.wav,한별Lily_UCQDMDj3iImJBPQUFHYPL76A_zay9rlpcsVA,796634,803410,6776
한별Lily_UCQDMDj3iImJBPQUFHYPL76A_zay9rlpcsVA_803762_812310.wav,한별Lily_UCQDMDj3iImJBPQUFHYPL76A_zay9rlpcsVA,803762,812310,8548
한별Lily_UCQDMDj3iImJBPQUFHYPL76A_zay9rlpcsVA_812510_823552.wav,한별Lily_UCQDMDj3iImJBPQUFHYPL76A_zay9rlpcsVA,812510,823552,11042
한별Lily_UCQDMDj3iImJBPQUFHYPL76A_zay9rlpcsVA_823720_832194.wav,한별Lily_UCQDMDj3iImJBPQUFHYPL76A_zay9rlpcsVA,823720,832194,8474
한별Lily_UCQDMDj3iImJBPQUFHYPL76A_zay9rlpcsVA_832466_841322.wav,한별Lily_UCQDMDj3iImJBPQUFHYPL76A_zay9rlpcsVA,832466,841322,8856
한별Lily_UCQDMDj3iImJBPQUFHYPL76A_zay9rlpcsVA_841594_845586.wav,한별Lily_UCQDMDj3iImJBPQUFHYPL76A_zay9rlpcsVA,841594,845586,3992
한별Lily_UCQDMDj3iImJBPQUFHYPL76A_zay9rlpcsVA_845866_851978.wav,한별Lily_UCQDMDj3iImJBPQUFHYPL76A_zay9rlpcsVA,845866,851978,6112
한별Lily_UCQDMDj3iImJBPQUFHYPL76A_zay9rlpcsVA_852178_856930.wav,한별Lily_UCQDMDj3iImJBPQUFHYPL76A_zay9rlpcsVA,852178,856930,4752
한별Lily_UCQDMDj3iImJBPQUFHYPL76A_zay9rlpcsVA_857082_858194.wav,한별Lily_UCQDMDj3iImJBPQUFHYPL76A_zay9rlpcsVA,857082,858194,1112
한별Lily_UCQDMDj3iImJBPQUFHYPL76A_zay9rlpcsVA_858626_860546.wav,한별Lily_UCQDMDj3iImJBPQUFHYPL76A_zay9rlpcsVA,858626,860546,1920
한별Lily_UCQDMDj3iImJBPQUFHYPL76A_zay9rlpcsVA_860698_863306.wav,한별Lily_UCQDMDj3iImJBPQUFHYPL76A_zay9rlpcsVA,860698,863306,2608
한별Lily_UCQDMDj3iImJBPQUFHYPL76A_zay9rlpcsVA_863482_872066.wav,한별Lily_UCQDMDj3iImJBPQUFHYPL76A_zay9rlpcsVA,863482,872066,8584
한별Lily_UCQDMDj3iImJBPQUFHYPL76A_zay9rlpcsVA_872482_876182.wav,한별Lily_UCQDMDj3iImJBPQUFHYPL76A_zay9rlpcsVA,872482,876182,3700
한별Lily_UCQDMDj3iImJBPQUFHYPL76A_zay9rlpcsVA_876406_884850.wav,한별Lily_UCQDMDj3iImJBPQUFHYPL76A_zay9rlpcsVA,876406,884850,8444
한별Lily_UCQDMDj3iImJBPQUFHYPL76A_zay9rlpcsVA_885186_890250.wav,한별Lily_UCQDMDj3iImJBPQUFHYPL76A_zay9rlpcsVA,885186,890250,5064
한별Lily_UCQDMDj3iImJBPQUFHYPL76A_zay9rlpcsVA_890386_896026.wav,한별Lily_UCQDMDj3iImJBPQUFHYPL76A_zay9rlpcsVA,890386,896026,5640
한별Lily_UCQDMDj3iImJBPQUFHYPL76A_zay9rlpcsVA_896282_901508.wav,한별Lily_UCQDMDj3iImJBPQUFHYPL76A_zay9rlpcsVA,896282,901508,5226
한별Lily_UCQDMDj3iImJBPQUFHYPL76A_zay9rlpcsVA_901652_907574.wav,한별Lily_UCQDMDj3iImJBPQUFHYPL76A_zay9rlpcsVA,901652,907574,5922
한별Lily_UCQDMDj3iImJBPQUFHYPL76A_zay9rlpcsVA_907790_922146.wav,한별Lily_UCQDMDj3iImJBPQUFHYPL76A_zay9rlpcsVA,907790,922146,14356
한별Lily_UCQDMDj3iImJBPQUFHYPL76A_zay9rlpcsVA_922650_934210.wav,한별Lily_UCQDMDj3iImJBPQUFHYPL76A_zay9rlpcsVA,922650,934210,11560
한별Lily_UCQDMDj3iImJBPQUFHYPL76A_zay9rlpcsVA_934538_940330.wav,한별Lily_UCQDMDj3iImJBPQUFHYPL76A_zay9rlpcsVA,934538,940330,5792
한별Lily_UCQDMDj3iImJBPQUFHYPL76A_zay9rlpcsVA_940818_947866.wav,한별Lily_UCQDMDj3iImJBPQUFHYPL76A_zay9rlpcsVA,940818,947866,7048
한별Lily_UCQDMDj3iImJBPQUFHYPL76A_zay9rlpcsVA_948402_951882.wav,한별Lily_UCQDMDj3iImJBPQUFHYPL76A_zay9rlpcsVA,948402,951882,3480
한별Lily_UCQDMDj3iImJBPQUFHYPL76A_zay9rlpcsVA_952242_958126.wav,한별Lily_UCQDMDj3iImJBPQUFHYPL76A_zay9rlpcsVA,952242,958126,5884
한별Lily_UCQDMDj3iImJBPQUFHYPL76A_zay9rlpcsVA_958302_959898.wav,한별Lily_UCQDMDj3iImJBPQUFHYPL76A_zay9rlpcsVA,958302,959898,1596
한별Lily_UCQDMDj3iImJBPQUFHYPL76A_zay9rlpcsVA_960154_966834.wav,한별Lily_UCQDMDj3iImJBPQUFHYPL76A_zay9rlpcsVA,960154,966834,6680
한별Lily_UCQDMDj3iImJBPQUFHYPL76A_zay9rlpcsVA_967490_980346.wav,한별Lily_UCQDMDj3iImJBPQUFHYPL76A_zay9rlpcsVA,967490,980346,12856
한별Lily_UCQDMDj3iImJBPQUFHYPL76A_zay9rlpcsVA_980506_986018.wav,한별Lily_UCQDMDj3iImJBPQUFHYPL76A_zay9rlpcsVA,980506,986018,5512
한별Lily_UCQDMDj3iImJBPQUFHYPL76A_zay9rlpcsVA_986210_987586.wav,한별Lily_UCQDMDj3iImJBPQUFHYPL76A_zay9rlpcsVA,986210,987586,1376
한별Lily_UCQDMDj3iImJBPQUFHYPL76A_zay9rlpcsVA_987762_997386.wav,한별Lily_UCQDMDj3iImJBPQUFHYPL76A_zay9rlpcsVA,987762,997386,9624
한별Lily_UCQDMDj3iImJBPQUFHYPL76A_zay9rlpcsVA_997586_1011946.wav,한별Lily_UCQDMDj3iImJBPQUFHYPL76A_zay9rlpcsVA,997586,1011946,14360
한별Lily_UCQDMDj3iImJBPQUFHYPL76A_zay9rlpcsVA_1012386_1016970.wav,한별Lily_UCQDMDj3iImJBPQUFHYPL76A_zay9rlpcsVA,1012386,1016970,4584
한별Lily_UCQDMDj3iImJBPQUFHYPL76A_zay9rlpcsVA_1017178_1035706.wav,한별Lily_UCQDMDj3iImJBPQUFHYPL76A_zay9rlpcsVA,1017178,1035706,18528
한별Lily_UCQDMDj3iImJBPQUFHYPL76A_zay9rlpcsVA_1035794_1044314.wav,한별Lily_UCQDMDj3iImJBPQUFHYPL76A_zay9rlpcsVA,1035794,1044314,8520
한별Lily_UCQDMDj3iImJBPQUFHYPL76A_zay9rlpcsVA_1044394_1046042.wav,한별Lily_UCQDMDj3iImJBPQUFHYPL76A_zay9rlpcsVA,1044394,1046042,1648
한별Lily_UCQDMDj3iImJBPQUFHYPL76A_zay9rlpcsVA_1046394_1057886.wav,한별Lily_UCQDMDj3iImJBPQUFHYPL76A_zay9rlpcsVA,1046394,1057886,11492
한별Lily_UCQDMDj3iImJBPQUFHYPL76A_zay9rlpcsVA_1058062_1065730.wav,한별Lily_UCQDMDj3iImJBPQUFHYPL76A_zay9rlpcsVA,1058062,1065730,7668
한별Lily_UCQDMDj3iImJBPQUFHYPL76A_zay9rlpcsVA_1066570_1078590.wav,한별Lily_UCQDMDj3iImJBPQUFHYPL76A_zay9rlpcsVA,1066570,1078590,12020
한별Lily_UCQDMDj3iImJBPQUFHYPL76A_zay9rlpcsVA_1078750_1082754.wav,한별Lily_UCQDMDj3iImJBPQUFHYPL76A_zay9rlpcsVA,1078750,1082754,4004
한별Lily_UCQDMDj3iImJBPQUFHYPL76A_zay9rlpcsVA_1083002_1092442.wav,한별Lily_UCQDMDj3iImJBPQUFHYPL76A_zay9rlpcsVA,1083002,1092442,9440
한별Lily_UCQDMDj3iImJBPQUFHYPL76A_zay9rlpcsVA_1092570_1102090.wav,한별Lily_UCQDMDj3iImJBPQUFHYPL76A_zay9rlpcsVA,1092570,1102090,9520
한별Lily_UCQDMDj3iImJBPQUFHYPL76A_zay9rlpcsVA_1102298_1110610.wav,한별Lily_UCQDMDj3iImJBPQUFHYPL76A_zay9rlpcsVA,1102298,1110610,8312
한별Lily_UCQDMDj3iImJBPQUFHYPL76A_zay9rlpcsVA_1111034_1123850.wav,한별Lily_UCQDMDj3iImJBPQUFHYPL76A_zay9rlpcsVA,1111034,1123850,12816
한별Lily_UCQDMDj3iImJBPQUFHYPL76A_zay9rlpcsVA_1124138_1128210.wav,한별Lily_UCQDMDj3iImJBPQUFHYPL76A_zay9rlpcsVA,1124138,1128210,4072
한별Lily_UCQDMDj3iImJBPQUFHYPL76A_zay9rlpcsVA_1128402_1134274.wav,한별Lily_UCQDMDj3iImJBPQUFHYPL76A_zay9rlpcsVA,1128402,1134274,5872
한별Lily_UCQDMDj3iImJBPQUFHYPL76A_zay9rlpcsVA_1134562_1141308.wav,한별Lily_UCQDMDj3iImJBPQUFHYPL76A_zay9rlpcsVA,1134562,1141308,6746
한별Lily_UCQDMDj3iImJBPQUFHYPL76A_zay9rlpcsVA_1141436_1153734.wav,한별Lily_UCQDMDj3iImJBPQUFHYPL76A_zay9rlpcsVA,1141436,1153734,12298
한별Lily_UCQDMDj3iImJBPQUFHYPL76A_zay9rlpcsVA_1153926_1157536.wav,한별Lily_UCQDMDj3iImJBPQUFHYPL76A_zay9rlpcsVA,1153926,1157536,3610
한별Lily_UCQDMDj3iImJBPQUFHYPL76A_zay9rlpcsVA_1157640_1162337.wav,한별Lily_UCQDMDj3iImJBPQUFHYPL76A_zay9rlpcsVA,1157640,1162337,4697
한별Lily_UCQDMDj3iImJBPQUFHYPL76A_zay9rlpcsVA_1162465_1176418.wav,한별Lily_UCQDMDj3iImJBPQUFHYPL76A_zay9rlpcsVA,1162465,1176418,13953
한별Lily_UCQDMDj3iImJBPQUFHYPL76A_zay9rlpcsVA_1176674_1180206.wav,한별Lily_UCQDMDj3iImJBPQUFHYPL76A_zay9rlpcsVA,1176674,1180206,3532
한별Lily_UCQDMDj3iImJBPQUFHYPL76A_zay9rlpcsVA_1180414_1184960.wav,한별Lily_UCQDMDj3iImJBPQUFHYPL76A_zay9rlpcsVA,1180414,1184960,4546
한별Lily_UCQDMDj3iImJBPQUFHYPL76A_zay9rlpcsVA_1185096_1186896.wav,한별Lily_UCQDMDj3iImJBPQUFHYPL76A_zay9rlpcsVA,1185096,1186896,1800
한별Lily_UCQDMDj3iImJBPQUFHYPL76A_zay9rlpcsVA_1187032_1198666.wav,한별Lily_UCQDMDj3iImJBPQUFHYPL76A_zay9rlpcsVA,1187032,1198666,11634
한별Lily_UCQDMDj3iImJBPQUFHYPL76A_zay9rlpcsVA_1198866_1204098.wav,한별Lily_UCQDMDj3iImJBPQUFHYPL76A_zay9rlpcsVA,1198866,1204098,5232
한별Lily_UCQDMDj3iImJBPQUFHYPL76A_zay9rlpcsVA_1204226_1214914.wav,한별Lily_UCQDMDj3iImJBPQUFHYPL76A_zay9rlpcsVA,1204226,1214914,10688
한별Lily_UCQDMDj3iImJBPQUFHYPL76A_zay9rlpcsVA_1215042_1219474.wav,한별Lily_UCQDMDj3iImJBPQUFHYPL76A_zay9rlpcsVA,1215042,1219474,4432
한별Lily_UCQDMDj3iImJBPQUFHYPL76A_zay9rlpcsVA_1219994_1226274.wav,한별Lily_UCQDMDj3iImJBPQUFHYPL76A_zay9rlpcsVA,1219994,1226274,6280
한별Lily_UCQDMDj3iImJBPQUFHYPL76A_zay9rlpcsVA_1226538_1229230.wav,한별Lily_UCQDMDj3iImJBPQUFHYPL76A_zay9rlpcsVA,1226538,1229230,2692
한별Lily_UCQDMDj3iImJBPQUFHYPL76A_zay9rlpcsVA_1229566_1238879.wav,한별Lily_UCQDMDj3iImJBPQUFHYPL76A_zay9rlpcsVA,1229566,1238879,9313
한별Lily_UCQDMDj3iImJBPQUFHYPL76A_zay9rlpcsVA_1238999_1258871.wav,한별Lily_UCQDMDj3iImJBPQUFHYPL76A_zay9rlpcsVA,1238999,1258871,19872
한별Lily_UCQDMDj3iImJBPQUFHYPL76A_zay9rlpcsVA_1258975_1270575.wav,한별Lily_UCQDMDj3iImJBPQUFHYPL76A_zay9rlpcsVA,1258975,1270575,11600
한별Lily_UCQDMDj3iImJBPQUFHYPL76A_zay9rlpcsVA_1270655_1280575.wav,한별Lily_UCQDMDj3iImJBPQUFHYPL76A_zay9rlpcsVA,1270655,1280575,9920
한별Lily_UCQDMDj3iImJBPQUFHYPL76A_zay9rlpcsVA_1280663_1282000.wav,한별Lily_UCQDMDj3iImJBPQUFHYPL76A_zay9rlpcsVA,1280663,1282000,1337
한별Lily_UCQDMDj3iImJBPQUFHYPL76A_zay9rlpcsVA_1282184_1288682.wav,한별Lily_UCQDMDj3iImJBPQUFHYPL76A_zay9rlpcsVA,1282184,1288682,6498
한별Lily_UCQDMDj3iImJBPQUFHYPL76A_zay9rlpcsVA_1288890_1302242.wav,한별Lily_UCQDMDj3iImJBPQUFHYPL76A_zay9rlpcsVA,1288890,1302242,13352
한별Lily_UCQDMDj3iImJBPQUFHYPL76A_zay9rlpcsVA_1302386_1303578.wav,한별Lily_UCQDMDj3iImJBPQUFHYPL76A_zay9rlpcsVA,1302386,1303578,1192
한별Lily_UCQDMDj3iImJBPQUFHYPL76A_zay9rlpcsVA_1303778_1311194.wav,한별Lily_UCQDMDj3iImJBPQUFHYPL76A_zay9rlpcsVA,1303778,1311194,7416
한별Lily_UCQDMDj3iImJBPQUFHYPL76A_zay9rlpcsVA_1311626_1320418.wav,한별Lily_UCQDMDj3iImJBPQUFHYPL76A_zay9rlpcsVA,1311626,1320418,8792
한별Lily_UCQDMDj3iImJBPQUFHYPL76A_zay9rlpcsVA_1320514_1329882.wav,한별Lily_UCQDMDj3iImJBPQUFHYPL76A_zay9rlpcsVA,1320514,1329882,9368
한별Lily_UCQDMDj3iImJBPQUFHYPL76A_zay9rlpcsVA_1329970_1333034.wav,한별Lily_UCQDMDj3iImJBPQUFHYPL76A_zay9rlpcsVA,1329970,1333034,3064
한별Lily_UCQDMDj3iImJBPQUFHYPL76A_zay9rlpcsVA_1333122_1339891.wav,한별Lily_UCQDMDj3iImJBPQUFHYPL76A_zay9rlpcsVA,1333122,1339891,6769
한별Lily_UCQDMDj3iImJBPQUFHYPL76A_zay9rlpcsVA_1340043_1344627.wav,한별Lily_UCQDMDj3iImJBPQUFHYPL76A_zay9rlpcsVA,1340043,1344627,4584
한별Lily_UCQDMDj3iImJBPQUFHYPL76A_zay9rlpcsVA_1344707_1358435.wav,한별Lily_UCQDMDj3iImJBPQUFHYPL76A_zay9rlpcsVA,1344707,1358435,13728
한별Lily_UCQDMDj3iImJBPQUFHYPL76A_zay9rlpcsVA_1358515_1360435.wav,한별Lily_UCQDMDj3iImJBPQUFHYPL76A_zay9rlpcsVA,1358515,1360435,1920
한별Lily_UCQDMDj3iImJBPQUFHYPL76A_zay9rlpcsVA_1360531_1365651.wav,한별Lily_UCQDMDj3iImJBPQUFHYPL76A_zay9rlpcsVA,1360531,1365651,5120
한별Lily_UCQDMDj3iImJBPQUFHYPL76A_zay9rlpcsVA_1366035_1367979.wav,한별Lily_UCQDMDj3iImJBPQUFHYPL76A_zay9rlpcsVA,1366035,1367979,1944
한별Lily_UCQDMDj3iImJBPQUFHYPL76A_zay9rlpcsVA_1368131_1373059.wav,한별Lily_UCQDMDj3iImJBPQUFHYPL76A_zay9rlpcsVA,1368131,1373059,4928
한별Lily_UCQDMDj3iImJBPQUFHYPL76A_zay9rlpcsVA_1373187_1385275.wav,한별Lily_UCQDMDj3iImJBPQUFHYPL76A_zay9rlpcsVA,1373187,1385275,12088
한별Lily_UCQDMDj3iImJBPQUFHYPL76A_zay9rlpcsVA_1385467_1394779.wav,한별Lily_UCQDMDj3iImJBPQUFHYPL76A_zay9rlpcsVA,1385467,1394779,9312
한별Lily_UCQDMDj3iImJBPQUFHYPL76A_zay9rlpcsVA_1394947_1395811.wav,한별Lily_UCQDMDj3iImJBPQUFHYPL76A_zay9rlpcsVA,1394947,1395811,864
한별Lily_UCQDMDj3iImJBPQUFHYPL76A_zay9rlpcsVA_1395995_1396323.wav,한별Lily_UCQDMDj3iImJBPQUFHYPL76A_zay9rlpcsVA,1395995,1396323,328
한별Lily_UCQDMDj3iImJBPQUFHYPL76A_zay9rlpcsVA_1396699_1398980.wav,한별Lily_UCQDMDj3iImJBPQUFHYPL76A_zay9rlpcsVA,1396699,1398980,2281
한별Lily_UCQDMDj3iImJBPQUFHYPL76A_zay9rlpcsVA_1399276_1401700.wav,한별Lily_UCQDMDj3iImJBPQUFHYPL76A_zay9rlpcsVA,1399276,1401700,2424
한별Lily_UCQDMDj3iImJBPQUFHYPL76A_zay9rlpcsVA_1401844_1403556.wav,한별Lily_UCQDMDj3iImJBPQUFHYPL76A_zay9rlpcsVA,1401844,1403556,1712
한별Lily_UCQDMDj3iImJBPQUFHYPL76A_zay9rlpcsVA_1403748_1412300.wav,한별Lily_UCQDMDj3iImJBPQUFHYPL76A_zay9rlpcsVA,1403748,1412300,8552
한별Lily_UCQDMDj3iImJBPQUFHYPL76A_zay9rlpcsVA_1412460_1420132.wav,한별Lily_UCQDMDj3iImJBPQUFHYPL76A_zay9rlpcsVA,1412460,1420132,7672
