filename,video_id,start_time,end_time,duration
Neens_UC6HiEwhJSkYCbTPtAJFKhLA_okfZ5bayMV0_144_7588.wav,Neens_UC6HiEwhJSkYCbTPtAJFKhLA_okfZ5bayMV0,144,7588,7444
Neens_UC6HiEwhJSkYCbTPtAJFKhLA_okfZ5bayMV0_7860_14016.wav,Neens_UC6HiEwhJSkYCbTPtAJFKhLA_okfZ5bayMV0,7860,14016,6156
Neens_UC6HiEwhJSkYCbTPtAJFKhLA_okfZ5bayMV0_14208_19448.wav,Neens_UC6HiEwhJSkYCbTPtAJFKhLA_okfZ5bayMV0,14208,19448,5240
Neens_UC6HiEwhJSkYCbTPtAJFKhLA_okfZ5bayMV0_19576_23504.wav,Neens_UC6HiEwhJSkYCbTPtAJFKhLA_okfZ5bayMV0,19576,23504,3928
Neens_UC6HiEwhJSkYCbTPtAJFKhLA_okfZ5bayMV0_23632_26472.wav,Neens_UC6HiEwhJSkYCbTPtAJFKhLA_okfZ5bayMV0,23632,26472,2840
Neens_UC6HiEwhJSkYCbTPtAJFKhLA_okfZ5bayMV0_26624_29569.wav,Neens_UC6HiEwhJSkYCbTPtAJFKhLA_okfZ5bayMV0,26624,29569,2945
Neens_UC6HiEwhJSkYCbTPtAJFKhLA_okfZ5bayMV0_29929_36817.wav,Neens_UC6HiEwhJSkYCbTPtAJFKhLA_okfZ5bayMV0,29929,36817,6888
Neens_UC6HiEwhJSkYCbTPtAJFKhLA_okfZ5bayMV0_37113_41665.wav,Neens_UC6HiEwhJSkYCbTPtAJFKhLA_okfZ5bayMV0,37113,41665,4552
Neens_UC6HiEwhJSkYCbTPtAJFKhLA_okfZ5bayMV0_42017_48873.wav,Neens_UC6HiEwhJSkYCbTPtAJFKhLA_okfZ5bayMV0,42017,48873,6856
Neens_UC6HiEwhJSkYCbTPtAJFKhLA_okfZ5bayMV0_49273_54349.wav,Neens_UC6HiEwhJSkYCbTPtAJFKhLA_okfZ5bayMV0,49273,54349,5076
Neens_UC6HiEwhJSkYCbTPtAJFKhLA_okfZ5bayMV0_54685_64257.wav,Neens_UC6HiEwhJSkYCbTPtAJFKhLA_okfZ5bayMV0,54685,64257,9572
Neens_UC6HiEwhJSkYCbTPtAJFKhLA_okfZ5bayMV0_64449_66257.wav,Neens_UC6HiEwhJSkYCbTPtAJFKhLA_okfZ5bayMV0,64449,66257,1808
Neens_UC6HiEwhJSkYCbTPtAJFKhLA_okfZ5bayMV0_66433_67617.wav,Neens_UC6HiEwhJSkYCbTPtAJFKhLA_okfZ5bayMV0,66433,67617,1184
Neens_UC6HiEwhJSkYCbTPtAJFKhLA_okfZ5bayMV0_69081_70921.wav,Neens_UC6HiEwhJSkYCbTPtAJFKhLA_okfZ5bayMV0,69081,70921,1840
Neens_UC6HiEwhJSkYCbTPtAJFKhLA_okfZ5bayMV0_71193_80345.wav,Neens_UC6HiEwhJSkYCbTPtAJFKhLA_okfZ5bayMV0,71193,80345,9152
Neens_UC6HiEwhJSkYCbTPtAJFKhLA_okfZ5bayMV0_80789_89405.wav,Neens_UC6HiEwhJSkYCbTPtAJFKhLA_okfZ5bayMV0,80789,89405,8616
Neens_UC6HiEwhJSkYCbTPtAJFKhLA_okfZ5bayMV0_89517_91797.wav,Neens_UC6HiEwhJSkYCbTPtAJFKhLA_okfZ5bayMV0,89517,91797,2280
Neens_UC6HiEwhJSkYCbTPtAJFKhLA_okfZ5bayMV0_92585_95713.wav,Neens_UC6HiEwhJSkYCbTPtAJFKhLA_okfZ5bayMV0,92585,95713,3128
Neens_UC6HiEwhJSkYCbTPtAJFKhLA_okfZ5bayMV0_95865_100913.wav,Neens_UC6HiEwhJSkYCbTPtAJFKhLA_okfZ5bayMV0,95865,100913,5048
Neens_UC6HiEwhJSkYCbTPtAJFKhLA_okfZ5bayMV0_101273_106305.wav,Neens_UC6HiEwhJSkYCbTPtAJFKhLA_okfZ5bayMV0,101273,106305,5032
Neens_UC6HiEwhJSkYCbTPtAJFKhLA_okfZ5bayMV0_106697_108609.wav,Neens_UC6HiEwhJSkYCbTPtAJFKhLA_okfZ5bayMV0,106697,108609,1912
Neens_UC6HiEwhJSkYCbTPtAJFKhLA_okfZ5bayMV0_108777_118281.wav,Neens_UC6HiEwhJSkYCbTPtAJFKhLA_okfZ5bayMV0,108777,118281,9504
Neens_UC6HiEwhJSkYCbTPtAJFKhLA_okfZ5bayMV0_118385_126217.wav,Neens_UC6HiEwhJSkYCbTPtAJFKhLA_okfZ5bayMV0,118385,126217,7832
Neens_UC6HiEwhJSkYCbTPtAJFKhLA_okfZ5bayMV0_126417_127401.wav,Neens_UC6HiEwhJSkYCbTPtAJFKhLA_okfZ5bayMV0,126417,127401,984
Neens_UC6HiEwhJSkYCbTPtAJFKhLA_okfZ5bayMV0_127697_134563.wav,Neens_UC6HiEwhJSkYCbTPtAJFKhLA_okfZ5bayMV0,127697,134563,6866
Neens_UC6HiEwhJSkYCbTPtAJFKhLA_okfZ5bayMV0_134715_139803.wav,Neens_UC6HiEwhJSkYCbTPtAJFKhLA_okfZ5bayMV0,134715,139803,5088
Neens_UC6HiEwhJSkYCbTPtAJFKhLA_okfZ5bayMV0_140171_140907.wav,Neens_UC6HiEwhJSkYCbTPtAJFKhLA_okfZ5bayMV0,140171,140907,736
Neens_UC6HiEwhJSkYCbTPtAJFKhLA_okfZ5bayMV0_141203_146351.wav,Neens_UC6HiEwhJSkYCbTPtAJFKhLA_okfZ5bayMV0,141203,146351,5148
Neens_UC6HiEwhJSkYCbTPtAJFKhLA_okfZ5bayMV0_146815_153755.wav,Neens_UC6HiEwhJSkYCbTPtAJFKhLA_okfZ5bayMV0,146815,153755,6940
Neens_UC6HiEwhJSkYCbTPtAJFKhLA_okfZ5bayMV0_154043_156155.wav,Neens_UC6HiEwhJSkYCbTPtAJFKhLA_okfZ5bayMV0,154043,156155,2112
Neens_UC6HiEwhJSkYCbTPtAJFKhLA_okfZ5bayMV0_156331_156459.wav,Neens_UC6HiEwhJSkYCbTPtAJFKhLA_okfZ5bayMV0,156331,156459,128
Neens_UC6HiEwhJSkYCbTPtAJFKhLA_okfZ5bayMV0_156683_165715.wav,Neens_UC6HiEwhJSkYCbTPtAJFKhLA_okfZ5bayMV0,156683,165715,9032
Neens_UC6HiEwhJSkYCbTPtAJFKhLA_okfZ5bayMV0_165971_170307.wav,Neens_UC6HiEwhJSkYCbTPtAJFKhLA_okfZ5bayMV0,165971,170307,4336
Neens_UC6HiEwhJSkYCbTPtAJFKhLA_okfZ5bayMV0_170507_174181.wav,Neens_UC6HiEwhJSkYCbTPtAJFKhLA_okfZ5bayMV0,170507,174181,3674
Neens_UC6HiEwhJSkYCbTPtAJFKhLA_okfZ5bayMV0_174333_178941.wav,Neens_UC6HiEwhJSkYCbTPtAJFKhLA_okfZ5bayMV0,174333,178941,4608
Neens_UC6HiEwhJSkYCbTPtAJFKhLA_okfZ5bayMV0_179045_181021.wav,Neens_UC6HiEwhJSkYCbTPtAJFKhLA_okfZ5bayMV0,179045,181021,1976
Neens_UC6HiEwhJSkYCbTPtAJFKhLA_okfZ5bayMV0_181133_188541.wav,Neens_UC6HiEwhJSkYCbTPtAJFKhLA_okfZ5bayMV0,181133,188541,7408
Neens_UC6HiEwhJSkYCbTPtAJFKhLA_okfZ5bayMV0_188813_189229.wav,Neens_UC6HiEwhJSkYCbTPtAJFKhLA_okfZ5bayMV0,188813,189229,416
Neens_UC6HiEwhJSkYCbTPtAJFKhLA_okfZ5bayMV0_189413_196445.wav,Neens_UC6HiEwhJSkYCbTPtAJFKhLA_okfZ5bayMV0,189413,196445,7032
Neens_UC6HiEwhJSkYCbTPtAJFKhLA_okfZ5bayMV0_196653_204461.wav,Neens_UC6HiEwhJSkYCbTPtAJFKhLA_okfZ5bayMV0,196653,204461,7808
Neens_UC6HiEwhJSkYCbTPtAJFKhLA_okfZ5bayMV0_204645_212989.wav,Neens_UC6HiEwhJSkYCbTPtAJFKhLA_okfZ5bayMV0,204645,212989,8344
Neens_UC6HiEwhJSkYCbTPtAJFKhLA_okfZ5bayMV0_213101_218309.wav,Neens_UC6HiEwhJSkYCbTPtAJFKhLA_okfZ5bayMV0,213101,218309,5208
Neens_UC6HiEwhJSkYCbTPtAJFKhLA_okfZ5bayMV0_218477_225917.wav,Neens_UC6HiEwhJSkYCbTPtAJFKhLA_okfZ5bayMV0,218477,225917,7440
Neens_UC6HiEwhJSkYCbTPtAJFKhLA_okfZ5bayMV0_226077_229129.wav,Neens_UC6HiEwhJSkYCbTPtAJFKhLA_okfZ5bayMV0,226077,229129,3052
Neens_UC6HiEwhJSkYCbTPtAJFKhLA_okfZ5bayMV0_229401_231569.wav,Neens_UC6HiEwhJSkYCbTPtAJFKhLA_okfZ5bayMV0,229401,231569,2168
Neens_UC6HiEwhJSkYCbTPtAJFKhLA_okfZ5bayMV0_231881_239869.wav,Neens_UC6HiEwhJSkYCbTPtAJFKhLA_okfZ5bayMV0,231881,239869,7988
Neens_UC6HiEwhJSkYCbTPtAJFKhLA_okfZ5bayMV0_239981_244061.wav,Neens_UC6HiEwhJSkYCbTPtAJFKhLA_okfZ5bayMV0,239981,244061,4080
Neens_UC6HiEwhJSkYCbTPtAJFKhLA_okfZ5bayMV0_244189_244337.wav,Neens_UC6HiEwhJSkYCbTPtAJFKhLA_okfZ5bayMV0,244189,244337,148
Neens_UC6HiEwhJSkYCbTPtAJFKhLA_okfZ5bayMV0_245145_245705.wav,Neens_UC6HiEwhJSkYCbTPtAJFKhLA_okfZ5bayMV0,245145,245705,560
Neens_UC6HiEwhJSkYCbTPtAJFKhLA_okfZ5bayMV0_246201_248305.wav,Neens_UC6HiEwhJSkYCbTPtAJFKhLA_okfZ5bayMV0,246201,248305,2104
Neens_UC6HiEwhJSkYCbTPtAJFKhLA_okfZ5bayMV0_248801_252289.wav,Neens_UC6HiEwhJSkYCbTPtAJFKhLA_okfZ5bayMV0,248801,252289,3488
Neens_UC6HiEwhJSkYCbTPtAJFKhLA_okfZ5bayMV0_253025_262401.wav,Neens_UC6HiEwhJSkYCbTPtAJFKhLA_okfZ5bayMV0,253025,262401,9376
Neens_UC6HiEwhJSkYCbTPtAJFKhLA_okfZ5bayMV0_262969_263673.wav,Neens_UC6HiEwhJSkYCbTPtAJFKhLA_okfZ5bayMV0,262969,263673,704
Neens_UC6HiEwhJSkYCbTPtAJFKhLA_okfZ5bayMV0_264889_270529.wav,Neens_UC6HiEwhJSkYCbTPtAJFKhLA_okfZ5bayMV0,264889,270529,5640
Neens_UC6HiEwhJSkYCbTPtAJFKhLA_okfZ5bayMV0_270865_272941.wav,Neens_UC6HiEwhJSkYCbTPtAJFKhLA_okfZ5bayMV0,270865,272941,2076
Neens_UC6HiEwhJSkYCbTPtAJFKhLA_okfZ5bayMV0_273101_279493.wav,Neens_UC6HiEwhJSkYCbTPtAJFKhLA_okfZ5bayMV0,273101,279493,6392
Neens_UC6HiEwhJSkYCbTPtAJFKhLA_okfZ5bayMV0_279613_285369.wav,Neens_UC6HiEwhJSkYCbTPtAJFKhLA_okfZ5bayMV0,279613,285369,5756
Neens_UC6HiEwhJSkYCbTPtAJFKhLA_okfZ5bayMV0_285921_286867.wav,Neens_UC6HiEwhJSkYCbTPtAJFKhLA_okfZ5bayMV0,285921,286867,946
Neens_UC6HiEwhJSkYCbTPtAJFKhLA_okfZ5bayMV0_287027_296883.wav,Neens_UC6HiEwhJSkYCbTPtAJFKhLA_okfZ5bayMV0,287027,296883,9856
Neens_UC6HiEwhJSkYCbTPtAJFKhLA_okfZ5bayMV0_297075_298075.wav,Neens_UC6HiEwhJSkYCbTPtAJFKhLA_okfZ5bayMV0,297075,298075,1000
Neens_UC6HiEwhJSkYCbTPtAJFKhLA_okfZ5bayMV0_298243_298835.wav,Neens_UC6HiEwhJSkYCbTPtAJFKhLA_okfZ5bayMV0,298243,298835,592
Neens_UC6HiEwhJSkYCbTPtAJFKhLA_okfZ5bayMV0_298987_299579.wav,Neens_UC6HiEwhJSkYCbTPtAJFKhLA_okfZ5bayMV0,298987,299579,592
Neens_UC6HiEwhJSkYCbTPtAJFKhLA_okfZ5bayMV0_299747_300997.wav,Neens_UC6HiEwhJSkYCbTPtAJFKhLA_okfZ5bayMV0,299747,300997,1250
Neens_UC6HiEwhJSkYCbTPtAJFKhLA_okfZ5bayMV0_301109_302773.wav,Neens_UC6HiEwhJSkYCbTPtAJFKhLA_okfZ5bayMV0,301109,302773,1664
Neens_UC6HiEwhJSkYCbTPtAJFKhLA_okfZ5bayMV0_302941_304553.wav,Neens_UC6HiEwhJSkYCbTPtAJFKhLA_okfZ5bayMV0,302941,304553,1612
Neens_UC6HiEwhJSkYCbTPtAJFKhLA_okfZ5bayMV0_305025_314169.wav,Neens_UC6HiEwhJSkYCbTPtAJFKhLA_okfZ5bayMV0,305025,314169,9144
Neens_UC6HiEwhJSkYCbTPtAJFKhLA_okfZ5bayMV0_314329_323721.wav,Neens_UC6HiEwhJSkYCbTPtAJFKhLA_okfZ5bayMV0,314329,323721,9392
Neens_UC6HiEwhJSkYCbTPtAJFKhLA_okfZ5bayMV0_324041_333841.wav,Neens_UC6HiEwhJSkYCbTPtAJFKhLA_okfZ5bayMV0,324041,333841,9800
Neens_UC6HiEwhJSkYCbTPtAJFKhLA_okfZ5bayMV0_335521_336105.wav,Neens_UC6HiEwhJSkYCbTPtAJFKhLA_okfZ5bayMV0,335521,336105,584
Neens_UC6HiEwhJSkYCbTPtAJFKhLA_okfZ5bayMV0_337617_339489.wav,Neens_UC6HiEwhJSkYCbTPtAJFKhLA_okfZ5bayMV0,337617,339489,1872
Neens_UC6HiEwhJSkYCbTPtAJFKhLA_okfZ5bayMV0_339753_342945.wav,Neens_UC6HiEwhJSkYCbTPtAJFKhLA_okfZ5bayMV0,339753,342945,3192
Neens_UC6HiEwhJSkYCbTPtAJFKhLA_okfZ5bayMV0_343441_348865.wav,Neens_UC6HiEwhJSkYCbTPtAJFKhLA_okfZ5bayMV0,343441,348865,5424
Neens_UC6HiEwhJSkYCbTPtAJFKhLA_okfZ5bayMV0_349465_350633.wav,Neens_UC6HiEwhJSkYCbTPtAJFKhLA_okfZ5bayMV0,349465,350633,1168
Neens_UC6HiEwhJSkYCbTPtAJFKhLA_okfZ5bayMV0_352921_353601.wav,Neens_UC6HiEwhJSkYCbTPtAJFKhLA_okfZ5bayMV0,352921,353601,680
Neens_UC6HiEwhJSkYCbTPtAJFKhLA_okfZ5bayMV0_354529_356689.wav,Neens_UC6HiEwhJSkYCbTPtAJFKhLA_okfZ5bayMV0,354529,356689,2160
Neens_UC6HiEwhJSkYCbTPtAJFKhLA_okfZ5bayMV0_356841_362489.wav,Neens_UC6HiEwhJSkYCbTPtAJFKhLA_okfZ5bayMV0,356841,362489,5648
Neens_UC6HiEwhJSkYCbTPtAJFKhLA_okfZ5bayMV0_362825_367337.wav,Neens_UC6HiEwhJSkYCbTPtAJFKhLA_okfZ5bayMV0,362825,367337,4512
Neens_UC6HiEwhJSkYCbTPtAJFKhLA_okfZ5bayMV0_367449_368969.wav,Neens_UC6HiEwhJSkYCbTPtAJFKhLA_okfZ5bayMV0,367449,368969,1520
Neens_UC6HiEwhJSkYCbTPtAJFKhLA_okfZ5bayMV0_369185_370553.wav,Neens_UC6HiEwhJSkYCbTPtAJFKhLA_okfZ5bayMV0,369185,370553,1368
Neens_UC6HiEwhJSkYCbTPtAJFKhLA_okfZ5bayMV0_370825_376977.wav,Neens_UC6HiEwhJSkYCbTPtAJFKhLA_okfZ5bayMV0,370825,376977,6152
Neens_UC6HiEwhJSkYCbTPtAJFKhLA_okfZ5bayMV0_377377_380145.wav,Neens_UC6HiEwhJSkYCbTPtAJFKhLA_okfZ5bayMV0,377377,380145,2768
Neens_UC6HiEwhJSkYCbTPtAJFKhLA_okfZ5bayMV0_380249_384969.wav,Neens_UC6HiEwhJSkYCbTPtAJFKhLA_okfZ5bayMV0,380249,384969,4720
Neens_UC6HiEwhJSkYCbTPtAJFKhLA_okfZ5bayMV0_385089_390921.wav,Neens_UC6HiEwhJSkYCbTPtAJFKhLA_okfZ5bayMV0,385089,390921,5832
Neens_UC6HiEwhJSkYCbTPtAJFKhLA_okfZ5bayMV0_391025_393601.wav,Neens_UC6HiEwhJSkYCbTPtAJFKhLA_okfZ5bayMV0,391025,393601,2576
Neens_UC6HiEwhJSkYCbTPtAJFKhLA_okfZ5bayMV0_394705_403461.wav,Neens_UC6HiEwhJSkYCbTPtAJFKhLA_okfZ5bayMV0,394705,403461,8756
Neens_UC6HiEwhJSkYCbTPtAJFKhLA_okfZ5bayMV0_403669_403813.wav,Neens_UC6HiEwhJSkYCbTPtAJFKhLA_okfZ5bayMV0,403669,403813,144
Neens_UC6HiEwhJSkYCbTPtAJFKhLA_okfZ5bayMV0_403989_408053.wav,Neens_UC6HiEwhJSkYCbTPtAJFKhLA_okfZ5bayMV0,403989,408053,4064
Neens_UC6HiEwhJSkYCbTPtAJFKhLA_okfZ5bayMV0_408229_414741.wav,Neens_UC6HiEwhJSkYCbTPtAJFKhLA_okfZ5bayMV0,408229,414741,6512
Neens_UC6HiEwhJSkYCbTPtAJFKhLA_okfZ5bayMV0_414901_416449.wav,Neens_UC6HiEwhJSkYCbTPtAJFKhLA_okfZ5bayMV0,414901,416449,1548
Neens_UC6HiEwhJSkYCbTPtAJFKhLA_okfZ5bayMV0_416601_418049.wav,Neens_UC6HiEwhJSkYCbTPtAJFKhLA_okfZ5bayMV0,416601,418049,1448
Neens_UC6HiEwhJSkYCbTPtAJFKhLA_okfZ5bayMV0_418153_420929.wav,Neens_UC6HiEwhJSkYCbTPtAJFKhLA_okfZ5bayMV0,418153,420929,2776
Neens_UC6HiEwhJSkYCbTPtAJFKhLA_okfZ5bayMV0_421033_421857.wav,Neens_UC6HiEwhJSkYCbTPtAJFKhLA_okfZ5bayMV0,421033,421857,824
Neens_UC6HiEwhJSkYCbTPtAJFKhLA_okfZ5bayMV0_422017_422569.wav,Neens_UC6HiEwhJSkYCbTPtAJFKhLA_okfZ5bayMV0,422017,422569,552
Neens_UC6HiEwhJSkYCbTPtAJFKhLA_okfZ5bayMV0_422721_429577.wav,Neens_UC6HiEwhJSkYCbTPtAJFKhLA_okfZ5bayMV0,422721,429577,6856
Neens_UC6HiEwhJSkYCbTPtAJFKhLA_okfZ5bayMV0_429681_433985.wav,Neens_UC6HiEwhJSkYCbTPtAJFKhLA_okfZ5bayMV0,429681,433985,4304
Neens_UC6HiEwhJSkYCbTPtAJFKhLA_okfZ5bayMV0_434489_438465.wav,Neens_UC6HiEwhJSkYCbTPtAJFKhLA_okfZ5bayMV0,434489,438465,3976
Neens_UC6HiEwhJSkYCbTPtAJFKhLA_okfZ5bayMV0_438713_445905.wav,Neens_UC6HiEwhJSkYCbTPtAJFKhLA_okfZ5bayMV0,438713,445905,7192
Neens_UC6HiEwhJSkYCbTPtAJFKhLA_okfZ5bayMV0_446073_447345.wav,Neens_UC6HiEwhJSkYCbTPtAJFKhLA_okfZ5bayMV0,446073,447345,1272
Neens_UC6HiEwhJSkYCbTPtAJFKhLA_okfZ5bayMV0_447737_447865.wav,Neens_UC6HiEwhJSkYCbTPtAJFKhLA_okfZ5bayMV0,447737,447865,128
Neens_UC6HiEwhJSkYCbTPtAJFKhLA_okfZ5bayMV0_448713_450733.wav,Neens_UC6HiEwhJSkYCbTPtAJFKhLA_okfZ5bayMV0,448713,450733,2020
Neens_UC6HiEwhJSkYCbTPtAJFKhLA_okfZ5bayMV0_450869_455029.wav,Neens_UC6HiEwhJSkYCbTPtAJFKhLA_okfZ5bayMV0,450869,455029,4160
Neens_UC6HiEwhJSkYCbTPtAJFKhLA_okfZ5bayMV0_455237_460949.wav,Neens_UC6HiEwhJSkYCbTPtAJFKhLA_okfZ5bayMV0,455237,460949,5712
Neens_UC6HiEwhJSkYCbTPtAJFKhLA_okfZ5bayMV0_461069_468165.wav,Neens_UC6HiEwhJSkYCbTPtAJFKhLA_okfZ5bayMV0,461069,468165,7096
Neens_UC6HiEwhJSkYCbTPtAJFKhLA_okfZ5bayMV0_468317_477053.wav,Neens_UC6HiEwhJSkYCbTPtAJFKhLA_okfZ5bayMV0,468317,477053,8736
Neens_UC6HiEwhJSkYCbTPtAJFKhLA_okfZ5bayMV0_477173_478837.wav,Neens_UC6HiEwhJSkYCbTPtAJFKhLA_okfZ5bayMV0,477173,478837,1664
Neens_UC6HiEwhJSkYCbTPtAJFKhLA_okfZ5bayMV0_479045_480557.wav,Neens_UC6HiEwhJSkYCbTPtAJFKhLA_okfZ5bayMV0,479045,480557,1512
Neens_UC6HiEwhJSkYCbTPtAJFKhLA_okfZ5bayMV0_480701_488941.wav,Neens_UC6HiEwhJSkYCbTPtAJFKhLA_okfZ5bayMV0,480701,488941,8240
Neens_UC6HiEwhJSkYCbTPtAJFKhLA_okfZ5bayMV0_489125_496485.wav,Neens_UC6HiEwhJSkYCbTPtAJFKhLA_okfZ5bayMV0,489125,496485,7360
Neens_UC6HiEwhJSkYCbTPtAJFKhLA_okfZ5bayMV0_496637_505073.wav,Neens_UC6HiEwhJSkYCbTPtAJFKhLA_okfZ5bayMV0,496637,505073,8436
Neens_UC6HiEwhJSkYCbTPtAJFKhLA_okfZ5bayMV0_505329_510833.wav,Neens_UC6HiEwhJSkYCbTPtAJFKhLA_okfZ5bayMV0,505329,510833,5504
Neens_UC6HiEwhJSkYCbTPtAJFKhLA_okfZ5bayMV0_511153_516306.wav,Neens_UC6HiEwhJSkYCbTPtAJFKhLA_okfZ5bayMV0,511153,516306,5153
Neens_UC6HiEwhJSkYCbTPtAJFKhLA_okfZ5bayMV0_516706_524331.wav,Neens_UC6HiEwhJSkYCbTPtAJFKhLA_okfZ5bayMV0,516706,524331,7625
Neens_UC6HiEwhJSkYCbTPtAJFKhLA_okfZ5bayMV0_524587_533300.wav,Neens_UC6HiEwhJSkYCbTPtAJFKhLA_okfZ5bayMV0,524587,533300,8713
Neens_UC6HiEwhJSkYCbTPtAJFKhLA_okfZ5bayMV0_533644_539292.wav,Neens_UC6HiEwhJSkYCbTPtAJFKhLA_okfZ5bayMV0,533644,539292,5648
Neens_UC6HiEwhJSkYCbTPtAJFKhLA_okfZ5bayMV0_539765_543741.wav,Neens_UC6HiEwhJSkYCbTPtAJFKhLA_okfZ5bayMV0,539765,543741,3976
Neens_UC6HiEwhJSkYCbTPtAJFKhLA_okfZ5bayMV0_544077_552969.wav,Neens_UC6HiEwhJSkYCbTPtAJFKhLA_okfZ5bayMV0,544077,552969,8892
Neens_UC6HiEwhJSkYCbTPtAJFKhLA_okfZ5bayMV0_553841_555941.wav,Neens_UC6HiEwhJSkYCbTPtAJFKhLA_okfZ5bayMV0,553841,555941,2100
Neens_UC6HiEwhJSkYCbTPtAJFKhLA_okfZ5bayMV0_556117_559397.wav,Neens_UC6HiEwhJSkYCbTPtAJFKhLA_okfZ5bayMV0,556117,559397,3280
Neens_UC6HiEwhJSkYCbTPtAJFKhLA_okfZ5bayMV0_559525_567277.wav,Neens_UC6HiEwhJSkYCbTPtAJFKhLA_okfZ5bayMV0,559525,567277,7752
Neens_UC6HiEwhJSkYCbTPtAJFKhLA_okfZ5bayMV0_567461_570725.wav,Neens_UC6HiEwhJSkYCbTPtAJFKhLA_okfZ5bayMV0,567461,570725,3264
Neens_UC6HiEwhJSkYCbTPtAJFKhLA_okfZ5bayMV0_570981_572173.wav,Neens_UC6HiEwhJSkYCbTPtAJFKhLA_okfZ5bayMV0,570981,572173,1192
Neens_UC6HiEwhJSkYCbTPtAJFKhLA_okfZ5bayMV0_572357_576453.wav,Neens_UC6HiEwhJSkYCbTPtAJFKhLA_okfZ5bayMV0,572357,576453,4096
Neens_UC6HiEwhJSkYCbTPtAJFKhLA_okfZ5bayMV0_576597_580137.wav,Neens_UC6HiEwhJSkYCbTPtAJFKhLA_okfZ5bayMV0,576597,580137,3540
Neens_UC6HiEwhJSkYCbTPtAJFKhLA_okfZ5bayMV0_580985_583209.wav,Neens_UC6HiEwhJSkYCbTPtAJFKhLA_okfZ5bayMV0,580985,583209,2224
Neens_UC6HiEwhJSkYCbTPtAJFKhLA_okfZ5bayMV0_583553_587329.wav,Neens_UC6HiEwhJSkYCbTPtAJFKhLA_okfZ5bayMV0,583553,587329,3776
Neens_UC6HiEwhJSkYCbTPtAJFKhLA_okfZ5bayMV0_587713_591169.wav,Neens_UC6HiEwhJSkYCbTPtAJFKhLA_okfZ5bayMV0,587713,591169,3456
Neens_UC6HiEwhJSkYCbTPtAJFKhLA_okfZ5bayMV0_591849_593513.wav,Neens_UC6HiEwhJSkYCbTPtAJFKhLA_okfZ5bayMV0,591849,593513,1664
Neens_UC6HiEwhJSkYCbTPtAJFKhLA_okfZ5bayMV0_594025_597273.wav,Neens_UC6HiEwhJSkYCbTPtAJFKhLA_okfZ5bayMV0,594025,597273,3248
Neens_UC6HiEwhJSkYCbTPtAJFKhLA_okfZ5bayMV0_597953_599865.wav,Neens_UC6HiEwhJSkYCbTPtAJFKhLA_okfZ5bayMV0,597953,599865,1912
Neens_UC6HiEwhJSkYCbTPtAJFKhLA_okfZ5bayMV0_600529_604001.wav,Neens_UC6HiEwhJSkYCbTPtAJFKhLA_okfZ5bayMV0,600529,604001,3472
Neens_UC6HiEwhJSkYCbTPtAJFKhLA_okfZ5bayMV0_604377_610747.wav,Neens_UC6HiEwhJSkYCbTPtAJFKhLA_okfZ5bayMV0,604377,610747,6370
Neens_UC6HiEwhJSkYCbTPtAJFKhLA_okfZ5bayMV0_611195_614597.wav,Neens_UC6HiEwhJSkYCbTPtAJFKhLA_okfZ5bayMV0,611195,614597,3402
Neens_UC6HiEwhJSkYCbTPtAJFKhLA_okfZ5bayMV0_614877_617049.wav,Neens_UC6HiEwhJSkYCbTPtAJFKhLA_okfZ5bayMV0,614877,617049,2172
Neens_UC6HiEwhJSkYCbTPtAJFKhLA_okfZ5bayMV0_617257_621385.wav,Neens_UC6HiEwhJSkYCbTPtAJFKhLA_okfZ5bayMV0,617257,621385,4128
Neens_UC6HiEwhJSkYCbTPtAJFKhLA_okfZ5bayMV0_621641_628201.wav,Neens_UC6HiEwhJSkYCbTPtAJFKhLA_okfZ5bayMV0,621641,628201,6560
Neens_UC6HiEwhJSkYCbTPtAJFKhLA_okfZ5bayMV0_628529_635433.wav,Neens_UC6HiEwhJSkYCbTPtAJFKhLA_okfZ5bayMV0,628529,635433,6904
Neens_UC6HiEwhJSkYCbTPtAJFKhLA_okfZ5bayMV0_635697_642953.wav,Neens_UC6HiEwhJSkYCbTPtAJFKhLA_okfZ5bayMV0,635697,642953,7256
Neens_UC6HiEwhJSkYCbTPtAJFKhLA_okfZ5bayMV0_643577_648073.wav,Neens_UC6HiEwhJSkYCbTPtAJFKhLA_okfZ5bayMV0,643577,648073,4496
Neens_UC6HiEwhJSkYCbTPtAJFKhLA_okfZ5bayMV0_648185_652969.wav,Neens_UC6HiEwhJSkYCbTPtAJFKhLA_okfZ5bayMV0,648185,652969,4784
Neens_UC6HiEwhJSkYCbTPtAJFKhLA_okfZ5bayMV0_653081_654193.wav,Neens_UC6HiEwhJSkYCbTPtAJFKhLA_okfZ5bayMV0,653081,654193,1112
Neens_UC6HiEwhJSkYCbTPtAJFKhLA_okfZ5bayMV0_654761_656593.wav,Neens_UC6HiEwhJSkYCbTPtAJFKhLA_okfZ5bayMV0,654761,656593,1832
Neens_UC6HiEwhJSkYCbTPtAJFKhLA_okfZ5bayMV0_656721_665625.wav,Neens_UC6HiEwhJSkYCbTPtAJFKhLA_okfZ5bayMV0,656721,665625,8904
Neens_UC6HiEwhJSkYCbTPtAJFKhLA_okfZ5bayMV0_665785_666185.wav,Neens_UC6HiEwhJSkYCbTPtAJFKhLA_okfZ5bayMV0,665785,666185,400
Neens_UC6HiEwhJSkYCbTPtAJFKhLA_okfZ5bayMV0_666321_668209.wav,Neens_UC6HiEwhJSkYCbTPtAJFKhLA_okfZ5bayMV0,666321,668209,1888
Neens_UC6HiEwhJSkYCbTPtAJFKhLA_okfZ5bayMV0_668369_673377.wav,Neens_UC6HiEwhJSkYCbTPtAJFKhLA_okfZ5bayMV0,668369,673377,5008
Neens_UC6HiEwhJSkYCbTPtAJFKhLA_okfZ5bayMV0_673489_682721.wav,Neens_UC6HiEwhJSkYCbTPtAJFKhLA_okfZ5bayMV0,673489,682721,9232
Neens_UC6HiEwhJSkYCbTPtAJFKhLA_okfZ5bayMV0_683057_685457.wav,Neens_UC6HiEwhJSkYCbTPtAJFKhLA_okfZ5bayMV0,683057,685457,2400
Neens_UC6HiEwhJSkYCbTPtAJFKhLA_okfZ5bayMV0_685641_686057.wav,Neens_UC6HiEwhJSkYCbTPtAJFKhLA_okfZ5bayMV0,685641,686057,416
Neens_UC6HiEwhJSkYCbTPtAJFKhLA_okfZ5bayMV0_686337_690361.wav,Neens_UC6HiEwhJSkYCbTPtAJFKhLA_okfZ5bayMV0,686337,690361,4024
Neens_UC6HiEwhJSkYCbTPtAJFKhLA_okfZ5bayMV0_690529_693217.wav,Neens_UC6HiEwhJSkYCbTPtAJFKhLA_okfZ5bayMV0,690529,693217,2688
Neens_UC6HiEwhJSkYCbTPtAJFKhLA_okfZ5bayMV0_693625_698929.wav,Neens_UC6HiEwhJSkYCbTPtAJFKhLA_okfZ5bayMV0,693625,698929,5304
Neens_UC6HiEwhJSkYCbTPtAJFKhLA_okfZ5bayMV0_699065_700425.wav,Neens_UC6HiEwhJSkYCbTPtAJFKhLA_okfZ5bayMV0,699065,700425,1360
Neens_UC6HiEwhJSkYCbTPtAJFKhLA_okfZ5bayMV0_700649_707769.wav,Neens_UC6HiEwhJSkYCbTPtAJFKhLA_okfZ5bayMV0,700649,707769,7120
Neens_UC6HiEwhJSkYCbTPtAJFKhLA_okfZ5bayMV0_707985_710073.wav,Neens_UC6HiEwhJSkYCbTPtAJFKhLA_okfZ5bayMV0,707985,710073,2088
Neens_UC6HiEwhJSkYCbTPtAJFKhLA_okfZ5bayMV0_710393_717569.wav,Neens_UC6HiEwhJSkYCbTPtAJFKhLA_okfZ5bayMV0,710393,717569,7176
Neens_UC6HiEwhJSkYCbTPtAJFKhLA_okfZ5bayMV0_717729_722985.wav,Neens_UC6HiEwhJSkYCbTPtAJFKhLA_okfZ5bayMV0,717729,722985,5256
Neens_UC6HiEwhJSkYCbTPtAJFKhLA_okfZ5bayMV0_723673_725425.wav,Neens_UC6HiEwhJSkYCbTPtAJFKhLA_okfZ5bayMV0,723673,725425,1752
Neens_UC6HiEwhJSkYCbTPtAJFKhLA_okfZ5bayMV0_725849_731465.wav,Neens_UC6HiEwhJSkYCbTPtAJFKhLA_okfZ5bayMV0,725849,731465,5616
Neens_UC6HiEwhJSkYCbTPtAJFKhLA_okfZ5bayMV0_731849_735809.wav,Neens_UC6HiEwhJSkYCbTPtAJFKhLA_okfZ5bayMV0,731849,735809,3960
Neens_UC6HiEwhJSkYCbTPtAJFKhLA_okfZ5bayMV0_735993_738377.wav,Neens_UC6HiEwhJSkYCbTPtAJFKhLA_okfZ5bayMV0,735993,738377,2384
Neens_UC6HiEwhJSkYCbTPtAJFKhLA_okfZ5bayMV0_738537_740337.wav,Neens_UC6HiEwhJSkYCbTPtAJFKhLA_okfZ5bayMV0,738537,740337,1800
Neens_UC6HiEwhJSkYCbTPtAJFKhLA_okfZ5bayMV0_740465_742345.wav,Neens_UC6HiEwhJSkYCbTPtAJFKhLA_okfZ5bayMV0,740465,742345,1880
Neens_UC6HiEwhJSkYCbTPtAJFKhLA_okfZ5bayMV0_742521_744081.wav,Neens_UC6HiEwhJSkYCbTPtAJFKhLA_okfZ5bayMV0,742521,744081,1560
Neens_UC6HiEwhJSkYCbTPtAJFKhLA_okfZ5bayMV0_744729_745017.wav,Neens_UC6HiEwhJSkYCbTPtAJFKhLA_okfZ5bayMV0,744729,745017,288
Neens_UC6HiEwhJSkYCbTPtAJFKhLA_okfZ5bayMV0_745321_745505.wav,Neens_UC6HiEwhJSkYCbTPtAJFKhLA_okfZ5bayMV0,745321,745505,184
Neens_UC6HiEwhJSkYCbTPtAJFKhLA_okfZ5bayMV0_745881_746730.wav,Neens_UC6HiEwhJSkYCbTPtAJFKhLA_okfZ5bayMV0,745881,746730,849
