filename,video_id,start_time,end_time,duration
AireenArellano_UCJqmGQTF2DgAEvV00Es6hTQ_854O5JEr76Q_0_5296.wav,AireenArellano_UCJqmGQTF2DgAEvV00Es6hTQ_854O5JEr76Q,0,5296,5296
AireenArellano_UCJqmGQTF2DgAEvV00Es6hTQ_854O5JEr76Q_5496_13312.wav,AireenArellano_UCJqmGQTF2DgAEvV00Es6hTQ_854O5JEr76Q,5496,13312,7816
AireenArellano_UCJqmGQTF2DgAEvV00Es6hTQ_854O5JEr76Q_13496_19224.wav,AireenArellano_UCJqmGQTF2DgAEvV00Es6hTQ_854O5JEr76Q,13496,19224,5728
AireenArellano_UCJqmGQTF2DgAEvV00Es6hTQ_854O5JEr76Q_19496_23968.wav,AireenArellano_UCJqmGQTF2DgAEvV00Es6hTQ_854O5JEr76Q,19496,23968,4472
AireenArellano_UCJqmGQTF2DgAEvV00Es6hTQ_854O5JEr76Q_24096_36320.wav,AireenArellano_UCJqmGQTF2DgAEvV00Es6hTQ_854O5JEr76Q,24096,36320,12224
AireenArellano_UCJqmGQTF2DgAEvV00Es6hTQ_854O5JEr76Q_36448_37016.wav,AireenArellano_UCJqmGQTF2DgAEvV00Es6hTQ_854O5JEr76Q,36448,37016,568
AireenArellano_UCJqmGQTF2DgAEvV00Es6hTQ_854O5JEr76Q_37144_38456.wav,AireenArellano_UCJqmGQTF2DgAEvV00Es6hTQ_854O5JEr76Q,37144,38456,1312
AireenArellano_UCJqmGQTF2DgAEvV00Es6hTQ_854O5JEr76Q_38848_49074.wav,AireenArellano_UCJqmGQTF2DgAEvV00Es6hTQ_854O5JEr76Q,38848,49074,10226
AireenArellano_UCJqmGQTF2DgAEvV00Es6hTQ_854O5JEr76Q_49162_54724.wav,AireenArellano_UCJqmGQTF2DgAEvV00Es6hTQ_854O5JEr76Q,49162,54724,5562
AireenArellano_UCJqmGQTF2DgAEvV00Es6hTQ_854O5JEr76Q_54804_59348.wav,AireenArellano_UCJqmGQTF2DgAEvV00Es6hTQ_854O5JEr76Q,54804,59348,4544
AireenArellano_UCJqmGQTF2DgAEvV00Es6hTQ_854O5JEr76Q_59428_60828.wav,AireenArellano_UCJqmGQTF2DgAEvV00Es6hTQ_854O5JEr76Q,59428,60828,1400
AireenArellano_UCJqmGQTF2DgAEvV00Es6hTQ_854O5JEr76Q_60916_67240.wav,AireenArellano_UCJqmGQTF2DgAEvV00Es6hTQ_854O5JEr76Q,60916,67240,6324
AireenArellano_UCJqmGQTF2DgAEvV00Es6hTQ_854O5JEr76Q_67624_76281.wav,AireenArellano_UCJqmGQTF2DgAEvV00Es6hTQ_854O5JEr76Q,67624,76281,8657
AireenArellano_UCJqmGQTF2DgAEvV00Es6hTQ_854O5JEr76Q_76449_80738.wav,AireenArellano_UCJqmGQTF2DgAEvV00Es6hTQ_854O5JEr76Q,76449,80738,4289
AireenArellano_UCJqmGQTF2DgAEvV00Es6hTQ_854O5JEr76Q_80946_82962.wav,AireenArellano_UCJqmGQTF2DgAEvV00Es6hTQ_854O5JEr76Q,80946,82962,2016
AireenArellano_UCJqmGQTF2DgAEvV00Es6hTQ_854O5JEr76Q_83106_95291.wav,AireenArellano_UCJqmGQTF2DgAEvV00Es6hTQ_854O5JEr76Q,83106,95291,12185
AireenArellano_UCJqmGQTF2DgAEvV00Es6hTQ_854O5JEr76Q_95459_102651.wav,AireenArellano_UCJqmGQTF2DgAEvV00Es6hTQ_854O5JEr76Q,95459,102651,7192
AireenArellano_UCJqmGQTF2DgAEvV00Es6hTQ_854O5JEr76Q_102835_104715.wav,AireenArellano_UCJqmGQTF2DgAEvV00Es6hTQ_854O5JEr76Q,102835,104715,1880
AireenArellano_UCJqmGQTF2DgAEvV00Es6hTQ_854O5JEr76Q_104891_117715.wav,AireenArellano_UCJqmGQTF2DgAEvV00Es6hTQ_854O5JEr76Q,104891,117715,12824
AireenArellano_UCJqmGQTF2DgAEvV00Es6hTQ_854O5JEr76Q_117891_130851.wav,AireenArellano_UCJqmGQTF2DgAEvV00Es6hTQ_854O5JEr76Q,117891,130851,12960
AireenArellano_UCJqmGQTF2DgAEvV00Es6hTQ_854O5JEr76Q_131115_140371.wav,AireenArellano_UCJqmGQTF2DgAEvV00Es6hTQ_854O5JEr76Q,131115,140371,9256
AireenArellano_UCJqmGQTF2DgAEvV00Es6hTQ_854O5JEr76Q_140539_149932.wav,AireenArellano_UCJqmGQTF2DgAEvV00Es6hTQ_854O5JEr76Q,140539,149932,9393
AireenArellano_UCJqmGQTF2DgAEvV00Es6hTQ_854O5JEr76Q_150196_164956.wav,AireenArellano_UCJqmGQTF2DgAEvV00Es6hTQ_854O5JEr76Q,150196,164956,14760
AireenArellano_UCJqmGQTF2DgAEvV00Es6hTQ_854O5JEr76Q_165084_169060.wav,AireenArellano_UCJqmGQTF2DgAEvV00Es6hTQ_854O5JEr76Q,165084,169060,3976
AireenArellano_UCJqmGQTF2DgAEvV00Es6hTQ_854O5JEr76Q_169252_169828.wav,AireenArellano_UCJqmGQTF2DgAEvV00Es6hTQ_854O5JEr76Q,169252,169828,576
AireenArellano_UCJqmGQTF2DgAEvV00Es6hTQ_854O5JEr76Q_170301_175486.wav,AireenArellano_UCJqmGQTF2DgAEvV00Es6hTQ_854O5JEr76Q,170301,175486,5185
AireenArellano_UCJqmGQTF2DgAEvV00Es6hTQ_854O5JEr76Q_176056_176252.wav,AireenArellano_UCJqmGQTF2DgAEvV00Es6hTQ_854O5JEr76Q,176056,176252,196
AireenArellano_UCJqmGQTF2DgAEvV00Es6hTQ_854O5JEr76Q_176908_186856.wav,AireenArellano_UCJqmGQTF2DgAEvV00Es6hTQ_854O5JEr76Q,176908,186856,9948
AireenArellano_UCJqmGQTF2DgAEvV00Es6hTQ_854O5JEr76Q_186992_192292.wav,AireenArellano_UCJqmGQTF2DgAEvV00Es6hTQ_854O5JEr76Q,186992,192292,5300
AireenArellano_UCJqmGQTF2DgAEvV00Es6hTQ_854O5JEr76Q_192988_196708.wav,AireenArellano_UCJqmGQTF2DgAEvV00Es6hTQ_854O5JEr76Q,192988,196708,3720
AireenArellano_UCJqmGQTF2DgAEvV00Es6hTQ_854O5JEr76Q_196876_197484.wav,AireenArellano_UCJqmGQTF2DgAEvV00Es6hTQ_854O5JEr76Q,196876,197484,608
AireenArellano_UCJqmGQTF2DgAEvV00Es6hTQ_854O5JEr76Q_197628_198044.wav,AireenArellano_UCJqmGQTF2DgAEvV00Es6hTQ_854O5JEr76Q,197628,198044,416
AireenArellano_UCJqmGQTF2DgAEvV00Es6hTQ_854O5JEr76Q_198172_212236.wav,AireenArellano_UCJqmGQTF2DgAEvV00Es6hTQ_854O5JEr76Q,198172,212236,14064
AireenArellano_UCJqmGQTF2DgAEvV00Es6hTQ_854O5JEr76Q_212316_214004.wav,AireenArellano_UCJqmGQTF2DgAEvV00Es6hTQ_854O5JEr76Q,212316,214004,1688
AireenArellano_UCJqmGQTF2DgAEvV00Es6hTQ_854O5JEr76Q_214108_218500.wav,AireenArellano_UCJqmGQTF2DgAEvV00Es6hTQ_854O5JEr76Q,214108,218500,4392
AireenArellano_UCJqmGQTF2DgAEvV00Es6hTQ_854O5JEr76Q_218604_230692.wav,AireenArellano_UCJqmGQTF2DgAEvV00Es6hTQ_854O5JEr76Q,218604,230692,12088
AireenArellano_UCJqmGQTF2DgAEvV00Es6hTQ_854O5JEr76Q_230860_241204.wav,AireenArellano_UCJqmGQTF2DgAEvV00Es6hTQ_854O5JEr76Q,230860,241204,10344
AireenArellano_UCJqmGQTF2DgAEvV00Es6hTQ_854O5JEr76Q_241332_243276.wav,AireenArellano_UCJqmGQTF2DgAEvV00Es6hTQ_854O5JEr76Q,241332,243276,1944
AireenArellano_UCJqmGQTF2DgAEvV00Es6hTQ_854O5JEr76Q_243484_255030.wav,AireenArellano_UCJqmGQTF2DgAEvV00Es6hTQ_854O5JEr76Q,243484,255030,11546
AireenArellano_UCJqmGQTF2DgAEvV00Es6hTQ_854O5JEr76Q_255134_264928.wav,AireenArellano_UCJqmGQTF2DgAEvV00Es6hTQ_854O5JEr76Q,255134,264928,9794
AireenArellano_UCJqmGQTF2DgAEvV00Es6hTQ_854O5JEr76Q_265144_268280.wav,AireenArellano_UCJqmGQTF2DgAEvV00Es6hTQ_854O5JEr76Q,265144,268280,3136
AireenArellano_UCJqmGQTF2DgAEvV00Es6hTQ_854O5JEr76Q_268528_278108.wav,AireenArellano_UCJqmGQTF2DgAEvV00Es6hTQ_854O5JEr76Q,268528,278108,9580
AireenArellano_UCJqmGQTF2DgAEvV00Es6hTQ_854O5JEr76Q_278420_279093.wav,AireenArellano_UCJqmGQTF2DgAEvV00Es6hTQ_854O5JEr76Q,278420,279093,673
AireenArellano_UCJqmGQTF2DgAEvV00Es6hTQ_854O5JEr76Q_279269_288198.wav,AireenArellano_UCJqmGQTF2DgAEvV00Es6hTQ_854O5JEr76Q,279269,288198,8929
AireenArellano_UCJqmGQTF2DgAEvV00Es6hTQ_854O5JEr76Q_288422_293582.wav,AireenArellano_UCJqmGQTF2DgAEvV00Es6hTQ_854O5JEr76Q,288422,293582,5160
AireenArellano_UCJqmGQTF2DgAEvV00Es6hTQ_854O5JEr76Q_293822_295127.wav,AireenArellano_UCJqmGQTF2DgAEvV00Es6hTQ_854O5JEr76Q,293822,295127,1305
AireenArellano_UCJqmGQTF2DgAEvV00Es6hTQ_854O5JEr76Q_295255_296927.wav,AireenArellano_UCJqmGQTF2DgAEvV00Es6hTQ_854O5JEr76Q,295255,296927,1672
AireenArellano_UCJqmGQTF2DgAEvV00Es6hTQ_854O5JEr76Q_297071_306520.wav,AireenArellano_UCJqmGQTF2DgAEvV00Es6hTQ_854O5JEr76Q,297071,306520,9449
AireenArellano_UCJqmGQTF2DgAEvV00Es6hTQ_854O5JEr76Q_307080_308104.wav,AireenArellano_UCJqmGQTF2DgAEvV00Es6hTQ_854O5JEr76Q,307080,308104,1024
AireenArellano_UCJqmGQTF2DgAEvV00Es6hTQ_854O5JEr76Q_308432_308928.wav,AireenArellano_UCJqmGQTF2DgAEvV00Es6hTQ_854O5JEr76Q,308432,308928,496
AireenArellano_UCJqmGQTF2DgAEvV00Es6hTQ_854O5JEr76Q_309336_311896.wav,AireenArellano_UCJqmGQTF2DgAEvV00Es6hTQ_854O5JEr76Q,309336,311896,2560
AireenArellano_UCJqmGQTF2DgAEvV00Es6hTQ_854O5JEr76Q_313224_320872.wav,AireenArellano_UCJqmGQTF2DgAEvV00Es6hTQ_854O5JEr76Q,313224,320872,7648
AireenArellano_UCJqmGQTF2DgAEvV00Es6hTQ_854O5JEr76Q_321200_324476.wav,AireenArellano_UCJqmGQTF2DgAEvV00Es6hTQ_854O5JEr76Q,321200,324476,3276
AireenArellano_UCJqmGQTF2DgAEvV00Es6hTQ_854O5JEr76Q_324604_331188.wav,AireenArellano_UCJqmGQTF2DgAEvV00Es6hTQ_854O5JEr76Q,324604,331188,6584
AireenArellano_UCJqmGQTF2DgAEvV00Es6hTQ_854O5JEr76Q_331316_334916.wav,AireenArellano_UCJqmGQTF2DgAEvV00Es6hTQ_854O5JEr76Q,331316,334916,3600
AireenArellano_UCJqmGQTF2DgAEvV00Es6hTQ_854O5JEr76Q_335044_335152.wav,AireenArellano_UCJqmGQTF2DgAEvV00Es6hTQ_854O5JEr76Q,335044,335152,108
AireenArellano_UCJqmGQTF2DgAEvV00Es6hTQ_854O5JEr76Q_335328_342672.wav,AireenArellano_UCJqmGQTF2DgAEvV00Es6hTQ_854O5JEr76Q,335328,342672,7344
AireenArellano_UCJqmGQTF2DgAEvV00Es6hTQ_854O5JEr76Q_342856_344376.wav,AireenArellano_UCJqmGQTF2DgAEvV00Es6hTQ_854O5JEr76Q,342856,344376,1520
AireenArellano_UCJqmGQTF2DgAEvV00Es6hTQ_854O5JEr76Q_345776_350592.wav,AireenArellano_UCJqmGQTF2DgAEvV00Es6hTQ_854O5JEr76Q,345776,350592,4816
AireenArellano_UCJqmGQTF2DgAEvV00Es6hTQ_854O5JEr76Q_351072_352472.wav,AireenArellano_UCJqmGQTF2DgAEvV00Es6hTQ_854O5JEr76Q,351072,352472,1400
AireenArellano_UCJqmGQTF2DgAEvV00Es6hTQ_854O5JEr76Q_352776_355920.wav,AireenArellano_UCJqmGQTF2DgAEvV00Es6hTQ_854O5JEr76Q,352776,355920,3144
AireenArellano_UCJqmGQTF2DgAEvV00Es6hTQ_854O5JEr76Q_356088_360816.wav,AireenArellano_UCJqmGQTF2DgAEvV00Es6hTQ_854O5JEr76Q,356088,360816,4728
AireenArellano_UCJqmGQTF2DgAEvV00Es6hTQ_854O5JEr76Q_361072_363448.wav,AireenArellano_UCJqmGQTF2DgAEvV00Es6hTQ_854O5JEr76Q,361072,363448,2376
AireenArellano_UCJqmGQTF2DgAEvV00Es6hTQ_854O5JEr76Q_363872_364944.wav,AireenArellano_UCJqmGQTF2DgAEvV00Es6hTQ_854O5JEr76Q,363872,364944,1072
AireenArellano_UCJqmGQTF2DgAEvV00Es6hTQ_854O5JEr76Q_365392_370048.wav,AireenArellano_UCJqmGQTF2DgAEvV00Es6hTQ_854O5JEr76Q,365392,370048,4656
AireenArellano_UCJqmGQTF2DgAEvV00Es6hTQ_854O5JEr76Q_370680_371520.wav,AireenArellano_UCJqmGQTF2DgAEvV00Es6hTQ_854O5JEr76Q,370680,371520,840
AireenArellano_UCJqmGQTF2DgAEvV00Es6hTQ_854O5JEr76Q_373472_376096.wav,AireenArellano_UCJqmGQTF2DgAEvV00Es6hTQ_854O5JEr76Q,373472,376096,2624
AireenArellano_UCJqmGQTF2DgAEvV00Es6hTQ_854O5JEr76Q_376832_378528.wav,AireenArellano_UCJqmGQTF2DgAEvV00Es6hTQ_854O5JEr76Q,376832,378528,1696
AireenArellano_UCJqmGQTF2DgAEvV00Es6hTQ_854O5JEr76Q_379048_379744.wav,AireenArellano_UCJqmGQTF2DgAEvV00Es6hTQ_854O5JEr76Q,379048,379744,696
AireenArellano_UCJqmGQTF2DgAEvV00Es6hTQ_854O5JEr76Q_380592_383208.wav,AireenArellano_UCJqmGQTF2DgAEvV00Es6hTQ_854O5JEr76Q,380592,383208,2616
AireenArellano_UCJqmGQTF2DgAEvV00Es6hTQ_854O5JEr76Q_383880_385088.wav,AireenArellano_UCJqmGQTF2DgAEvV00Es6hTQ_854O5JEr76Q,383880,385088,1208
AireenArellano_UCJqmGQTF2DgAEvV00Es6hTQ_854O5JEr76Q_386776_389424.wav,AireenArellano_UCJqmGQTF2DgAEvV00Es6hTQ_854O5JEr76Q,386776,389424,2648
AireenArellano_UCJqmGQTF2DgAEvV00Es6hTQ_854O5JEr76Q_389752_394884.wav,AireenArellano_UCJqmGQTF2DgAEvV00Es6hTQ_854O5JEr76Q,389752,394884,5132
AireenArellano_UCJqmGQTF2DgAEvV00Es6hTQ_854O5JEr76Q_395100_396726.wav,AireenArellano_UCJqmGQTF2DgAEvV00Es6hTQ_854O5JEr76Q,395100,396726,1626
AireenArellano_UCJqmGQTF2DgAEvV00Es6hTQ_854O5JEr76Q_396910_404023.wav,AireenArellano_UCJqmGQTF2DgAEvV00Es6hTQ_854O5JEr76Q,396910,404023,7113
AireenArellano_UCJqmGQTF2DgAEvV00Es6hTQ_854O5JEr76Q_404247_406520.wav,AireenArellano_UCJqmGQTF2DgAEvV00Es6hTQ_854O5JEr76Q,404247,406520,2273
AireenArellano_UCJqmGQTF2DgAEvV00Es6hTQ_854O5JEr76Q_407224_416376.wav,AireenArellano_UCJqmGQTF2DgAEvV00Es6hTQ_854O5JEr76Q,407224,416376,9152
AireenArellano_UCJqmGQTF2DgAEvV00Es6hTQ_854O5JEr76Q_416744_420124.wav,AireenArellano_UCJqmGQTF2DgAEvV00Es6hTQ_854O5JEr76Q,416744,420124,3380
AireenArellano_UCJqmGQTF2DgAEvV00Es6hTQ_854O5JEr76Q_420404_424414.wav,AireenArellano_UCJqmGQTF2DgAEvV00Es6hTQ_854O5JEr76Q,420404,424414,4010
AireenArellano_UCJqmGQTF2DgAEvV00Es6hTQ_854O5JEr76Q_424606_436616.wav,AireenArellano_UCJqmGQTF2DgAEvV00Es6hTQ_854O5JEr76Q,424606,436616,12010
AireenArellano_UCJqmGQTF2DgAEvV00Es6hTQ_854O5JEr76Q_436896_437352.wav,AireenArellano_UCJqmGQTF2DgAEvV00Es6hTQ_854O5JEr76Q,436896,437352,456
AireenArellano_UCJqmGQTF2DgAEvV00Es6hTQ_854O5JEr76Q_437696_446832.wav,AireenArellano_UCJqmGQTF2DgAEvV00Es6hTQ_854O5JEr76Q,437696,446832,9136
AireenArellano_UCJqmGQTF2DgAEvV00Es6hTQ_854O5JEr76Q_447120_449152.wav,AireenArellano_UCJqmGQTF2DgAEvV00Es6hTQ_854O5JEr76Q,447120,449152,2032
AireenArellano_UCJqmGQTF2DgAEvV00Es6hTQ_854O5JEr76Q_449640_450840.wav,AireenArellano_UCJqmGQTF2DgAEvV00Es6hTQ_854O5JEr76Q,449640,450840,1200
AireenArellano_UCJqmGQTF2DgAEvV00Es6hTQ_854O5JEr76Q_451104_453592.wav,AireenArellano_UCJqmGQTF2DgAEvV00Es6hTQ_854O5JEr76Q,451104,453592,2488
AireenArellano_UCJqmGQTF2DgAEvV00Es6hTQ_854O5JEr76Q_454400_454864.wav,AireenArellano_UCJqmGQTF2DgAEvV00Es6hTQ_854O5JEr76Q,454400,454864,464
AireenArellano_UCJqmGQTF2DgAEvV00Es6hTQ_854O5JEr76Q_455152_461786.wav,AireenArellano_UCJqmGQTF2DgAEvV00Es6hTQ_854O5JEr76Q,455152,461786,6634
AireenArellano_UCJqmGQTF2DgAEvV00Es6hTQ_854O5JEr76Q_461938_475692.wav,AireenArellano_UCJqmGQTF2DgAEvV00Es6hTQ_854O5JEr76Q,461938,475692,13754
AireenArellano_UCJqmGQTF2DgAEvV00Es6hTQ_854O5JEr76Q_475844_478876.wav,AireenArellano_UCJqmGQTF2DgAEvV00Es6hTQ_854O5JEr76Q,475844,478876,3032
AireenArellano_UCJqmGQTF2DgAEvV00Es6hTQ_854O5JEr76Q_479036_482944.wav,AireenArellano_UCJqmGQTF2DgAEvV00Es6hTQ_854O5JEr76Q,479036,482944,3908
AireenArellano_UCJqmGQTF2DgAEvV00Es6hTQ_854O5JEr76Q_483248_491316.wav,AireenArellano_UCJqmGQTF2DgAEvV00Es6hTQ_854O5JEr76Q,483248,491316,8068
AireenArellano_UCJqmGQTF2DgAEvV00Es6hTQ_854O5JEr76Q_491476_497320.wav,AireenArellano_UCJqmGQTF2DgAEvV00Es6hTQ_854O5JEr76Q,491476,497320,5844
AireenArellano_UCJqmGQTF2DgAEvV00Es6hTQ_854O5JEr76Q_497704_498408.wav,AireenArellano_UCJqmGQTF2DgAEvV00Es6hTQ_854O5JEr76Q,497704,498408,704
AireenArellano_UCJqmGQTF2DgAEvV00Es6hTQ_854O5JEr76Q_498704_503872.wav,AireenArellano_UCJqmGQTF2DgAEvV00Es6hTQ_854O5JEr76Q,498704,503872,5168
AireenArellano_UCJqmGQTF2DgAEvV00Es6hTQ_854O5JEr76Q_505136_509560.wav,AireenArellano_UCJqmGQTF2DgAEvV00Es6hTQ_854O5JEr76Q,505136,509560,4424
AireenArellano_UCJqmGQTF2DgAEvV00Es6hTQ_854O5JEr76Q_510048_518616.wav,AireenArellano_UCJqmGQTF2DgAEvV00Es6hTQ_854O5JEr76Q,510048,518616,8568
AireenArellano_UCJqmGQTF2DgAEvV00Es6hTQ_854O5JEr76Q_519152_523048.wav,AireenArellano_UCJqmGQTF2DgAEvV00Es6hTQ_854O5JEr76Q,519152,523048,3896
AireenArellano_UCJqmGQTF2DgAEvV00Es6hTQ_854O5JEr76Q_523656_525200.wav,AireenArellano_UCJqmGQTF2DgAEvV00Es6hTQ_854O5JEr76Q,523656,525200,1544
AireenArellano_UCJqmGQTF2DgAEvV00Es6hTQ_854O5JEr76Q_526416_528000.wav,AireenArellano_UCJqmGQTF2DgAEvV00Es6hTQ_854O5JEr76Q,526416,528000,1584
AireenArellano_UCJqmGQTF2DgAEvV00Es6hTQ_854O5JEr76Q_528768_530544.wav,AireenArellano_UCJqmGQTF2DgAEvV00Es6hTQ_854O5JEr76Q,528768,530544,1776
AireenArellano_UCJqmGQTF2DgAEvV00Es6hTQ_854O5JEr76Q_530816_531592.wav,AireenArellano_UCJqmGQTF2DgAEvV00Es6hTQ_854O5JEr76Q,530816,531592,776
AireenArellano_UCJqmGQTF2DgAEvV00Es6hTQ_854O5JEr76Q_532096_534304.wav,AireenArellano_UCJqmGQTF2DgAEvV00Es6hTQ_854O5JEr76Q,532096,534304,2208
AireenArellano_UCJqmGQTF2DgAEvV00Es6hTQ_854O5JEr76Q_534960_540024.wav,AireenArellano_UCJqmGQTF2DgAEvV00Es6hTQ_854O5JEr76Q,534960,540024,5064
AireenArellano_UCJqmGQTF2DgAEvV00Es6hTQ_854O5JEr76Q_540320_541064.wav,AireenArellano_UCJqmGQTF2DgAEvV00Es6hTQ_854O5JEr76Q,540320,541064,744
AireenArellano_UCJqmGQTF2DgAEvV00Es6hTQ_854O5JEr76Q_541824_544008.wav,AireenArellano_UCJqmGQTF2DgAEvV00Es6hTQ_854O5JEr76Q,541824,544008,2184
AireenArellano_UCJqmGQTF2DgAEvV00Es6hTQ_854O5JEr76Q_544336_544680.wav,AireenArellano_UCJqmGQTF2DgAEvV00Es6hTQ_854O5JEr76Q,544336,544680,344
AireenArellano_UCJqmGQTF2DgAEvV00Es6hTQ_854O5JEr76Q_545264_547680.wav,AireenArellano_UCJqmGQTF2DgAEvV00Es6hTQ_854O5JEr76Q,545264,547680,2416
AireenArellano_UCJqmGQTF2DgAEvV00Es6hTQ_854O5JEr76Q_548000_554616.wav,AireenArellano_UCJqmGQTF2DgAEvV00Es6hTQ_854O5JEr76Q,548000,554616,6616
AireenArellano_UCJqmGQTF2DgAEvV00Es6hTQ_854O5JEr76Q_555224_561832.wav,AireenArellano_UCJqmGQTF2DgAEvV00Es6hTQ_854O5JEr76Q,555224,561832,6608
AireenArellano_UCJqmGQTF2DgAEvV00Es6hTQ_854O5JEr76Q_562200_567616.wav,AireenArellano_UCJqmGQTF2DgAEvV00Es6hTQ_854O5JEr76Q,562200,567616,5416
AireenArellano_UCJqmGQTF2DgAEvV00Es6hTQ_854O5JEr76Q_568112_575756.wav,AireenArellano_UCJqmGQTF2DgAEvV00Es6hTQ_854O5JEr76Q,568112,575756,7644
AireenArellano_UCJqmGQTF2DgAEvV00Es6hTQ_854O5JEr76Q_575868_581180.wav,AireenArellano_UCJqmGQTF2DgAEvV00Es6hTQ_854O5JEr76Q,575868,581180,5312
AireenArellano_UCJqmGQTF2DgAEvV00Es6hTQ_854O5JEr76Q_581300_586180.wav,AireenArellano_UCJqmGQTF2DgAEvV00Es6hTQ_854O5JEr76Q,581300,586180,4880
AireenArellano_UCJqmGQTF2DgAEvV00Es6hTQ_854O5JEr76Q_586292_587376.wav,AireenArellano_UCJqmGQTF2DgAEvV00Es6hTQ_854O5JEr76Q,586292,587376,1084
AireenArellano_UCJqmGQTF2DgAEvV00Es6hTQ_854O5JEr76Q_587824_589856.wav,AireenArellano_UCJqmGQTF2DgAEvV00Es6hTQ_854O5JEr76Q,587824,589856,2032
AireenArellano_UCJqmGQTF2DgAEvV00Es6hTQ_854O5JEr76Q_590112_593712.wav,AireenArellano_UCJqmGQTF2DgAEvV00Es6hTQ_854O5JEr76Q,590112,593712,3600
AireenArellano_UCJqmGQTF2DgAEvV00Es6hTQ_854O5JEr76Q_594208_608832.wav,AireenArellano_UCJqmGQTF2DgAEvV00Es6hTQ_854O5JEr76Q,594208,608832,14624
AireenArellano_UCJqmGQTF2DgAEvV00Es6hTQ_854O5JEr76Q_609088_613698.wav,AireenArellano_UCJqmGQTF2DgAEvV00Es6hTQ_854O5JEr76Q,609088,613698,4610
AireenArellano_UCJqmGQTF2DgAEvV00Es6hTQ_854O5JEr76Q_613874_618644.wav,AireenArellano_UCJqmGQTF2DgAEvV00Es6hTQ_854O5JEr76Q,613874,618644,4770
AireenArellano_UCJqmGQTF2DgAEvV00Es6hTQ_854O5JEr76Q_619216_631872.wav,AireenArellano_UCJqmGQTF2DgAEvV00Es6hTQ_854O5JEr76Q,619216,631872,12656
AireenArellano_UCJqmGQTF2DgAEvV00Es6hTQ_854O5JEr76Q_631968_637416.wav,AireenArellano_UCJqmGQTF2DgAEvV00Es6hTQ_854O5JEr76Q,631968,637416,5448
AireenArellano_UCJqmGQTF2DgAEvV00Es6hTQ_854O5JEr76Q_637688_642264.wav,AireenArellano_UCJqmGQTF2DgAEvV00Es6hTQ_854O5JEr76Q,637688,642264,4576
AireenArellano_UCJqmGQTF2DgAEvV00Es6hTQ_854O5JEr76Q_642768_645610.wav,AireenArellano_UCJqmGQTF2DgAEvV00Es6hTQ_854O5JEr76Q,642768,645610,2842
AireenArellano_UCJqmGQTF2DgAEvV00Es6hTQ_854O5JEr76Q_645698_657972.wav,AireenArellano_UCJqmGQTF2DgAEvV00Es6hTQ_854O5JEr76Q,645698,657972,12274
AireenArellano_UCJqmGQTF2DgAEvV00Es6hTQ_854O5JEr76Q_658092_660000.wav,AireenArellano_UCJqmGQTF2DgAEvV00Es6hTQ_854O5JEr76Q,658092,660000,1908
AireenArellano_UCJqmGQTF2DgAEvV00Es6hTQ_854O5JEr76Q_660224_675140.wav,AireenArellano_UCJqmGQTF2DgAEvV00Es6hTQ_854O5JEr76Q,660224,675140,14916
AireenArellano_UCJqmGQTF2DgAEvV00Es6hTQ_854O5JEr76Q_675268_680816.wav,AireenArellano_UCJqmGQTF2DgAEvV00Es6hTQ_854O5JEr76Q,675268,680816,5548
AireenArellano_UCJqmGQTF2DgAEvV00Es6hTQ_854O5JEr76Q_681304_684848.wav,AireenArellano_UCJqmGQTF2DgAEvV00Es6hTQ_854O5JEr76Q,681304,684848,3544
AireenArellano_UCJqmGQTF2DgAEvV00Es6hTQ_854O5JEr76Q_685560_692024.wav,AireenArellano_UCJqmGQTF2DgAEvV00Es6hTQ_854O5JEr76Q,685560,692024,6464
AireenArellano_UCJqmGQTF2DgAEvV00Es6hTQ_854O5JEr76Q_692664_701904.wav,AireenArellano_UCJqmGQTF2DgAEvV00Es6hTQ_854O5JEr76Q,692664,701904,9240
AireenArellano_UCJqmGQTF2DgAEvV00Es6hTQ_854O5JEr76Q_702376_716736.wav,AireenArellano_UCJqmGQTF2DgAEvV00Es6hTQ_854O5JEr76Q,702376,716736,14360
AireenArellano_UCJqmGQTF2DgAEvV00Es6hTQ_854O5JEr76Q_717400_727128.wav,AireenArellano_UCJqmGQTF2DgAEvV00Es6hTQ_854O5JEr76Q,717400,727128,9728
AireenArellano_UCJqmGQTF2DgAEvV00Es6hTQ_854O5JEr76Q_727344_729304.wav,AireenArellano_UCJqmGQTF2DgAEvV00Es6hTQ_854O5JEr76Q,727344,729304,1960
AireenArellano_UCJqmGQTF2DgAEvV00Es6hTQ_854O5JEr76Q_729728_733912.wav,AireenArellano_UCJqmGQTF2DgAEvV00Es6hTQ_854O5JEr76Q,729728,733912,4184
AireenArellano_UCJqmGQTF2DgAEvV00Es6hTQ_854O5JEr76Q_734280_734808.wav,AireenArellano_UCJqmGQTF2DgAEvV00Es6hTQ_854O5JEr76Q,734280,734808,528
AireenArellano_UCJqmGQTF2DgAEvV00Es6hTQ_854O5JEr76Q_734976_749928.wav,AireenArellano_UCJqmGQTF2DgAEvV00Es6hTQ_854O5JEr76Q,734976,749928,14952
AireenArellano_UCJqmGQTF2DgAEvV00Es6hTQ_854O5JEr76Q_750672_755328.wav,AireenArellano_UCJqmGQTF2DgAEvV00Es6hTQ_854O5JEr76Q,750672,755328,4656
AireenArellano_UCJqmGQTF2DgAEvV00Es6hTQ_854O5JEr76Q_755704_756256.wav,AireenArellano_UCJqmGQTF2DgAEvV00Es6hTQ_854O5JEr76Q,755704,756256,552
AireenArellano_UCJqmGQTF2DgAEvV00Es6hTQ_854O5JEr76Q_756872_762970.wav,AireenArellano_UCJqmGQTF2DgAEvV00Es6hTQ_854O5JEr76Q,756872,762970,6098
AireenArellano_UCJqmGQTF2DgAEvV00Es6hTQ_854O5JEr76Q_763122_774134.wav,AireenArellano_UCJqmGQTF2DgAEvV00Es6hTQ_854O5JEr76Q,763122,774134,11012
AireenArellano_UCJqmGQTF2DgAEvV00Es6hTQ_854O5JEr76Q_774254_778586.wav,AireenArellano_UCJqmGQTF2DgAEvV00Es6hTQ_854O5JEr76Q,774254,778586,4332
AireenArellano_UCJqmGQTF2DgAEvV00Es6hTQ_854O5JEr76Q_778722_786602.wav,AireenArellano_UCJqmGQTF2DgAEvV00Es6hTQ_854O5JEr76Q,778722,786602,7880
AireenArellano_UCJqmGQTF2DgAEvV00Es6hTQ_854O5JEr76Q_787348_792340.wav,AireenArellano_UCJqmGQTF2DgAEvV00Es6hTQ_854O5JEr76Q,787348,792340,4992
AireenArellano_UCJqmGQTF2DgAEvV00Es6hTQ_854O5JEr76Q_792908_795200.wav,AireenArellano_UCJqmGQTF2DgAEvV00Es6hTQ_854O5JEr76Q,792908,795200,2292
AireenArellano_UCJqmGQTF2DgAEvV00Es6hTQ_854O5JEr76Q_795472_803840.wav,AireenArellano_UCJqmGQTF2DgAEvV00Es6hTQ_854O5JEr76Q,795472,803840,8368
AireenArellano_UCJqmGQTF2DgAEvV00Es6hTQ_854O5JEr76Q_804104_812416.wav,AireenArellano_UCJqmGQTF2DgAEvV00Es6hTQ_854O5JEr76Q,804104,812416,8312
AireenArellano_UCJqmGQTF2DgAEvV00Es6hTQ_854O5JEr76Q_812728_815960.wav,AireenArellano_UCJqmGQTF2DgAEvV00Es6hTQ_854O5JEr76Q,812728,815960,3232
AireenArellano_UCJqmGQTF2DgAEvV00Es6hTQ_854O5JEr76Q_816264_824218.wav,AireenArellano_UCJqmGQTF2DgAEvV00Es6hTQ_854O5JEr76Q,816264,824218,7954
AireenArellano_UCJqmGQTF2DgAEvV00Es6hTQ_854O5JEr76Q_824322_827130.wav,AireenArellano_UCJqmGQTF2DgAEvV00Es6hTQ_854O5JEr76Q,824322,827130,2808
AireenArellano_UCJqmGQTF2DgAEvV00Es6hTQ_854O5JEr76Q_827274_834044.wav,AireenArellano_UCJqmGQTF2DgAEvV00Es6hTQ_854O5JEr76Q,827274,834044,6770
AireenArellano_UCJqmGQTF2DgAEvV00Es6hTQ_854O5JEr76Q_834148_838620.wav,AireenArellano_UCJqmGQTF2DgAEvV00Es6hTQ_854O5JEr76Q,834148,838620,4472
AireenArellano_UCJqmGQTF2DgAEvV00Es6hTQ_854O5JEr76Q_838732_849168.wav,AireenArellano_UCJqmGQTF2DgAEvV00Es6hTQ_854O5JEr76Q,838732,849168,10436
AireenArellano_UCJqmGQTF2DgAEvV00Es6hTQ_854O5JEr76Q_849376_856064.wav,AireenArellano_UCJqmGQTF2DgAEvV00Es6hTQ_854O5JEr76Q,849376,856064,6688
AireenArellano_UCJqmGQTF2DgAEvV00Es6hTQ_854O5JEr76Q_856352_856864.wav,AireenArellano_UCJqmGQTF2DgAEvV00Es6hTQ_854O5JEr76Q,856352,856864,512
AireenArellano_UCJqmGQTF2DgAEvV00Es6hTQ_854O5JEr76Q_857232_866032.wav,AireenArellano_UCJqmGQTF2DgAEvV00Es6hTQ_854O5JEr76Q,857232,866032,8800
AireenArellano_UCJqmGQTF2DgAEvV00Es6hTQ_854O5JEr76Q_866344_880752.wav,AireenArellano_UCJqmGQTF2DgAEvV00Es6hTQ_854O5JEr76Q,866344,880752,14408
AireenArellano_UCJqmGQTF2DgAEvV00Es6hTQ_854O5JEr76Q_881032_881144.wav,AireenArellano_UCJqmGQTF2DgAEvV00Es6hTQ_854O5JEr76Q,881032,881144,112
AireenArellano_UCJqmGQTF2DgAEvV00Es6hTQ_854O5JEr76Q_881520_883352.wav,AireenArellano_UCJqmGQTF2DgAEvV00Es6hTQ_854O5JEr76Q,881520,883352,1832
AireenArellano_UCJqmGQTF2DgAEvV00Es6hTQ_854O5JEr76Q_883688_889752.wav,AireenArellano_UCJqmGQTF2DgAEvV00Es6hTQ_854O5JEr76Q,883688,889752,6064
AireenArellano_UCJqmGQTF2DgAEvV00Es6hTQ_854O5JEr76Q_889952_891904.wav,AireenArellano_UCJqmGQTF2DgAEvV00Es6hTQ_854O5JEr76Q,889952,891904,1952
AireenArellano_UCJqmGQTF2DgAEvV00Es6hTQ_854O5JEr76Q_892232_893256.wav,AireenArellano_UCJqmGQTF2DgAEvV00Es6hTQ_854O5JEr76Q,892232,893256,1024
AireenArellano_UCJqmGQTF2DgAEvV00Es6hTQ_854O5JEr76Q_893656_894616.wav,AireenArellano_UCJqmGQTF2DgAEvV00Es6hTQ_854O5JEr76Q,893656,894616,960
AireenArellano_UCJqmGQTF2DgAEvV00Es6hTQ_854O5JEr76Q_895064_895912.wav,AireenArellano_UCJqmGQTF2DgAEvV00Es6hTQ_854O5JEr76Q,895064,895912,848
AireenArellano_UCJqmGQTF2DgAEvV00Es6hTQ_854O5JEr76Q_896184_898040.wav,AireenArellano_UCJqmGQTF2DgAEvV00Es6hTQ_854O5JEr76Q,896184,898040,1856
AireenArellano_UCJqmGQTF2DgAEvV00Es6hTQ_854O5JEr76Q_898384_901724.wav,AireenArellano_UCJqmGQTF2DgAEvV00Es6hTQ_854O5JEr76Q,898384,901724,3340
AireenArellano_UCJqmGQTF2DgAEvV00Es6hTQ_854O5JEr76Q_901900_909012.wav,AireenArellano_UCJqmGQTF2DgAEvV00Es6hTQ_854O5JEr76Q,901900,909012,7112
AireenArellano_UCJqmGQTF2DgAEvV00Es6hTQ_854O5JEr76Q_909164_915140.wav,AireenArellano_UCJqmGQTF2DgAEvV00Es6hTQ_854O5JEr76Q,909164,915140,5976
AireenArellano_UCJqmGQTF2DgAEvV00Es6hTQ_854O5JEr76Q_915308_920884.wav,AireenArellano_UCJqmGQTF2DgAEvV00Es6hTQ_854O5JEr76Q,915308,920884,5576
AireenArellano_UCJqmGQTF2DgAEvV00Es6hTQ_854O5JEr76Q_921060_931364.wav,AireenArellano_UCJqmGQTF2DgAEvV00Es6hTQ_854O5JEr76Q,921060,931364,10304
AireenArellano_UCJqmGQTF2DgAEvV00Es6hTQ_854O5JEr76Q_931532_932696.wav,AireenArellano_UCJqmGQTF2DgAEvV00Es6hTQ_854O5JEr76Q,931532,932696,1164
AireenArellano_UCJqmGQTF2DgAEvV00Es6hTQ_854O5JEr76Q_933176_938304.wav,AireenArellano_UCJqmGQTF2DgAEvV00Es6hTQ_854O5JEr76Q,933176,938304,5128
AireenArellano_UCJqmGQTF2DgAEvV00Es6hTQ_854O5JEr76Q_938824_946632.wav,AireenArellano_UCJqmGQTF2DgAEvV00Es6hTQ_854O5JEr76Q,938824,946632,7808
AireenArellano_UCJqmGQTF2DgAEvV00Es6hTQ_854O5JEr76Q_946952_958632.wav,AireenArellano_UCJqmGQTF2DgAEvV00Es6hTQ_854O5JEr76Q,946952,958632,11680
AireenArellano_UCJqmGQTF2DgAEvV00Es6hTQ_854O5JEr76Q_958768_961512.wav,AireenArellano_UCJqmGQTF2DgAEvV00Es6hTQ_854O5JEr76Q,958768,961512,2744
AireenArellano_UCJqmGQTF2DgAEvV00Es6hTQ_854O5JEr76Q_961648_965545.wav,AireenArellano_UCJqmGQTF2DgAEvV00Es6hTQ_854O5JEr76Q,961648,965545,3897
AireenArellano_UCJqmGQTF2DgAEvV00Es6hTQ_854O5JEr76Q_965978_968244.wav,AireenArellano_UCJqmGQTF2DgAEvV00Es6hTQ_854O5JEr76Q,965978,968244,2266
AireenArellano_UCJqmGQTF2DgAEvV00Es6hTQ_854O5JEr76Q_968484_977804.wav,AireenArellano_UCJqmGQTF2DgAEvV00Es6hTQ_854O5JEr76Q,968484,977804,9320
AireenArellano_UCJqmGQTF2DgAEvV00Es6hTQ_854O5JEr76Q_978320_980576.wav,AireenArellano_UCJqmGQTF2DgAEvV00Es6hTQ_854O5JEr76Q,978320,980576,2256
AireenArellano_UCJqmGQTF2DgAEvV00Es6hTQ_854O5JEr76Q_980848_988472.wav,AireenArellano_UCJqmGQTF2DgAEvV00Es6hTQ_854O5JEr76Q,980848,988472,7624
AireenArellano_UCJqmGQTF2DgAEvV00Es6hTQ_854O5JEr76Q_988776_995952.wav,AireenArellano_UCJqmGQTF2DgAEvV00Es6hTQ_854O5JEr76Q,988776,995952,7176
AireenArellano_UCJqmGQTF2DgAEvV00Es6hTQ_854O5JEr76Q_996240_996480.wav,AireenArellano_UCJqmGQTF2DgAEvV00Es6hTQ_854O5JEr76Q,996240,996480,240
AireenArellano_UCJqmGQTF2DgAEvV00Es6hTQ_854O5JEr76Q_996480_996620.wav,AireenArellano_UCJqmGQTF2DgAEvV00Es6hTQ_854O5JEr76Q,996480,996620,140
AireenArellano_UCJqmGQTF2DgAEvV00Es6hTQ_854O5JEr76Q_997020_1005512.wav,AireenArellano_UCJqmGQTF2DgAEvV00Es6hTQ_854O5JEr76Q,997020,1005512,8492
AireenArellano_UCJqmGQTF2DgAEvV00Es6hTQ_854O5JEr76Q_1005752_1006728.wav,AireenArellano_UCJqmGQTF2DgAEvV00Es6hTQ_854O5JEr76Q,1005752,1006728,976
AireenArellano_UCJqmGQTF2DgAEvV00Es6hTQ_854O5JEr76Q_1007056_1010032.wav,AireenArellano_UCJqmGQTF2DgAEvV00Es6hTQ_854O5JEr76Q,1007056,1010032,2976
AireenArellano_UCJqmGQTF2DgAEvV00Es6hTQ_854O5JEr76Q_1010184_1014980.wav,AireenArellano_UCJqmGQTF2DgAEvV00Es6hTQ_854O5JEr76Q,1010184,1014980,4796
AireenArellano_UCJqmGQTF2DgAEvV00Es6hTQ_854O5JEr76Q_1015132_1021296.wav,AireenArellano_UCJqmGQTF2DgAEvV00Es6hTQ_854O5JEr76Q,1015132,1021296,6164
AireenArellano_UCJqmGQTF2DgAEvV00Es6hTQ_854O5JEr76Q_1021696_1022960.wav,AireenArellano_UCJqmGQTF2DgAEvV00Es6hTQ_854O5JEr76Q,1021696,1022960,1264
AireenArellano_UCJqmGQTF2DgAEvV00Es6hTQ_854O5JEr76Q_1023584_1037888.wav,AireenArellano_UCJqmGQTF2DgAEvV00Es6hTQ_854O5JEr76Q,1023584,1037888,14304
AireenArellano_UCJqmGQTF2DgAEvV00Es6hTQ_854O5JEr76Q_1038144_1041364.wav,AireenArellano_UCJqmGQTF2DgAEvV00Es6hTQ_854O5JEr76Q,1038144,1041364,3220
AireenArellano_UCJqmGQTF2DgAEvV00Es6hTQ_854O5JEr76Q_1041500_1042630.wav,AireenArellano_UCJqmGQTF2DgAEvV00Es6hTQ_854O5JEr76Q,1041500,1042630,1130
AireenArellano_UCJqmGQTF2DgAEvV00Es6hTQ_854O5JEr76Q_1042750_1057296.wav,AireenArellano_UCJqmGQTF2DgAEvV00Es6hTQ_854O5JEr76Q,1042750,1057296,14546
AireenArellano_UCJqmGQTF2DgAEvV00Es6hTQ_854O5JEr76Q_1057928_1062608.wav,AireenArellano_UCJqmGQTF2DgAEvV00Es6hTQ_854O5JEr76Q,1057928,1062608,4680
AireenArellano_UCJqmGQTF2DgAEvV00Es6hTQ_854O5JEr76Q_1063280_1066024.wav,AireenArellano_UCJqmGQTF2DgAEvV00Es6hTQ_854O5JEr76Q,1063280,1066024,2744
AireenArellano_UCJqmGQTF2DgAEvV00Es6hTQ_854O5JEr76Q_1066416_1073672.wav,AireenArellano_UCJqmGQTF2DgAEvV00Es6hTQ_854O5JEr76Q,1066416,1073672,7256
AireenArellano_UCJqmGQTF2DgAEvV00Es6hTQ_854O5JEr76Q_1073840_1078312.wav,AireenArellano_UCJqmGQTF2DgAEvV00Es6hTQ_854O5JEr76Q,1073840,1078312,4472
AireenArellano_UCJqmGQTF2DgAEvV00Es6hTQ_854O5JEr76Q_1078472_1078832.wav,AireenArellano_UCJqmGQTF2DgAEvV00Es6hTQ_854O5JEr76Q,1078472,1078832,360
AireenArellano_UCJqmGQTF2DgAEvV00Es6hTQ_854O5JEr76Q_1079088_1080280.wav,AireenArellano_UCJqmGQTF2DgAEvV00Es6hTQ_854O5JEr76Q,1079088,1080280,1192
AireenArellano_UCJqmGQTF2DgAEvV00Es6hTQ_854O5JEr76Q_1080560_1085800.wav,AireenArellano_UCJqmGQTF2DgAEvV00Es6hTQ_854O5JEr76Q,1080560,1085800,5240
AireenArellano_UCJqmGQTF2DgAEvV00Es6hTQ_854O5JEr76Q_1086144_1087392.wav,AireenArellano_UCJqmGQTF2DgAEvV00Es6hTQ_854O5JEr76Q,1086144,1087392,1248
AireenArellano_UCJqmGQTF2DgAEvV00Es6hTQ_854O5JEr76Q_1088504_1089808.wav,AireenArellano_UCJqmGQTF2DgAEvV00Es6hTQ_854O5JEr76Q,1088504,1089808,1304
AireenArellano_UCJqmGQTF2DgAEvV00Es6hTQ_854O5JEr76Q_1091024_1097992.wav,AireenArellano_UCJqmGQTF2DgAEvV00Es6hTQ_854O5JEr76Q,1091024,1097992,6968
AireenArellano_UCJqmGQTF2DgAEvV00Es6hTQ_854O5JEr76Q_1098120_1099600.wav,AireenArellano_UCJqmGQTF2DgAEvV00Es6hTQ_854O5JEr76Q,1098120,1099600,1480
AireenArellano_UCJqmGQTF2DgAEvV00Es6hTQ_854O5JEr76Q_1099728_1109552.wav,AireenArellano_UCJqmGQTF2DgAEvV00Es6hTQ_854O5JEr76Q,1099728,1109552,9824
AireenArellano_UCJqmGQTF2DgAEvV00Es6hTQ_854O5JEr76Q_1109952_1110640.wav,AireenArellano_UCJqmGQTF2DgAEvV00Es6hTQ_854O5JEr76Q,1109952,1110640,688
AireenArellano_UCJqmGQTF2DgAEvV00Es6hTQ_854O5JEr76Q_1111136_1118896.wav,AireenArellano_UCJqmGQTF2DgAEvV00Es6hTQ_854O5JEr76Q,1111136,1118896,7760
AireenArellano_UCJqmGQTF2DgAEvV00Es6hTQ_854O5JEr76Q_1119416_1122856.wav,AireenArellano_UCJqmGQTF2DgAEvV00Es6hTQ_854O5JEr76Q,1119416,1122856,3440
AireenArellano_UCJqmGQTF2DgAEvV00Es6hTQ_854O5JEr76Q_1123512_1130208.wav,AireenArellano_UCJqmGQTF2DgAEvV00Es6hTQ_854O5JEr76Q,1123512,1130208,6696
AireenArellano_UCJqmGQTF2DgAEvV00Es6hTQ_854O5JEr76Q_1130600_1131448.wav,AireenArellano_UCJqmGQTF2DgAEvV00Es6hTQ_854O5JEr76Q,1130600,1131448,848
AireenArellano_UCJqmGQTF2DgAEvV00Es6hTQ_854O5JEr76Q_1132272_1133000.wav,AireenArellano_UCJqmGQTF2DgAEvV00Es6hTQ_854O5JEr76Q,1132272,1133000,728
AireenArellano_UCJqmGQTF2DgAEvV00Es6hTQ_854O5JEr76Q_1133280_1134184.wav,AireenArellano_UCJqmGQTF2DgAEvV00Es6hTQ_854O5JEr76Q,1133280,1134184,904
AireenArellano_UCJqmGQTF2DgAEvV00Es6hTQ_854O5JEr76Q_1134584_1136668.wav,AireenArellano_UCJqmGQTF2DgAEvV00Es6hTQ_854O5JEr76Q,1134584,1136668,2084
AireenArellano_UCJqmGQTF2DgAEvV00Es6hTQ_854O5JEr76Q_1137044_1144541.wav,AireenArellano_UCJqmGQTF2DgAEvV00Es6hTQ_854O5JEr76Q,1137044,1144541,7497
AireenArellano_UCJqmGQTF2DgAEvV00Es6hTQ_854O5JEr76Q_1144733_1146454.wav,AireenArellano_UCJqmGQTF2DgAEvV00Es6hTQ_854O5JEr76Q,1144733,1146454,1721
AireenArellano_UCJqmGQTF2DgAEvV00Es6hTQ_854O5JEr76Q_1146622_1148376.wav,AireenArellano_UCJqmGQTF2DgAEvV00Es6hTQ_854O5JEr76Q,1146622,1148376,1754
AireenArellano_UCJqmGQTF2DgAEvV00Es6hTQ_854O5JEr76Q_1148672_1159690.wav,AireenArellano_UCJqmGQTF2DgAEvV00Es6hTQ_854O5JEr76Q,1148672,1159690,11018
AireenArellano_UCJqmGQTF2DgAEvV00Es6hTQ_854O5JEr76Q_1159802_1172620.wav,AireenArellano_UCJqmGQTF2DgAEvV00Es6hTQ_854O5JEr76Q,1159802,1172620,12818
AireenArellano_UCJqmGQTF2DgAEvV00Es6hTQ_854O5JEr76Q_1172772_1176104.wav,AireenArellano_UCJqmGQTF2DgAEvV00Es6hTQ_854O5JEr76Q,1172772,1176104,3332
AireenArellano_UCJqmGQTF2DgAEvV00Es6hTQ_854O5JEr76Q_1176328_1178170.wav,AireenArellano_UCJqmGQTF2DgAEvV00Es6hTQ_854O5JEr76Q,1176328,1178170,1842
AireenArellano_UCJqmGQTF2DgAEvV00Es6hTQ_854O5JEr76Q_1178258_1185174.wav,AireenArellano_UCJqmGQTF2DgAEvV00Es6hTQ_854O5JEr76Q,1178258,1185174,6916
AireenArellano_UCJqmGQTF2DgAEvV00Es6hTQ_854O5JEr76Q_1185342_1194602.wav,AireenArellano_UCJqmGQTF2DgAEvV00Es6hTQ_854O5JEr76Q,1185342,1194602,9260
AireenArellano_UCJqmGQTF2DgAEvV00Es6hTQ_854O5JEr76Q_1194682_1194884.wav,AireenArellano_UCJqmGQTF2DgAEvV00Es6hTQ_854O5JEr76Q,1194682,1194884,202
AireenArellano_UCJqmGQTF2DgAEvV00Es6hTQ_854O5JEr76Q_1194996_1196432.wav,AireenArellano_UCJqmGQTF2DgAEvV00Es6hTQ_854O5JEr76Q,1194996,1196432,1436
AireenArellano_UCJqmGQTF2DgAEvV00Es6hTQ_854O5JEr76Q_1196872_1200120.wav,AireenArellano_UCJqmGQTF2DgAEvV00Es6hTQ_854O5JEr76Q,1196872,1200120,3248
AireenArellano_UCJqmGQTF2DgAEvV00Es6hTQ_854O5JEr76Q_1200552_1201480.wav,AireenArellano_UCJqmGQTF2DgAEvV00Es6hTQ_854O5JEr76Q,1200552,1201480,928
AireenArellano_UCJqmGQTF2DgAEvV00Es6hTQ_854O5JEr76Q_1202072_1210664.wav,AireenArellano_UCJqmGQTF2DgAEvV00Es6hTQ_854O5JEr76Q,1202072,1210664,8592
AireenArellano_UCJqmGQTF2DgAEvV00Es6hTQ_854O5JEr76Q_1211032_1212712.wav,AireenArellano_UCJqmGQTF2DgAEvV00Es6hTQ_854O5JEr76Q,1211032,1212712,1680
AireenArellano_UCJqmGQTF2DgAEvV00Es6hTQ_854O5JEr76Q_1213176_1223636.wav,AireenArellano_UCJqmGQTF2DgAEvV00Es6hTQ_854O5JEr76Q,1213176,1223636,10460
AireenArellano_UCJqmGQTF2DgAEvV00Es6hTQ_854O5JEr76Q_1223740_1235320.wav,AireenArellano_UCJqmGQTF2DgAEvV00Es6hTQ_854O5JEr76Q,1223740,1235320,11580
AireenArellano_UCJqmGQTF2DgAEvV00Es6hTQ_854O5JEr76Q_1235528_1241264.wav,AireenArellano_UCJqmGQTF2DgAEvV00Es6hTQ_854O5JEr76Q,1235528,1241264,5736
AireenArellano_UCJqmGQTF2DgAEvV00Es6hTQ_854O5JEr76Q_1241768_1245644.wav,AireenArellano_UCJqmGQTF2DgAEvV00Es6hTQ_854O5JEr76Q,1241768,1245644,3876
AireenArellano_UCJqmGQTF2DgAEvV00Es6hTQ_854O5JEr76Q_1245836_1257320.wav,AireenArellano_UCJqmGQTF2DgAEvV00Es6hTQ_854O5JEr76Q,1245836,1257320,11484
AireenArellano_UCJqmGQTF2DgAEvV00Es6hTQ_854O5JEr76Q_1257984_1261704.wav,AireenArellano_UCJqmGQTF2DgAEvV00Es6hTQ_854O5JEr76Q,1257984,1261704,3720
AireenArellano_UCJqmGQTF2DgAEvV00Es6hTQ_854O5JEr76Q_1261848_1270816.wav,AireenArellano_UCJqmGQTF2DgAEvV00Es6hTQ_854O5JEr76Q,1261848,1270816,8968
AireenArellano_UCJqmGQTF2DgAEvV00Es6hTQ_854O5JEr76Q_1271048_1274960.wav,AireenArellano_UCJqmGQTF2DgAEvV00Es6hTQ_854O5JEr76Q,1271048,1274960,3912
AireenArellano_UCJqmGQTF2DgAEvV00Es6hTQ_854O5JEr76Q_1275104_1277632.wav,AireenArellano_UCJqmGQTF2DgAEvV00Es6hTQ_854O5JEr76Q,1275104,1277632,2528
AireenArellano_UCJqmGQTF2DgAEvV00Es6hTQ_854O5JEr76Q_1277928_1279592.wav,AireenArellano_UCJqmGQTF2DgAEvV00Es6hTQ_854O5JEr76Q,1277928,1279592,1664
AireenArellano_UCJqmGQTF2DgAEvV00Es6hTQ_854O5JEr76Q_1279952_1280888.wav,AireenArellano_UCJqmGQTF2DgAEvV00Es6hTQ_854O5JEr76Q,1279952,1280888,936
AireenArellano_UCJqmGQTF2DgAEvV00Es6hTQ_854O5JEr76Q_1281224_1282992.wav,AireenArellano_UCJqmGQTF2DgAEvV00Es6hTQ_854O5JEr76Q,1281224,1282992,1768
AireenArellano_UCJqmGQTF2DgAEvV00Es6hTQ_854O5JEr76Q_1283616_1293488.wav,AireenArellano_UCJqmGQTF2DgAEvV00Es6hTQ_854O5JEr76Q,1283616,1293488,9872
AireenArellano_UCJqmGQTF2DgAEvV00Es6hTQ_854O5JEr76Q_1293664_1295536.wav,AireenArellano_UCJqmGQTF2DgAEvV00Es6hTQ_854O5JEr76Q,1293664,1295536,1872
AireenArellano_UCJqmGQTF2DgAEvV00Es6hTQ_854O5JEr76Q_1295808_1296408.wav,AireenArellano_UCJqmGQTF2DgAEvV00Es6hTQ_854O5JEr76Q,1295808,1296408,600
AireenArellano_UCJqmGQTF2DgAEvV00Es6hTQ_854O5JEr76Q_1296704_1304568.wav,AireenArellano_UCJqmGQTF2DgAEvV00Es6hTQ_854O5JEr76Q,1296704,1304568,7864
AireenArellano_UCJqmGQTF2DgAEvV00Es6hTQ_854O5JEr76Q_1304952_1307808.wav,AireenArellano_UCJqmGQTF2DgAEvV00Es6hTQ_854O5JEr76Q,1304952,1307808,2856
AireenArellano_UCJqmGQTF2DgAEvV00Es6hTQ_854O5JEr76Q_1308528_1313472.wav,AireenArellano_UCJqmGQTF2DgAEvV00Es6hTQ_854O5JEr76Q,1308528,1313472,4944
AireenArellano_UCJqmGQTF2DgAEvV00Es6hTQ_854O5JEr76Q_1313816_1315472.wav,AireenArellano_UCJqmGQTF2DgAEvV00Es6hTQ_854O5JEr76Q,1313816,1315472,1656
AireenArellano_UCJqmGQTF2DgAEvV00Es6hTQ_854O5JEr76Q_1316496_1317024.wav,AireenArellano_UCJqmGQTF2DgAEvV00Es6hTQ_854O5JEr76Q,1316496,1317024,528
AireenArellano_UCJqmGQTF2DgAEvV00Es6hTQ_854O5JEr76Q_1317680_1324976.wav,AireenArellano_UCJqmGQTF2DgAEvV00Es6hTQ_854O5JEr76Q,1317680,1324976,7296
AireenArellano_UCJqmGQTF2DgAEvV00Es6hTQ_854O5JEr76Q_1325464_1335560.wav,AireenArellano_UCJqmGQTF2DgAEvV00Es6hTQ_854O5JEr76Q,1325464,1335560,10096
AireenArellano_UCJqmGQTF2DgAEvV00Es6hTQ_854O5JEr76Q_1335712_1343817.wav,AireenArellano_UCJqmGQTF2DgAEvV00Es6hTQ_854O5JEr76Q,1335712,1343817,8105
AireenArellano_UCJqmGQTF2DgAEvV00Es6hTQ_854O5JEr76Q_1344009_1355818.wav,AireenArellano_UCJqmGQTF2DgAEvV00Es6hTQ_854O5JEr76Q,1344009,1355818,11809
AireenArellano_UCJqmGQTF2DgAEvV00Es6hTQ_854O5JEr76Q_1356026_1364522.wav,AireenArellano_UCJqmGQTF2DgAEvV00Es6hTQ_854O5JEr76Q,1356026,1364522,8496
AireenArellano_UCJqmGQTF2DgAEvV00Es6hTQ_854O5JEr76Q_1364730_1368500.wav,AireenArellano_UCJqmGQTF2DgAEvV00Es6hTQ_854O5JEr76Q,1364730,1368500,3770
AireenArellano_UCJqmGQTF2DgAEvV00Es6hTQ_854O5JEr76Q_1368820_1369588.wav,AireenArellano_UCJqmGQTF2DgAEvV00Es6hTQ_854O5JEr76Q,1368820,1369588,768
AireenArellano_UCJqmGQTF2DgAEvV00Es6hTQ_854O5JEr76Q_1369740_1374612.wav,AireenArellano_UCJqmGQTF2DgAEvV00Es6hTQ_854O5JEr76Q,1369740,1374612,4872
AireenArellano_UCJqmGQTF2DgAEvV00Es6hTQ_854O5JEr76Q_1374788_1380748.wav,AireenArellano_UCJqmGQTF2DgAEvV00Es6hTQ_854O5JEr76Q,1374788,1380748,5960
AireenArellano_UCJqmGQTF2DgAEvV00Es6hTQ_854O5JEr76Q_1380980_1385212.wav,AireenArellano_UCJqmGQTF2DgAEvV00Es6hTQ_854O5JEr76Q,1380980,1385212,4232
AireenArellano_UCJqmGQTF2DgAEvV00Es6hTQ_854O5JEr76Q_1385412_1385948.wav,AireenArellano_UCJqmGQTF2DgAEvV00Es6hTQ_854O5JEr76Q,1385412,1385948,536
AireenArellano_UCJqmGQTF2DgAEvV00Es6hTQ_854O5JEr76Q_1386148_1393688.wav,AireenArellano_UCJqmGQTF2DgAEvV00Es6hTQ_854O5JEr76Q,1386148,1393688,7540
AireenArellano_UCJqmGQTF2DgAEvV00Es6hTQ_854O5JEr76Q_1393848_1397412.wav,AireenArellano_UCJqmGQTF2DgAEvV00Es6hTQ_854O5JEr76Q,1393848,1397412,3564
AireenArellano_UCJqmGQTF2DgAEvV00Es6hTQ_854O5JEr76Q_1397916_1407613.wav,AireenArellano_UCJqmGQTF2DgAEvV00Es6hTQ_854O5JEr76Q,1397916,1407613,9697
AireenArellano_UCJqmGQTF2DgAEvV00Es6hTQ_854O5JEr76Q_1407765_1420493.wav,AireenArellano_UCJqmGQTF2DgAEvV00Es6hTQ_854O5JEr76Q,1407765,1420493,12728
AireenArellano_UCJqmGQTF2DgAEvV00Es6hTQ_854O5JEr76Q_1420613_1430670.wav,AireenArellano_UCJqmGQTF2DgAEvV00Es6hTQ_854O5JEr76Q,1420613,1430670,10057
AireenArellano_UCJqmGQTF2DgAEvV00Es6hTQ_854O5JEr76Q_1431264_1438304.wav,AireenArellano_UCJqmGQTF2DgAEvV00Es6hTQ_854O5JEr76Q,1431264,1438304,7040
AireenArellano_UCJqmGQTF2DgAEvV00Es6hTQ_854O5JEr76Q_1438472_1445592.wav,AireenArellano_UCJqmGQTF2DgAEvV00Es6hTQ_854O5JEr76Q,1438472,1445592,7120
AireenArellano_UCJqmGQTF2DgAEvV00Es6hTQ_854O5JEr76Q_1445808_1447360.wav,AireenArellano_UCJqmGQTF2DgAEvV00Es6hTQ_854O5JEr76Q,1445808,1447360,1552
AireenArellano_UCJqmGQTF2DgAEvV00Es6hTQ_854O5JEr76Q_1447536_1448984.wav,AireenArellano_UCJqmGQTF2DgAEvV00Es6hTQ_854O5JEr76Q,1447536,1448984,1448
AireenArellano_UCJqmGQTF2DgAEvV00Es6hTQ_854O5JEr76Q_1449176_1456704.wav,AireenArellano_UCJqmGQTF2DgAEvV00Es6hTQ_854O5JEr76Q,1449176,1456704,7528
AireenArellano_UCJqmGQTF2DgAEvV00Es6hTQ_854O5JEr76Q_1456904_1459912.wav,AireenArellano_UCJqmGQTF2DgAEvV00Es6hTQ_854O5JEr76Q,1456904,1459912,3008
AireenArellano_UCJqmGQTF2DgAEvV00Es6hTQ_854O5JEr76Q_1460720_1472216.wav,AireenArellano_UCJqmGQTF2DgAEvV00Es6hTQ_854O5JEr76Q,1460720,1472216,11496
AireenArellano_UCJqmGQTF2DgAEvV00Es6hTQ_854O5JEr76Q_1472416_1479736.wav,AireenArellano_UCJqmGQTF2DgAEvV00Es6hTQ_854O5JEr76Q,1472416,1479736,7320
AireenArellano_UCJqmGQTF2DgAEvV00Es6hTQ_854O5JEr76Q_1480056_1486660.wav,AireenArellano_UCJqmGQTF2DgAEvV00Es6hTQ_854O5JEr76Q,1480056,1486660,6604
AireenArellano_UCJqmGQTF2DgAEvV00Es6hTQ_854O5JEr76Q_1486796_1493128.wav,AireenArellano_UCJqmGQTF2DgAEvV00Es6hTQ_854O5JEr76Q,1486796,1493128,6332
AireenArellano_UCJqmGQTF2DgAEvV00Es6hTQ_854O5JEr76Q_1493464_1500680.wav,AireenArellano_UCJqmGQTF2DgAEvV00Es6hTQ_854O5JEr76Q,1493464,1500680,7216
AireenArellano_UCJqmGQTF2DgAEvV00Es6hTQ_854O5JEr76Q_1502008_1505616.wav,AireenArellano_UCJqmGQTF2DgAEvV00Es6hTQ_854O5JEr76Q,1502008,1505616,3608
AireenArellano_UCJqmGQTF2DgAEvV00Es6hTQ_854O5JEr76Q_1505888_1512564.wav,AireenArellano_UCJqmGQTF2DgAEvV00Es6hTQ_854O5JEr76Q,1505888,1512564,6676
AireenArellano_UCJqmGQTF2DgAEvV00Es6hTQ_854O5JEr76Q_1513068_1514356.wav,AireenArellano_UCJqmGQTF2DgAEvV00Es6hTQ_854O5JEr76Q,1513068,1514356,1288
AireenArellano_UCJqmGQTF2DgAEvV00Es6hTQ_854O5JEr76Q_1514692_1515988.wav,AireenArellano_UCJqmGQTF2DgAEvV00Es6hTQ_854O5JEr76Q,1514692,1515988,1296
AireenArellano_UCJqmGQTF2DgAEvV00Es6hTQ_854O5JEr76Q_1516260_1516608.wav,AireenArellano_UCJqmGQTF2DgAEvV00Es6hTQ_854O5JEr76Q,1516260,1516608,348
AireenArellano_UCJqmGQTF2DgAEvV00Es6hTQ_854O5JEr76Q_1516768_1524996.wav,AireenArellano_UCJqmGQTF2DgAEvV00Es6hTQ_854O5JEr76Q,1516768,1524996,8228
AireenArellano_UCJqmGQTF2DgAEvV00Es6hTQ_854O5JEr76Q_1525252_1527212.wav,AireenArellano_UCJqmGQTF2DgAEvV00Es6hTQ_854O5JEr76Q,1525252,1527212,1960
AireenArellano_UCJqmGQTF2DgAEvV00Es6hTQ_854O5JEr76Q_1527620_1529276.wav,AireenArellano_UCJqmGQTF2DgAEvV00Es6hTQ_854O5JEr76Q,1527620,1529276,1656
AireenArellano_UCJqmGQTF2DgAEvV00Es6hTQ_854O5JEr76Q_1529684_1529940.wav,AireenArellano_UCJqmGQTF2DgAEvV00Es6hTQ_854O5JEr76Q,1529684,1529940,256
AireenArellano_UCJqmGQTF2DgAEvV00Es6hTQ_854O5JEr76Q_1530276_1531340.wav,AireenArellano_UCJqmGQTF2DgAEvV00Es6hTQ_854O5JEr76Q,1530276,1531340,1064
AireenArellano_UCJqmGQTF2DgAEvV00Es6hTQ_854O5JEr76Q_1531876_1532444.wav,AireenArellano_UCJqmGQTF2DgAEvV00Es6hTQ_854O5JEr76Q,1531876,1532444,568
AireenArellano_UCJqmGQTF2DgAEvV00Es6hTQ_854O5JEr76Q_1532892_1533244.wav,AireenArellano_UCJqmGQTF2DgAEvV00Es6hTQ_854O5JEr76Q,1532892,1533244,352
AireenArellano_UCJqmGQTF2DgAEvV00Es6hTQ_854O5JEr76Q_1533684_1534980.wav,AireenArellano_UCJqmGQTF2DgAEvV00Es6hTQ_854O5JEr76Q,1533684,1534980,1296
AireenArellano_UCJqmGQTF2DgAEvV00Es6hTQ_854O5JEr76Q_1535404_1540028.wav,AireenArellano_UCJqmGQTF2DgAEvV00Es6hTQ_854O5JEr76Q,1535404,1540028,4624
AireenArellano_UCJqmGQTF2DgAEvV00Es6hTQ_854O5JEr76Q_1540244_1546368.wav,AireenArellano_UCJqmGQTF2DgAEvV00Es6hTQ_854O5JEr76Q,1540244,1546368,6124
AireenArellano_UCJqmGQTF2DgAEvV00Es6hTQ_854O5JEr76Q_1546608_1550972.wav,AireenArellano_UCJqmGQTF2DgAEvV00Es6hTQ_854O5JEr76Q,1546608,1550972,4364
AireenArellano_UCJqmGQTF2DgAEvV00Es6hTQ_854O5JEr76Q_1551220_1552588.wav,AireenArellano_UCJqmGQTF2DgAEvV00Es6hTQ_854O5JEr76Q,1551220,1552588,1368
AireenArellano_UCJqmGQTF2DgAEvV00Es6hTQ_854O5JEr76Q_1552820_1553444.wav,AireenArellano_UCJqmGQTF2DgAEvV00Es6hTQ_854O5JEr76Q,1552820,1553444,624
AireenArellano_UCJqmGQTF2DgAEvV00Es6hTQ_854O5JEr76Q_1553956_1554940.wav,AireenArellano_UCJqmGQTF2DgAEvV00Es6hTQ_854O5JEr76Q,1553956,1554940,984
AireenArellano_UCJqmGQTF2DgAEvV00Es6hTQ_854O5JEr76Q_1555652_1557724.wav,AireenArellano_UCJqmGQTF2DgAEvV00Es6hTQ_854O5JEr76Q,1555652,1557724,2072
AireenArellano_UCJqmGQTF2DgAEvV00Es6hTQ_854O5JEr76Q_1558332_1562692.wav,AireenArellano_UCJqmGQTF2DgAEvV00Es6hTQ_854O5JEr76Q,1558332,1562692,4360
AireenArellano_UCJqmGQTF2DgAEvV00Es6hTQ_854O5JEr76Q_1566148_1568452.wav,AireenArellano_UCJqmGQTF2DgAEvV00Es6hTQ_854O5JEr76Q,1566148,1568452,2304
