filename,video_id,start_time,end_time,duration
AireenArellano_UCJqmGQTF2DgAEvV00Es6hTQ_854O5JEr76Q_112_5264.wav,AireenArellano_UCJqmGQTF2DgAEvV00Es6hTQ_854O5JEr76Q,112,5264,5152
AireenArellano_UCJqmGQTF2DgAEvV00Es6hTQ_854O5JEr76Q_5496_12000.wav,AireenArellano_UCJqmGQTF2DgAEvV00Es6hTQ_854O5JEr76Q,5496,12000,6504
AireenArellano_UCJqmGQTF2DgAEvV00Es6hTQ_854O5JEr76Q_12104_13336.wav,AireenArellano_UCJqmGQTF2DgAEvV00Es6hTQ_854O5JEr76Q,12104,13336,1232
AireenArellano_UCJqmGQTF2DgAEvV00Es6hTQ_854O5JEr76Q_13496_19224.wav,AireenArellano_UCJqmGQTF2DgAEvV00Es6hTQ_854O5JEr76Q,13496,19224,5728
AireenArellano_UCJqmGQTF2DgAEvV00Es6hTQ_854O5JEr76Q_19496_23828.wav,AireenArellano_UCJqmGQTF2DgAEvV00Es6hTQ_854O5JEr76Q,19496,23828,4332
AireenArellano_UCJqmGQTF2DgAEvV00Es6hTQ_854O5JEr76Q_24108_26518.wav,AireenArellano_UCJqmGQTF2DgAEvV00Es6hTQ_854O5JEr76Q,24108,26518,2410
AireenArellano_UCJqmGQTF2DgAEvV00Es6hTQ_854O5JEr76Q_26742_35086.wav,AireenArellano_UCJqmGQTF2DgAEvV00Es6hTQ_854O5JEr76Q,26742,35086,8344
AireenArellano_UCJqmGQTF2DgAEvV00Es6hTQ_854O5JEr76Q_35598_36078.wav,AireenArellano_UCJqmGQTF2DgAEvV00Es6hTQ_854O5JEr76Q,35598,36078,480
AireenArellano_UCJqmGQTF2DgAEvV00Es6hTQ_854O5JEr76Q_36440_37016.wav,AireenArellano_UCJqmGQTF2DgAEvV00Es6hTQ_854O5JEr76Q,36440,37016,576
AireenArellano_UCJqmGQTF2DgAEvV00Es6hTQ_854O5JEr76Q_37136_38456.wav,AireenArellano_UCJqmGQTF2DgAEvV00Es6hTQ_854O5JEr76Q,37136,38456,1320
AireenArellano_UCJqmGQTF2DgAEvV00Es6hTQ_854O5JEr76Q_38848_48826.wav,AireenArellano_UCJqmGQTF2DgAEvV00Es6hTQ_854O5JEr76Q,38848,48826,9978
AireenArellano_UCJqmGQTF2DgAEvV00Es6hTQ_854O5JEr76Q_49170_54690.wav,AireenArellano_UCJqmGQTF2DgAEvV00Es6hTQ_854O5JEr76Q,49170,54690,5520
AireenArellano_UCJqmGQTF2DgAEvV00Es6hTQ_854O5JEr76Q_54802_59314.wav,AireenArellano_UCJqmGQTF2DgAEvV00Es6hTQ_854O5JEr76Q,54802,59314,4512
AireenArellano_UCJqmGQTF2DgAEvV00Es6hTQ_854O5JEr76Q_59434_60547.wav,AireenArellano_UCJqmGQTF2DgAEvV00Es6hTQ_854O5JEr76Q,59434,60547,1113
AireenArellano_UCJqmGQTF2DgAEvV00Es6hTQ_854O5JEr76Q_60923_63412.wav,AireenArellano_UCJqmGQTF2DgAEvV00Es6hTQ_854O5JEr76Q,60923,63412,2489
AireenArellano_UCJqmGQTF2DgAEvV00Es6hTQ_854O5JEr76Q_63580_67240.wav,AireenArellano_UCJqmGQTF2DgAEvV00Es6hTQ_854O5JEr76Q,63580,67240,3660
AireenArellano_UCJqmGQTF2DgAEvV00Es6hTQ_854O5JEr76Q_67624_76276.wav,AireenArellano_UCJqmGQTF2DgAEvV00Es6hTQ_854O5JEr76Q,67624,76276,8652
AireenArellano_UCJqmGQTF2DgAEvV00Es6hTQ_854O5JEr76Q_76460_80748.wav,AireenArellano_UCJqmGQTF2DgAEvV00Es6hTQ_854O5JEr76Q,76460,80748,4288
AireenArellano_UCJqmGQTF2DgAEvV00Es6hTQ_854O5JEr76Q_80948_82972.wav,AireenArellano_UCJqmGQTF2DgAEvV00Es6hTQ_854O5JEr76Q,80948,82972,2024
AireenArellano_UCJqmGQTF2DgAEvV00Es6hTQ_854O5JEr76Q_83100_86608.wav,AireenArellano_UCJqmGQTF2DgAEvV00Es6hTQ_854O5JEr76Q,83100,86608,3508
AireenArellano_UCJqmGQTF2DgAEvV00Es6hTQ_854O5JEr76Q_86784_95292.wav,AireenArellano_UCJqmGQTF2DgAEvV00Es6hTQ_854O5JEr76Q,86784,95292,8508
AireenArellano_UCJqmGQTF2DgAEvV00Es6hTQ_854O5JEr76Q_95452_102652.wav,AireenArellano_UCJqmGQTF2DgAEvV00Es6hTQ_854O5JEr76Q,95452,102652,7200
AireenArellano_UCJqmGQTF2DgAEvV00Es6hTQ_854O5JEr76Q_102828_104740.wav,AireenArellano_UCJqmGQTF2DgAEvV00Es6hTQ_854O5JEr76Q,102828,104740,1912
AireenArellano_UCJqmGQTF2DgAEvV00Es6hTQ_854O5JEr76Q_104884_114868.wav,AireenArellano_UCJqmGQTF2DgAEvV00Es6hTQ_854O5JEr76Q,104884,114868,9984
AireenArellano_UCJqmGQTF2DgAEvV00Es6hTQ_854O5JEr76Q_115052_117436.wav,AireenArellano_UCJqmGQTF2DgAEvV00Es6hTQ_854O5JEr76Q,115052,117436,2384
AireenArellano_UCJqmGQTF2DgAEvV00Es6hTQ_854O5JEr76Q_117860_121744.wav,AireenArellano_UCJqmGQTF2DgAEvV00Es6hTQ_854O5JEr76Q,117860,121744,3884
AireenArellano_UCJqmGQTF2DgAEvV00Es6hTQ_854O5JEr76Q_121896_125216.wav,AireenArellano_UCJqmGQTF2DgAEvV00Es6hTQ_854O5JEr76Q,121896,125216,3320
AireenArellano_UCJqmGQTF2DgAEvV00Es6hTQ_854O5JEr76Q_125384_130816.wav,AireenArellano_UCJqmGQTF2DgAEvV00Es6hTQ_854O5JEr76Q,125384,130816,5432
AireenArellano_UCJqmGQTF2DgAEvV00Es6hTQ_854O5JEr76Q_131108_140372.wav,AireenArellano_UCJqmGQTF2DgAEvV00Es6hTQ_854O5JEr76Q,131108,140372,9264
AireenArellano_UCJqmGQTF2DgAEvV00Es6hTQ_854O5JEr76Q_140540_149932.wav,AireenArellano_UCJqmGQTF2DgAEvV00Es6hTQ_854O5JEr76Q,140540,149932,9392
AireenArellano_UCJqmGQTF2DgAEvV00Es6hTQ_854O5JEr76Q_150196_153798.wav,AireenArellano_UCJqmGQTF2DgAEvV00Es6hTQ_854O5JEr76Q,150196,153798,3602
AireenArellano_UCJqmGQTF2DgAEvV00Es6hTQ_854O5JEr76Q_154094_163359.wav,AireenArellano_UCJqmGQTF2DgAEvV00Es6hTQ_854O5JEr76Q,154094,163359,9265
AireenArellano_UCJqmGQTF2DgAEvV00Es6hTQ_854O5JEr76Q_163703_164552.wav,AireenArellano_UCJqmGQTF2DgAEvV00Es6hTQ_854O5JEr76Q,163703,164552,849
AireenArellano_UCJqmGQTF2DgAEvV00Es6hTQ_854O5JEr76Q_164760_169060.wav,AireenArellano_UCJqmGQTF2DgAEvV00Es6hTQ_854O5JEr76Q,164760,169060,4300
AireenArellano_UCJqmGQTF2DgAEvV00Es6hTQ_854O5JEr76Q_169252_169820.wav,AireenArellano_UCJqmGQTF2DgAEvV00Es6hTQ_854O5JEr76Q,169252,169820,568
AireenArellano_UCJqmGQTF2DgAEvV00Es6hTQ_854O5JEr76Q_170300_175484.wav,AireenArellano_UCJqmGQTF2DgAEvV00Es6hTQ_854O5JEr76Q,170300,175484,5184
AireenArellano_UCJqmGQTF2DgAEvV00Es6hTQ_854O5JEr76Q_176056_176252.wav,AireenArellano_UCJqmGQTF2DgAEvV00Es6hTQ_854O5JEr76Q,176056,176252,196
AireenArellano_UCJqmGQTF2DgAEvV00Es6hTQ_854O5JEr76Q_176908_177652.wav,AireenArellano_UCJqmGQTF2DgAEvV00Es6hTQ_854O5JEr76Q,176908,177652,744
AireenArellano_UCJqmGQTF2DgAEvV00Es6hTQ_854O5JEr76Q_177772_186852.wav,AireenArellano_UCJqmGQTF2DgAEvV00Es6hTQ_854O5JEr76Q,177772,186852,9080
AireenArellano_UCJqmGQTF2DgAEvV00Es6hTQ_854O5JEr76Q_186996_188132.wav,AireenArellano_UCJqmGQTF2DgAEvV00Es6hTQ_854O5JEr76Q,186996,188132,1136
AireenArellano_UCJqmGQTF2DgAEvV00Es6hTQ_854O5JEr76Q_188284_192292.wav,AireenArellano_UCJqmGQTF2DgAEvV00Es6hTQ_854O5JEr76Q,188284,192292,4008
AireenArellano_UCJqmGQTF2DgAEvV00Es6hTQ_854O5JEr76Q_192988_196708.wav,AireenArellano_UCJqmGQTF2DgAEvV00Es6hTQ_854O5JEr76Q,192988,196708,3720
AireenArellano_UCJqmGQTF2DgAEvV00Es6hTQ_854O5JEr76Q_196876_197492.wav,AireenArellano_UCJqmGQTF2DgAEvV00Es6hTQ_854O5JEr76Q,196876,197492,616
AireenArellano_UCJqmGQTF2DgAEvV00Es6hTQ_854O5JEr76Q_197628_198060.wav,AireenArellano_UCJqmGQTF2DgAEvV00Es6hTQ_854O5JEr76Q,197628,198060,432
AireenArellano_UCJqmGQTF2DgAEvV00Es6hTQ_854O5JEr76Q_198172_205372.wav,AireenArellano_UCJqmGQTF2DgAEvV00Es6hTQ_854O5JEr76Q,198172,205372,7200
AireenArellano_UCJqmGQTF2DgAEvV00Es6hTQ_854O5JEr76Q_205644_211996.wav,AireenArellano_UCJqmGQTF2DgAEvV00Es6hTQ_854O5JEr76Q,205644,211996,6352
AireenArellano_UCJqmGQTF2DgAEvV00Es6hTQ_854O5JEr76Q_212324_213716.wav,AireenArellano_UCJqmGQTF2DgAEvV00Es6hTQ_854O5JEr76Q,212324,213716,1392
AireenArellano_UCJqmGQTF2DgAEvV00Es6hTQ_854O5JEr76Q_214116_215460.wav,AireenArellano_UCJqmGQTF2DgAEvV00Es6hTQ_854O5JEr76Q,214116,215460,1344
AireenArellano_UCJqmGQTF2DgAEvV00Es6hTQ_854O5JEr76Q_215836_218260.wav,AireenArellano_UCJqmGQTF2DgAEvV00Es6hTQ_854O5JEr76Q,215836,218260,2424
AireenArellano_UCJqmGQTF2DgAEvV00Es6hTQ_854O5JEr76Q_218628_227652.wav,AireenArellano_UCJqmGQTF2DgAEvV00Es6hTQ_854O5JEr76Q,218628,227652,9024
AireenArellano_UCJqmGQTF2DgAEvV00Es6hTQ_854O5JEr76Q_227812_230748.wav,AireenArellano_UCJqmGQTF2DgAEvV00Es6hTQ_854O5JEr76Q,227812,230748,2936
AireenArellano_UCJqmGQTF2DgAEvV00Es6hTQ_854O5JEr76Q_230852_236812.wav,AireenArellano_UCJqmGQTF2DgAEvV00Es6hTQ_854O5JEr76Q,230852,236812,5960
AireenArellano_UCJqmGQTF2DgAEvV00Es6hTQ_854O5JEr76Q_237092_241196.wav,AireenArellano_UCJqmGQTF2DgAEvV00Es6hTQ_854O5JEr76Q,237092,241196,4104
AireenArellano_UCJqmGQTF2DgAEvV00Es6hTQ_854O5JEr76Q_241348_243276.wav,AireenArellano_UCJqmGQTF2DgAEvV00Es6hTQ_854O5JEr76Q,241348,243276,1928
AireenArellano_UCJqmGQTF2DgAEvV00Es6hTQ_854O5JEr76Q_243484_246573.wav,AireenArellano_UCJqmGQTF2DgAEvV00Es6hTQ_854O5JEr76Q,243484,246573,3089
AireenArellano_UCJqmGQTF2DgAEvV00Es6hTQ_854O5JEr76Q_246885_249781.wav,AireenArellano_UCJqmGQTF2DgAEvV00Es6hTQ_854O5JEr76Q,246885,249781,2896
AireenArellano_UCJqmGQTF2DgAEvV00Es6hTQ_854O5JEr76Q_250069_250749.wav,AireenArellano_UCJqmGQTF2DgAEvV00Es6hTQ_854O5JEr76Q,250069,250749,680
AireenArellano_UCJqmGQTF2DgAEvV00Es6hTQ_854O5JEr76Q_251117_254517.wav,AireenArellano_UCJqmGQTF2DgAEvV00Es6hTQ_854O5JEr76Q,251117,254517,3400
AireenArellano_UCJqmGQTF2DgAEvV00Es6hTQ_854O5JEr76Q_255142_264928.wav,AireenArellano_UCJqmGQTF2DgAEvV00Es6hTQ_854O5JEr76Q,255142,264928,9786
AireenArellano_UCJqmGQTF2DgAEvV00Es6hTQ_854O5JEr76Q_265144_268372.wav,AireenArellano_UCJqmGQTF2DgAEvV00Es6hTQ_854O5JEr76Q,265144,268372,3228
AireenArellano_UCJqmGQTF2DgAEvV00Es6hTQ_854O5JEr76Q_268524_278108.wav,AireenArellano_UCJqmGQTF2DgAEvV00Es6hTQ_854O5JEr76Q,268524,278108,9584
AireenArellano_UCJqmGQTF2DgAEvV00Es6hTQ_854O5JEr76Q_278420_288300.wav,AireenArellano_UCJqmGQTF2DgAEvV00Es6hTQ_854O5JEr76Q,278420,288300,9880
AireenArellano_UCJqmGQTF2DgAEvV00Es6hTQ_854O5JEr76Q_288420_295148.wav,AireenArellano_UCJqmGQTF2DgAEvV00Es6hTQ_854O5JEr76Q,288420,295148,6728
AireenArellano_UCJqmGQTF2DgAEvV00Es6hTQ_854O5JEr76Q_295252_301206.wav,AireenArellano_UCJqmGQTF2DgAEvV00Es6hTQ_854O5JEr76Q,295252,301206,5954
AireenArellano_UCJqmGQTF2DgAEvV00Es6hTQ_854O5JEr76Q_301358_304614.wav,AireenArellano_UCJqmGQTF2DgAEvV00Es6hTQ_854O5JEr76Q,301358,304614,3256
AireenArellano_UCJqmGQTF2DgAEvV00Es6hTQ_854O5JEr76Q_305006_306520.wav,AireenArellano_UCJqmGQTF2DgAEvV00Es6hTQ_854O5JEr76Q,305006,306520,1514
AireenArellano_UCJqmGQTF2DgAEvV00Es6hTQ_854O5JEr76Q_307080_308104.wav,AireenArellano_UCJqmGQTF2DgAEvV00Es6hTQ_854O5JEr76Q,307080,308104,1024
AireenArellano_UCJqmGQTF2DgAEvV00Es6hTQ_854O5JEr76Q_308432_308928.wav,AireenArellano_UCJqmGQTF2DgAEvV00Es6hTQ_854O5JEr76Q,308432,308928,496
AireenArellano_UCJqmGQTF2DgAEvV00Es6hTQ_854O5JEr76Q_309336_311896.wav,AireenArellano_UCJqmGQTF2DgAEvV00Es6hTQ_854O5JEr76Q,309336,311896,2560
AireenArellano_UCJqmGQTF2DgAEvV00Es6hTQ_854O5JEr76Q_313224_320872.wav,AireenArellano_UCJqmGQTF2DgAEvV00Es6hTQ_854O5JEr76Q,313224,320872,7648
AireenArellano_UCJqmGQTF2DgAEvV00Es6hTQ_854O5JEr76Q_321200_331184.wav,AireenArellano_UCJqmGQTF2DgAEvV00Es6hTQ_854O5JEr76Q,321200,331184,9984
AireenArellano_UCJqmGQTF2DgAEvV00Es6hTQ_854O5JEr76Q_331312_334920.wav,AireenArellano_UCJqmGQTF2DgAEvV00Es6hTQ_854O5JEr76Q,331312,334920,3608
AireenArellano_UCJqmGQTF2DgAEvV00Es6hTQ_854O5JEr76Q_335040_335152.wav,AireenArellano_UCJqmGQTF2DgAEvV00Es6hTQ_854O5JEr76Q,335040,335152,112
AireenArellano_UCJqmGQTF2DgAEvV00Es6hTQ_854O5JEr76Q_335328_342672.wav,AireenArellano_UCJqmGQTF2DgAEvV00Es6hTQ_854O5JEr76Q,335328,342672,7344
AireenArellano_UCJqmGQTF2DgAEvV00Es6hTQ_854O5JEr76Q_342856_344376.wav,AireenArellano_UCJqmGQTF2DgAEvV00Es6hTQ_854O5JEr76Q,342856,344376,1520
AireenArellano_UCJqmGQTF2DgAEvV00Es6hTQ_854O5JEr76Q_345776_350592.wav,AireenArellano_UCJqmGQTF2DgAEvV00Es6hTQ_854O5JEr76Q,345776,350592,4816
AireenArellano_UCJqmGQTF2DgAEvV00Es6hTQ_854O5JEr76Q_351072_352472.wav,AireenArellano_UCJqmGQTF2DgAEvV00Es6hTQ_854O5JEr76Q,351072,352472,1400
AireenArellano_UCJqmGQTF2DgAEvV00Es6hTQ_854O5JEr76Q_352776_360816.wav,AireenArellano_UCJqmGQTF2DgAEvV00Es6hTQ_854O5JEr76Q,352776,360816,8040
AireenArellano_UCJqmGQTF2DgAEvV00Es6hTQ_854O5JEr76Q_361072_363448.wav,AireenArellano_UCJqmGQTF2DgAEvV00Es6hTQ_854O5JEr76Q,361072,363448,2376
AireenArellano_UCJqmGQTF2DgAEvV00Es6hTQ_854O5JEr76Q_363872_364944.wav,AireenArellano_UCJqmGQTF2DgAEvV00Es6hTQ_854O5JEr76Q,363872,364944,1072
AireenArellano_UCJqmGQTF2DgAEvV00Es6hTQ_854O5JEr76Q_365392_370048.wav,AireenArellano_UCJqmGQTF2DgAEvV00Es6hTQ_854O5JEr76Q,365392,370048,4656
AireenArellano_UCJqmGQTF2DgAEvV00Es6hTQ_854O5JEr76Q_370680_371520.wav,AireenArellano_UCJqmGQTF2DgAEvV00Es6hTQ_854O5JEr76Q,370680,371520,840
AireenArellano_UCJqmGQTF2DgAEvV00Es6hTQ_854O5JEr76Q_373472_376096.wav,AireenArellano_UCJqmGQTF2DgAEvV00Es6hTQ_854O5JEr76Q,373472,376096,2624
AireenArellano_UCJqmGQTF2DgAEvV00Es6hTQ_854O5JEr76Q_376832_378528.wav,AireenArellano_UCJqmGQTF2DgAEvV00Es6hTQ_854O5JEr76Q,376832,378528,1696
AireenArellano_UCJqmGQTF2DgAEvV00Es6hTQ_854O5JEr76Q_379048_379744.wav,AireenArellano_UCJqmGQTF2DgAEvV00Es6hTQ_854O5JEr76Q,379048,379744,696
AireenArellano_UCJqmGQTF2DgAEvV00Es6hTQ_854O5JEr76Q_380592_383208.wav,AireenArellano_UCJqmGQTF2DgAEvV00Es6hTQ_854O5JEr76Q,380592,383208,2616
AireenArellano_UCJqmGQTF2DgAEvV00Es6hTQ_854O5JEr76Q_383880_385088.wav,AireenArellano_UCJqmGQTF2DgAEvV00Es6hTQ_854O5JEr76Q,383880,385088,1208
AireenArellano_UCJqmGQTF2DgAEvV00Es6hTQ_854O5JEr76Q_386776_389424.wav,AireenArellano_UCJqmGQTF2DgAEvV00Es6hTQ_854O5JEr76Q,386776,389424,2648
AireenArellano_UCJqmGQTF2DgAEvV00Es6hTQ_854O5JEr76Q_389752_394884.wav,AireenArellano_UCJqmGQTF2DgAEvV00Es6hTQ_854O5JEr76Q,389752,394884,5132
AireenArellano_UCJqmGQTF2DgAEvV00Es6hTQ_854O5JEr76Q_395100_396724.wav,AireenArellano_UCJqmGQTF2DgAEvV00Es6hTQ_854O5JEr76Q,395100,396724,1624
AireenArellano_UCJqmGQTF2DgAEvV00Es6hTQ_854O5JEr76Q_396908_404116.wav,AireenArellano_UCJqmGQTF2DgAEvV00Es6hTQ_854O5JEr76Q,396908,404116,7208
AireenArellano_UCJqmGQTF2DgAEvV00Es6hTQ_854O5JEr76Q_404244_406520.wav,AireenArellano_UCJqmGQTF2DgAEvV00Es6hTQ_854O5JEr76Q,404244,406520,2276
AireenArellano_UCJqmGQTF2DgAEvV00Es6hTQ_854O5JEr76Q_407224_416376.wav,AireenArellano_UCJqmGQTF2DgAEvV00Es6hTQ_854O5JEr76Q,407224,416376,9152
AireenArellano_UCJqmGQTF2DgAEvV00Es6hTQ_854O5JEr76Q_416744_420136.wav,AireenArellano_UCJqmGQTF2DgAEvV00Es6hTQ_854O5JEr76Q,416744,420136,3392
AireenArellano_UCJqmGQTF2DgAEvV00Es6hTQ_854O5JEr76Q_420328_424440.wav,AireenArellano_UCJqmGQTF2DgAEvV00Es6hTQ_854O5JEr76Q,420328,424440,4112
AireenArellano_UCJqmGQTF2DgAEvV00Es6hTQ_854O5JEr76Q_424600_429844.wav,AireenArellano_UCJqmGQTF2DgAEvV00Es6hTQ_854O5JEr76Q,424600,429844,5244
AireenArellano_UCJqmGQTF2DgAEvV00Es6hTQ_854O5JEr76Q_430092_436616.wav,AireenArellano_UCJqmGQTF2DgAEvV00Es6hTQ_854O5JEr76Q,430092,436616,6524
AireenArellano_UCJqmGQTF2DgAEvV00Es6hTQ_854O5JEr76Q_436896_437352.wav,AireenArellano_UCJqmGQTF2DgAEvV00Es6hTQ_854O5JEr76Q,436896,437352,456
AireenArellano_UCJqmGQTF2DgAEvV00Es6hTQ_854O5JEr76Q_437696_446832.wav,AireenArellano_UCJqmGQTF2DgAEvV00Es6hTQ_854O5JEr76Q,437696,446832,9136
AireenArellano_UCJqmGQTF2DgAEvV00Es6hTQ_854O5JEr76Q_447120_449152.wav,AireenArellano_UCJqmGQTF2DgAEvV00Es6hTQ_854O5JEr76Q,447120,449152,2032
AireenArellano_UCJqmGQTF2DgAEvV00Es6hTQ_854O5JEr76Q_449640_450840.wav,AireenArellano_UCJqmGQTF2DgAEvV00Es6hTQ_854O5JEr76Q,449640,450840,1200
AireenArellano_UCJqmGQTF2DgAEvV00Es6hTQ_854O5JEr76Q_451104_453592.wav,AireenArellano_UCJqmGQTF2DgAEvV00Es6hTQ_854O5JEr76Q,451104,453592,2488
AireenArellano_UCJqmGQTF2DgAEvV00Es6hTQ_854O5JEr76Q_454400_454864.wav,AireenArellano_UCJqmGQTF2DgAEvV00Es6hTQ_854O5JEr76Q,454400,454864,464
AireenArellano_UCJqmGQTF2DgAEvV00Es6hTQ_854O5JEr76Q_455152_461796.wav,AireenArellano_UCJqmGQTF2DgAEvV00Es6hTQ_854O5JEr76Q,455152,461796,6644
AireenArellano_UCJqmGQTF2DgAEvV00Es6hTQ_854O5JEr76Q_461940_468742.wav,AireenArellano_UCJqmGQTF2DgAEvV00Es6hTQ_854O5JEr76Q,461940,468742,6802
AireenArellano_UCJqmGQTF2DgAEvV00Es6hTQ_854O5JEr76Q_469046_475160.wav,AireenArellano_UCJqmGQTF2DgAEvV00Es6hTQ_854O5JEr76Q,469046,475160,6114
AireenArellano_UCJqmGQTF2DgAEvV00Es6hTQ_854O5JEr76Q_475320_475692.wav,AireenArellano_UCJqmGQTF2DgAEvV00Es6hTQ_854O5JEr76Q,475320,475692,372
AireenArellano_UCJqmGQTF2DgAEvV00Es6hTQ_854O5JEr76Q_475844_478876.wav,AireenArellano_UCJqmGQTF2DgAEvV00Es6hTQ_854O5JEr76Q,475844,478876,3032
AireenArellano_UCJqmGQTF2DgAEvV00Es6hTQ_854O5JEr76Q_479036_482944.wav,AireenArellano_UCJqmGQTF2DgAEvV00Es6hTQ_854O5JEr76Q,479036,482944,3908
AireenArellano_UCJqmGQTF2DgAEvV00Es6hTQ_854O5JEr76Q_483248_490308.wav,AireenArellano_UCJqmGQTF2DgAEvV00Es6hTQ_854O5JEr76Q,483248,490308,7060
AireenArellano_UCJqmGQTF2DgAEvV00Es6hTQ_854O5JEr76Q_490412_491316.wav,AireenArellano_UCJqmGQTF2DgAEvV00Es6hTQ_854O5JEr76Q,490412,491316,904
AireenArellano_UCJqmGQTF2DgAEvV00Es6hTQ_854O5JEr76Q_491476_497320.wav,AireenArellano_UCJqmGQTF2DgAEvV00Es6hTQ_854O5JEr76Q,491476,497320,5844
AireenArellano_UCJqmGQTF2DgAEvV00Es6hTQ_854O5JEr76Q_497704_498408.wav,AireenArellano_UCJqmGQTF2DgAEvV00Es6hTQ_854O5JEr76Q,497704,498408,704
AireenArellano_UCJqmGQTF2DgAEvV00Es6hTQ_854O5JEr76Q_498704_503872.wav,AireenArellano_UCJqmGQTF2DgAEvV00Es6hTQ_854O5JEr76Q,498704,503872,5168
AireenArellano_UCJqmGQTF2DgAEvV00Es6hTQ_854O5JEr76Q_505136_509560.wav,AireenArellano_UCJqmGQTF2DgAEvV00Es6hTQ_854O5JEr76Q,505136,509560,4424
AireenArellano_UCJqmGQTF2DgAEvV00Es6hTQ_854O5JEr76Q_510048_518616.wav,AireenArellano_UCJqmGQTF2DgAEvV00Es6hTQ_854O5JEr76Q,510048,518616,8568
AireenArellano_UCJqmGQTF2DgAEvV00Es6hTQ_854O5JEr76Q_519152_523048.wav,AireenArellano_UCJqmGQTF2DgAEvV00Es6hTQ_854O5JEr76Q,519152,523048,3896
AireenArellano_UCJqmGQTF2DgAEvV00Es6hTQ_854O5JEr76Q_523656_525200.wav,AireenArellano_UCJqmGQTF2DgAEvV00Es6hTQ_854O5JEr76Q,523656,525200,1544
AireenArellano_UCJqmGQTF2DgAEvV00Es6hTQ_854O5JEr76Q_526416_528000.wav,AireenArellano_UCJqmGQTF2DgAEvV00Es6hTQ_854O5JEr76Q,526416,528000,1584
AireenArellano_UCJqmGQTF2DgAEvV00Es6hTQ_854O5JEr76Q_528768_530544.wav,AireenArellano_UCJqmGQTF2DgAEvV00Es6hTQ_854O5JEr76Q,528768,530544,1776
AireenArellano_UCJqmGQTF2DgAEvV00Es6hTQ_854O5JEr76Q_530816_531592.wav,AireenArellano_UCJqmGQTF2DgAEvV00Es6hTQ_854O5JEr76Q,530816,531592,776
AireenArellano_UCJqmGQTF2DgAEvV00Es6hTQ_854O5JEr76Q_532096_534304.wav,AireenArellano_UCJqmGQTF2DgAEvV00Es6hTQ_854O5JEr76Q,532096,534304,2208
AireenArellano_UCJqmGQTF2DgAEvV00Es6hTQ_854O5JEr76Q_534960_540024.wav,AireenArellano_UCJqmGQTF2DgAEvV00Es6hTQ_854O5JEr76Q,534960,540024,5064
AireenArellano_UCJqmGQTF2DgAEvV00Es6hTQ_854O5JEr76Q_540320_541064.wav,AireenArellano_UCJqmGQTF2DgAEvV00Es6hTQ_854O5JEr76Q,540320,541064,744
AireenArellano_UCJqmGQTF2DgAEvV00Es6hTQ_854O5JEr76Q_541824_544008.wav,AireenArellano_UCJqmGQTF2DgAEvV00Es6hTQ_854O5JEr76Q,541824,544008,2184
AireenArellano_UCJqmGQTF2DgAEvV00Es6hTQ_854O5JEr76Q_544336_544680.wav,AireenArellano_UCJqmGQTF2DgAEvV00Es6hTQ_854O5JEr76Q,544336,544680,344
AireenArellano_UCJqmGQTF2DgAEvV00Es6hTQ_854O5JEr76Q_545264_547680.wav,AireenArellano_UCJqmGQTF2DgAEvV00Es6hTQ_854O5JEr76Q,545264,547680,2416
AireenArellano_UCJqmGQTF2DgAEvV00Es6hTQ_854O5JEr76Q_548000_554616.wav,AireenArellano_UCJqmGQTF2DgAEvV00Es6hTQ_854O5JEr76Q,548000,554616,6616
AireenArellano_UCJqmGQTF2DgAEvV00Es6hTQ_854O5JEr76Q_555224_561832.wav,AireenArellano_UCJqmGQTF2DgAEvV00Es6hTQ_854O5JEr76Q,555224,561832,6608
AireenArellano_UCJqmGQTF2DgAEvV00Es6hTQ_854O5JEr76Q_562200_567616.wav,AireenArellano_UCJqmGQTF2DgAEvV00Es6hTQ_854O5JEr76Q,562200,567616,5416
AireenArellano_UCJqmGQTF2DgAEvV00Es6hTQ_854O5JEr76Q_568112_575756.wav,AireenArellano_UCJqmGQTF2DgAEvV00Es6hTQ_854O5JEr76Q,568112,575756,7644
AireenArellano_UCJqmGQTF2DgAEvV00Es6hTQ_854O5JEr76Q_575868_581180.wav,AireenArellano_UCJqmGQTF2DgAEvV00Es6hTQ_854O5JEr76Q,575868,581180,5312
AireenArellano_UCJqmGQTF2DgAEvV00Es6hTQ_854O5JEr76Q_581300_586180.wav,AireenArellano_UCJqmGQTF2DgAEvV00Es6hTQ_854O5JEr76Q,581300,586180,4880
AireenArellano_UCJqmGQTF2DgAEvV00Es6hTQ_854O5JEr76Q_586292_587376.wav,AireenArellano_UCJqmGQTF2DgAEvV00Es6hTQ_854O5JEr76Q,586292,587376,1084
AireenArellano_UCJqmGQTF2DgAEvV00Es6hTQ_854O5JEr76Q_587824_589856.wav,AireenArellano_UCJqmGQTF2DgAEvV00Es6hTQ_854O5JEr76Q,587824,589856,2032
AireenArellano_UCJqmGQTF2DgAEvV00Es6hTQ_854O5JEr76Q_590112_593712.wav,AireenArellano_UCJqmGQTF2DgAEvV00Es6hTQ_854O5JEr76Q,590112,593712,3600
AireenArellano_UCJqmGQTF2DgAEvV00Es6hTQ_854O5JEr76Q_594208_597704.wav,AireenArellano_UCJqmGQTF2DgAEvV00Es6hTQ_854O5JEr76Q,594208,597704,3496
AireenArellano_UCJqmGQTF2DgAEvV00Es6hTQ_854O5JEr76Q_597912_605328.wav,AireenArellano_UCJqmGQTF2DgAEvV00Es6hTQ_854O5JEr76Q,597912,605328,7416
AireenArellano_UCJqmGQTF2DgAEvV00Es6hTQ_854O5JEr76Q_605512_606024.wav,AireenArellano_UCJqmGQTF2DgAEvV00Es6hTQ_854O5JEr76Q,605512,606024,512
AireenArellano_UCJqmGQTF2DgAEvV00Es6hTQ_854O5JEr76Q_606128_608456.wav,AireenArellano_UCJqmGQTF2DgAEvV00Es6hTQ_854O5JEr76Q,606128,608456,2328
AireenArellano_UCJqmGQTF2DgAEvV00Es6hTQ_854O5JEr76Q_609088_618656.wav,AireenArellano_UCJqmGQTF2DgAEvV00Es6hTQ_854O5JEr76Q,609088,618656,9568
AireenArellano_UCJqmGQTF2DgAEvV00Es6hTQ_854O5JEr76Q_618760_618960.wav,AireenArellano_UCJqmGQTF2DgAEvV00Es6hTQ_854O5JEr76Q,618760,618960,200
AireenArellano_UCJqmGQTF2DgAEvV00Es6hTQ_854O5JEr76Q_619216_622028.wav,AireenArellano_UCJqmGQTF2DgAEvV00Es6hTQ_854O5JEr76Q,619216,622028,2812
AireenArellano_UCJqmGQTF2DgAEvV00Es6hTQ_854O5JEr76Q_622340_631488.wav,AireenArellano_UCJqmGQTF2DgAEvV00Es6hTQ_854O5JEr76Q,622340,631488,9148
AireenArellano_UCJqmGQTF2DgAEvV00Es6hTQ_854O5JEr76Q_631696_636992.wav,AireenArellano_UCJqmGQTF2DgAEvV00Es6hTQ_854O5JEr76Q,631696,636992,5296
AireenArellano_UCJqmGQTF2DgAEvV00Es6hTQ_854O5JEr76Q_637152_637416.wav,AireenArellano_UCJqmGQTF2DgAEvV00Es6hTQ_854O5JEr76Q,637152,637416,264
AireenArellano_UCJqmGQTF2DgAEvV00Es6hTQ_854O5JEr76Q_637688_642264.wav,AireenArellano_UCJqmGQTF2DgAEvV00Es6hTQ_854O5JEr76Q,637688,642264,4576
AireenArellano_UCJqmGQTF2DgAEvV00Es6hTQ_854O5JEr76Q_642768_645432.wav,AireenArellano_UCJqmGQTF2DgAEvV00Es6hTQ_854O5JEr76Q,642768,645432,2664
AireenArellano_UCJqmGQTF2DgAEvV00Es6hTQ_854O5JEr76Q_645728_645856.wav,AireenArellano_UCJqmGQTF2DgAEvV00Es6hTQ_854O5JEr76Q,645728,645856,128
AireenArellano_UCJqmGQTF2DgAEvV00Es6hTQ_854O5JEr76Q_646112_646232.wav,AireenArellano_UCJqmGQTF2DgAEvV00Es6hTQ_854O5JEr76Q,646112,646232,120
AireenArellano_UCJqmGQTF2DgAEvV00Es6hTQ_854O5JEr76Q_646416_652400.wav,AireenArellano_UCJqmGQTF2DgAEvV00Es6hTQ_854O5JEr76Q,646416,652400,5984
AireenArellano_UCJqmGQTF2DgAEvV00Es6hTQ_854O5JEr76Q_652768_657976.wav,AireenArellano_UCJqmGQTF2DgAEvV00Es6hTQ_854O5JEr76Q,652768,657976,5208
AireenArellano_UCJqmGQTF2DgAEvV00Es6hTQ_854O5JEr76Q_658088_660000.wav,AireenArellano_UCJqmGQTF2DgAEvV00Es6hTQ_854O5JEr76Q,658088,660000,1912
AireenArellano_UCJqmGQTF2DgAEvV00Es6hTQ_854O5JEr76Q_660224_664052.wav,AireenArellano_UCJqmGQTF2DgAEvV00Es6hTQ_854O5JEr76Q,660224,664052,3828
AireenArellano_UCJqmGQTF2DgAEvV00Es6hTQ_854O5JEr76Q_664236_672470.wav,AireenArellano_UCJqmGQTF2DgAEvV00Es6hTQ_854O5JEr76Q,664236,672470,8234
AireenArellano_UCJqmGQTF2DgAEvV00Es6hTQ_854O5JEr76Q_672958_675152.wav,AireenArellano_UCJqmGQTF2DgAEvV00Es6hTQ_854O5JEr76Q,672958,675152,2194
AireenArellano_UCJqmGQTF2DgAEvV00Es6hTQ_854O5JEr76Q_675272_680816.wav,AireenArellano_UCJqmGQTF2DgAEvV00Es6hTQ_854O5JEr76Q,675272,680816,5544
AireenArellano_UCJqmGQTF2DgAEvV00Es6hTQ_854O5JEr76Q_681304_684848.wav,AireenArellano_UCJqmGQTF2DgAEvV00Es6hTQ_854O5JEr76Q,681304,684848,3544
AireenArellano_UCJqmGQTF2DgAEvV00Es6hTQ_854O5JEr76Q_685560_692024.wav,AireenArellano_UCJqmGQTF2DgAEvV00Es6hTQ_854O5JEr76Q,685560,692024,6464
AireenArellano_UCJqmGQTF2DgAEvV00Es6hTQ_854O5JEr76Q_692664_701904.wav,AireenArellano_UCJqmGQTF2DgAEvV00Es6hTQ_854O5JEr76Q,692664,701904,9240
AireenArellano_UCJqmGQTF2DgAEvV00Es6hTQ_854O5JEr76Q_702376_707524.wav,AireenArellano_UCJqmGQTF2DgAEvV00Es6hTQ_854O5JEr76Q,702376,707524,5148
AireenArellano_UCJqmGQTF2DgAEvV00Es6hTQ_854O5JEr76Q_707676_708636.wav,AireenArellano_UCJqmGQTF2DgAEvV00Es6hTQ_854O5JEr76Q,707676,708636,960
AireenArellano_UCJqmGQTF2DgAEvV00Es6hTQ_854O5JEr76Q_708772_709756.wav,AireenArellano_UCJqmGQTF2DgAEvV00Es6hTQ_854O5JEr76Q,708772,709756,984
AireenArellano_UCJqmGQTF2DgAEvV00Es6hTQ_854O5JEr76Q_709892_715644.wav,AireenArellano_UCJqmGQTF2DgAEvV00Es6hTQ_854O5JEr76Q,709892,715644,5752
AireenArellano_UCJqmGQTF2DgAEvV00Es6hTQ_854O5JEr76Q_715764_716736.wav,AireenArellano_UCJqmGQTF2DgAEvV00Es6hTQ_854O5JEr76Q,715764,716736,972
AireenArellano_UCJqmGQTF2DgAEvV00Es6hTQ_854O5JEr76Q_717400_727128.wav,AireenArellano_UCJqmGQTF2DgAEvV00Es6hTQ_854O5JEr76Q,717400,727128,9728
AireenArellano_UCJqmGQTF2DgAEvV00Es6hTQ_854O5JEr76Q_727344_729304.wav,AireenArellano_UCJqmGQTF2DgAEvV00Es6hTQ_854O5JEr76Q,727344,729304,1960
AireenArellano_UCJqmGQTF2DgAEvV00Es6hTQ_854O5JEr76Q_729728_733912.wav,AireenArellano_UCJqmGQTF2DgAEvV00Es6hTQ_854O5JEr76Q,729728,733912,4184
AireenArellano_UCJqmGQTF2DgAEvV00Es6hTQ_854O5JEr76Q_734280_734808.wav,AireenArellano_UCJqmGQTF2DgAEvV00Es6hTQ_854O5JEr76Q,734280,734808,528
AireenArellano_UCJqmGQTF2DgAEvV00Es6hTQ_854O5JEr76Q_734976_735648.wav,AireenArellano_UCJqmGQTF2DgAEvV00Es6hTQ_854O5JEr76Q,734976,735648,672
AireenArellano_UCJqmGQTF2DgAEvV00Es6hTQ_854O5JEr76Q_735760_745712.wav,AireenArellano_UCJqmGQTF2DgAEvV00Es6hTQ_854O5JEr76Q,735760,745712,9952
AireenArellano_UCJqmGQTF2DgAEvV00Es6hTQ_854O5JEr76Q_746112_749928.wav,AireenArellano_UCJqmGQTF2DgAEvV00Es6hTQ_854O5JEr76Q,746112,749928,3816
AireenArellano_UCJqmGQTF2DgAEvV00Es6hTQ_854O5JEr76Q_750672_755328.wav,AireenArellano_UCJqmGQTF2DgAEvV00Es6hTQ_854O5JEr76Q,750672,755328,4656
AireenArellano_UCJqmGQTF2DgAEvV00Es6hTQ_854O5JEr76Q_755704_756256.wav,AireenArellano_UCJqmGQTF2DgAEvV00Es6hTQ_854O5JEr76Q,755704,756256,552
AireenArellano_UCJqmGQTF2DgAEvV00Es6hTQ_854O5JEr76Q_756872_762970.wav,AireenArellano_UCJqmGQTF2DgAEvV00Es6hTQ_854O5JEr76Q,756872,762970,6098
AireenArellano_UCJqmGQTF2DgAEvV00Es6hTQ_854O5JEr76Q_763122_769578.wav,AireenArellano_UCJqmGQTF2DgAEvV00Es6hTQ_854O5JEr76Q,763122,769578,6456
AireenArellano_UCJqmGQTF2DgAEvV00Es6hTQ_854O5JEr76Q_769962_773922.wav,AireenArellano_UCJqmGQTF2DgAEvV00Es6hTQ_854O5JEr76Q,769962,773922,3960
AireenArellano_UCJqmGQTF2DgAEvV00Es6hTQ_854O5JEr76Q_774258_778458.wav,AireenArellano_UCJqmGQTF2DgAEvV00Es6hTQ_854O5JEr76Q,774258,778458,4200
AireenArellano_UCJqmGQTF2DgAEvV00Es6hTQ_854O5JEr76Q_778730_786602.wav,AireenArellano_UCJqmGQTF2DgAEvV00Es6hTQ_854O5JEr76Q,778730,786602,7872
AireenArellano_UCJqmGQTF2DgAEvV00Es6hTQ_854O5JEr76Q_787348_792340.wav,AireenArellano_UCJqmGQTF2DgAEvV00Es6hTQ_854O5JEr76Q,787348,792340,4992
AireenArellano_UCJqmGQTF2DgAEvV00Es6hTQ_854O5JEr76Q_792908_795200.wav,AireenArellano_UCJqmGQTF2DgAEvV00Es6hTQ_854O5JEr76Q,792908,795200,2292
AireenArellano_UCJqmGQTF2DgAEvV00Es6hTQ_854O5JEr76Q_795472_803840.wav,AireenArellano_UCJqmGQTF2DgAEvV00Es6hTQ_854O5JEr76Q,795472,803840,8368
AireenArellano_UCJqmGQTF2DgAEvV00Es6hTQ_854O5JEr76Q_804104_812416.wav,AireenArellano_UCJqmGQTF2DgAEvV00Es6hTQ_854O5JEr76Q,804104,812416,8312
AireenArellano_UCJqmGQTF2DgAEvV00Es6hTQ_854O5JEr76Q_812728_813216.wav,AireenArellano_UCJqmGQTF2DgAEvV00Es6hTQ_854O5JEr76Q,812728,813216,488
AireenArellano_UCJqmGQTF2DgAEvV00Es6hTQ_854O5JEr76Q_813400_815960.wav,AireenArellano_UCJqmGQTF2DgAEvV00Es6hTQ_854O5JEr76Q,813400,815960,2560
AireenArellano_UCJqmGQTF2DgAEvV00Es6hTQ_854O5JEr76Q_816264_821624.wav,AireenArellano_UCJqmGQTF2DgAEvV00Es6hTQ_854O5JEr76Q,816264,821624,5360
AireenArellano_UCJqmGQTF2DgAEvV00Es6hTQ_854O5JEr76Q_821824_827120.wav,AireenArellano_UCJqmGQTF2DgAEvV00Es6hTQ_854O5JEr76Q,821824,827120,5296
AireenArellano_UCJqmGQTF2DgAEvV00Es6hTQ_854O5JEr76Q_827272_833724.wav,AireenArellano_UCJqmGQTF2DgAEvV00Es6hTQ_854O5JEr76Q,827272,833724,6452
AireenArellano_UCJqmGQTF2DgAEvV00Es6hTQ_854O5JEr76Q_834156_839972.wav,AireenArellano_UCJqmGQTF2DgAEvV00Es6hTQ_854O5JEr76Q,834156,839972,5816
AireenArellano_UCJqmGQTF2DgAEvV00Es6hTQ_854O5JEr76Q_840332_845264.wav,AireenArellano_UCJqmGQTF2DgAEvV00Es6hTQ_854O5JEr76Q,840332,845264,4932
AireenArellano_UCJqmGQTF2DgAEvV00Es6hTQ_854O5JEr76Q_845416_849264.wav,AireenArellano_UCJqmGQTF2DgAEvV00Es6hTQ_854O5JEr76Q,845416,849264,3848
AireenArellano_UCJqmGQTF2DgAEvV00Es6hTQ_854O5JEr76Q_849368_856064.wav,AireenArellano_UCJqmGQTF2DgAEvV00Es6hTQ_854O5JEr76Q,849368,856064,6696
AireenArellano_UCJqmGQTF2DgAEvV00Es6hTQ_854O5JEr76Q_856352_856864.wav,AireenArellano_UCJqmGQTF2DgAEvV00Es6hTQ_854O5JEr76Q,856352,856864,512
AireenArellano_UCJqmGQTF2DgAEvV00Es6hTQ_854O5JEr76Q_857232_858104.wav,AireenArellano_UCJqmGQTF2DgAEvV00Es6hTQ_854O5JEr76Q,857232,858104,872
AireenArellano_UCJqmGQTF2DgAEvV00Es6hTQ_854O5JEr76Q_858232_861024.wav,AireenArellano_UCJqmGQTF2DgAEvV00Es6hTQ_854O5JEr76Q,858232,861024,2792
AireenArellano_UCJqmGQTF2DgAEvV00Es6hTQ_854O5JEr76Q_861168_862128.wav,AireenArellano_UCJqmGQTF2DgAEvV00Es6hTQ_854O5JEr76Q,861168,862128,960
AireenArellano_UCJqmGQTF2DgAEvV00Es6hTQ_854O5JEr76Q_862264_865784.wav,AireenArellano_UCJqmGQTF2DgAEvV00Es6hTQ_854O5JEr76Q,862264,865784,3520
AireenArellano_UCJqmGQTF2DgAEvV00Es6hTQ_854O5JEr76Q_865920_866032.wav,AireenArellano_UCJqmGQTF2DgAEvV00Es6hTQ_854O5JEr76Q,865920,866032,112
AireenArellano_UCJqmGQTF2DgAEvV00Es6hTQ_854O5JEr76Q_866344_871736.wav,AireenArellano_UCJqmGQTF2DgAEvV00Es6hTQ_854O5JEr76Q,866344,871736,5392
AireenArellano_UCJqmGQTF2DgAEvV00Es6hTQ_854O5JEr76Q_871896_874064.wav,AireenArellano_UCJqmGQTF2DgAEvV00Es6hTQ_854O5JEr76Q,871896,874064,2168
AireenArellano_UCJqmGQTF2DgAEvV00Es6hTQ_854O5JEr76Q_874216_880752.wav,AireenArellano_UCJqmGQTF2DgAEvV00Es6hTQ_854O5JEr76Q,874216,880752,6536
AireenArellano_UCJqmGQTF2DgAEvV00Es6hTQ_854O5JEr76Q_881032_881144.wav,AireenArellano_UCJqmGQTF2DgAEvV00Es6hTQ_854O5JEr76Q,881032,881144,112
AireenArellano_UCJqmGQTF2DgAEvV00Es6hTQ_854O5JEr76Q_881520_883352.wav,AireenArellano_UCJqmGQTF2DgAEvV00Es6hTQ_854O5JEr76Q,881520,883352,1832
AireenArellano_UCJqmGQTF2DgAEvV00Es6hTQ_854O5JEr76Q_883688_889752.wav,AireenArellano_UCJqmGQTF2DgAEvV00Es6hTQ_854O5JEr76Q,883688,889752,6064
AireenArellano_UCJqmGQTF2DgAEvV00Es6hTQ_854O5JEr76Q_889952_891904.wav,AireenArellano_UCJqmGQTF2DgAEvV00Es6hTQ_854O5JEr76Q,889952,891904,1952
AireenArellano_UCJqmGQTF2DgAEvV00Es6hTQ_854O5JEr76Q_892232_893256.wav,AireenArellano_UCJqmGQTF2DgAEvV00Es6hTQ_854O5JEr76Q,892232,893256,1024
AireenArellano_UCJqmGQTF2DgAEvV00Es6hTQ_854O5JEr76Q_893656_894616.wav,AireenArellano_UCJqmGQTF2DgAEvV00Es6hTQ_854O5JEr76Q,893656,894616,960
AireenArellano_UCJqmGQTF2DgAEvV00Es6hTQ_854O5JEr76Q_895064_895912.wav,AireenArellano_UCJqmGQTF2DgAEvV00Es6hTQ_854O5JEr76Q,895064,895912,848
AireenArellano_UCJqmGQTF2DgAEvV00Es6hTQ_854O5JEr76Q_896184_898040.wav,AireenArellano_UCJqmGQTF2DgAEvV00Es6hTQ_854O5JEr76Q,896184,898040,1856
AireenArellano_UCJqmGQTF2DgAEvV00Es6hTQ_854O5JEr76Q_898384_901728.wav,AireenArellano_UCJqmGQTF2DgAEvV00Es6hTQ_854O5JEr76Q,898384,901728,3344
AireenArellano_UCJqmGQTF2DgAEvV00Es6hTQ_854O5JEr76Q_901896_909008.wav,AireenArellano_UCJqmGQTF2DgAEvV00Es6hTQ_854O5JEr76Q,901896,909008,7112
AireenArellano_UCJqmGQTF2DgAEvV00Es6hTQ_854O5JEr76Q_909160_915136.wav,AireenArellano_UCJqmGQTF2DgAEvV00Es6hTQ_854O5JEr76Q,909160,915136,5976
AireenArellano_UCJqmGQTF2DgAEvV00Es6hTQ_854O5JEr76Q_915304_920888.wav,AireenArellano_UCJqmGQTF2DgAEvV00Es6hTQ_854O5JEr76Q,915304,920888,5584
AireenArellano_UCJqmGQTF2DgAEvV00Es6hTQ_854O5JEr76Q_921056_921476.wav,AireenArellano_UCJqmGQTF2DgAEvV00Es6hTQ_854O5JEr76Q,921056,921476,420
AireenArellano_UCJqmGQTF2DgAEvV00Es6hTQ_854O5JEr76Q_921796_930964.wav,AireenArellano_UCJqmGQTF2DgAEvV00Es6hTQ_854O5JEr76Q,921796,930964,9168
AireenArellano_UCJqmGQTF2DgAEvV00Es6hTQ_854O5JEr76Q_931536_932696.wav,AireenArellano_UCJqmGQTF2DgAEvV00Es6hTQ_854O5JEr76Q,931536,932696,1160
AireenArellano_UCJqmGQTF2DgAEvV00Es6hTQ_854O5JEr76Q_933176_938624.wav,AireenArellano_UCJqmGQTF2DgAEvV00Es6hTQ_854O5JEr76Q,933176,938624,5448
AireenArellano_UCJqmGQTF2DgAEvV00Es6hTQ_854O5JEr76Q_938808_946696.wav,AireenArellano_UCJqmGQTF2DgAEvV00Es6hTQ_854O5JEr76Q,938808,946696,7888
AireenArellano_UCJqmGQTF2DgAEvV00Es6hTQ_854O5JEr76Q_946936_947826.wav,AireenArellano_UCJqmGQTF2DgAEvV00Es6hTQ_854O5JEr76Q,946936,947826,890
AireenArellano_UCJqmGQTF2DgAEvV00Es6hTQ_854O5JEr76Q_948058_954570.wav,AireenArellano_UCJqmGQTF2DgAEvV00Es6hTQ_854O5JEr76Q,948058,954570,6512
AireenArellano_UCJqmGQTF2DgAEvV00Es6hTQ_854O5JEr76Q_955010_958596.wav,AireenArellano_UCJqmGQTF2DgAEvV00Es6hTQ_854O5JEr76Q,955010,958596,3586
AireenArellano_UCJqmGQTF2DgAEvV00Es6hTQ_854O5JEr76Q_958780_961520.wav,AireenArellano_UCJqmGQTF2DgAEvV00Es6hTQ_854O5JEr76Q,958780,961520,2740
AireenArellano_UCJqmGQTF2DgAEvV00Es6hTQ_854O5JEr76Q_961640_965808.wav,AireenArellano_UCJqmGQTF2DgAEvV00Es6hTQ_854O5JEr76Q,961640,965808,4168
AireenArellano_UCJqmGQTF2DgAEvV00Es6hTQ_854O5JEr76Q_965976_968232.wav,AireenArellano_UCJqmGQTF2DgAEvV00Es6hTQ_854O5JEr76Q,965976,968232,2256
AireenArellano_UCJqmGQTF2DgAEvV00Es6hTQ_854O5JEr76Q_968488_977792.wav,AireenArellano_UCJqmGQTF2DgAEvV00Es6hTQ_854O5JEr76Q,968488,977792,9304
AireenArellano_UCJqmGQTF2DgAEvV00Es6hTQ_854O5JEr76Q_978320_980576.wav,AireenArellano_UCJqmGQTF2DgAEvV00Es6hTQ_854O5JEr76Q,978320,980576,2256
AireenArellano_UCJqmGQTF2DgAEvV00Es6hTQ_854O5JEr76Q_980848_988472.wav,AireenArellano_UCJqmGQTF2DgAEvV00Es6hTQ_854O5JEr76Q,980848,988472,7624
AireenArellano_UCJqmGQTF2DgAEvV00Es6hTQ_854O5JEr76Q_988776_995952.wav,AireenArellano_UCJqmGQTF2DgAEvV00Es6hTQ_854O5JEr76Q,988776,995952,7176
AireenArellano_UCJqmGQTF2DgAEvV00Es6hTQ_854O5JEr76Q_996480_996696.wav,AireenArellano_UCJqmGQTF2DgAEvV00Es6hTQ_854O5JEr76Q,996480,996696,216
AireenArellano_UCJqmGQTF2DgAEvV00Es6hTQ_854O5JEr76Q_996816_1005512.wav,AireenArellano_UCJqmGQTF2DgAEvV00Es6hTQ_854O5JEr76Q,996816,1005512,8696
AireenArellano_UCJqmGQTF2DgAEvV00Es6hTQ_854O5JEr76Q_1005752_1006408.wav,AireenArellano_UCJqmGQTF2DgAEvV00Es6hTQ_854O5JEr76Q,1005752,1006408,656
AireenArellano_UCJqmGQTF2DgAEvV00Es6hTQ_854O5JEr76Q_1006528_1006728.wav,AireenArellano_UCJqmGQTF2DgAEvV00Es6hTQ_854O5JEr76Q,1006528,1006728,200
AireenArellano_UCJqmGQTF2DgAEvV00Es6hTQ_854O5JEr76Q_1007056_1010032.wav,AireenArellano_UCJqmGQTF2DgAEvV00Es6hTQ_854O5JEr76Q,1007056,1010032,2976
AireenArellano_UCJqmGQTF2DgAEvV00Es6hTQ_854O5JEr76Q_1010184_1014984.wav,AireenArellano_UCJqmGQTF2DgAEvV00Es6hTQ_854O5JEr76Q,1010184,1014984,4800
AireenArellano_UCJqmGQTF2DgAEvV00Es6hTQ_854O5JEr76Q_1015128_1021296.wav,AireenArellano_UCJqmGQTF2DgAEvV00Es6hTQ_854O5JEr76Q,1015128,1021296,6168
AireenArellano_UCJqmGQTF2DgAEvV00Es6hTQ_854O5JEr76Q_1021696_1022960.wav,AireenArellano_UCJqmGQTF2DgAEvV00Es6hTQ_854O5JEr76Q,1021696,1022960,1264
AireenArellano_UCJqmGQTF2DgAEvV00Es6hTQ_854O5JEr76Q_1023584_1026884.wav,AireenArellano_UCJqmGQTF2DgAEvV00Es6hTQ_854O5JEr76Q,1023584,1026884,3300
AireenArellano_UCJqmGQTF2DgAEvV00Es6hTQ_854O5JEr76Q_1026988_1028796.wav,AireenArellano_UCJqmGQTF2DgAEvV00Es6hTQ_854O5JEr76Q,1026988,1028796,1808
AireenArellano_UCJqmGQTF2DgAEvV00Es6hTQ_854O5JEr76Q_1028908_1037888.wav,AireenArellano_UCJqmGQTF2DgAEvV00Es6hTQ_854O5JEr76Q,1028908,1037888,8980
AireenArellano_UCJqmGQTF2DgAEvV00Es6hTQ_854O5JEr76Q_1038144_1041364.wav,AireenArellano_UCJqmGQTF2DgAEvV00Es6hTQ_854O5JEr76Q,1038144,1041364,3220
AireenArellano_UCJqmGQTF2DgAEvV00Es6hTQ_854O5JEr76Q_1041500_1042628.wav,AireenArellano_UCJqmGQTF2DgAEvV00Es6hTQ_854O5JEr76Q,1041500,1042628,1128
AireenArellano_UCJqmGQTF2DgAEvV00Es6hTQ_854O5JEr76Q_1042748_1050286.wav,AireenArellano_UCJqmGQTF2DgAEvV00Es6hTQ_854O5JEr76Q,1042748,1050286,7538
AireenArellano_UCJqmGQTF2DgAEvV00Es6hTQ_854O5JEr76Q_1050638_1057296.wav,AireenArellano_UCJqmGQTF2DgAEvV00Es6hTQ_854O5JEr76Q,1050638,1057296,6658
AireenArellano_UCJqmGQTF2DgAEvV00Es6hTQ_854O5JEr76Q_1057928_1062608.wav,AireenArellano_UCJqmGQTF2DgAEvV00Es6hTQ_854O5JEr76Q,1057928,1062608,4680
AireenArellano_UCJqmGQTF2DgAEvV00Es6hTQ_854O5JEr76Q_1063280_1066024.wav,AireenArellano_UCJqmGQTF2DgAEvV00Es6hTQ_854O5JEr76Q,1063280,1066024,2744
AireenArellano_UCJqmGQTF2DgAEvV00Es6hTQ_854O5JEr76Q_1066416_1073672.wav,AireenArellano_UCJqmGQTF2DgAEvV00Es6hTQ_854O5JEr76Q,1066416,1073672,7256
AireenArellano_UCJqmGQTF2DgAEvV00Es6hTQ_854O5JEr76Q_1073840_1078312.wav,AireenArellano_UCJqmGQTF2DgAEvV00Es6hTQ_854O5JEr76Q,1073840,1078312,4472
AireenArellano_UCJqmGQTF2DgAEvV00Es6hTQ_854O5JEr76Q_1078472_1078832.wav,AireenArellano_UCJqmGQTF2DgAEvV00Es6hTQ_854O5JEr76Q,1078472,1078832,360
AireenArellano_UCJqmGQTF2DgAEvV00Es6hTQ_854O5JEr76Q_1079088_1080280.wav,AireenArellano_UCJqmGQTF2DgAEvV00Es6hTQ_854O5JEr76Q,1079088,1080280,1192
AireenArellano_UCJqmGQTF2DgAEvV00Es6hTQ_854O5JEr76Q_1080560_1085800.wav,AireenArellano_UCJqmGQTF2DgAEvV00Es6hTQ_854O5JEr76Q,1080560,1085800,5240
AireenArellano_UCJqmGQTF2DgAEvV00Es6hTQ_854O5JEr76Q_1086144_1087392.wav,AireenArellano_UCJqmGQTF2DgAEvV00Es6hTQ_854O5JEr76Q,1086144,1087392,1248
AireenArellano_UCJqmGQTF2DgAEvV00Es6hTQ_854O5JEr76Q_1088504_1089808.wav,AireenArellano_UCJqmGQTF2DgAEvV00Es6hTQ_854O5JEr76Q,1088504,1089808,1304
AireenArellano_UCJqmGQTF2DgAEvV00Es6hTQ_854O5JEr76Q_1091024_1097992.wav,AireenArellano_UCJqmGQTF2DgAEvV00Es6hTQ_854O5JEr76Q,1091024,1097992,6968
AireenArellano_UCJqmGQTF2DgAEvV00Es6hTQ_854O5JEr76Q_1098120_1099600.wav,AireenArellano_UCJqmGQTF2DgAEvV00Es6hTQ_854O5JEr76Q,1098120,1099600,1480
AireenArellano_UCJqmGQTF2DgAEvV00Es6hTQ_854O5JEr76Q_1099728_1109552.wav,AireenArellano_UCJqmGQTF2DgAEvV00Es6hTQ_854O5JEr76Q,1099728,1109552,9824
AireenArellano_UCJqmGQTF2DgAEvV00Es6hTQ_854O5JEr76Q_1109952_1110640.wav,AireenArellano_UCJqmGQTF2DgAEvV00Es6hTQ_854O5JEr76Q,1109952,1110640,688
AireenArellano_UCJqmGQTF2DgAEvV00Es6hTQ_854O5JEr76Q_1111136_1118896.wav,AireenArellano_UCJqmGQTF2DgAEvV00Es6hTQ_854O5JEr76Q,1111136,1118896,7760
AireenArellano_UCJqmGQTF2DgAEvV00Es6hTQ_854O5JEr76Q_1119416_1122856.wav,AireenArellano_UCJqmGQTF2DgAEvV00Es6hTQ_854O5JEr76Q,1119416,1122856,3440
AireenArellano_UCJqmGQTF2DgAEvV00Es6hTQ_854O5JEr76Q_1123512_1130208.wav,AireenArellano_UCJqmGQTF2DgAEvV00Es6hTQ_854O5JEr76Q,1123512,1130208,6696
AireenArellano_UCJqmGQTF2DgAEvV00Es6hTQ_854O5JEr76Q_1130600_1131448.wav,AireenArellano_UCJqmGQTF2DgAEvV00Es6hTQ_854O5JEr76Q,1130600,1131448,848
AireenArellano_UCJqmGQTF2DgAEvV00Es6hTQ_854O5JEr76Q_1132272_1133000.wav,AireenArellano_UCJqmGQTF2DgAEvV00Es6hTQ_854O5JEr76Q,1132272,1133000,728
AireenArellano_UCJqmGQTF2DgAEvV00Es6hTQ_854O5JEr76Q_1133280_1134184.wav,AireenArellano_UCJqmGQTF2DgAEvV00Es6hTQ_854O5JEr76Q,1133280,1134184,904
AireenArellano_UCJqmGQTF2DgAEvV00Es6hTQ_854O5JEr76Q_1134584_1136668.wav,AireenArellano_UCJqmGQTF2DgAEvV00Es6hTQ_854O5JEr76Q,1134584,1136668,2084
AireenArellano_UCJqmGQTF2DgAEvV00Es6hTQ_854O5JEr76Q_1137044_1146454.wav,AireenArellano_UCJqmGQTF2DgAEvV00Es6hTQ_854O5JEr76Q,1137044,1146454,9410
AireenArellano_UCJqmGQTF2DgAEvV00Es6hTQ_854O5JEr76Q_1146622_1148376.wav,AireenArellano_UCJqmGQTF2DgAEvV00Es6hTQ_854O5JEr76Q,1146622,1148376,1754
AireenArellano_UCJqmGQTF2DgAEvV00Es6hTQ_854O5JEr76Q_1148672_1149602.wav,AireenArellano_UCJqmGQTF2DgAEvV00Es6hTQ_854O5JEr76Q,1148672,1149602,930
AireenArellano_UCJqmGQTF2DgAEvV00Es6hTQ_854O5JEr76Q_1149882_1159282.wav,AireenArellano_UCJqmGQTF2DgAEvV00Es6hTQ_854O5JEr76Q,1149882,1159282,9400
AireenArellano_UCJqmGQTF2DgAEvV00Es6hTQ_854O5JEr76Q_1159804_1163318.wav,AireenArellano_UCJqmGQTF2DgAEvV00Es6hTQ_854O5JEr76Q,1159804,1163318,3514
AireenArellano_UCJqmGQTF2DgAEvV00Es6hTQ_854O5JEr76Q_1163534_1172294.wav,AireenArellano_UCJqmGQTF2DgAEvV00Es6hTQ_854O5JEr76Q,1163534,1172294,8760
AireenArellano_UCJqmGQTF2DgAEvV00Es6hTQ_854O5JEr76Q_1172768_1176104.wav,AireenArellano_UCJqmGQTF2DgAEvV00Es6hTQ_854O5JEr76Q,1172768,1176104,3336
AireenArellano_UCJqmGQTF2DgAEvV00Es6hTQ_854O5JEr76Q_1176328_1185172.wav,AireenArellano_UCJqmGQTF2DgAEvV00Es6hTQ_854O5JEr76Q,1176328,1185172,8844
AireenArellano_UCJqmGQTF2DgAEvV00Es6hTQ_854O5JEr76Q_1185340_1194540.wav,AireenArellano_UCJqmGQTF2DgAEvV00Es6hTQ_854O5JEr76Q,1185340,1194540,9200
AireenArellano_UCJqmGQTF2DgAEvV00Es6hTQ_854O5JEr76Q_1195004_1195548.wav,AireenArellano_UCJqmGQTF2DgAEvV00Es6hTQ_854O5JEr76Q,1195004,1195548,544
AireenArellano_UCJqmGQTF2DgAEvV00Es6hTQ_854O5JEr76Q_1195700_1196432.wav,AireenArellano_UCJqmGQTF2DgAEvV00Es6hTQ_854O5JEr76Q,1195700,1196432,732
AireenArellano_UCJqmGQTF2DgAEvV00Es6hTQ_854O5JEr76Q_1196872_1200120.wav,AireenArellano_UCJqmGQTF2DgAEvV00Es6hTQ_854O5JEr76Q,1196872,1200120,3248
AireenArellano_UCJqmGQTF2DgAEvV00Es6hTQ_854O5JEr76Q_1200552_1201480.wav,AireenArellano_UCJqmGQTF2DgAEvV00Es6hTQ_854O5JEr76Q,1200552,1201480,928
AireenArellano_UCJqmGQTF2DgAEvV00Es6hTQ_854O5JEr76Q_1202072_1210664.wav,AireenArellano_UCJqmGQTF2DgAEvV00Es6hTQ_854O5JEr76Q,1202072,1210664,8592
AireenArellano_UCJqmGQTF2DgAEvV00Es6hTQ_854O5JEr76Q_1211032_1212712.wav,AireenArellano_UCJqmGQTF2DgAEvV00Es6hTQ_854O5JEr76Q,1211032,1212712,1680
AireenArellano_UCJqmGQTF2DgAEvV00Es6hTQ_854O5JEr76Q_1213176_1213698.wav,AireenArellano_UCJqmGQTF2DgAEvV00Es6hTQ_854O5JEr76Q,1213176,1213698,522
AireenArellano_UCJqmGQTF2DgAEvV00Es6hTQ_854O5JEr76Q_1213914_1223332.wav,AireenArellano_UCJqmGQTF2DgAEvV00Es6hTQ_854O5JEr76Q,1213914,1223332,9418
AireenArellano_UCJqmGQTF2DgAEvV00Es6hTQ_854O5JEr76Q_1223748_1226398.wav,AireenArellano_UCJqmGQTF2DgAEvV00Es6hTQ_854O5JEr76Q,1223748,1226398,2650
AireenArellano_UCJqmGQTF2DgAEvV00Es6hTQ_854O5JEr76Q_1226646_1235320.wav,AireenArellano_UCJqmGQTF2DgAEvV00Es6hTQ_854O5JEr76Q,1226646,1235320,8674
AireenArellano_UCJqmGQTF2DgAEvV00Es6hTQ_854O5JEr76Q_1235528_1239832.wav,AireenArellano_UCJqmGQTF2DgAEvV00Es6hTQ_854O5JEr76Q,1235528,1239832,4304
AireenArellano_UCJqmGQTF2DgAEvV00Es6hTQ_854O5JEr76Q_1239944_1241264.wav,AireenArellano_UCJqmGQTF2DgAEvV00Es6hTQ_854O5JEr76Q,1239944,1241264,1320
AireenArellano_UCJqmGQTF2DgAEvV00Es6hTQ_854O5JEr76Q_1241768_1245644.wav,AireenArellano_UCJqmGQTF2DgAEvV00Es6hTQ_854O5JEr76Q,1241768,1245644,3876
AireenArellano_UCJqmGQTF2DgAEvV00Es6hTQ_854O5JEr76Q_1245836_1253812.wav,AireenArellano_UCJqmGQTF2DgAEvV00Es6hTQ_854O5JEr76Q,1245836,1253812,7976
AireenArellano_UCJqmGQTF2DgAEvV00Es6hTQ_854O5JEr76Q_1253916_1257320.wav,AireenArellano_UCJqmGQTF2DgAEvV00Es6hTQ_854O5JEr76Q,1253916,1257320,3404
AireenArellano_UCJqmGQTF2DgAEvV00Es6hTQ_854O5JEr76Q_1257984_1261704.wav,AireenArellano_UCJqmGQTF2DgAEvV00Es6hTQ_854O5JEr76Q,1257984,1261704,3720
AireenArellano_UCJqmGQTF2DgAEvV00Es6hTQ_854O5JEr76Q_1261848_1270944.wav,AireenArellano_UCJqmGQTF2DgAEvV00Es6hTQ_854O5JEr76Q,1261848,1270944,9096
AireenArellano_UCJqmGQTF2DgAEvV00Es6hTQ_854O5JEr76Q_1271048_1274960.wav,AireenArellano_UCJqmGQTF2DgAEvV00Es6hTQ_854O5JEr76Q,1271048,1274960,3912
AireenArellano_UCJqmGQTF2DgAEvV00Es6hTQ_854O5JEr76Q_1275104_1277632.wav,AireenArellano_UCJqmGQTF2DgAEvV00Es6hTQ_854O5JEr76Q,1275104,1277632,2528
AireenArellano_UCJqmGQTF2DgAEvV00Es6hTQ_854O5JEr76Q_1277928_1279592.wav,AireenArellano_UCJqmGQTF2DgAEvV00Es6hTQ_854O5JEr76Q,1277928,1279592,1664
AireenArellano_UCJqmGQTF2DgAEvV00Es6hTQ_854O5JEr76Q_1279952_1280888.wav,AireenArellano_UCJqmGQTF2DgAEvV00Es6hTQ_854O5JEr76Q,1279952,1280888,936
AireenArellano_UCJqmGQTF2DgAEvV00Es6hTQ_854O5JEr76Q_1281224_1282992.wav,AireenArellano_UCJqmGQTF2DgAEvV00Es6hTQ_854O5JEr76Q,1281224,1282992,1768
AireenArellano_UCJqmGQTF2DgAEvV00Es6hTQ_854O5JEr76Q_1283616_1293488.wav,AireenArellano_UCJqmGQTF2DgAEvV00Es6hTQ_854O5JEr76Q,1283616,1293488,9872
AireenArellano_UCJqmGQTF2DgAEvV00Es6hTQ_854O5JEr76Q_1293664_1295536.wav,AireenArellano_UCJqmGQTF2DgAEvV00Es6hTQ_854O5JEr76Q,1293664,1295536,1872
AireenArellano_UCJqmGQTF2DgAEvV00Es6hTQ_854O5JEr76Q_1295808_1296408.wav,AireenArellano_UCJqmGQTF2DgAEvV00Es6hTQ_854O5JEr76Q,1295808,1296408,600
AireenArellano_UCJqmGQTF2DgAEvV00Es6hTQ_854O5JEr76Q_1296704_1304568.wav,AireenArellano_UCJqmGQTF2DgAEvV00Es6hTQ_854O5JEr76Q,1296704,1304568,7864
AireenArellano_UCJqmGQTF2DgAEvV00Es6hTQ_854O5JEr76Q_1304952_1307808.wav,AireenArellano_UCJqmGQTF2DgAEvV00Es6hTQ_854O5JEr76Q,1304952,1307808,2856
AireenArellano_UCJqmGQTF2DgAEvV00Es6hTQ_854O5JEr76Q_1308528_1313472.wav,AireenArellano_UCJqmGQTF2DgAEvV00Es6hTQ_854O5JEr76Q,1308528,1313472,4944
AireenArellano_UCJqmGQTF2DgAEvV00Es6hTQ_854O5JEr76Q_1313816_1315472.wav,AireenArellano_UCJqmGQTF2DgAEvV00Es6hTQ_854O5JEr76Q,1313816,1315472,1656
AireenArellano_UCJqmGQTF2DgAEvV00Es6hTQ_854O5JEr76Q_1316496_1317024.wav,AireenArellano_UCJqmGQTF2DgAEvV00Es6hTQ_854O5JEr76Q,1316496,1317024,528
AireenArellano_UCJqmGQTF2DgAEvV00Es6hTQ_854O5JEr76Q_1317680_1324976.wav,AireenArellano_UCJqmGQTF2DgAEvV00Es6hTQ_854O5JEr76Q,1317680,1324976,7296
AireenArellano_UCJqmGQTF2DgAEvV00Es6hTQ_854O5JEr76Q_1325464_1332697.wav,AireenArellano_UCJqmGQTF2DgAEvV00Es6hTQ_854O5JEr76Q,1325464,1332697,7233
AireenArellano_UCJqmGQTF2DgAEvV00Es6hTQ_854O5JEr76Q_1333057_1335289.wav,AireenArellano_UCJqmGQTF2DgAEvV00Es6hTQ_854O5JEr76Q,1333057,1335289,2232
AireenArellano_UCJqmGQTF2DgAEvV00Es6hTQ_854O5JEr76Q_1335714_1343828.wav,AireenArellano_UCJqmGQTF2DgAEvV00Es6hTQ_854O5JEr76Q,1335714,1343828,8114
AireenArellano_UCJqmGQTF2DgAEvV00Es6hTQ_854O5JEr76Q_1343956_1345876.wav,AireenArellano_UCJqmGQTF2DgAEvV00Es6hTQ_854O5JEr76Q,1343956,1345876,1920
AireenArellano_UCJqmGQTF2DgAEvV00Es6hTQ_854O5JEr76Q_1346180_1355852.wav,AireenArellano_UCJqmGQTF2DgAEvV00Es6hTQ_854O5JEr76Q,1346180,1355852,9672
AireenArellano_UCJqmGQTF2DgAEvV00Es6hTQ_854O5JEr76Q_1356020_1364524.wav,AireenArellano_UCJqmGQTF2DgAEvV00Es6hTQ_854O5JEr76Q,1356020,1364524,8504
AireenArellano_UCJqmGQTF2DgAEvV00Es6hTQ_854O5JEr76Q_1364732_1368500.wav,AireenArellano_UCJqmGQTF2DgAEvV00Es6hTQ_854O5JEr76Q,1364732,1368500,3768
AireenArellano_UCJqmGQTF2DgAEvV00Es6hTQ_854O5JEr76Q_1368820_1374628.wav,AireenArellano_UCJqmGQTF2DgAEvV00Es6hTQ_854O5JEr76Q,1368820,1374628,5808
AireenArellano_UCJqmGQTF2DgAEvV00Es6hTQ_854O5JEr76Q_1374772_1380748.wav,AireenArellano_UCJqmGQTF2DgAEvV00Es6hTQ_854O5JEr76Q,1374772,1380748,5976
AireenArellano_UCJqmGQTF2DgAEvV00Es6hTQ_854O5JEr76Q_1380980_1385220.wav,AireenArellano_UCJqmGQTF2DgAEvV00Es6hTQ_854O5JEr76Q,1380980,1385220,4240
AireenArellano_UCJqmGQTF2DgAEvV00Es6hTQ_854O5JEr76Q_1385412_1385948.wav,AireenArellano_UCJqmGQTF2DgAEvV00Es6hTQ_854O5JEr76Q,1385412,1385948,536
AireenArellano_UCJqmGQTF2DgAEvV00Es6hTQ_854O5JEr76Q_1386148_1393424.wav,AireenArellano_UCJqmGQTF2DgAEvV00Es6hTQ_854O5JEr76Q,1386148,1393424,7276
AireenArellano_UCJqmGQTF2DgAEvV00Es6hTQ_854O5JEr76Q_1393848_1397412.wav,AireenArellano_UCJqmGQTF2DgAEvV00Es6hTQ_854O5JEr76Q,1393848,1397412,3564
AireenArellano_UCJqmGQTF2DgAEvV00Es6hTQ_854O5JEr76Q_1397916_1407652.wav,AireenArellano_UCJqmGQTF2DgAEvV00Es6hTQ_854O5JEr76Q,1397916,1407652,9736
AireenArellano_UCJqmGQTF2DgAEvV00Es6hTQ_854O5JEr76Q_1407764_1410901.wav,AireenArellano_UCJqmGQTF2DgAEvV00Es6hTQ_854O5JEr76Q,1407764,1410901,3137
AireenArellano_UCJqmGQTF2DgAEvV00Es6hTQ_854O5JEr76Q_1411157_1418318.wav,AireenArellano_UCJqmGQTF2DgAEvV00Es6hTQ_854O5JEr76Q,1411157,1418318,7161
AireenArellano_UCJqmGQTF2DgAEvV00Es6hTQ_854O5JEr76Q_1418534_1420464.wav,AireenArellano_UCJqmGQTF2DgAEvV00Es6hTQ_854O5JEr76Q,1418534,1420464,1930
AireenArellano_UCJqmGQTF2DgAEvV00Es6hTQ_854O5JEr76Q_1420616_1420874.wav,AireenArellano_UCJqmGQTF2DgAEvV00Es6hTQ_854O5JEr76Q,1420616,1420874,258
AireenArellano_UCJqmGQTF2DgAEvV00Es6hTQ_854O5JEr76Q_1421130_1422010.wav,AireenArellano_UCJqmGQTF2DgAEvV00Es6hTQ_854O5JEr76Q,1421130,1422010,880
AireenArellano_UCJqmGQTF2DgAEvV00Es6hTQ_854O5JEr76Q_1422210_1430708.wav,AireenArellano_UCJqmGQTF2DgAEvV00Es6hTQ_854O5JEr76Q,1422210,1430708,8498
AireenArellano_UCJqmGQTF2DgAEvV00Es6hTQ_854O5JEr76Q_1431264_1438304.wav,AireenArellano_UCJqmGQTF2DgAEvV00Es6hTQ_854O5JEr76Q,1431264,1438304,7040
AireenArellano_UCJqmGQTF2DgAEvV00Es6hTQ_854O5JEr76Q_1438472_1445600.wav,AireenArellano_UCJqmGQTF2DgAEvV00Es6hTQ_854O5JEr76Q,1438472,1445600,7128
AireenArellano_UCJqmGQTF2DgAEvV00Es6hTQ_854O5JEr76Q_1445800_1447364.wav,AireenArellano_UCJqmGQTF2DgAEvV00Es6hTQ_854O5JEr76Q,1445800,1447364,1564
AireenArellano_UCJqmGQTF2DgAEvV00Es6hTQ_854O5JEr76Q_1447532_1456704.wav,AireenArellano_UCJqmGQTF2DgAEvV00Es6hTQ_854O5JEr76Q,1447532,1456704,9172
AireenArellano_UCJqmGQTF2DgAEvV00Es6hTQ_854O5JEr76Q_1456904_1459912.wav,AireenArellano_UCJqmGQTF2DgAEvV00Es6hTQ_854O5JEr76Q,1456904,1459912,3008
AireenArellano_UCJqmGQTF2DgAEvV00Es6hTQ_854O5JEr76Q_1460720_1470296.wav,AireenArellano_UCJqmGQTF2DgAEvV00Es6hTQ_854O5JEr76Q,1460720,1470296,9576
AireenArellano_UCJqmGQTF2DgAEvV00Es6hTQ_854O5JEr76Q_1470560_1472216.wav,AireenArellano_UCJqmGQTF2DgAEvV00Es6hTQ_854O5JEr76Q,1470560,1472216,1656
AireenArellano_UCJqmGQTF2DgAEvV00Es6hTQ_854O5JEr76Q_1472416_1474856.wav,AireenArellano_UCJqmGQTF2DgAEvV00Es6hTQ_854O5JEr76Q,1472416,1474856,2440
AireenArellano_UCJqmGQTF2DgAEvV00Es6hTQ_854O5JEr76Q_1474968_1479736.wav,AireenArellano_UCJqmGQTF2DgAEvV00Es6hTQ_854O5JEr76Q,1474968,1479736,4768
AireenArellano_UCJqmGQTF2DgAEvV00Es6hTQ_854O5JEr76Q_1480056_1486660.wav,AireenArellano_UCJqmGQTF2DgAEvV00Es6hTQ_854O5JEr76Q,1480056,1486660,6604
AireenArellano_UCJqmGQTF2DgAEvV00Es6hTQ_854O5JEr76Q_1486796_1492460.wav,AireenArellano_UCJqmGQTF2DgAEvV00Es6hTQ_854O5JEr76Q,1486796,1492460,5664
AireenArellano_UCJqmGQTF2DgAEvV00Es6hTQ_854O5JEr76Q_1492580_1493128.wav,AireenArellano_UCJqmGQTF2DgAEvV00Es6hTQ_854O5JEr76Q,1492580,1493128,548
AireenArellano_UCJqmGQTF2DgAEvV00Es6hTQ_854O5JEr76Q_1493464_1500680.wav,AireenArellano_UCJqmGQTF2DgAEvV00Es6hTQ_854O5JEr76Q,1493464,1500680,7216
AireenArellano_UCJqmGQTF2DgAEvV00Es6hTQ_854O5JEr76Q_1502008_1505616.wav,AireenArellano_UCJqmGQTF2DgAEvV00Es6hTQ_854O5JEr76Q,1502008,1505616,3608
AireenArellano_UCJqmGQTF2DgAEvV00Es6hTQ_854O5JEr76Q_1506132_1508564.wav,AireenArellano_UCJqmGQTF2DgAEvV00Es6hTQ_854O5JEr76Q,1506132,1508564,2432
AireenArellano_UCJqmGQTF2DgAEvV00Es6hTQ_854O5JEr76Q_1508780_1509252.wav,AireenArellano_UCJqmGQTF2DgAEvV00Es6hTQ_854O5JEr76Q,1508780,1509252,472
AireenArellano_UCJqmGQTF2DgAEvV00Es6hTQ_854O5JEr76Q_1509388_1511244.wav,AireenArellano_UCJqmGQTF2DgAEvV00Es6hTQ_854O5JEr76Q,1509388,1511244,1856
AireenArellano_UCJqmGQTF2DgAEvV00Es6hTQ_854O5JEr76Q_1511492_1512564.wav,AireenArellano_UCJqmGQTF2DgAEvV00Es6hTQ_854O5JEr76Q,1511492,1512564,1072
AireenArellano_UCJqmGQTF2DgAEvV00Es6hTQ_854O5JEr76Q_1513068_1513348.wav,AireenArellano_UCJqmGQTF2DgAEvV00Es6hTQ_854O5JEr76Q,1513068,1513348,280
AireenArellano_UCJqmGQTF2DgAEvV00Es6hTQ_854O5JEr76Q_1513492_1514356.wav,AireenArellano_UCJqmGQTF2DgAEvV00Es6hTQ_854O5JEr76Q,1513492,1514356,864
AireenArellano_UCJqmGQTF2DgAEvV00Es6hTQ_854O5JEr76Q_1514692_1516620.wav,AireenArellano_UCJqmGQTF2DgAEvV00Es6hTQ_854O5JEr76Q,1514692,1516620,1928
AireenArellano_UCJqmGQTF2DgAEvV00Es6hTQ_854O5JEr76Q_1516764_1525004.wav,AireenArellano_UCJqmGQTF2DgAEvV00Es6hTQ_854O5JEr76Q,1516764,1525004,8240
AireenArellano_UCJqmGQTF2DgAEvV00Es6hTQ_854O5JEr76Q_1525252_1527220.wav,AireenArellano_UCJqmGQTF2DgAEvV00Es6hTQ_854O5JEr76Q,1525252,1527220,1968
AireenArellano_UCJqmGQTF2DgAEvV00Es6hTQ_854O5JEr76Q_1527656_1529448.wav,AireenArellano_UCJqmGQTF2DgAEvV00Es6hTQ_854O5JEr76Q,1527656,1529448,1792
AireenArellano_UCJqmGQTF2DgAEvV00Es6hTQ_854O5JEr76Q_1529664_1529944.wav,AireenArellano_UCJqmGQTF2DgAEvV00Es6hTQ_854O5JEr76Q,1529664,1529944,280
AireenArellano_UCJqmGQTF2DgAEvV00Es6hTQ_854O5JEr76Q_1530280_1531368.wav,AireenArellano_UCJqmGQTF2DgAEvV00Es6hTQ_854O5JEr76Q,1530280,1531368,1088
AireenArellano_UCJqmGQTF2DgAEvV00Es6hTQ_854O5JEr76Q_1531872_1532448.wav,AireenArellano_UCJqmGQTF2DgAEvV00Es6hTQ_854O5JEr76Q,1531872,1532448,576
AireenArellano_UCJqmGQTF2DgAEvV00Es6hTQ_854O5JEr76Q_1532728_1533440.wav,AireenArellano_UCJqmGQTF2DgAEvV00Es6hTQ_854O5JEr76Q,1532728,1533440,712
AireenArellano_UCJqmGQTF2DgAEvV00Es6hTQ_854O5JEr76Q_1533680_1535024.wav,AireenArellano_UCJqmGQTF2DgAEvV00Es6hTQ_854O5JEr76Q,1533680,1535024,1344
AireenArellano_UCJqmGQTF2DgAEvV00Es6hTQ_854O5JEr76Q_1535400_1540032.wav,AireenArellano_UCJqmGQTF2DgAEvV00Es6hTQ_854O5JEr76Q,1535400,1540032,4632
AireenArellano_UCJqmGQTF2DgAEvV00Es6hTQ_854O5JEr76Q_1540240_1546368.wav,AireenArellano_UCJqmGQTF2DgAEvV00Es6hTQ_854O5JEr76Q,1540240,1546368,6128
AireenArellano_UCJqmGQTF2DgAEvV00Es6hTQ_854O5JEr76Q_1546608_1550968.wav,AireenArellano_UCJqmGQTF2DgAEvV00Es6hTQ_854O5JEr76Q,1546608,1550968,4360
AireenArellano_UCJqmGQTF2DgAEvV00Es6hTQ_854O5JEr76Q_1551224_1552616.wav,AireenArellano_UCJqmGQTF2DgAEvV00Es6hTQ_854O5JEr76Q,1551224,1552616,1392
AireenArellano_UCJqmGQTF2DgAEvV00Es6hTQ_854O5JEr76Q_1552816_1553512.wav,AireenArellano_UCJqmGQTF2DgAEvV00Es6hTQ_854O5JEr76Q,1552816,1553512,696
AireenArellano_UCJqmGQTF2DgAEvV00Es6hTQ_854O5JEr76Q_1553896_1554944.wav,AireenArellano_UCJqmGQTF2DgAEvV00Es6hTQ_854O5JEr76Q,1553896,1554944,1048
AireenArellano_UCJqmGQTF2DgAEvV00Es6hTQ_854O5JEr76Q_1555216_1555336.wav,AireenArellano_UCJqmGQTF2DgAEvV00Es6hTQ_854O5JEr76Q,1555216,1555336,120
AireenArellano_UCJqmGQTF2DgAEvV00Es6hTQ_854O5JEr76Q_1555648_1557824.wav,AireenArellano_UCJqmGQTF2DgAEvV00Es6hTQ_854O5JEr76Q,1555648,1557824,2176
AireenArellano_UCJqmGQTF2DgAEvV00Es6hTQ_854O5JEr76Q_1558336_1563392.wav,AireenArellano_UCJqmGQTF2DgAEvV00Es6hTQ_854O5JEr76Q,1558336,1563392,5056
AireenArellano_UCJqmGQTF2DgAEvV00Es6hTQ_854O5JEr76Q_1566148_1568452.wav,AireenArellano_UCJqmGQTF2DgAEvV00Es6hTQ_854O5JEr76Q,1566148,1568452,2304
