filename,video_id,start_time,end_time,duration
ohnonina_UCTV8tRgCLqflRddAFAOSoPw_X7MTbZ0jc_0_1937.wav,ohnonina_UCTV8tRgCLqflRddAFAOSoPw_X7MTbZ0jc,0,1937,1937
ohnonina_UCTV8tRgCLqflRddAFAOSoPw_X7MTbZ0jc_2313_2489.wav,ohnonina_UCTV8tRgCLqflRddAFAOSoPw_X7MTbZ0jc,2313,2489,176
ohnonina_UCTV8tRgCLqflRddAFAOSoPw_X7MTbZ0jc_4121_7961.wav,ohnonina_UCTV8tRgCLqflRddAFAOSoPw_X7MTbZ0jc,4121,7961,3840
ohnonina_UCTV8tRgCLqflRddAFAOSoPw_X7MTbZ0jc_8329_9025.wav,ohnonina_UCTV8tRgCLqflRddAFAOSoPw_X7MTbZ0jc,8329,9025,696
ohnonina_UCTV8tRgCLqflRddAFAOSoPw_X7MTbZ0jc_9177_15105.wav,ohnonina_UCTV8tRgCLqflRddAFAOSoPw_X7MTbZ0jc,9177,15105,5928
ohnonina_UCTV8tRgCLqflRddAFAOSoPw_X7MTbZ0jc_15265_21329.wav,ohnonina_UCTV8tRgCLqflRddAFAOSoPw_X7MTbZ0jc,15265,21329,6064
ohnonina_UCTV8tRgCLqflRddAFAOSoPw_X7MTbZ0jc_21705_34161.wav,ohnonina_UCTV8tRgCLqflRddAFAOSoPw_X7MTbZ0jc,21705,34161,12456
ohnonina_UCTV8tRgCLqflRddAFAOSoPw_X7MTbZ0jc_34273_38481.wav,ohnonina_UCTV8tRgCLqflRddAFAOSoPw_X7MTbZ0jc,34273,38481,4208
ohnonina_UCTV8tRgCLqflRddAFAOSoPw_X7MTbZ0jc_38793_39529.wav,ohnonina_UCTV8tRgCLqflRddAFAOSoPw_X7MTbZ0jc,38793,39529,736
ohnonina_UCTV8tRgCLqflRddAFAOSoPw_X7MTbZ0jc_39673_40033.wav,ohnonina_UCTV8tRgCLqflRddAFAOSoPw_X7MTbZ0jc,39673,40033,360
ohnonina_UCTV8tRgCLqflRddAFAOSoPw_X7MTbZ0jc_40273_41377.wav,ohnonina_UCTV8tRgCLqflRddAFAOSoPw_X7MTbZ0jc,40273,41377,1104
ohnonina_UCTV8tRgCLqflRddAFAOSoPw_X7MTbZ0jc_41457_43617.wav,ohnonina_UCTV8tRgCLqflRddAFAOSoPw_X7MTbZ0jc,41457,43617,2160
ohnonina_UCTV8tRgCLqflRddAFAOSoPw_X7MTbZ0jc_43713_67289.wav,ohnonina_UCTV8tRgCLqflRddAFAOSoPw_X7MTbZ0jc,43713,67289,23576
ohnonina_UCTV8tRgCLqflRddAFAOSoPw_X7MTbZ0jc_67385_69385.wav,ohnonina_UCTV8tRgCLqflRddAFAOSoPw_X7MTbZ0jc,67385,69385,2000
ohnonina_UCTV8tRgCLqflRddAFAOSoPw_X7MTbZ0jc_69481_71969.wav,ohnonina_UCTV8tRgCLqflRddAFAOSoPw_X7MTbZ0jc,69481,71969,2488
ohnonina_UCTV8tRgCLqflRddAFAOSoPw_X7MTbZ0jc_72097_72409.wav,ohnonina_UCTV8tRgCLqflRddAFAOSoPw_X7MTbZ0jc,72097,72409,312
ohnonina_UCTV8tRgCLqflRddAFAOSoPw_X7MTbZ0jc_72865_75065.wav,ohnonina_UCTV8tRgCLqflRddAFAOSoPw_X7MTbZ0jc,72865,75065,2200
ohnonina_UCTV8tRgCLqflRddAFAOSoPw_X7MTbZ0jc_75393_83913.wav,ohnonina_UCTV8tRgCLqflRddAFAOSoPw_X7MTbZ0jc,75393,83913,8520
ohnonina_UCTV8tRgCLqflRddAFAOSoPw_X7MTbZ0jc_84521_98138.wav,ohnonina_UCTV8tRgCLqflRddAFAOSoPw_X7MTbZ0jc,84521,98138,13617
ohnonina_UCTV8tRgCLqflRddAFAOSoPw_X7MTbZ0jc_98250_111291.wav,ohnonina_UCTV8tRgCLqflRddAFAOSoPw_X7MTbZ0jc,98250,111291,13041
ohnonina_UCTV8tRgCLqflRddAFAOSoPw_X7MTbZ0jc_111435_117925.wav,ohnonina_UCTV8tRgCLqflRddAFAOSoPw_X7MTbZ0jc,111435,117925,6490
ohnonina_UCTV8tRgCLqflRddAFAOSoPw_X7MTbZ0jc_118085_125261.wav,ohnonina_UCTV8tRgCLqflRddAFAOSoPw_X7MTbZ0jc,118085,125261,7176
ohnonina_UCTV8tRgCLqflRddAFAOSoPw_X7MTbZ0jc_125413_133261.wav,ohnonina_UCTV8tRgCLqflRddAFAOSoPw_X7MTbZ0jc,125413,133261,7848
ohnonina_UCTV8tRgCLqflRddAFAOSoPw_X7MTbZ0jc_133413_144613.wav,ohnonina_UCTV8tRgCLqflRddAFAOSoPw_X7MTbZ0jc,133413,144613,11200
ohnonina_UCTV8tRgCLqflRddAFAOSoPw_X7MTbZ0jc_144797_155613.wav,ohnonina_UCTV8tRgCLqflRddAFAOSoPw_X7MTbZ0jc,144797,155613,10816
ohnonina_UCTV8tRgCLqflRddAFAOSoPw_X7MTbZ0jc_155781_169945.wav,ohnonina_UCTV8tRgCLqflRddAFAOSoPw_X7MTbZ0jc,155781,169945,14164
ohnonina_UCTV8tRgCLqflRddAFAOSoPw_X7MTbZ0jc_170153_173641.wav,ohnonina_UCTV8tRgCLqflRddAFAOSoPw_X7MTbZ0jc,170153,173641,3488
ohnonina_UCTV8tRgCLqflRddAFAOSoPw_X7MTbZ0jc_174025_179845.wav,ohnonina_UCTV8tRgCLqflRddAFAOSoPw_X7MTbZ0jc,174025,179845,5820
ohnonina_UCTV8tRgCLqflRddAFAOSoPw_X7MTbZ0jc_180077_191685.wav,ohnonina_UCTV8tRgCLqflRddAFAOSoPw_X7MTbZ0jc,180077,191685,11608
ohnonina_UCTV8tRgCLqflRddAFAOSoPw_X7MTbZ0jc_191869_193445.wav,ohnonina_UCTV8tRgCLqflRddAFAOSoPw_X7MTbZ0jc,191869,193445,1576
ohnonina_UCTV8tRgCLqflRddAFAOSoPw_X7MTbZ0jc_193645_196637.wav,ohnonina_UCTV8tRgCLqflRddAFAOSoPw_X7MTbZ0jc,193645,196637,2992
ohnonina_UCTV8tRgCLqflRddAFAOSoPw_X7MTbZ0jc_196926_197598.wav,ohnonina_UCTV8tRgCLqflRddAFAOSoPw_X7MTbZ0jc,196926,197598,672
ohnonina_UCTV8tRgCLqflRddAFAOSoPw_X7MTbZ0jc_197686_215630.wav,ohnonina_UCTV8tRgCLqflRddAFAOSoPw_X7MTbZ0jc,197686,215630,17944
ohnonina_UCTV8tRgCLqflRddAFAOSoPw_X7MTbZ0jc_215710_227054.wav,ohnonina_UCTV8tRgCLqflRddAFAOSoPw_X7MTbZ0jc,215710,227054,11344
ohnonina_UCTV8tRgCLqflRddAFAOSoPw_X7MTbZ0jc_227134_229630.wav,ohnonina_UCTV8tRgCLqflRddAFAOSoPw_X7MTbZ0jc,227134,229630,2496
ohnonina_UCTV8tRgCLqflRddAFAOSoPw_X7MTbZ0jc_229758_245839.wav,ohnonina_UCTV8tRgCLqflRddAFAOSoPw_X7MTbZ0jc,229758,245839,16081
ohnonina_UCTV8tRgCLqflRddAFAOSoPw_X7MTbZ0jc_246143_256377.wav,ohnonina_UCTV8tRgCLqflRddAFAOSoPw_X7MTbZ0jc,246143,256377,10234
ohnonina_UCTV8tRgCLqflRddAFAOSoPw_X7MTbZ0jc_256601_270589.wav,ohnonina_UCTV8tRgCLqflRddAFAOSoPw_X7MTbZ0jc,256601,270589,13988
ohnonina_UCTV8tRgCLqflRddAFAOSoPw_X7MTbZ0jc_270749_285063.wav,ohnonina_UCTV8tRgCLqflRddAFAOSoPw_X7MTbZ0jc,270749,285063,14314
ohnonina_UCTV8tRgCLqflRddAFAOSoPw_X7MTbZ0jc_285175_289799.wav,ohnonina_UCTV8tRgCLqflRddAFAOSoPw_X7MTbZ0jc,285175,289799,4624
ohnonina_UCTV8tRgCLqflRddAFAOSoPw_X7MTbZ0jc_289911_294233.wav,ohnonina_UCTV8tRgCLqflRddAFAOSoPw_X7MTbZ0jc,289911,294233,4322
ohnonina_UCTV8tRgCLqflRddAFAOSoPw_X7MTbZ0jc_294545_294865.wav,ohnonina_UCTV8tRgCLqflRddAFAOSoPw_X7MTbZ0jc,294545,294865,320
ohnonina_UCTV8tRgCLqflRddAFAOSoPw_X7MTbZ0jc_295993_313449.wav,ohnonina_UCTV8tRgCLqflRddAFAOSoPw_X7MTbZ0jc,295993,313449,17456
ohnonina_UCTV8tRgCLqflRddAFAOSoPw_X7MTbZ0jc_313809_320885.wav,ohnonina_UCTV8tRgCLqflRddAFAOSoPw_X7MTbZ0jc,313809,320885,7076
ohnonina_UCTV8tRgCLqflRddAFAOSoPw_X7MTbZ0jc_321069_332005.wav,ohnonina_UCTV8tRgCLqflRddAFAOSoPw_X7MTbZ0jc,321069,332005,10936
ohnonina_UCTV8tRgCLqflRddAFAOSoPw_X7MTbZ0jc_332189_332839.wav,ohnonina_UCTV8tRgCLqflRddAFAOSoPw_X7MTbZ0jc,332189,332839,650
ohnonina_UCTV8tRgCLqflRddAFAOSoPw_X7MTbZ0jc_333216_347489.wav,ohnonina_UCTV8tRgCLqflRddAFAOSoPw_X7MTbZ0jc,333216,347489,14273
ohnonina_UCTV8tRgCLqflRddAFAOSoPw_X7MTbZ0jc_347641_352819.wav,ohnonina_UCTV8tRgCLqflRddAFAOSoPw_X7MTbZ0jc,347641,352819,5178
ohnonina_UCTV8tRgCLqflRddAFAOSoPw_X7MTbZ0jc_352963_360236.wav,ohnonina_UCTV8tRgCLqflRddAFAOSoPw_X7MTbZ0jc,352963,360236,7273
ohnonina_UCTV8tRgCLqflRddAFAOSoPw_X7MTbZ0jc_360388_367165.wav,ohnonina_UCTV8tRgCLqflRddAFAOSoPw_X7MTbZ0jc,360388,367165,6777
ohnonina_UCTV8tRgCLqflRddAFAOSoPw_X7MTbZ0jc_367365_372145.wav,ohnonina_UCTV8tRgCLqflRddAFAOSoPw_X7MTbZ0jc,367365,372145,4780
ohnonina_UCTV8tRgCLqflRddAFAOSoPw_X7MTbZ0jc_372401_384089.wav,ohnonina_UCTV8tRgCLqflRddAFAOSoPw_X7MTbZ0jc,372401,384089,11688
ohnonina_UCTV8tRgCLqflRddAFAOSoPw_X7MTbZ0jc_384265_390817.wav,ohnonina_UCTV8tRgCLqflRddAFAOSoPw_X7MTbZ0jc,384265,390817,6552
ohnonina_UCTV8tRgCLqflRddAFAOSoPw_X7MTbZ0jc_391001_392249.wav,ohnonina_UCTV8tRgCLqflRddAFAOSoPw_X7MTbZ0jc,391001,392249,1248
ohnonina_UCTV8tRgCLqflRddAFAOSoPw_X7MTbZ0jc_392617_402389.wav,ohnonina_UCTV8tRgCLqflRddAFAOSoPw_X7MTbZ0jc,392617,402389,9772
ohnonina_UCTV8tRgCLqflRddAFAOSoPw_X7MTbZ0jc_402573_412213.wav,ohnonina_UCTV8tRgCLqflRddAFAOSoPw_X7MTbZ0jc,402573,412213,9640
ohnonina_UCTV8tRgCLqflRddAFAOSoPw_X7MTbZ0jc_412413_414585.wav,ohnonina_UCTV8tRgCLqflRddAFAOSoPw_X7MTbZ0jc,412413,414585,2172
ohnonina_UCTV8tRgCLqflRddAFAOSoPw_X7MTbZ0jc_414945_427449.wav,ohnonina_UCTV8tRgCLqflRddAFAOSoPw_X7MTbZ0jc,414945,427449,12504
ohnonina_UCTV8tRgCLqflRddAFAOSoPw_X7MTbZ0jc_427545_431721.wav,ohnonina_UCTV8tRgCLqflRddAFAOSoPw_X7MTbZ0jc,427545,431721,4176
ohnonina_UCTV8tRgCLqflRddAFAOSoPw_X7MTbZ0jc_431993_439613.wav,ohnonina_UCTV8tRgCLqflRddAFAOSoPw_X7MTbZ0jc,431993,439613,7620
ohnonina_UCTV8tRgCLqflRddAFAOSoPw_X7MTbZ0jc_439741_454253.wav,ohnonina_UCTV8tRgCLqflRddAFAOSoPw_X7MTbZ0jc,439741,454253,14512
ohnonina_UCTV8tRgCLqflRddAFAOSoPw_X7MTbZ0jc_454381_462550.wav,ohnonina_UCTV8tRgCLqflRddAFAOSoPw_X7MTbZ0jc,454381,462550,8169
ohnonina_UCTV8tRgCLqflRddAFAOSoPw_X7MTbZ0jc_462654_475079.wav,ohnonina_UCTV8tRgCLqflRddAFAOSoPw_X7MTbZ0jc,462654,475079,12425
ohnonina_UCTV8tRgCLqflRddAFAOSoPw_X7MTbZ0jc_475215_482056.wav,ohnonina_UCTV8tRgCLqflRddAFAOSoPw_X7MTbZ0jc,475215,482056,6841
ohnonina_UCTV8tRgCLqflRddAFAOSoPw_X7MTbZ0jc_482168_493848.wav,ohnonina_UCTV8tRgCLqflRddAFAOSoPw_X7MTbZ0jc,482168,493848,11680
ohnonina_UCTV8tRgCLqflRddAFAOSoPw_X7MTbZ0jc_493952_508752.wav,ohnonina_UCTV8tRgCLqflRddAFAOSoPw_X7MTbZ0jc,493952,508752,14800
ohnonina_UCTV8tRgCLqflRddAFAOSoPw_X7MTbZ0jc_508864_514585.wav,ohnonina_UCTV8tRgCLqflRddAFAOSoPw_X7MTbZ0jc,508864,514585,5721
ohnonina_UCTV8tRgCLqflRddAFAOSoPw_X7MTbZ0jc_514769_529513.wav,ohnonina_UCTV8tRgCLqflRddAFAOSoPw_X7MTbZ0jc,514769,529513,14744
ohnonina_UCTV8tRgCLqflRddAFAOSoPw_X7MTbZ0jc_529705_541153.wav,ohnonina_UCTV8tRgCLqflRddAFAOSoPw_X7MTbZ0jc,529705,541153,11448
ohnonina_UCTV8tRgCLqflRddAFAOSoPw_X7MTbZ0jc_541265_550409.wav,ohnonina_UCTV8tRgCLqflRddAFAOSoPw_X7MTbZ0jc,541265,550409,9144
ohnonina_UCTV8tRgCLqflRddAFAOSoPw_X7MTbZ0jc_550497_553425.wav,ohnonina_UCTV8tRgCLqflRddAFAOSoPw_X7MTbZ0jc,550497,553425,2928
ohnonina_UCTV8tRgCLqflRddAFAOSoPw_X7MTbZ0jc_553521_559601.wav,ohnonina_UCTV8tRgCLqflRddAFAOSoPw_X7MTbZ0jc,553521,559601,6080
ohnonina_UCTV8tRgCLqflRddAFAOSoPw_X7MTbZ0jc_559729_564273.wav,ohnonina_UCTV8tRgCLqflRddAFAOSoPw_X7MTbZ0jc,559729,564273,4544
ohnonina_UCTV8tRgCLqflRddAFAOSoPw_X7MTbZ0jc_564425_564841.wav,ohnonina_UCTV8tRgCLqflRddAFAOSoPw_X7MTbZ0jc,564425,564841,416
ohnonina_UCTV8tRgCLqflRddAFAOSoPw_X7MTbZ0jc_565089_571649.wav,ohnonina_UCTV8tRgCLqflRddAFAOSoPw_X7MTbZ0jc,565089,571649,6560
ohnonina_UCTV8tRgCLqflRddAFAOSoPw_X7MTbZ0jc_571937_574929.wav,ohnonina_UCTV8tRgCLqflRddAFAOSoPw_X7MTbZ0jc,571937,574929,2992
ohnonina_UCTV8tRgCLqflRddAFAOSoPw_X7MTbZ0jc_575089_579273.wav,ohnonina_UCTV8tRgCLqflRddAFAOSoPw_X7MTbZ0jc,575089,579273,4184
ohnonina_UCTV8tRgCLqflRddAFAOSoPw_X7MTbZ0jc_579401_580905.wav,ohnonina_UCTV8tRgCLqflRddAFAOSoPw_X7MTbZ0jc,579401,580905,1504
ohnonina_UCTV8tRgCLqflRddAFAOSoPw_X7MTbZ0jc_581033_585401.wav,ohnonina_UCTV8tRgCLqflRddAFAOSoPw_X7MTbZ0jc,581033,585401,4368
ohnonina_UCTV8tRgCLqflRddAFAOSoPw_X7MTbZ0jc_585537_600329.wav,ohnonina_UCTV8tRgCLqflRddAFAOSoPw_X7MTbZ0jc,585537,600329,14792
ohnonina_UCTV8tRgCLqflRddAFAOSoPw_X7MTbZ0jc_600433_604857.wav,ohnonina_UCTV8tRgCLqflRddAFAOSoPw_X7MTbZ0jc,600433,604857,4424
ohnonina_UCTV8tRgCLqflRddAFAOSoPw_X7MTbZ0jc_605049_615337.wav,ohnonina_UCTV8tRgCLqflRddAFAOSoPw_X7MTbZ0jc,605049,615337,10288
ohnonina_UCTV8tRgCLqflRddAFAOSoPw_X7MTbZ0jc_615505_619469.wav,ohnonina_UCTV8tRgCLqflRddAFAOSoPw_X7MTbZ0jc,615505,619469,3964
ohnonina_UCTV8tRgCLqflRddAFAOSoPw_X7MTbZ0jc_619597_632561.wav,ohnonina_UCTV8tRgCLqflRddAFAOSoPw_X7MTbZ0jc,619597,632561,12964
ohnonina_UCTV8tRgCLqflRddAFAOSoPw_X7MTbZ0jc_632721_641377.wav,ohnonina_UCTV8tRgCLqflRddAFAOSoPw_X7MTbZ0jc,632721,641377,8656
ohnonina_UCTV8tRgCLqflRddAFAOSoPw_X7MTbZ0jc_641689_643713.wav,ohnonina_UCTV8tRgCLqflRddAFAOSoPw_X7MTbZ0jc,641689,643713,2024
ohnonina_UCTV8tRgCLqflRddAFAOSoPw_X7MTbZ0jc_644025_651161.wav,ohnonina_UCTV8tRgCLqflRddAFAOSoPw_X7MTbZ0jc,644025,651161,7136
ohnonina_UCTV8tRgCLqflRddAFAOSoPw_X7MTbZ0jc_651297_657513.wav,ohnonina_UCTV8tRgCLqflRddAFAOSoPw_X7MTbZ0jc,651297,657513,6216
ohnonina_UCTV8tRgCLqflRddAFAOSoPw_X7MTbZ0jc_657825_661089.wav,ohnonina_UCTV8tRgCLqflRddAFAOSoPw_X7MTbZ0jc,657825,661089,3264
ohnonina_UCTV8tRgCLqflRddAFAOSoPw_X7MTbZ0jc_661217_669977.wav,ohnonina_UCTV8tRgCLqflRddAFAOSoPw_X7MTbZ0jc,661217,669977,8760
ohnonina_UCTV8tRgCLqflRddAFAOSoPw_X7MTbZ0jc_670113_681201.wav,ohnonina_UCTV8tRgCLqflRddAFAOSoPw_X7MTbZ0jc,670113,681201,11088
ohnonina_UCTV8tRgCLqflRddAFAOSoPw_X7MTbZ0jc_681553_682065.wav,ohnonina_UCTV8tRgCLqflRddAFAOSoPw_X7MTbZ0jc,681553,682065,512
ohnonina_UCTV8tRgCLqflRddAFAOSoPw_X7MTbZ0jc_682233_684689.wav,ohnonina_UCTV8tRgCLqflRddAFAOSoPw_X7MTbZ0jc,682233,684689,2456
ohnonina_UCTV8tRgCLqflRddAFAOSoPw_X7MTbZ0jc_684857_697387.wav,ohnonina_UCTV8tRgCLqflRddAFAOSoPw_X7MTbZ0jc,684857,697387,12530
ohnonina_UCTV8tRgCLqflRddAFAOSoPw_X7MTbZ0jc_697467_699931.wav,ohnonina_UCTV8tRgCLqflRddAFAOSoPw_X7MTbZ0jc,697467,699931,2464
ohnonina_UCTV8tRgCLqflRddAFAOSoPw_X7MTbZ0jc_700027_700227.wav,ohnonina_UCTV8tRgCLqflRddAFAOSoPw_X7MTbZ0jc,700027,700227,200
ohnonina_UCTV8tRgCLqflRddAFAOSoPw_X7MTbZ0jc_700323_704813.wav,ohnonina_UCTV8tRgCLqflRddAFAOSoPw_X7MTbZ0jc,700323,704813,4490
ohnonina_UCTV8tRgCLqflRddAFAOSoPw_X7MTbZ0jc_704965_705654.wav,ohnonina_UCTV8tRgCLqflRddAFAOSoPw_X7MTbZ0jc,704965,705654,689
ohnonina_UCTV8tRgCLqflRddAFAOSoPw_X7MTbZ0jc_705742_717806.wav,ohnonina_UCTV8tRgCLqflRddAFAOSoPw_X7MTbZ0jc,705742,717806,12064
ohnonina_UCTV8tRgCLqflRddAFAOSoPw_X7MTbZ0jc_717894_722471.wav,ohnonina_UCTV8tRgCLqflRddAFAOSoPw_X7MTbZ0jc,717894,722471,4577
ohnonina_UCTV8tRgCLqflRddAFAOSoPw_X7MTbZ0jc_722607_726193.wav,ohnonina_UCTV8tRgCLqflRddAFAOSoPw_X7MTbZ0jc,722607,726193,3586
ohnonina_UCTV8tRgCLqflRddAFAOSoPw_X7MTbZ0jc_726345_734017.wav,ohnonina_UCTV8tRgCLqflRddAFAOSoPw_X7MTbZ0jc,726345,734017,7672
ohnonina_UCTV8tRgCLqflRddAFAOSoPw_X7MTbZ0jc_734385_737813.wav,ohnonina_UCTV8tRgCLqflRddAFAOSoPw_X7MTbZ0jc,734385,737813,3428
ohnonina_UCTV8tRgCLqflRddAFAOSoPw_X7MTbZ0jc_737957_745097.wav,ohnonina_UCTV8tRgCLqflRddAFAOSoPw_X7MTbZ0jc,737957,745097,7140
ohnonina_UCTV8tRgCLqflRddAFAOSoPw_X7MTbZ0jc_745249_756681.wav,ohnonina_UCTV8tRgCLqflRddAFAOSoPw_X7MTbZ0jc,745249,756681,11432
ohnonina_UCTV8tRgCLqflRddAFAOSoPw_X7MTbZ0jc_756769_763065.wav,ohnonina_UCTV8tRgCLqflRddAFAOSoPw_X7MTbZ0jc,756769,763065,6296
ohnonina_UCTV8tRgCLqflRddAFAOSoPw_X7MTbZ0jc_763145_770777.wav,ohnonina_UCTV8tRgCLqflRddAFAOSoPw_X7MTbZ0jc,763145,770777,7632
ohnonina_UCTV8tRgCLqflRddAFAOSoPw_X7MTbZ0jc_770905_775317.wav,ohnonina_UCTV8tRgCLqflRddAFAOSoPw_X7MTbZ0jc,770905,775317,4412
ohnonina_UCTV8tRgCLqflRddAFAOSoPw_X7MTbZ0jc_775397_779349.wav,ohnonina_UCTV8tRgCLqflRddAFAOSoPw_X7MTbZ0jc,775397,779349,3952
ohnonina_UCTV8tRgCLqflRddAFAOSoPw_X7MTbZ0jc_779429_793093.wav,ohnonina_UCTV8tRgCLqflRddAFAOSoPw_X7MTbZ0jc,779429,793093,13664
ohnonina_UCTV8tRgCLqflRddAFAOSoPw_X7MTbZ0jc_793293_793405.wav,ohnonina_UCTV8tRgCLqflRddAFAOSoPw_X7MTbZ0jc,793293,793405,112
ohnonina_UCTV8tRgCLqflRddAFAOSoPw_X7MTbZ0jc_793637_795549.wav,ohnonina_UCTV8tRgCLqflRddAFAOSoPw_X7MTbZ0jc,793637,795549,1912
ohnonina_UCTV8tRgCLqflRddAFAOSoPw_X7MTbZ0jc_795629_797457.wav,ohnonina_UCTV8tRgCLqflRddAFAOSoPw_X7MTbZ0jc,795629,797457,1828
ohnonina_UCTV8tRgCLqflRddAFAOSoPw_X7MTbZ0jc_797609_810665.wav,ohnonina_UCTV8tRgCLqflRddAFAOSoPw_X7MTbZ0jc,797609,810665,13056
ohnonina_UCTV8tRgCLqflRddAFAOSoPw_X7MTbZ0jc_811033_819169.wav,ohnonina_UCTV8tRgCLqflRddAFAOSoPw_X7MTbZ0jc,811033,819169,8136
ohnonina_UCTV8tRgCLqflRddAFAOSoPw_X7MTbZ0jc_819537_822465.wav,ohnonina_UCTV8tRgCLqflRddAFAOSoPw_X7MTbZ0jc,819537,822465,2928
ohnonina_UCTV8tRgCLqflRddAFAOSoPw_X7MTbZ0jc_825225_826593.wav,ohnonina_UCTV8tRgCLqflRddAFAOSoPw_X7MTbZ0jc,825225,826593,1368
ohnonina_UCTV8tRgCLqflRddAFAOSoPw_X7MTbZ0jc_826769_835633.wav,ohnonina_UCTV8tRgCLqflRddAFAOSoPw_X7MTbZ0jc,826769,835633,8864
ohnonina_UCTV8tRgCLqflRddAFAOSoPw_X7MTbZ0jc_835833_837321.wav,ohnonina_UCTV8tRgCLqflRddAFAOSoPw_X7MTbZ0jc,835833,837321,1488
ohnonina_UCTV8tRgCLqflRddAFAOSoPw_X7MTbZ0jc_837497_851761.wav,ohnonina_UCTV8tRgCLqflRddAFAOSoPw_X7MTbZ0jc,837497,851761,14264
ohnonina_UCTV8tRgCLqflRddAFAOSoPw_X7MTbZ0jc_851841_852265.wav,ohnonina_UCTV8tRgCLqflRddAFAOSoPw_X7MTbZ0jc,851841,852265,424
ohnonina_UCTV8tRgCLqflRddAFAOSoPw_X7MTbZ0jc_852361_855385.wav,ohnonina_UCTV8tRgCLqflRddAFAOSoPw_X7MTbZ0jc,852361,855385,3024
ohnonina_UCTV8tRgCLqflRddAFAOSoPw_X7MTbZ0jc_855473_857657.wav,ohnonina_UCTV8tRgCLqflRddAFAOSoPw_X7MTbZ0jc,855473,857657,2184
ohnonina_UCTV8tRgCLqflRddAFAOSoPw_X7MTbZ0jc_858865_867041.wav,ohnonina_UCTV8tRgCLqflRddAFAOSoPw_X7MTbZ0jc,858865,867041,8176
ohnonina_UCTV8tRgCLqflRddAFAOSoPw_X7MTbZ0jc_867537_869737.wav,ohnonina_UCTV8tRgCLqflRddAFAOSoPw_X7MTbZ0jc,867537,869737,2200
ohnonina_UCTV8tRgCLqflRddAFAOSoPw_X7MTbZ0jc_870001_875777.wav,ohnonina_UCTV8tRgCLqflRddAFAOSoPw_X7MTbZ0jc,870001,875777,5776
ohnonina_UCTV8tRgCLqflRddAFAOSoPw_X7MTbZ0jc_876201_877345.wav,ohnonina_UCTV8tRgCLqflRddAFAOSoPw_X7MTbZ0jc,876201,877345,1144
ohnonina_UCTV8tRgCLqflRddAFAOSoPw_X7MTbZ0jc_877969_881833.wav,ohnonina_UCTV8tRgCLqflRddAFAOSoPw_X7MTbZ0jc,877969,881833,3864
ohnonina_UCTV8tRgCLqflRddAFAOSoPw_X7MTbZ0jc_882105_885889.wav,ohnonina_UCTV8tRgCLqflRddAFAOSoPw_X7MTbZ0jc,882105,885889,3784
ohnonina_UCTV8tRgCLqflRddAFAOSoPw_X7MTbZ0jc_887585_887809.wav,ohnonina_UCTV8tRgCLqflRddAFAOSoPw_X7MTbZ0jc,887585,887809,224
ohnonina_UCTV8tRgCLqflRddAFAOSoPw_X7MTbZ0jc_889881_890385.wav,ohnonina_UCTV8tRgCLqflRddAFAOSoPw_X7MTbZ0jc,889881,890385,504
ohnonina_UCTV8tRgCLqflRddAFAOSoPw_X7MTbZ0jc_890505_896729.wav,ohnonina_UCTV8tRgCLqflRddAFAOSoPw_X7MTbZ0jc,890505,896729,6224
ohnonina_UCTV8tRgCLqflRddAFAOSoPw_X7MTbZ0jc_896833_909521.wav,ohnonina_UCTV8tRgCLqflRddAFAOSoPw_X7MTbZ0jc,896833,909521,12688
ohnonina_UCTV8tRgCLqflRddAFAOSoPw_X7MTbZ0jc_909809_915281.wav,ohnonina_UCTV8tRgCLqflRddAFAOSoPw_X7MTbZ0jc,909809,915281,5472
ohnonina_UCTV8tRgCLqflRddAFAOSoPw_X7MTbZ0jc_915513_923129.wav,ohnonina_UCTV8tRgCLqflRddAFAOSoPw_X7MTbZ0jc,915513,923129,7616
ohnonina_UCTV8tRgCLqflRddAFAOSoPw_X7MTbZ0jc_924057_925969.wav,ohnonina_UCTV8tRgCLqflRddAFAOSoPw_X7MTbZ0jc,924057,925969,1912
ohnonina_UCTV8tRgCLqflRddAFAOSoPw_X7MTbZ0jc_926697_929065.wav,ohnonina_UCTV8tRgCLqflRddAFAOSoPw_X7MTbZ0jc,926697,929065,2368
ohnonina_UCTV8tRgCLqflRddAFAOSoPw_X7MTbZ0jc_929753_930809.wav,ohnonina_UCTV8tRgCLqflRddAFAOSoPw_X7MTbZ0jc,929753,930809,1056
ohnonina_UCTV8tRgCLqflRddAFAOSoPw_X7MTbZ0jc_932913_934145.wav,ohnonina_UCTV8tRgCLqflRddAFAOSoPw_X7MTbZ0jc,932913,934145,1232
ohnonina_UCTV8tRgCLqflRddAFAOSoPw_X7MTbZ0jc_934449_936545.wav,ohnonina_UCTV8tRgCLqflRddAFAOSoPw_X7MTbZ0jc,934449,936545,2096
ohnonina_UCTV8tRgCLqflRddAFAOSoPw_X7MTbZ0jc_936825_938873.wav,ohnonina_UCTV8tRgCLqflRddAFAOSoPw_X7MTbZ0jc,936825,938873,2048
ohnonina_UCTV8tRgCLqflRddAFAOSoPw_X7MTbZ0jc_939009_941889.wav,ohnonina_UCTV8tRgCLqflRddAFAOSoPw_X7MTbZ0jc,939009,941889,2880
ohnonina_UCTV8tRgCLqflRddAFAOSoPw_X7MTbZ0jc_942041_954937.wav,ohnonina_UCTV8tRgCLqflRddAFAOSoPw_X7MTbZ0jc,942041,954937,12896
ohnonina_UCTV8tRgCLqflRddAFAOSoPw_X7MTbZ0jc_955073_965665.wav,ohnonina_UCTV8tRgCLqflRddAFAOSoPw_X7MTbZ0jc,955073,965665,10592
ohnonina_UCTV8tRgCLqflRddAFAOSoPw_X7MTbZ0jc_965929_969073.wav,ohnonina_UCTV8tRgCLqflRddAFAOSoPw_X7MTbZ0jc,965929,969073,3144
ohnonina_UCTV8tRgCLqflRddAFAOSoPw_X7MTbZ0jc_969233_969577.wav,ohnonina_UCTV8tRgCLqflRddAFAOSoPw_X7MTbZ0jc,969233,969577,344
ohnonina_UCTV8tRgCLqflRddAFAOSoPw_X7MTbZ0jc_969737_975633.wav,ohnonina_UCTV8tRgCLqflRddAFAOSoPw_X7MTbZ0jc,969737,975633,5896
ohnonina_UCTV8tRgCLqflRddAFAOSoPw_X7MTbZ0jc_975793_982769.wav,ohnonina_UCTV8tRgCLqflRddAFAOSoPw_X7MTbZ0jc,975793,982769,6976
ohnonina_UCTV8tRgCLqflRddAFAOSoPw_X7MTbZ0jc_982921_989985.wav,ohnonina_UCTV8tRgCLqflRddAFAOSoPw_X7MTbZ0jc,982921,989985,7064
ohnonina_UCTV8tRgCLqflRddAFAOSoPw_X7MTbZ0jc_990137_992529.wav,ohnonina_UCTV8tRgCLqflRddAFAOSoPw_X7MTbZ0jc,990137,992529,2392
ohnonina_UCTV8tRgCLqflRddAFAOSoPw_X7MTbZ0jc_992937_996873.wav,ohnonina_UCTV8tRgCLqflRddAFAOSoPw_X7MTbZ0jc,992937,996873,3936
ohnonina_UCTV8tRgCLqflRddAFAOSoPw_X7MTbZ0jc_997153_998777.wav,ohnonina_UCTV8tRgCLqflRddAFAOSoPw_X7MTbZ0jc,997153,998777,1624
ohnonina_UCTV8tRgCLqflRddAFAOSoPw_X7MTbZ0jc_999409_1002697.wav,ohnonina_UCTV8tRgCLqflRddAFAOSoPw_X7MTbZ0jc,999409,1002697,3288
ohnonina_UCTV8tRgCLqflRddAFAOSoPw_X7MTbZ0jc_1003761_1005553.wav,ohnonina_UCTV8tRgCLqflRddAFAOSoPw_X7MTbZ0jc,1003761,1005553,1792
ohnonina_UCTV8tRgCLqflRddAFAOSoPw_X7MTbZ0jc_1006385_1009329.wav,ohnonina_UCTV8tRgCLqflRddAFAOSoPw_X7MTbZ0jc,1006385,1009329,2944
ohnonina_UCTV8tRgCLqflRddAFAOSoPw_X7MTbZ0jc_1014593_1015377.wav,ohnonina_UCTV8tRgCLqflRddAFAOSoPw_X7MTbZ0jc,1014593,1015377,784
ohnonina_UCTV8tRgCLqflRddAFAOSoPw_X7MTbZ0jc_1016017_1017561.wav,ohnonina_UCTV8tRgCLqflRddAFAOSoPw_X7MTbZ0jc,1016017,1017561,1544
ohnonina_UCTV8tRgCLqflRddAFAOSoPw_X7MTbZ0jc_1018617_1020721.wav,ohnonina_UCTV8tRgCLqflRddAFAOSoPw_X7MTbZ0jc,1018617,1020721,2104
ohnonina_UCTV8tRgCLqflRddAFAOSoPw_X7MTbZ0jc_1020993_1030697.wav,ohnonina_UCTV8tRgCLqflRddAFAOSoPw_X7MTbZ0jc,1020993,1030697,9704
ohnonina_UCTV8tRgCLqflRddAFAOSoPw_X7MTbZ0jc_1031017_1037873.wav,ohnonina_UCTV8tRgCLqflRddAFAOSoPw_X7MTbZ0jc,1031017,1037873,6856
ohnonina_UCTV8tRgCLqflRddAFAOSoPw_X7MTbZ0jc_1038137_1050297.wav,ohnonina_UCTV8tRgCLqflRddAFAOSoPw_X7MTbZ0jc,1038137,1050297,12160
ohnonina_UCTV8tRgCLqflRddAFAOSoPw_X7MTbZ0jc_1050793_1051473.wav,ohnonina_UCTV8tRgCLqflRddAFAOSoPw_X7MTbZ0jc,1050793,1051473,680
ohnonina_UCTV8tRgCLqflRddAFAOSoPw_X7MTbZ0jc_1051769_1053889.wav,ohnonina_UCTV8tRgCLqflRddAFAOSoPw_X7MTbZ0jc,1051769,1053889,2120
ohnonina_UCTV8tRgCLqflRddAFAOSoPw_X7MTbZ0jc_1056777_1057305.wav,ohnonina_UCTV8tRgCLqflRddAFAOSoPw_X7MTbZ0jc,1056777,1057305,528
ohnonina_UCTV8tRgCLqflRddAFAOSoPw_X7MTbZ0jc_1057873_1062489.wav,ohnonina_UCTV8tRgCLqflRddAFAOSoPw_X7MTbZ0jc,1057873,1062489,4616
ohnonina_UCTV8tRgCLqflRddAFAOSoPw_X7MTbZ0jc_1062889_1063673.wav,ohnonina_UCTV8tRgCLqflRddAFAOSoPw_X7MTbZ0jc,1062889,1063673,784
ohnonina_UCTV8tRgCLqflRddAFAOSoPw_X7MTbZ0jc_1064233_1065033.wav,ohnonina_UCTV8tRgCLqflRddAFAOSoPw_X7MTbZ0jc,1064233,1065033,800
ohnonina_UCTV8tRgCLqflRddAFAOSoPw_X7MTbZ0jc_1065409_1066569.wav,ohnonina_UCTV8tRgCLqflRddAFAOSoPw_X7MTbZ0jc,1065409,1066569,1160
ohnonina_UCTV8tRgCLqflRddAFAOSoPw_X7MTbZ0jc_1066881_1067473.wav,ohnonina_UCTV8tRgCLqflRddAFAOSoPw_X7MTbZ0jc,1066881,1067473,592
ohnonina_UCTV8tRgCLqflRddAFAOSoPw_X7MTbZ0jc_1067769_1071953.wav,ohnonina_UCTV8tRgCLqflRddAFAOSoPw_X7MTbZ0jc,1067769,1071953,4184
ohnonina_UCTV8tRgCLqflRddAFAOSoPw_X7MTbZ0jc_1072241_1075113.wav,ohnonina_UCTV8tRgCLqflRddAFAOSoPw_X7MTbZ0jc,1072241,1075113,2872
ohnonina_UCTV8tRgCLqflRddAFAOSoPw_X7MTbZ0jc_1075393_1077177.wav,ohnonina_UCTV8tRgCLqflRddAFAOSoPw_X7MTbZ0jc,1075393,1077177,1784
ohnonina_UCTV8tRgCLqflRddAFAOSoPw_X7MTbZ0jc_1077497_1079009.wav,ohnonina_UCTV8tRgCLqflRddAFAOSoPw_X7MTbZ0jc,1077497,1079009,1512
ohnonina_UCTV8tRgCLqflRddAFAOSoPw_X7MTbZ0jc_1079425_1080257.wav,ohnonina_UCTV8tRgCLqflRddAFAOSoPw_X7MTbZ0jc,1079425,1080257,832
ohnonina_UCTV8tRgCLqflRddAFAOSoPw_X7MTbZ0jc_1080545_1088089.wav,ohnonina_UCTV8tRgCLqflRddAFAOSoPw_X7MTbZ0jc,1080545,1088089,7544
ohnonina_UCTV8tRgCLqflRddAFAOSoPw_X7MTbZ0jc_1088553_1091997.wav,ohnonina_UCTV8tRgCLqflRddAFAOSoPw_X7MTbZ0jc,1088553,1091997,3444
ohnonina_UCTV8tRgCLqflRddAFAOSoPw_X7MTbZ0jc_1092197_1096225.wav,ohnonina_UCTV8tRgCLqflRddAFAOSoPw_X7MTbZ0jc,1092197,1096225,4028
ohnonina_UCTV8tRgCLqflRddAFAOSoPw_X7MTbZ0jc_1096817_1102053.wav,ohnonina_UCTV8tRgCLqflRddAFAOSoPw_X7MTbZ0jc,1096817,1102053,5236
ohnonina_UCTV8tRgCLqflRddAFAOSoPw_X7MTbZ0jc_1102181_1109393.wav,ohnonina_UCTV8tRgCLqflRddAFAOSoPw_X7MTbZ0jc,1102181,1109393,7212
ohnonina_UCTV8tRgCLqflRddAFAOSoPw_X7MTbZ0jc_1109769_1110077.wav,ohnonina_UCTV8tRgCLqflRddAFAOSoPw_X7MTbZ0jc,1109769,1110077,308
ohnonina_UCTV8tRgCLqflRddAFAOSoPw_X7MTbZ0jc_1110229_1117983.wav,ohnonina_UCTV8tRgCLqflRddAFAOSoPw_X7MTbZ0jc,1110229,1117983,7754
ohnonina_UCTV8tRgCLqflRddAFAOSoPw_X7MTbZ0jc_1118095_1128535.wav,ohnonina_UCTV8tRgCLqflRddAFAOSoPw_X7MTbZ0jc,1118095,1128535,10440
ohnonina_UCTV8tRgCLqflRddAFAOSoPw_X7MTbZ0jc_1128647_1130065.wav,ohnonina_UCTV8tRgCLqflRddAFAOSoPw_X7MTbZ0jc,1128647,1130065,1418
ohnonina_UCTV8tRgCLqflRddAFAOSoPw_X7MTbZ0jc_1130361_1141361.wav,ohnonina_UCTV8tRgCLqflRddAFAOSoPw_X7MTbZ0jc,1130361,1141361,11000
ohnonina_UCTV8tRgCLqflRddAFAOSoPw_X7MTbZ0jc_1141657_1144277.wav,ohnonina_UCTV8tRgCLqflRddAFAOSoPw_X7MTbZ0jc,1141657,1144277,2620
ohnonina_UCTV8tRgCLqflRddAFAOSoPw_X7MTbZ0jc_1144477_1148101.wav,ohnonina_UCTV8tRgCLqflRddAFAOSoPw_X7MTbZ0jc,1144477,1148101,3624
ohnonina_UCTV8tRgCLqflRddAFAOSoPw_X7MTbZ0jc_1148205_1152209.wav,ohnonina_UCTV8tRgCLqflRddAFAOSoPw_X7MTbZ0jc,1148205,1152209,4004
ohnonina_UCTV8tRgCLqflRddAFAOSoPw_X7MTbZ0jc_1152305_1154577.wav,ohnonina_UCTV8tRgCLqflRddAFAOSoPw_X7MTbZ0jc,1152305,1154577,2272
ohnonina_UCTV8tRgCLqflRddAFAOSoPw_X7MTbZ0jc_1154657_1165397.wav,ohnonina_UCTV8tRgCLqflRddAFAOSoPw_X7MTbZ0jc,1154657,1165397,10740
ohnonina_UCTV8tRgCLqflRddAFAOSoPw_X7MTbZ0jc_1165629_1171759.wav,ohnonina_UCTV8tRgCLqflRddAFAOSoPw_X7MTbZ0jc,1165629,1171759,6130
ohnonina_UCTV8tRgCLqflRddAFAOSoPw_X7MTbZ0jc_1171943_1176329.wav,ohnonina_UCTV8tRgCLqflRddAFAOSoPw_X7MTbZ0jc,1171943,1176329,4386
ohnonina_UCTV8tRgCLqflRddAFAOSoPw_X7MTbZ0jc_1176609_1188053.wav,ohnonina_UCTV8tRgCLqflRddAFAOSoPw_X7MTbZ0jc,1176609,1188053,11444
ohnonina_UCTV8tRgCLqflRddAFAOSoPw_X7MTbZ0jc_1188253_1189833.wav,ohnonina_UCTV8tRgCLqflRddAFAOSoPw_X7MTbZ0jc,1188253,1189833,1580
ohnonina_UCTV8tRgCLqflRddAFAOSoPw_X7MTbZ0jc_1189913_1204765.wav,ohnonina_UCTV8tRgCLqflRddAFAOSoPw_X7MTbZ0jc,1189913,1204765,14852
ohnonina_UCTV8tRgCLqflRddAFAOSoPw_X7MTbZ0jc_1204997_1205678.wav,ohnonina_UCTV8tRgCLqflRddAFAOSoPw_X7MTbZ0jc,1204997,1205678,681
ohnonina_UCTV8tRgCLqflRddAFAOSoPw_X7MTbZ0jc_1205870_1219295.wav,ohnonina_UCTV8tRgCLqflRddAFAOSoPw_X7MTbZ0jc,1205870,1219295,13425
ohnonina_UCTV8tRgCLqflRddAFAOSoPw_X7MTbZ0jc_1219479_1231448.wav,ohnonina_UCTV8tRgCLqflRddAFAOSoPw_X7MTbZ0jc,1219479,1231448,11969
ohnonina_UCTV8tRgCLqflRddAFAOSoPw_X7MTbZ0jc_1231536_1232648.wav,ohnonina_UCTV8tRgCLqflRddAFAOSoPw_X7MTbZ0jc,1231536,1232648,1112
ohnonina_UCTV8tRgCLqflRddAFAOSoPw_X7MTbZ0jc_1232744_1236248.wav,ohnonina_UCTV8tRgCLqflRddAFAOSoPw_X7MTbZ0jc,1232744,1236248,3504
ohnonina_UCTV8tRgCLqflRddAFAOSoPw_X7MTbZ0jc_1236368_1238521.wav,ohnonina_UCTV8tRgCLqflRddAFAOSoPw_X7MTbZ0jc,1236368,1238521,2153
ohnonina_UCTV8tRgCLqflRddAFAOSoPw_X7MTbZ0jc_1238977_1244733.wav,ohnonina_UCTV8tRgCLqflRddAFAOSoPw_X7MTbZ0jc,1238977,1244733,5756
ohnonina_UCTV8tRgCLqflRddAFAOSoPw_X7MTbZ0jc_1244869_1252741.wav,ohnonina_UCTV8tRgCLqflRddAFAOSoPw_X7MTbZ0jc,1244869,1252741,7872
ohnonina_UCTV8tRgCLqflRddAFAOSoPw_X7MTbZ0jc_1252885_1253118.wav,ohnonina_UCTV8tRgCLqflRddAFAOSoPw_X7MTbZ0jc,1252885,1253118,233
ohnonina_UCTV8tRgCLqflRddAFAOSoPw_X7MTbZ0jc_1253198_1258446.wav,ohnonina_UCTV8tRgCLqflRddAFAOSoPw_X7MTbZ0jc,1253198,1258446,5248
ohnonina_UCTV8tRgCLqflRddAFAOSoPw_X7MTbZ0jc_1258526_1263750.wav,ohnonina_UCTV8tRgCLqflRddAFAOSoPw_X7MTbZ0jc,1258526,1263750,5224
ohnonina_UCTV8tRgCLqflRddAFAOSoPw_X7MTbZ0jc_1263846_1268570.wav,ohnonina_UCTV8tRgCLqflRddAFAOSoPw_X7MTbZ0jc,1263846,1268570,4724
ohnonina_UCTV8tRgCLqflRddAFAOSoPw_X7MTbZ0jc_1268650_1276074.wav,ohnonina_UCTV8tRgCLqflRddAFAOSoPw_X7MTbZ0jc,1268650,1276074,7424
ohnonina_UCTV8tRgCLqflRddAFAOSoPw_X7MTbZ0jc_1276154_1284022.wav,ohnonina_UCTV8tRgCLqflRddAFAOSoPw_X7MTbZ0jc,1276154,1284022,7868
ohnonina_UCTV8tRgCLqflRddAFAOSoPw_X7MTbZ0jc_1284118_1284959.wav,ohnonina_UCTV8tRgCLqflRddAFAOSoPw_X7MTbZ0jc,1284118,1284959,841
ohnonina_UCTV8tRgCLqflRddAFAOSoPw_X7MTbZ0jc_1285071_1289545.wav,ohnonina_UCTV8tRgCLqflRddAFAOSoPw_X7MTbZ0jc,1285071,1289545,4474
ohnonina_UCTV8tRgCLqflRddAFAOSoPw_X7MTbZ0jc_1290105_1290933.wav,ohnonina_UCTV8tRgCLqflRddAFAOSoPw_X7MTbZ0jc,1290105,1290933,828
ohnonina_UCTV8tRgCLqflRddAFAOSoPw_X7MTbZ0jc_1291077_1302277.wav,ohnonina_UCTV8tRgCLqflRddAFAOSoPw_X7MTbZ0jc,1291077,1302277,11200
ohnonina_UCTV8tRgCLqflRddAFAOSoPw_X7MTbZ0jc_1302421_1309285.wav,ohnonina_UCTV8tRgCLqflRddAFAOSoPw_X7MTbZ0jc,1302421,1309285,6864
ohnonina_UCTV8tRgCLqflRddAFAOSoPw_X7MTbZ0jc_1309413_1311337.wav,ohnonina_UCTV8tRgCLqflRddAFAOSoPw_X7MTbZ0jc,1309413,1311337,1924
ohnonina_UCTV8tRgCLqflRddAFAOSoPw_X7MTbZ0jc_1311537_1317041.wav,ohnonina_UCTV8tRgCLqflRddAFAOSoPw_X7MTbZ0jc,1311537,1317041,5504
ohnonina_UCTV8tRgCLqflRddAFAOSoPw_X7MTbZ0jc_1317169_1327241.wav,ohnonina_UCTV8tRgCLqflRddAFAOSoPw_X7MTbZ0jc,1317169,1327241,10072
ohnonina_UCTV8tRgCLqflRddAFAOSoPw_X7MTbZ0jc_1327353_1334001.wav,ohnonina_UCTV8tRgCLqflRddAFAOSoPw_X7MTbZ0jc,1327353,1334001,6648
ohnonina_UCTV8tRgCLqflRddAFAOSoPw_X7MTbZ0jc_1334345_1337561.wav,ohnonina_UCTV8tRgCLqflRddAFAOSoPw_X7MTbZ0jc,1334345,1337561,3216
ohnonina_UCTV8tRgCLqflRddAFAOSoPw_X7MTbZ0jc_1337721_1340513.wav,ohnonina_UCTV8tRgCLqflRddAFAOSoPw_X7MTbZ0jc,1337721,1340513,2792
ohnonina_UCTV8tRgCLqflRddAFAOSoPw_X7MTbZ0jc_1340681_1341721.wav,ohnonina_UCTV8tRgCLqflRddAFAOSoPw_X7MTbZ0jc,1340681,1341721,1040
ohnonina_UCTV8tRgCLqflRddAFAOSoPw_X7MTbZ0jc_1341841_1343697.wav,ohnonina_UCTV8tRgCLqflRddAFAOSoPw_X7MTbZ0jc,1341841,1343697,1856
ohnonina_UCTV8tRgCLqflRddAFAOSoPw_X7MTbZ0jc_1343817_1345201.wav,ohnonina_UCTV8tRgCLqflRddAFAOSoPw_X7MTbZ0jc,1343817,1345201,1384
ohnonina_UCTV8tRgCLqflRddAFAOSoPw_X7MTbZ0jc_1345305_1347661.wav,ohnonina_UCTV8tRgCLqflRddAFAOSoPw_X7MTbZ0jc,1345305,1347661,2356
ohnonina_UCTV8tRgCLqflRddAFAOSoPw_X7MTbZ0jc_1347757_1351069.wav,ohnonina_UCTV8tRgCLqflRddAFAOSoPw_X7MTbZ0jc,1347757,1351069,3312
ohnonina_UCTV8tRgCLqflRddAFAOSoPw_X7MTbZ0jc_1351149_1369977.wav,ohnonina_UCTV8tRgCLqflRddAFAOSoPw_X7MTbZ0jc,1351149,1369977,18828
ohnonina_UCTV8tRgCLqflRddAFAOSoPw_X7MTbZ0jc_1370161_1371689.wav,ohnonina_UCTV8tRgCLqflRddAFAOSoPw_X7MTbZ0jc,1370161,1371689,1528
ohnonina_UCTV8tRgCLqflRddAFAOSoPw_X7MTbZ0jc_1371913_1374961.wav,ohnonina_UCTV8tRgCLqflRddAFAOSoPw_X7MTbZ0jc,1371913,1374961,3048
ohnonina_UCTV8tRgCLqflRddAFAOSoPw_X7MTbZ0jc_1375145_1382577.wav,ohnonina_UCTV8tRgCLqflRddAFAOSoPw_X7MTbZ0jc,1375145,1382577,7432
ohnonina_UCTV8tRgCLqflRddAFAOSoPw_X7MTbZ0jc_1382769_1383277.wav,ohnonina_UCTV8tRgCLqflRddAFAOSoPw_X7MTbZ0jc,1382769,1383277,508
ohnonina_UCTV8tRgCLqflRddAFAOSoPw_X7MTbZ0jc_1383421_1395519.wav,ohnonina_UCTV8tRgCLqflRddAFAOSoPw_X7MTbZ0jc,1383421,1395519,12098
ohnonina_UCTV8tRgCLqflRddAFAOSoPw_X7MTbZ0jc_1395647_1397273.wav,ohnonina_UCTV8tRgCLqflRddAFAOSoPw_X7MTbZ0jc,1395647,1397273,1626
ohnonina_UCTV8tRgCLqflRddAFAOSoPw_X7MTbZ0jc_1397457_1402161.wav,ohnonina_UCTV8tRgCLqflRddAFAOSoPw_X7MTbZ0jc,1397457,1402161,4704
ohnonina_UCTV8tRgCLqflRddAFAOSoPw_X7MTbZ0jc_1402585_1404001.wav,ohnonina_UCTV8tRgCLqflRddAFAOSoPw_X7MTbZ0jc,1402585,1404001,1416
ohnonina_UCTV8tRgCLqflRddAFAOSoPw_X7MTbZ0jc_1404185_1405421.wav,ohnonina_UCTV8tRgCLqflRddAFAOSoPw_X7MTbZ0jc,1404185,1405421,1236
ohnonina_UCTV8tRgCLqflRddAFAOSoPw_X7MTbZ0jc_1405533_1420177.wav,ohnonina_UCTV8tRgCLqflRddAFAOSoPw_X7MTbZ0jc,1405533,1420177,14644
ohnonina_UCTV8tRgCLqflRddAFAOSoPw_X7MTbZ0jc_1420329_1424633.wav,ohnonina_UCTV8tRgCLqflRddAFAOSoPw_X7MTbZ0jc,1420329,1424633,4304
ohnonina_UCTV8tRgCLqflRddAFAOSoPw_X7MTbZ0jc_1424865_1431361.wav,ohnonina_UCTV8tRgCLqflRddAFAOSoPw_X7MTbZ0jc,1424865,1431361,6496
ohnonina_UCTV8tRgCLqflRddAFAOSoPw_X7MTbZ0jc_1431545_1438305.wav,ohnonina_UCTV8tRgCLqflRddAFAOSoPw_X7MTbZ0jc,1431545,1438305,6760
ohnonina_UCTV8tRgCLqflRddAFAOSoPw_X7MTbZ0jc_1438577_1451633.wav,ohnonina_UCTV8tRgCLqflRddAFAOSoPw_X7MTbZ0jc,1438577,1451633,13056
ohnonina_UCTV8tRgCLqflRddAFAOSoPw_X7MTbZ0jc_1452273_1454105.wav,ohnonina_UCTV8tRgCLqflRddAFAOSoPw_X7MTbZ0jc,1452273,1454105,1832
ohnonina_UCTV8tRgCLqflRddAFAOSoPw_X7MTbZ0jc_1454185_1457377.wav,ohnonina_UCTV8tRgCLqflRddAFAOSoPw_X7MTbZ0jc,1454185,1457377,3192
ohnonina_UCTV8tRgCLqflRddAFAOSoPw_X7MTbZ0jc_1457473_1470241.wav,ohnonina_UCTV8tRgCLqflRddAFAOSoPw_X7MTbZ0jc,1457473,1470241,12768
ohnonina_UCTV8tRgCLqflRddAFAOSoPw_X7MTbZ0jc_1470321_1480873.wav,ohnonina_UCTV8tRgCLqflRddAFAOSoPw_X7MTbZ0jc,1470321,1480873,10552
ohnonina_UCTV8tRgCLqflRddAFAOSoPw_X7MTbZ0jc_1481025_1494105.wav,ohnonina_UCTV8tRgCLqflRddAFAOSoPw_X7MTbZ0jc,1481025,1494105,13080
ohnonina_UCTV8tRgCLqflRddAFAOSoPw_X7MTbZ0jc_1494201_1496393.wav,ohnonina_UCTV8tRgCLqflRddAFAOSoPw_X7MTbZ0jc,1494201,1496393,2192
ohnonina_UCTV8tRgCLqflRddAFAOSoPw_X7MTbZ0jc_1496593_1498921.wav,ohnonina_UCTV8tRgCLqflRddAFAOSoPw_X7MTbZ0jc,1496593,1498921,2328
ohnonina_UCTV8tRgCLqflRddAFAOSoPw_X7MTbZ0jc_1499329_1499505.wav,ohnonina_UCTV8tRgCLqflRddAFAOSoPw_X7MTbZ0jc,1499329,1499505,176
ohnonina_UCTV8tRgCLqflRddAFAOSoPw_X7MTbZ0jc_1499873_1506441.wav,ohnonina_UCTV8tRgCLqflRddAFAOSoPw_X7MTbZ0jc,1499873,1506441,6568
ohnonina_UCTV8tRgCLqflRddAFAOSoPw_X7MTbZ0jc_1506529_1509273.wav,ohnonina_UCTV8tRgCLqflRddAFAOSoPw_X7MTbZ0jc,1506529,1509273,2744
ohnonina_UCTV8tRgCLqflRddAFAOSoPw_X7MTbZ0jc_1509369_1518673.wav,ohnonina_UCTV8tRgCLqflRddAFAOSoPw_X7MTbZ0jc,1509369,1518673,9304
ohnonina_UCTV8tRgCLqflRddAFAOSoPw_X7MTbZ0jc_1518881_1520901.wav,ohnonina_UCTV8tRgCLqflRddAFAOSoPw_X7MTbZ0jc,1518881,1520901,2020
ohnonina_UCTV8tRgCLqflRddAFAOSoPw_X7MTbZ0jc_1521029_1532263.wav,ohnonina_UCTV8tRgCLqflRddAFAOSoPw_X7MTbZ0jc,1521029,1532263,11234
ohnonina_UCTV8tRgCLqflRddAFAOSoPw_X7MTbZ0jc_1532351_1567833.wav,ohnonina_UCTV8tRgCLqflRddAFAOSoPw_X7MTbZ0jc,1532351,1567833,35482
ohnonina_UCTV8tRgCLqflRddAFAOSoPw_X7MTbZ0jc_1567961_1570249.wav,ohnonina_UCTV8tRgCLqflRddAFAOSoPw_X7MTbZ0jc,1567961,1570249,2288
ohnonina_UCTV8tRgCLqflRddAFAOSoPw_X7MTbZ0jc_1570513_1582091.wav,ohnonina_UCTV8tRgCLqflRddAFAOSoPw_X7MTbZ0jc,1570513,1582091,11578
ohnonina_UCTV8tRgCLqflRddAFAOSoPw_X7MTbZ0jc_1582203_1594541.wav,ohnonina_UCTV8tRgCLqflRddAFAOSoPw_X7MTbZ0jc,1582203,1594541,12338
ohnonina_UCTV8tRgCLqflRddAFAOSoPw_X7MTbZ0jc_1594669_1604177.wav,ohnonina_UCTV8tRgCLqflRddAFAOSoPw_X7MTbZ0jc,1594669,1604177,9508
ohnonina_UCTV8tRgCLqflRddAFAOSoPw_X7MTbZ0jc_1604353_1607489.wav,ohnonina_UCTV8tRgCLqflRddAFAOSoPw_X7MTbZ0jc,1604353,1607489,3136
ohnonina_UCTV8tRgCLqflRddAFAOSoPw_X7MTbZ0jc_1607649_1612545.wav,ohnonina_UCTV8tRgCLqflRddAFAOSoPw_X7MTbZ0jc,1607649,1612545,4896
ohnonina_UCTV8tRgCLqflRddAFAOSoPw_X7MTbZ0jc_1612673_1622329.wav,ohnonina_UCTV8tRgCLqflRddAFAOSoPw_X7MTbZ0jc,1612673,1622329,9656
ohnonina_UCTV8tRgCLqflRddAFAOSoPw_X7MTbZ0jc_1622481_1627589.wav,ohnonina_UCTV8tRgCLqflRddAFAOSoPw_X7MTbZ0jc,1622481,1627589,5108
ohnonina_UCTV8tRgCLqflRddAFAOSoPw_X7MTbZ0jc_1627693_1630223.wav,ohnonina_UCTV8tRgCLqflRddAFAOSoPw_X7MTbZ0jc,1627693,1630223,2530
ohnonina_UCTV8tRgCLqflRddAFAOSoPw_X7MTbZ0jc_1630327_1643591.wav,ohnonina_UCTV8tRgCLqflRddAFAOSoPw_X7MTbZ0jc,1630327,1643591,13264
ohnonina_UCTV8tRgCLqflRddAFAOSoPw_X7MTbZ0jc_1643703_1645272.wav,ohnonina_UCTV8tRgCLqflRddAFAOSoPw_X7MTbZ0jc,1643703,1645272,1569
ohnonina_UCTV8tRgCLqflRddAFAOSoPw_X7MTbZ0jc_1645360_1658928.wav,ohnonina_UCTV8tRgCLqflRddAFAOSoPw_X7MTbZ0jc,1645360,1658928,13568
ohnonina_UCTV8tRgCLqflRddAFAOSoPw_X7MTbZ0jc_1659008_1661152.wav,ohnonina_UCTV8tRgCLqflRddAFAOSoPw_X7MTbZ0jc,1659008,1661152,2144
ohnonina_UCTV8tRgCLqflRddAFAOSoPw_X7MTbZ0jc_1661264_1672953.wav,ohnonina_UCTV8tRgCLqflRddAFAOSoPw_X7MTbZ0jc,1661264,1672953,11689
ohnonina_UCTV8tRgCLqflRddAFAOSoPw_X7MTbZ0jc_1673377_1673497.wav,ohnonina_UCTV8tRgCLqflRddAFAOSoPw_X7MTbZ0jc,1673377,1673497,120
ohnonina_UCTV8tRgCLqflRddAFAOSoPw_X7MTbZ0jc_1674721_1679873.wav,ohnonina_UCTV8tRgCLqflRddAFAOSoPw_X7MTbZ0jc,1674721,1679873,5152
ohnonina_UCTV8tRgCLqflRddAFAOSoPw_X7MTbZ0jc_1680217_1683105.wav,ohnonina_UCTV8tRgCLqflRddAFAOSoPw_X7MTbZ0jc,1680217,1683105,2888
ohnonina_UCTV8tRgCLqflRddAFAOSoPw_X7MTbZ0jc_1683521_1694165.wav,ohnonina_UCTV8tRgCLqflRddAFAOSoPw_X7MTbZ0jc,1683521,1694165,10644
ohnonina_UCTV8tRgCLqflRddAFAOSoPw_X7MTbZ0jc_1694301_1697741.wav,ohnonina_UCTV8tRgCLqflRddAFAOSoPw_X7MTbZ0jc,1694301,1697741,3440
ohnonina_UCTV8tRgCLqflRddAFAOSoPw_X7MTbZ0jc_1697885_1701505.wav,ohnonina_UCTV8tRgCLqflRddAFAOSoPw_X7MTbZ0jc,1697885,1701505,3620
ohnonina_UCTV8tRgCLqflRddAFAOSoPw_X7MTbZ0jc_1702337_1702498.wav,ohnonina_UCTV8tRgCLqflRddAFAOSoPw_X7MTbZ0jc,1702337,1702498,161
ohnonina_UCTV8tRgCLqflRddAFAOSoPw_X7MTbZ0jc_1702586_1717586.wav,ohnonina_UCTV8tRgCLqflRddAFAOSoPw_X7MTbZ0jc,1702586,1717586,15000
ohnonina_UCTV8tRgCLqflRddAFAOSoPw_X7MTbZ0jc_1717682_1718010.wav,ohnonina_UCTV8tRgCLqflRddAFAOSoPw_X7MTbZ0jc,1717682,1718010,328
ohnonina_UCTV8tRgCLqflRddAFAOSoPw_X7MTbZ0jc_1718106_1723779.wav,ohnonina_UCTV8tRgCLqflRddAFAOSoPw_X7MTbZ0jc,1718106,1723779,5673
ohnonina_UCTV8tRgCLqflRddAFAOSoPw_X7MTbZ0jc_1723947_1726941.wav,ohnonina_UCTV8tRgCLqflRddAFAOSoPw_X7MTbZ0jc,1723947,1726941,2994
ohnonina_UCTV8tRgCLqflRddAFAOSoPw_X7MTbZ0jc_1727149_1730103.wav,ohnonina_UCTV8tRgCLqflRddAFAOSoPw_X7MTbZ0jc,1727149,1730103,2954
ohnonina_UCTV8tRgCLqflRddAFAOSoPw_X7MTbZ0jc_1730287_1731663.wav,ohnonina_UCTV8tRgCLqflRddAFAOSoPw_X7MTbZ0jc,1730287,1731663,1376
ohnonina_UCTV8tRgCLqflRddAFAOSoPw_X7MTbZ0jc_1731839_1744808.wav,ohnonina_UCTV8tRgCLqflRddAFAOSoPw_X7MTbZ0jc,1731839,1744808,12969
ohnonina_UCTV8tRgCLqflRddAFAOSoPw_X7MTbZ0jc_1744912_1757401.wav,ohnonina_UCTV8tRgCLqflRddAFAOSoPw_X7MTbZ0jc,1744912,1757401,12489
ohnonina_UCTV8tRgCLqflRddAFAOSoPw_X7MTbZ0jc_1757745_1759177.wav,ohnonina_UCTV8tRgCLqflRddAFAOSoPw_X7MTbZ0jc,1757745,1759177,1432
ohnonina_UCTV8tRgCLqflRddAFAOSoPw_X7MTbZ0jc_1759313_1759801.wav,ohnonina_UCTV8tRgCLqflRddAFAOSoPw_X7MTbZ0jc,1759313,1759801,488
ohnonina_UCTV8tRgCLqflRddAFAOSoPw_X7MTbZ0jc_1759921_1770033.wav,ohnonina_UCTV8tRgCLqflRddAFAOSoPw_X7MTbZ0jc,1759921,1770033,10112
ohnonina_UCTV8tRgCLqflRddAFAOSoPw_X7MTbZ0jc_1770137_1783521.wav,ohnonina_UCTV8tRgCLqflRddAFAOSoPw_X7MTbZ0jc,1770137,1783521,13384
ohnonina_UCTV8tRgCLqflRddAFAOSoPw_X7MTbZ0jc_1783633_1784033.wav,ohnonina_UCTV8tRgCLqflRddAFAOSoPw_X7MTbZ0jc,1783633,1784033,400
ohnonina_UCTV8tRgCLqflRddAFAOSoPw_X7MTbZ0jc_1784313_1786473.wav,ohnonina_UCTV8tRgCLqflRddAFAOSoPw_X7MTbZ0jc,1784313,1786473,2160
ohnonina_UCTV8tRgCLqflRddAFAOSoPw_X7MTbZ0jc_1786809_1791883.wav,ohnonina_UCTV8tRgCLqflRddAFAOSoPw_X7MTbZ0jc,1786809,1791883,5074
