filename,video_id,start_time,end_time,duration
ohnonina_UCTV8tRgCLqflRddAFAOSoPw_X7MTbZ0jc_0_1937.wav,ohnonina_UCTV8tRgCLqflRddAFAOSoPw_X7MTbZ0jc,0,1937,1937
ohnonina_UCTV8tRgCLqflRddAFAOSoPw_X7MTbZ0jc_2313_2489.wav,ohnonina_UCTV8tRgCLqflRddAFAOSoPw_X7MTbZ0jc,2313,2489,176
ohnonina_UCTV8tRgCLqflRddAFAOSoPw_X7MTbZ0jc_4121_7961.wav,ohnonina_UCTV8tRgCLqflRddAFAOSoPw_X7MTbZ0jc,4121,7961,3840
ohnonina_UCTV8tRgCLqflRddAFAOSoPw_X7MTbZ0jc_8329_15089.wav,ohnonina_UCTV8tRgCLqflRddAFAOSoPw_X7MTbZ0jc,8329,15089,6760
ohnonina_UCTV8tRgCLqflRddAFAOSoPw_X7MTbZ0jc_15505_21329.wav,ohnonina_UCTV8tRgCLqflRddAFAOSoPw_X7MTbZ0jc,15505,21329,5824
ohnonina_UCTV8tRgCLqflRddAFAOSoPw_X7MTbZ0jc_21705_24249.wav,ohnonina_UCTV8tRgCLqflRddAFAOSoPw_X7MTbZ0jc,21705,24249,2544
ohnonina_UCTV8tRgCLqflRddAFAOSoPw_X7MTbZ0jc_24505_34161.wav,ohnonina_UCTV8tRgCLqflRddAFAOSoPw_X7MTbZ0jc,24505,34161,9656
ohnonina_UCTV8tRgCLqflRddAFAOSoPw_X7MTbZ0jc_34273_38481.wav,ohnonina_UCTV8tRgCLqflRddAFAOSoPw_X7MTbZ0jc,34273,38481,4208
ohnonina_UCTV8tRgCLqflRddAFAOSoPw_X7MTbZ0jc_38793_39489.wav,ohnonina_UCTV8tRgCLqflRddAFAOSoPw_X7MTbZ0jc,38793,39489,696
ohnonina_UCTV8tRgCLqflRddAFAOSoPw_X7MTbZ0jc_39673_40025.wav,ohnonina_UCTV8tRgCLqflRddAFAOSoPw_X7MTbZ0jc,39673,40025,352
ohnonina_UCTV8tRgCLqflRddAFAOSoPw_X7MTbZ0jc_40281_41253.wav,ohnonina_UCTV8tRgCLqflRddAFAOSoPw_X7MTbZ0jc,40281,41253,972
ohnonina_UCTV8tRgCLqflRddAFAOSoPw_X7MTbZ0jc_41461_43525.wav,ohnonina_UCTV8tRgCLqflRddAFAOSoPw_X7MTbZ0jc,41461,43525,2064
ohnonina_UCTV8tRgCLqflRddAFAOSoPw_X7MTbZ0jc_43725_45329.wav,ohnonina_UCTV8tRgCLqflRddAFAOSoPw_X7MTbZ0jc,43725,45329,1604
ohnonina_UCTV8tRgCLqflRddAFAOSoPw_X7MTbZ0jc_45601_47937.wav,ohnonina_UCTV8tRgCLqflRddAFAOSoPw_X7MTbZ0jc,45601,47937,2336
ohnonina_UCTV8tRgCLqflRddAFAOSoPw_X7MTbZ0jc_48201_56677.wav,ohnonina_UCTV8tRgCLqflRddAFAOSoPw_X7MTbZ0jc,48201,56677,8476
ohnonina_UCTV8tRgCLqflRddAFAOSoPw_X7MTbZ0jc_56917_61733.wav,ohnonina_UCTV8tRgCLqflRddAFAOSoPw_X7MTbZ0jc,56917,61733,4816
ohnonina_UCTV8tRgCLqflRddAFAOSoPw_X7MTbZ0jc_61989_69245.wav,ohnonina_UCTV8tRgCLqflRddAFAOSoPw_X7MTbZ0jc,61989,69245,7256
ohnonina_UCTV8tRgCLqflRddAFAOSoPw_X7MTbZ0jc_69493_71945.wav,ohnonina_UCTV8tRgCLqflRddAFAOSoPw_X7MTbZ0jc,69493,71945,2452
ohnonina_UCTV8tRgCLqflRddAFAOSoPw_X7MTbZ0jc_72097_72409.wav,ohnonina_UCTV8tRgCLqflRddAFAOSoPw_X7MTbZ0jc,72097,72409,312
ohnonina_UCTV8tRgCLqflRddAFAOSoPw_X7MTbZ0jc_72865_75065.wav,ohnonina_UCTV8tRgCLqflRddAFAOSoPw_X7MTbZ0jc,72865,75065,2200
ohnonina_UCTV8tRgCLqflRddAFAOSoPw_X7MTbZ0jc_75393_83913.wav,ohnonina_UCTV8tRgCLqflRddAFAOSoPw_X7MTbZ0jc,75393,83913,8520
ohnonina_UCTV8tRgCLqflRddAFAOSoPw_X7MTbZ0jc_84521_91659.wav,ohnonina_UCTV8tRgCLqflRddAFAOSoPw_X7MTbZ0jc,84521,91659,7138
ohnonina_UCTV8tRgCLqflRddAFAOSoPw_X7MTbZ0jc_91931_95509.wav,ohnonina_UCTV8tRgCLqflRddAFAOSoPw_X7MTbZ0jc,91931,95509,3578
ohnonina_UCTV8tRgCLqflRddAFAOSoPw_X7MTbZ0jc_96006_105470.wav,ohnonina_UCTV8tRgCLqflRddAFAOSoPw_X7MTbZ0jc,96006,105470,9464
ohnonina_UCTV8tRgCLqflRddAFAOSoPw_X7MTbZ0jc_105830_107767.wav,ohnonina_UCTV8tRgCLqflRddAFAOSoPw_X7MTbZ0jc,105830,107767,1937
ohnonina_UCTV8tRgCLqflRddAFAOSoPw_X7MTbZ0jc_108079_111305.wav,ohnonina_UCTV8tRgCLqflRddAFAOSoPw_X7MTbZ0jc,108079,111305,3226
ohnonina_UCTV8tRgCLqflRddAFAOSoPw_X7MTbZ0jc_111433_117929.wav,ohnonina_UCTV8tRgCLqflRddAFAOSoPw_X7MTbZ0jc,111433,117929,6496
ohnonina_UCTV8tRgCLqflRddAFAOSoPw_X7MTbZ0jc_118089_125265.wav,ohnonina_UCTV8tRgCLqflRddAFAOSoPw_X7MTbZ0jc,118089,125265,7176
ohnonina_UCTV8tRgCLqflRddAFAOSoPw_X7MTbZ0jc_125409_133265.wav,ohnonina_UCTV8tRgCLqflRddAFAOSoPw_X7MTbZ0jc,125409,133265,7856
ohnonina_UCTV8tRgCLqflRddAFAOSoPw_X7MTbZ0jc_133417_143393.wav,ohnonina_UCTV8tRgCLqflRddAFAOSoPw_X7MTbZ0jc,133417,143393,9976
ohnonina_UCTV8tRgCLqflRddAFAOSoPw_X7MTbZ0jc_143505_144617.wav,ohnonina_UCTV8tRgCLqflRddAFAOSoPw_X7MTbZ0jc,143505,144617,1112
ohnonina_UCTV8tRgCLqflRddAFAOSoPw_X7MTbZ0jc_144793_146089.wav,ohnonina_UCTV8tRgCLqflRddAFAOSoPw_X7MTbZ0jc,144793,146089,1296
ohnonina_UCTV8tRgCLqflRddAFAOSoPw_X7MTbZ0jc_146241_155609.wav,ohnonina_UCTV8tRgCLqflRddAFAOSoPw_X7MTbZ0jc,146241,155609,9368
ohnonina_UCTV8tRgCLqflRddAFAOSoPw_X7MTbZ0jc_155785_156729.wav,ohnonina_UCTV8tRgCLqflRddAFAOSoPw_X7MTbZ0jc,155785,156729,944
ohnonina_UCTV8tRgCLqflRddAFAOSoPw_X7MTbZ0jc_156849_161513.wav,ohnonina_UCTV8tRgCLqflRddAFAOSoPw_X7MTbZ0jc,156849,161513,4664
ohnonina_UCTV8tRgCLqflRddAFAOSoPw_X7MTbZ0jc_161633_164785.wav,ohnonina_UCTV8tRgCLqflRddAFAOSoPw_X7MTbZ0jc,161633,164785,3152
ohnonina_UCTV8tRgCLqflRddAFAOSoPw_X7MTbZ0jc_164889_169945.wav,ohnonina_UCTV8tRgCLqflRddAFAOSoPw_X7MTbZ0jc,164889,169945,5056
ohnonina_UCTV8tRgCLqflRddAFAOSoPw_X7MTbZ0jc_170153_173641.wav,ohnonina_UCTV8tRgCLqflRddAFAOSoPw_X7MTbZ0jc,170153,173641,3488
ohnonina_UCTV8tRgCLqflRddAFAOSoPw_X7MTbZ0jc_174025_179849.wav,ohnonina_UCTV8tRgCLqflRddAFAOSoPw_X7MTbZ0jc,174025,179849,5824
ohnonina_UCTV8tRgCLqflRddAFAOSoPw_X7MTbZ0jc_180241_182841.wav,ohnonina_UCTV8tRgCLqflRddAFAOSoPw_X7MTbZ0jc,180241,182841,2600
ohnonina_UCTV8tRgCLqflRddAFAOSoPw_X7MTbZ0jc_183105_188217.wav,ohnonina_UCTV8tRgCLqflRddAFAOSoPw_X7MTbZ0jc,183105,188217,5112
ohnonina_UCTV8tRgCLqflRddAFAOSoPw_X7MTbZ0jc_188377_191721.wav,ohnonina_UCTV8tRgCLqflRddAFAOSoPw_X7MTbZ0jc,188377,191721,3344
ohnonina_UCTV8tRgCLqflRddAFAOSoPw_X7MTbZ0jc_191865_193449.wav,ohnonina_UCTV8tRgCLqflRddAFAOSoPw_X7MTbZ0jc,191865,193449,1584
ohnonina_UCTV8tRgCLqflRddAFAOSoPw_X7MTbZ0jc_193641_196657.wav,ohnonina_UCTV8tRgCLqflRddAFAOSoPw_X7MTbZ0jc,193641,196657,3016
ohnonina_UCTV8tRgCLqflRddAFAOSoPw_X7MTbZ0jc_196841_197077.wav,ohnonina_UCTV8tRgCLqflRddAFAOSoPw_X7MTbZ0jc,196841,197077,236
ohnonina_UCTV8tRgCLqflRddAFAOSoPw_X7MTbZ0jc_197798_198470.wav,ohnonina_UCTV8tRgCLqflRddAFAOSoPw_X7MTbZ0jc,197798,198470,672
ohnonina_UCTV8tRgCLqflRddAFAOSoPw_X7MTbZ0jc_198662_199586.wav,ohnonina_UCTV8tRgCLqflRddAFAOSoPw_X7MTbZ0jc,198662,199586,924
ohnonina_UCTV8tRgCLqflRddAFAOSoPw_X7MTbZ0jc_199938_208778.wav,ohnonina_UCTV8tRgCLqflRddAFAOSoPw_X7MTbZ0jc,199938,208778,8840
ohnonina_UCTV8tRgCLqflRddAFAOSoPw_X7MTbZ0jc_209090_212374.wav,ohnonina_UCTV8tRgCLqflRddAFAOSoPw_X7MTbZ0jc,209090,212374,3284
ohnonina_UCTV8tRgCLqflRddAFAOSoPw_X7MTbZ0jc_212710_215567.wav,ohnonina_UCTV8tRgCLqflRddAFAOSoPw_X7MTbZ0jc,212710,215567,2857
ohnonina_UCTV8tRgCLqflRddAFAOSoPw_X7MTbZ0jc_215871_215985.wav,ohnonina_UCTV8tRgCLqflRddAFAOSoPw_X7MTbZ0jc,215871,215985,114
ohnonina_UCTV8tRgCLqflRddAFAOSoPw_X7MTbZ0jc_216137_224634.wav,ohnonina_UCTV8tRgCLqflRddAFAOSoPw_X7MTbZ0jc,216137,224634,8497
ohnonina_UCTV8tRgCLqflRddAFAOSoPw_X7MTbZ0jc_224946_226139.wav,ohnonina_UCTV8tRgCLqflRddAFAOSoPw_X7MTbZ0jc,224946,226139,1193
ohnonina_UCTV8tRgCLqflRddAFAOSoPw_X7MTbZ0jc_226403_226853.wav,ohnonina_UCTV8tRgCLqflRddAFAOSoPw_X7MTbZ0jc,226403,226853,450
ohnonina_UCTV8tRgCLqflRddAFAOSoPw_X7MTbZ0jc_227141_236287.wav,ohnonina_UCTV8tRgCLqflRddAFAOSoPw_X7MTbZ0jc,227141,236287,9146
ohnonina_UCTV8tRgCLqflRddAFAOSoPw_X7MTbZ0jc_236575_239089.wav,ohnonina_UCTV8tRgCLqflRddAFAOSoPw_X7MTbZ0jc,236575,239089,2514
ohnonina_UCTV8tRgCLqflRddAFAOSoPw_X7MTbZ0jc_239289_245841.wav,ohnonina_UCTV8tRgCLqflRddAFAOSoPw_X7MTbZ0jc,239289,245841,6552
ohnonina_UCTV8tRgCLqflRddAFAOSoPw_X7MTbZ0jc_246033_246461.wav,ohnonina_UCTV8tRgCLqflRddAFAOSoPw_X7MTbZ0jc,246033,246461,428
ohnonina_UCTV8tRgCLqflRddAFAOSoPw_X7MTbZ0jc_246725_256377.wav,ohnonina_UCTV8tRgCLqflRddAFAOSoPw_X7MTbZ0jc,246725,256377,9652
ohnonina_UCTV8tRgCLqflRddAFAOSoPw_X7MTbZ0jc_256601_263445.wav,ohnonina_UCTV8tRgCLqflRddAFAOSoPw_X7MTbZ0jc,256601,263445,6844
ohnonina_UCTV8tRgCLqflRddAFAOSoPw_X7MTbZ0jc_263701_267505.wav,ohnonina_UCTV8tRgCLqflRddAFAOSoPw_X7MTbZ0jc,263701,267505,3804
ohnonina_UCTV8tRgCLqflRddAFAOSoPw_X7MTbZ0jc_267769_270601.wav,ohnonina_UCTV8tRgCLqflRddAFAOSoPw_X7MTbZ0jc,267769,270601,2832
ohnonina_UCTV8tRgCLqflRddAFAOSoPw_X7MTbZ0jc_270745_278861.wav,ohnonina_UCTV8tRgCLqflRddAFAOSoPw_X7MTbZ0jc,270745,278861,8116
ohnonina_UCTV8tRgCLqflRddAFAOSoPw_X7MTbZ0jc_279101_285057.wav,ohnonina_UCTV8tRgCLqflRddAFAOSoPw_X7MTbZ0jc,279101,285057,5956
ohnonina_UCTV8tRgCLqflRddAFAOSoPw_X7MTbZ0jc_285177_289793.wav,ohnonina_UCTV8tRgCLqflRddAFAOSoPw_X7MTbZ0jc,285177,289793,4616
ohnonina_UCTV8tRgCLqflRddAFAOSoPw_X7MTbZ0jc_289913_294233.wav,ohnonina_UCTV8tRgCLqflRddAFAOSoPw_X7MTbZ0jc,289913,294233,4320
ohnonina_UCTV8tRgCLqflRddAFAOSoPw_X7MTbZ0jc_294545_294865.wav,ohnonina_UCTV8tRgCLqflRddAFAOSoPw_X7MTbZ0jc,294545,294865,320
ohnonina_UCTV8tRgCLqflRddAFAOSoPw_X7MTbZ0jc_295993_301977.wav,ohnonina_UCTV8tRgCLqflRddAFAOSoPw_X7MTbZ0jc,295993,301977,5984
ohnonina_UCTV8tRgCLqflRddAFAOSoPw_X7MTbZ0jc_302129_307861.wav,ohnonina_UCTV8tRgCLqflRddAFAOSoPw_X7MTbZ0jc,302129,307861,5732
ohnonina_UCTV8tRgCLqflRddAFAOSoPw_X7MTbZ0jc_308069_313553.wav,ohnonina_UCTV8tRgCLqflRddAFAOSoPw_X7MTbZ0jc,308069,313553,5484
ohnonina_UCTV8tRgCLqflRddAFAOSoPw_X7MTbZ0jc_313809_320889.wav,ohnonina_UCTV8tRgCLqflRddAFAOSoPw_X7MTbZ0jc,313809,320889,7080
ohnonina_UCTV8tRgCLqflRddAFAOSoPw_X7MTbZ0jc_321073_331057.wav,ohnonina_UCTV8tRgCLqflRddAFAOSoPw_X7MTbZ0jc,321073,331057,9984
ohnonina_UCTV8tRgCLqflRddAFAOSoPw_X7MTbZ0jc_331273_332001.wav,ohnonina_UCTV8tRgCLqflRddAFAOSoPw_X7MTbZ0jc,331273,332001,728
ohnonina_UCTV8tRgCLqflRddAFAOSoPw_X7MTbZ0jc_332185_332897.wav,ohnonina_UCTV8tRgCLqflRddAFAOSoPw_X7MTbZ0jc,332185,332897,712
ohnonina_UCTV8tRgCLqflRddAFAOSoPw_X7MTbZ0jc_333225_337621.wav,ohnonina_UCTV8tRgCLqflRddAFAOSoPw_X7MTbZ0jc,333225,337621,4396
ohnonina_UCTV8tRgCLqflRddAFAOSoPw_X7MTbZ0jc_337925_343841.wav,ohnonina_UCTV8tRgCLqflRddAFAOSoPw_X7MTbZ0jc,337925,343841,5916
ohnonina_UCTV8tRgCLqflRddAFAOSoPw_X7MTbZ0jc_343993_347497.wav,ohnonina_UCTV8tRgCLqflRddAFAOSoPw_X7MTbZ0jc,343993,347497,3504
ohnonina_UCTV8tRgCLqflRddAFAOSoPw_X7MTbZ0jc_347641_352841.wav,ohnonina_UCTV8tRgCLqflRddAFAOSoPw_X7MTbZ0jc,347641,352841,5200
ohnonina_UCTV8tRgCLqflRddAFAOSoPw_X7MTbZ0jc_352961_360273.wav,ohnonina_UCTV8tRgCLqflRddAFAOSoPw_X7MTbZ0jc,352961,360273,7312
ohnonina_UCTV8tRgCLqflRddAFAOSoPw_X7MTbZ0jc_360385_367161.wav,ohnonina_UCTV8tRgCLqflRddAFAOSoPw_X7MTbZ0jc,360385,367161,6776
ohnonina_UCTV8tRgCLqflRddAFAOSoPw_X7MTbZ0jc_367361_372145.wav,ohnonina_UCTV8tRgCLqflRddAFAOSoPw_X7MTbZ0jc,367361,372145,4784
ohnonina_UCTV8tRgCLqflRddAFAOSoPw_X7MTbZ0jc_372401_377355.wav,ohnonina_UCTV8tRgCLqflRddAFAOSoPw_X7MTbZ0jc,372401,377355,4954
ohnonina_UCTV8tRgCLqflRddAFAOSoPw_X7MTbZ0jc_377571_382459.wav,ohnonina_UCTV8tRgCLqflRddAFAOSoPw_X7MTbZ0jc,377571,382459,4888
ohnonina_UCTV8tRgCLqflRddAFAOSoPw_X7MTbZ0jc_382683_384093.wav,ohnonina_UCTV8tRgCLqflRddAFAOSoPw_X7MTbZ0jc,382683,384093,1410
ohnonina_UCTV8tRgCLqflRddAFAOSoPw_X7MTbZ0jc_384269_390825.wav,ohnonina_UCTV8tRgCLqflRddAFAOSoPw_X7MTbZ0jc,384269,390825,6556
ohnonina_UCTV8tRgCLqflRddAFAOSoPw_X7MTbZ0jc_391001_391553.wav,ohnonina_UCTV8tRgCLqflRddAFAOSoPw_X7MTbZ0jc,391001,391553,552
ohnonina_UCTV8tRgCLqflRddAFAOSoPw_X7MTbZ0jc_391657_392249.wav,ohnonina_UCTV8tRgCLqflRddAFAOSoPw_X7MTbZ0jc,391657,392249,592
ohnonina_UCTV8tRgCLqflRddAFAOSoPw_X7MTbZ0jc_392617_402389.wav,ohnonina_UCTV8tRgCLqflRddAFAOSoPw_X7MTbZ0jc,392617,402389,9772
ohnonina_UCTV8tRgCLqflRddAFAOSoPw_X7MTbZ0jc_402573_412213.wav,ohnonina_UCTV8tRgCLqflRddAFAOSoPw_X7MTbZ0jc,402573,412213,9640
ohnonina_UCTV8tRgCLqflRddAFAOSoPw_X7MTbZ0jc_412413_414585.wav,ohnonina_UCTV8tRgCLqflRddAFAOSoPw_X7MTbZ0jc,412413,414585,2172
ohnonina_UCTV8tRgCLqflRddAFAOSoPw_X7MTbZ0jc_414945_424122.wav,ohnonina_UCTV8tRgCLqflRddAFAOSoPw_X7MTbZ0jc,414945,424122,9177
ohnonina_UCTV8tRgCLqflRddAFAOSoPw_X7MTbZ0jc_424538_425618.wav,ohnonina_UCTV8tRgCLqflRddAFAOSoPw_X7MTbZ0jc,424538,425618,1080
ohnonina_UCTV8tRgCLqflRddAFAOSoPw_X7MTbZ0jc_425890_427403.wav,ohnonina_UCTV8tRgCLqflRddAFAOSoPw_X7MTbZ0jc,425890,427403,1513
ohnonina_UCTV8tRgCLqflRddAFAOSoPw_X7MTbZ0jc_427611_431725.wav,ohnonina_UCTV8tRgCLqflRddAFAOSoPw_X7MTbZ0jc,427611,431725,4114
ohnonina_UCTV8tRgCLqflRddAFAOSoPw_X7MTbZ0jc_432037_439617.wav,ohnonina_UCTV8tRgCLqflRddAFAOSoPw_X7MTbZ0jc,432037,439617,7580
ohnonina_UCTV8tRgCLqflRddAFAOSoPw_X7MTbZ0jc_439737_445753.wav,ohnonina_UCTV8tRgCLqflRddAFAOSoPw_X7MTbZ0jc,439737,445753,6016
ohnonina_UCTV8tRgCLqflRddAFAOSoPw_X7MTbZ0jc_445937_448209.wav,ohnonina_UCTV8tRgCLqflRddAFAOSoPw_X7MTbZ0jc,445937,448209,2272
ohnonina_UCTV8tRgCLqflRddAFAOSoPw_X7MTbZ0jc_448481_454257.wav,ohnonina_UCTV8tRgCLqflRddAFAOSoPw_X7MTbZ0jc,448481,454257,5776
ohnonina_UCTV8tRgCLqflRddAFAOSoPw_X7MTbZ0jc_454377_462481.wav,ohnonina_UCTV8tRgCLqflRddAFAOSoPw_X7MTbZ0jc,454377,462481,8104
ohnonina_UCTV8tRgCLqflRddAFAOSoPw_X7MTbZ0jc_462657_463521.wav,ohnonina_UCTV8tRgCLqflRddAFAOSoPw_X7MTbZ0jc,462657,463521,864
ohnonina_UCTV8tRgCLqflRddAFAOSoPw_X7MTbZ0jc_463777_464457.wav,ohnonina_UCTV8tRgCLqflRddAFAOSoPw_X7MTbZ0jc,463777,464457,680
ohnonina_UCTV8tRgCLqflRddAFAOSoPw_X7MTbZ0jc_464745_466905.wav,ohnonina_UCTV8tRgCLqflRddAFAOSoPw_X7MTbZ0jc,464745,466905,2160
ohnonina_UCTV8tRgCLqflRddAFAOSoPw_X7MTbZ0jc_467177_475105.wav,ohnonina_UCTV8tRgCLqflRddAFAOSoPw_X7MTbZ0jc,467177,475105,7928
ohnonina_UCTV8tRgCLqflRddAFAOSoPw_X7MTbZ0jc_475209_478978.wav,ohnonina_UCTV8tRgCLqflRddAFAOSoPw_X7MTbZ0jc,475209,478978,3769
ohnonina_UCTV8tRgCLqflRddAFAOSoPw_X7MTbZ0jc_479242_482018.wav,ohnonina_UCTV8tRgCLqflRddAFAOSoPw_X7MTbZ0jc,479242,482018,2776
ohnonina_UCTV8tRgCLqflRddAFAOSoPw_X7MTbZ0jc_482346_483315.wav,ohnonina_UCTV8tRgCLqflRddAFAOSoPw_X7MTbZ0jc,482346,483315,969
ohnonina_UCTV8tRgCLqflRddAFAOSoPw_X7MTbZ0jc_483835_492579.wav,ohnonina_UCTV8tRgCLqflRddAFAOSoPw_X7MTbZ0jc,483835,492579,8744
ohnonina_UCTV8tRgCLqflRddAFAOSoPw_X7MTbZ0jc_492731_493843.wav,ohnonina_UCTV8tRgCLqflRddAFAOSoPw_X7MTbZ0jc,492731,493843,1112
ohnonina_UCTV8tRgCLqflRddAFAOSoPw_X7MTbZ0jc_493955_503211.wav,ohnonina_UCTV8tRgCLqflRddAFAOSoPw_X7MTbZ0jc,493955,503211,9256
ohnonina_UCTV8tRgCLqflRddAFAOSoPw_X7MTbZ0jc_503427_508589.wav,ohnonina_UCTV8tRgCLqflRddAFAOSoPw_X7MTbZ0jc,503427,508589,5162
ohnonina_UCTV8tRgCLqflRddAFAOSoPw_X7MTbZ0jc_508861_514625.wav,ohnonina_UCTV8tRgCLqflRddAFAOSoPw_X7MTbZ0jc,508861,514625,5764
ohnonina_UCTV8tRgCLqflRddAFAOSoPw_X7MTbZ0jc_514769_522785.wav,ohnonina_UCTV8tRgCLqflRddAFAOSoPw_X7MTbZ0jc,514769,522785,8016
ohnonina_UCTV8tRgCLqflRddAFAOSoPw_X7MTbZ0jc_522889_529513.wav,ohnonina_UCTV8tRgCLqflRddAFAOSoPw_X7MTbZ0jc,522889,529513,6624
ohnonina_UCTV8tRgCLqflRddAFAOSoPw_X7MTbZ0jc_529705_536137.wav,ohnonina_UCTV8tRgCLqflRddAFAOSoPw_X7MTbZ0jc,529705,536137,6432
ohnonina_UCTV8tRgCLqflRddAFAOSoPw_X7MTbZ0jc_536313_541153.wav,ohnonina_UCTV8tRgCLqflRddAFAOSoPw_X7MTbZ0jc,536313,541153,4840
ohnonina_UCTV8tRgCLqflRddAFAOSoPw_X7MTbZ0jc_541265_550757.wav,ohnonina_UCTV8tRgCLqflRddAFAOSoPw_X7MTbZ0jc,541265,550757,9492
ohnonina_UCTV8tRgCLqflRddAFAOSoPw_X7MTbZ0jc_550917_553417.wav,ohnonina_UCTV8tRgCLqflRddAFAOSoPw_X7MTbZ0jc,550917,553417,2500
ohnonina_UCTV8tRgCLqflRddAFAOSoPw_X7MTbZ0jc_553521_559593.wav,ohnonina_UCTV8tRgCLqflRddAFAOSoPw_X7MTbZ0jc,553521,559593,6072
ohnonina_UCTV8tRgCLqflRddAFAOSoPw_X7MTbZ0jc_559729_564281.wav,ohnonina_UCTV8tRgCLqflRddAFAOSoPw_X7MTbZ0jc,559729,564281,4552
ohnonina_UCTV8tRgCLqflRddAFAOSoPw_X7MTbZ0jc_564417_564841.wav,ohnonina_UCTV8tRgCLqflRddAFAOSoPw_X7MTbZ0jc,564417,564841,424
ohnonina_UCTV8tRgCLqflRddAFAOSoPw_X7MTbZ0jc_565089_571649.wav,ohnonina_UCTV8tRgCLqflRddAFAOSoPw_X7MTbZ0jc,565089,571649,6560
ohnonina_UCTV8tRgCLqflRddAFAOSoPw_X7MTbZ0jc_571937_580929.wav,ohnonina_UCTV8tRgCLqflRddAFAOSoPw_X7MTbZ0jc,571937,580929,8992
ohnonina_UCTV8tRgCLqflRddAFAOSoPw_X7MTbZ0jc_581033_585389.wav,ohnonina_UCTV8tRgCLqflRddAFAOSoPw_X7MTbZ0jc,581033,585389,4356
ohnonina_UCTV8tRgCLqflRddAFAOSoPw_X7MTbZ0jc_585541_587941.wav,ohnonina_UCTV8tRgCLqflRddAFAOSoPw_X7MTbZ0jc,585541,587941,2400
ohnonina_UCTV8tRgCLqflRddAFAOSoPw_X7MTbZ0jc_588181_594397.wav,ohnonina_UCTV8tRgCLqflRddAFAOSoPw_X7MTbZ0jc,588181,594397,6216
ohnonina_UCTV8tRgCLqflRddAFAOSoPw_X7MTbZ0jc_594685_604589.wav,ohnonina_UCTV8tRgCLqflRddAFAOSoPw_X7MTbZ0jc,594685,604589,9904
ohnonina_UCTV8tRgCLqflRddAFAOSoPw_X7MTbZ0jc_605045_610359.wav,ohnonina_UCTV8tRgCLqflRddAFAOSoPw_X7MTbZ0jc,605045,610359,5314
ohnonina_UCTV8tRgCLqflRddAFAOSoPw_X7MTbZ0jc_610567_615337.wav,ohnonina_UCTV8tRgCLqflRddAFAOSoPw_X7MTbZ0jc,610567,615337,4770
ohnonina_UCTV8tRgCLqflRddAFAOSoPw_X7MTbZ0jc_615505_619465.wav,ohnonina_UCTV8tRgCLqflRddAFAOSoPw_X7MTbZ0jc,615505,619465,3960
ohnonina_UCTV8tRgCLqflRddAFAOSoPw_X7MTbZ0jc_619593_622561.wav,ohnonina_UCTV8tRgCLqflRddAFAOSoPw_X7MTbZ0jc,619593,622561,2968
ohnonina_UCTV8tRgCLqflRddAFAOSoPw_X7MTbZ0jc_622729_623897.wav,ohnonina_UCTV8tRgCLqflRddAFAOSoPw_X7MTbZ0jc,622729,623897,1168
ohnonina_UCTV8tRgCLqflRddAFAOSoPw_X7MTbZ0jc_624057_632009.wav,ohnonina_UCTV8tRgCLqflRddAFAOSoPw_X7MTbZ0jc,624057,632009,7952
ohnonina_UCTV8tRgCLqflRddAFAOSoPw_X7MTbZ0jc_632161_632561.wav,ohnonina_UCTV8tRgCLqflRddAFAOSoPw_X7MTbZ0jc,632161,632561,400
ohnonina_UCTV8tRgCLqflRddAFAOSoPw_X7MTbZ0jc_632721_641377.wav,ohnonina_UCTV8tRgCLqflRddAFAOSoPw_X7MTbZ0jc,632721,641377,8656
ohnonina_UCTV8tRgCLqflRddAFAOSoPw_X7MTbZ0jc_641689_643713.wav,ohnonina_UCTV8tRgCLqflRddAFAOSoPw_X7MTbZ0jc,641689,643713,2024
ohnonina_UCTV8tRgCLqflRddAFAOSoPw_X7MTbZ0jc_644025_650537.wav,ohnonina_UCTV8tRgCLqflRddAFAOSoPw_X7MTbZ0jc,644025,650537,6512
ohnonina_UCTV8tRgCLqflRddAFAOSoPw_X7MTbZ0jc_650881_655033.wav,ohnonina_UCTV8tRgCLqflRddAFAOSoPw_X7MTbZ0jc,650881,655033,4152
ohnonina_UCTV8tRgCLqflRddAFAOSoPw_X7MTbZ0jc_655193_656041.wav,ohnonina_UCTV8tRgCLqflRddAFAOSoPw_X7MTbZ0jc,655193,656041,848
ohnonina_UCTV8tRgCLqflRddAFAOSoPw_X7MTbZ0jc_656201_657513.wav,ohnonina_UCTV8tRgCLqflRddAFAOSoPw_X7MTbZ0jc,656201,657513,1312
ohnonina_UCTV8tRgCLqflRddAFAOSoPw_X7MTbZ0jc_657825_659561.wav,ohnonina_UCTV8tRgCLqflRddAFAOSoPw_X7MTbZ0jc,657825,659561,1736
ohnonina_UCTV8tRgCLqflRddAFAOSoPw_X7MTbZ0jc_659681_661017.wav,ohnonina_UCTV8tRgCLqflRddAFAOSoPw_X7MTbZ0jc,659681,661017,1336
ohnonina_UCTV8tRgCLqflRddAFAOSoPw_X7MTbZ0jc_661217_668409.wav,ohnonina_UCTV8tRgCLqflRddAFAOSoPw_X7MTbZ0jc,661217,668409,7192
ohnonina_UCTV8tRgCLqflRddAFAOSoPw_X7MTbZ0jc_668513_669969.wav,ohnonina_UCTV8tRgCLqflRddAFAOSoPw_X7MTbZ0jc,668513,669969,1456
ohnonina_UCTV8tRgCLqflRddAFAOSoPw_X7MTbZ0jc_670113_674865.wav,ohnonina_UCTV8tRgCLqflRddAFAOSoPw_X7MTbZ0jc,670113,674865,4752
ohnonina_UCTV8tRgCLqflRddAFAOSoPw_X7MTbZ0jc_674977_678465.wav,ohnonina_UCTV8tRgCLqflRddAFAOSoPw_X7MTbZ0jc,674977,678465,3488
ohnonina_UCTV8tRgCLqflRddAFAOSoPw_X7MTbZ0jc_678569_681201.wav,ohnonina_UCTV8tRgCLqflRddAFAOSoPw_X7MTbZ0jc,678569,681201,2632
ohnonina_UCTV8tRgCLqflRddAFAOSoPw_X7MTbZ0jc_681553_682065.wav,ohnonina_UCTV8tRgCLqflRddAFAOSoPw_X7MTbZ0jc,681553,682065,512
ohnonina_UCTV8tRgCLqflRddAFAOSoPw_X7MTbZ0jc_682233_684689.wav,ohnonina_UCTV8tRgCLqflRddAFAOSoPw_X7MTbZ0jc,682233,684689,2456
ohnonina_UCTV8tRgCLqflRddAFAOSoPw_X7MTbZ0jc_684857_687345.wav,ohnonina_UCTV8tRgCLqflRddAFAOSoPw_X7MTbZ0jc,684857,687345,2488
ohnonina_UCTV8tRgCLqflRddAFAOSoPw_X7MTbZ0jc_687497_691653.wav,ohnonina_UCTV8tRgCLqflRddAFAOSoPw_X7MTbZ0jc,687497,691653,4156
ohnonina_UCTV8tRgCLqflRddAFAOSoPw_X7MTbZ0jc_691869_699889.wav,ohnonina_UCTV8tRgCLqflRddAFAOSoPw_X7MTbZ0jc,691869,699889,8020
ohnonina_UCTV8tRgCLqflRddAFAOSoPw_X7MTbZ0jc_700041_704817.wav,ohnonina_UCTV8tRgCLqflRddAFAOSoPw_X7MTbZ0jc,700041,704817,4776
ohnonina_UCTV8tRgCLqflRddAFAOSoPw_X7MTbZ0jc_704961_712885.wav,ohnonina_UCTV8tRgCLqflRddAFAOSoPw_X7MTbZ0jc,704961,712885,7924
ohnonina_UCTV8tRgCLqflRddAFAOSoPw_X7MTbZ0jc_713421_722473.wav,ohnonina_UCTV8tRgCLqflRddAFAOSoPw_X7MTbZ0jc,713421,722473,9052
ohnonina_UCTV8tRgCLqflRddAFAOSoPw_X7MTbZ0jc_722601_726193.wav,ohnonina_UCTV8tRgCLqflRddAFAOSoPw_X7MTbZ0jc,722601,726193,3592
ohnonina_UCTV8tRgCLqflRddAFAOSoPw_X7MTbZ0jc_726345_734017.wav,ohnonina_UCTV8tRgCLqflRddAFAOSoPw_X7MTbZ0jc,726345,734017,7672
ohnonina_UCTV8tRgCLqflRddAFAOSoPw_X7MTbZ0jc_734385_737817.wav,ohnonina_UCTV8tRgCLqflRddAFAOSoPw_X7MTbZ0jc,734385,737817,3432
ohnonina_UCTV8tRgCLqflRddAFAOSoPw_X7MTbZ0jc_737953_745097.wav,ohnonina_UCTV8tRgCLqflRddAFAOSoPw_X7MTbZ0jc,737953,745097,7144
ohnonina_UCTV8tRgCLqflRddAFAOSoPw_X7MTbZ0jc_745249_746881.wav,ohnonina_UCTV8tRgCLqflRddAFAOSoPw_X7MTbZ0jc,745249,746881,1632
ohnonina_UCTV8tRgCLqflRddAFAOSoPw_X7MTbZ0jc_747201_756625.wav,ohnonina_UCTV8tRgCLqflRddAFAOSoPw_X7MTbZ0jc,747201,756625,9424
ohnonina_UCTV8tRgCLqflRddAFAOSoPw_X7MTbZ0jc_756777_758777.wav,ohnonina_UCTV8tRgCLqflRddAFAOSoPw_X7MTbZ0jc,756777,758777,2000
ohnonina_UCTV8tRgCLqflRddAFAOSoPw_X7MTbZ0jc_758945_761629.wav,ohnonina_UCTV8tRgCLqflRddAFAOSoPw_X7MTbZ0jc,758945,761629,2684
ohnonina_UCTV8tRgCLqflRddAFAOSoPw_X7MTbZ0jc_761901_770777.wav,ohnonina_UCTV8tRgCLqflRddAFAOSoPw_X7MTbZ0jc,761901,770777,8876
ohnonina_UCTV8tRgCLqflRddAFAOSoPw_X7MTbZ0jc_770905_773970.wav,ohnonina_UCTV8tRgCLqflRddAFAOSoPw_X7MTbZ0jc,770905,773970,3065
ohnonina_UCTV8tRgCLqflRddAFAOSoPw_X7MTbZ0jc_774234_781291.wav,ohnonina_UCTV8tRgCLqflRddAFAOSoPw_X7MTbZ0jc,774234,781291,7057
ohnonina_UCTV8tRgCLqflRddAFAOSoPw_X7MTbZ0jc_781491_785555.wav,ohnonina_UCTV8tRgCLqflRddAFAOSoPw_X7MTbZ0jc,781491,785555,4064
ohnonina_UCTV8tRgCLqflRddAFAOSoPw_X7MTbZ0jc_785755_793093.wav,ohnonina_UCTV8tRgCLqflRddAFAOSoPw_X7MTbZ0jc,785755,793093,7338
ohnonina_UCTV8tRgCLqflRddAFAOSoPw_X7MTbZ0jc_793301_793405.wav,ohnonina_UCTV8tRgCLqflRddAFAOSoPw_X7MTbZ0jc,793301,793405,104
ohnonina_UCTV8tRgCLqflRddAFAOSoPw_X7MTbZ0jc_793637_797457.wav,ohnonina_UCTV8tRgCLqflRddAFAOSoPw_X7MTbZ0jc,793637,797457,3820
ohnonina_UCTV8tRgCLqflRddAFAOSoPw_X7MTbZ0jc_797609_802481.wav,ohnonina_UCTV8tRgCLqflRddAFAOSoPw_X7MTbZ0jc,797609,802481,4872
ohnonina_UCTV8tRgCLqflRddAFAOSoPw_X7MTbZ0jc_802625_810665.wav,ohnonina_UCTV8tRgCLqflRddAFAOSoPw_X7MTbZ0jc,802625,810665,8040
ohnonina_UCTV8tRgCLqflRddAFAOSoPw_X7MTbZ0jc_811033_819169.wav,ohnonina_UCTV8tRgCLqflRddAFAOSoPw_X7MTbZ0jc,811033,819169,8136
ohnonina_UCTV8tRgCLqflRddAFAOSoPw_X7MTbZ0jc_819537_822465.wav,ohnonina_UCTV8tRgCLqflRddAFAOSoPw_X7MTbZ0jc,819537,822465,2928
ohnonina_UCTV8tRgCLqflRddAFAOSoPw_X7MTbZ0jc_825225_826593.wav,ohnonina_UCTV8tRgCLqflRddAFAOSoPw_X7MTbZ0jc,825225,826593,1368
ohnonina_UCTV8tRgCLqflRddAFAOSoPw_X7MTbZ0jc_826785_835633.wav,ohnonina_UCTV8tRgCLqflRddAFAOSoPw_X7MTbZ0jc,826785,835633,8848
ohnonina_UCTV8tRgCLqflRddAFAOSoPw_X7MTbZ0jc_835833_837329.wav,ohnonina_UCTV8tRgCLqflRddAFAOSoPw_X7MTbZ0jc,835833,837329,1496
ohnonina_UCTV8tRgCLqflRddAFAOSoPw_X7MTbZ0jc_837497_847081.wav,ohnonina_UCTV8tRgCLqflRddAFAOSoPw_X7MTbZ0jc,837497,847081,9584
ohnonina_UCTV8tRgCLqflRddAFAOSoPw_X7MTbZ0jc_847305_854717.wav,ohnonina_UCTV8tRgCLqflRddAFAOSoPw_X7MTbZ0jc,847305,854717,7412
ohnonina_UCTV8tRgCLqflRddAFAOSoPw_X7MTbZ0jc_854917_857657.wav,ohnonina_UCTV8tRgCLqflRddAFAOSoPw_X7MTbZ0jc,854917,857657,2740
ohnonina_UCTV8tRgCLqflRddAFAOSoPw_X7MTbZ0jc_858865_867041.wav,ohnonina_UCTV8tRgCLqflRddAFAOSoPw_X7MTbZ0jc,858865,867041,8176
ohnonina_UCTV8tRgCLqflRddAFAOSoPw_X7MTbZ0jc_867537_869737.wav,ohnonina_UCTV8tRgCLqflRddAFAOSoPw_X7MTbZ0jc,867537,869737,2200
ohnonina_UCTV8tRgCLqflRddAFAOSoPw_X7MTbZ0jc_870001_875777.wav,ohnonina_UCTV8tRgCLqflRddAFAOSoPw_X7MTbZ0jc,870001,875777,5776
ohnonina_UCTV8tRgCLqflRddAFAOSoPw_X7MTbZ0jc_876201_877345.wav,ohnonina_UCTV8tRgCLqflRddAFAOSoPw_X7MTbZ0jc,876201,877345,1144
ohnonina_UCTV8tRgCLqflRddAFAOSoPw_X7MTbZ0jc_877969_881833.wav,ohnonina_UCTV8tRgCLqflRddAFAOSoPw_X7MTbZ0jc,877969,881833,3864
ohnonina_UCTV8tRgCLqflRddAFAOSoPw_X7MTbZ0jc_882105_885889.wav,ohnonina_UCTV8tRgCLqflRddAFAOSoPw_X7MTbZ0jc,882105,885889,3784
ohnonina_UCTV8tRgCLqflRddAFAOSoPw_X7MTbZ0jc_887585_887809.wav,ohnonina_UCTV8tRgCLqflRddAFAOSoPw_X7MTbZ0jc,887585,887809,224
ohnonina_UCTV8tRgCLqflRddAFAOSoPw_X7MTbZ0jc_889881_890385.wav,ohnonina_UCTV8tRgCLqflRddAFAOSoPw_X7MTbZ0jc,889881,890385,504
ohnonina_UCTV8tRgCLqflRddAFAOSoPw_X7MTbZ0jc_890505_896729.wav,ohnonina_UCTV8tRgCLqflRddAFAOSoPw_X7MTbZ0jc,890505,896729,6224
ohnonina_UCTV8tRgCLqflRddAFAOSoPw_X7MTbZ0jc_896833_900393.wav,ohnonina_UCTV8tRgCLqflRddAFAOSoPw_X7MTbZ0jc,896833,900393,3560
ohnonina_UCTV8tRgCLqflRddAFAOSoPw_X7MTbZ0jc_900729_909521.wav,ohnonina_UCTV8tRgCLqflRddAFAOSoPw_X7MTbZ0jc,900729,909521,8792
ohnonina_UCTV8tRgCLqflRddAFAOSoPw_X7MTbZ0jc_909809_915281.wav,ohnonina_UCTV8tRgCLqflRddAFAOSoPw_X7MTbZ0jc,909809,915281,5472
ohnonina_UCTV8tRgCLqflRddAFAOSoPw_X7MTbZ0jc_915513_923353.wav,ohnonina_UCTV8tRgCLqflRddAFAOSoPw_X7MTbZ0jc,915513,923353,7840
ohnonina_UCTV8tRgCLqflRddAFAOSoPw_X7MTbZ0jc_924057_925969.wav,ohnonina_UCTV8tRgCLqflRddAFAOSoPw_X7MTbZ0jc,924057,925969,1912
ohnonina_UCTV8tRgCLqflRddAFAOSoPw_X7MTbZ0jc_926697_929065.wav,ohnonina_UCTV8tRgCLqflRddAFAOSoPw_X7MTbZ0jc,926697,929065,2368
ohnonina_UCTV8tRgCLqflRddAFAOSoPw_X7MTbZ0jc_929753_930809.wav,ohnonina_UCTV8tRgCLqflRddAFAOSoPw_X7MTbZ0jc,929753,930809,1056
ohnonina_UCTV8tRgCLqflRddAFAOSoPw_X7MTbZ0jc_932913_934145.wav,ohnonina_UCTV8tRgCLqflRddAFAOSoPw_X7MTbZ0jc,932913,934145,1232
ohnonina_UCTV8tRgCLqflRddAFAOSoPw_X7MTbZ0jc_934449_936545.wav,ohnonina_UCTV8tRgCLqflRddAFAOSoPw_X7MTbZ0jc,934449,936545,2096
ohnonina_UCTV8tRgCLqflRddAFAOSoPw_X7MTbZ0jc_936825_938873.wav,ohnonina_UCTV8tRgCLqflRddAFAOSoPw_X7MTbZ0jc,936825,938873,2048
ohnonina_UCTV8tRgCLqflRddAFAOSoPw_X7MTbZ0jc_939009_941185.wav,ohnonina_UCTV8tRgCLqflRddAFAOSoPw_X7MTbZ0jc,939009,941185,2176
ohnonina_UCTV8tRgCLqflRddAFAOSoPw_X7MTbZ0jc_941289_941889.wav,ohnonina_UCTV8tRgCLqflRddAFAOSoPw_X7MTbZ0jc,941289,941889,600
ohnonina_UCTV8tRgCLqflRddAFAOSoPw_X7MTbZ0jc_942041_944097.wav,ohnonina_UCTV8tRgCLqflRddAFAOSoPw_X7MTbZ0jc,942041,944097,2056
ohnonina_UCTV8tRgCLqflRddAFAOSoPw_X7MTbZ0jc_944305_946257.wav,ohnonina_UCTV8tRgCLqflRddAFAOSoPw_X7MTbZ0jc,944305,946257,1952
ohnonina_UCTV8tRgCLqflRddAFAOSoPw_X7MTbZ0jc_946641_954961.wav,ohnonina_UCTV8tRgCLqflRddAFAOSoPw_X7MTbZ0jc,946641,954961,8320
ohnonina_UCTV8tRgCLqflRddAFAOSoPw_X7MTbZ0jc_955349_957629.wav,ohnonina_UCTV8tRgCLqflRddAFAOSoPw_X7MTbZ0jc,955349,957629,2280
ohnonina_UCTV8tRgCLqflRddAFAOSoPw_X7MTbZ0jc_957789_962229.wav,ohnonina_UCTV8tRgCLqflRddAFAOSoPw_X7MTbZ0jc,957789,962229,4440
ohnonina_UCTV8tRgCLqflRddAFAOSoPw_X7MTbZ0jc_962381_965665.wav,ohnonina_UCTV8tRgCLqflRddAFAOSoPw_X7MTbZ0jc,962381,965665,3284
ohnonina_UCTV8tRgCLqflRddAFAOSoPw_X7MTbZ0jc_965929_968849.wav,ohnonina_UCTV8tRgCLqflRddAFAOSoPw_X7MTbZ0jc,965929,968849,2920
ohnonina_UCTV8tRgCLqflRddAFAOSoPw_X7MTbZ0jc_968953_969073.wav,ohnonina_UCTV8tRgCLqflRddAFAOSoPw_X7MTbZ0jc,968953,969073,120
ohnonina_UCTV8tRgCLqflRddAFAOSoPw_X7MTbZ0jc_969233_969577.wav,ohnonina_UCTV8tRgCLqflRddAFAOSoPw_X7MTbZ0jc,969233,969577,344
ohnonina_UCTV8tRgCLqflRddAFAOSoPw_X7MTbZ0jc_969737_975633.wav,ohnonina_UCTV8tRgCLqflRddAFAOSoPw_X7MTbZ0jc,969737,975633,5896
ohnonina_UCTV8tRgCLqflRddAFAOSoPw_X7MTbZ0jc_975793_982769.wav,ohnonina_UCTV8tRgCLqflRddAFAOSoPw_X7MTbZ0jc,975793,982769,6976
ohnonina_UCTV8tRgCLqflRddAFAOSoPw_X7MTbZ0jc_982921_989985.wav,ohnonina_UCTV8tRgCLqflRddAFAOSoPw_X7MTbZ0jc,982921,989985,7064
ohnonina_UCTV8tRgCLqflRddAFAOSoPw_X7MTbZ0jc_990137_992025.wav,ohnonina_UCTV8tRgCLqflRddAFAOSoPw_X7MTbZ0jc,990137,992025,1888
ohnonina_UCTV8tRgCLqflRddAFAOSoPw_X7MTbZ0jc_992161_992529.wav,ohnonina_UCTV8tRgCLqflRddAFAOSoPw_X7MTbZ0jc,992161,992529,368
ohnonina_UCTV8tRgCLqflRddAFAOSoPw_X7MTbZ0jc_992937_996873.wav,ohnonina_UCTV8tRgCLqflRddAFAOSoPw_X7MTbZ0jc,992937,996873,3936
ohnonina_UCTV8tRgCLqflRddAFAOSoPw_X7MTbZ0jc_997153_998777.wav,ohnonina_UCTV8tRgCLqflRddAFAOSoPw_X7MTbZ0jc,997153,998777,1624
ohnonina_UCTV8tRgCLqflRddAFAOSoPw_X7MTbZ0jc_999409_1002697.wav,ohnonina_UCTV8tRgCLqflRddAFAOSoPw_X7MTbZ0jc,999409,1002697,3288
ohnonina_UCTV8tRgCLqflRddAFAOSoPw_X7MTbZ0jc_1003761_1005553.wav,ohnonina_UCTV8tRgCLqflRddAFAOSoPw_X7MTbZ0jc,1003761,1005553,1792
ohnonina_UCTV8tRgCLqflRddAFAOSoPw_X7MTbZ0jc_1006385_1009329.wav,ohnonina_UCTV8tRgCLqflRddAFAOSoPw_X7MTbZ0jc,1006385,1009329,2944
ohnonina_UCTV8tRgCLqflRddAFAOSoPw_X7MTbZ0jc_1014593_1015377.wav,ohnonina_UCTV8tRgCLqflRddAFAOSoPw_X7MTbZ0jc,1014593,1015377,784
ohnonina_UCTV8tRgCLqflRddAFAOSoPw_X7MTbZ0jc_1016017_1017561.wav,ohnonina_UCTV8tRgCLqflRddAFAOSoPw_X7MTbZ0jc,1016017,1017561,1544
ohnonina_UCTV8tRgCLqflRddAFAOSoPw_X7MTbZ0jc_1018617_1020721.wav,ohnonina_UCTV8tRgCLqflRddAFAOSoPw_X7MTbZ0jc,1018617,1020721,2104
ohnonina_UCTV8tRgCLqflRddAFAOSoPw_X7MTbZ0jc_1020993_1030697.wav,ohnonina_UCTV8tRgCLqflRddAFAOSoPw_X7MTbZ0jc,1020993,1030697,9704
ohnonina_UCTV8tRgCLqflRddAFAOSoPw_X7MTbZ0jc_1031017_1037873.wav,ohnonina_UCTV8tRgCLqflRddAFAOSoPw_X7MTbZ0jc,1031017,1037873,6856
ohnonina_UCTV8tRgCLqflRddAFAOSoPw_X7MTbZ0jc_1038137_1039329.wav,ohnonina_UCTV8tRgCLqflRddAFAOSoPw_X7MTbZ0jc,1038137,1039329,1192
ohnonina_UCTV8tRgCLqflRddAFAOSoPw_X7MTbZ0jc_1039537_1047585.wav,ohnonina_UCTV8tRgCLqflRddAFAOSoPw_X7MTbZ0jc,1039537,1047585,8048
ohnonina_UCTV8tRgCLqflRddAFAOSoPw_X7MTbZ0jc_1047721_1049401.wav,ohnonina_UCTV8tRgCLqflRddAFAOSoPw_X7MTbZ0jc,1047721,1049401,1680
ohnonina_UCTV8tRgCLqflRddAFAOSoPw_X7MTbZ0jc_1049513_1050297.wav,ohnonina_UCTV8tRgCLqflRddAFAOSoPw_X7MTbZ0jc,1049513,1050297,784
ohnonina_UCTV8tRgCLqflRddAFAOSoPw_X7MTbZ0jc_1050793_1051473.wav,ohnonina_UCTV8tRgCLqflRddAFAOSoPw_X7MTbZ0jc,1050793,1051473,680
ohnonina_UCTV8tRgCLqflRddAFAOSoPw_X7MTbZ0jc_1051769_1053889.wav,ohnonina_UCTV8tRgCLqflRddAFAOSoPw_X7MTbZ0jc,1051769,1053889,2120
ohnonina_UCTV8tRgCLqflRddAFAOSoPw_X7MTbZ0jc_1056777_1057305.wav,ohnonina_UCTV8tRgCLqflRddAFAOSoPw_X7MTbZ0jc,1056777,1057305,528
ohnonina_UCTV8tRgCLqflRddAFAOSoPw_X7MTbZ0jc_1057873_1062489.wav,ohnonina_UCTV8tRgCLqflRddAFAOSoPw_X7MTbZ0jc,1057873,1062489,4616
ohnonina_UCTV8tRgCLqflRddAFAOSoPw_X7MTbZ0jc_1062889_1063673.wav,ohnonina_UCTV8tRgCLqflRddAFAOSoPw_X7MTbZ0jc,1062889,1063673,784
ohnonina_UCTV8tRgCLqflRddAFAOSoPw_X7MTbZ0jc_1064233_1065033.wav,ohnonina_UCTV8tRgCLqflRddAFAOSoPw_X7MTbZ0jc,1064233,1065033,800
ohnonina_UCTV8tRgCLqflRddAFAOSoPw_X7MTbZ0jc_1065409_1066569.wav,ohnonina_UCTV8tRgCLqflRddAFAOSoPw_X7MTbZ0jc,1065409,1066569,1160
ohnonina_UCTV8tRgCLqflRddAFAOSoPw_X7MTbZ0jc_1066881_1067473.wav,ohnonina_UCTV8tRgCLqflRddAFAOSoPw_X7MTbZ0jc,1066881,1067473,592
ohnonina_UCTV8tRgCLqflRddAFAOSoPw_X7MTbZ0jc_1067769_1071953.wav,ohnonina_UCTV8tRgCLqflRddAFAOSoPw_X7MTbZ0jc,1067769,1071953,4184
ohnonina_UCTV8tRgCLqflRddAFAOSoPw_X7MTbZ0jc_1072241_1075113.wav,ohnonina_UCTV8tRgCLqflRddAFAOSoPw_X7MTbZ0jc,1072241,1075113,2872
ohnonina_UCTV8tRgCLqflRddAFAOSoPw_X7MTbZ0jc_1075393_1077177.wav,ohnonina_UCTV8tRgCLqflRddAFAOSoPw_X7MTbZ0jc,1075393,1077177,1784
ohnonina_UCTV8tRgCLqflRddAFAOSoPw_X7MTbZ0jc_1077497_1079009.wav,ohnonina_UCTV8tRgCLqflRddAFAOSoPw_X7MTbZ0jc,1077497,1079009,1512
ohnonina_UCTV8tRgCLqflRddAFAOSoPw_X7MTbZ0jc_1079425_1080257.wav,ohnonina_UCTV8tRgCLqflRddAFAOSoPw_X7MTbZ0jc,1079425,1080257,832
ohnonina_UCTV8tRgCLqflRddAFAOSoPw_X7MTbZ0jc_1080545_1088089.wav,ohnonina_UCTV8tRgCLqflRddAFAOSoPw_X7MTbZ0jc,1080545,1088089,7544
ohnonina_UCTV8tRgCLqflRddAFAOSoPw_X7MTbZ0jc_1088553_1096225.wav,ohnonina_UCTV8tRgCLqflRddAFAOSoPw_X7MTbZ0jc,1088553,1096225,7672
ohnonina_UCTV8tRgCLqflRddAFAOSoPw_X7MTbZ0jc_1096817_1102053.wav,ohnonina_UCTV8tRgCLqflRddAFAOSoPw_X7MTbZ0jc,1096817,1102053,5236
ohnonina_UCTV8tRgCLqflRddAFAOSoPw_X7MTbZ0jc_1102181_1109393.wav,ohnonina_UCTV8tRgCLqflRddAFAOSoPw_X7MTbZ0jc,1102181,1109393,7212
ohnonina_UCTV8tRgCLqflRddAFAOSoPw_X7MTbZ0jc_1109769_1110077.wav,ohnonina_UCTV8tRgCLqflRddAFAOSoPw_X7MTbZ0jc,1109769,1110077,308
ohnonina_UCTV8tRgCLqflRddAFAOSoPw_X7MTbZ0jc_1110229_1117981.wav,ohnonina_UCTV8tRgCLqflRddAFAOSoPw_X7MTbZ0jc,1110229,1117981,7752
ohnonina_UCTV8tRgCLqflRddAFAOSoPw_X7MTbZ0jc_1118101_1118449.wav,ohnonina_UCTV8tRgCLqflRddAFAOSoPw_X7MTbZ0jc,1118101,1118449,348
ohnonina_UCTV8tRgCLqflRddAFAOSoPw_X7MTbZ0jc_1118641_1128533.wav,ohnonina_UCTV8tRgCLqflRddAFAOSoPw_X7MTbZ0jc,1118641,1128533,9892
ohnonina_UCTV8tRgCLqflRddAFAOSoPw_X7MTbZ0jc_1128637_1130065.wav,ohnonina_UCTV8tRgCLqflRddAFAOSoPw_X7MTbZ0jc,1128637,1130065,1428
ohnonina_UCTV8tRgCLqflRddAFAOSoPw_X7MTbZ0jc_1130361_1133985.wav,ohnonina_UCTV8tRgCLqflRddAFAOSoPw_X7MTbZ0jc,1130361,1133985,3624
ohnonina_UCTV8tRgCLqflRddAFAOSoPw_X7MTbZ0jc_1134097_1135137.wav,ohnonina_UCTV8tRgCLqflRddAFAOSoPw_X7MTbZ0jc,1134097,1135137,1040
ohnonina_UCTV8tRgCLqflRddAFAOSoPw_X7MTbZ0jc_1135241_1141361.wav,ohnonina_UCTV8tRgCLqflRddAFAOSoPw_X7MTbZ0jc,1135241,1141361,6120
ohnonina_UCTV8tRgCLqflRddAFAOSoPw_X7MTbZ0jc_1141657_1144277.wav,ohnonina_UCTV8tRgCLqflRddAFAOSoPw_X7MTbZ0jc,1141657,1144277,2620
ohnonina_UCTV8tRgCLqflRddAFAOSoPw_X7MTbZ0jc_1144477_1152109.wav,ohnonina_UCTV8tRgCLqflRddAFAOSoPw_X7MTbZ0jc,1144477,1152109,7632
ohnonina_UCTV8tRgCLqflRddAFAOSoPw_X7MTbZ0jc_1152317_1154517.wav,ohnonina_UCTV8tRgCLqflRddAFAOSoPw_X7MTbZ0jc,1152317,1154517,2200
ohnonina_UCTV8tRgCLqflRddAFAOSoPw_X7MTbZ0jc_1154693_1157481.wav,ohnonina_UCTV8tRgCLqflRddAFAOSoPw_X7MTbZ0jc,1154693,1157481,2788
ohnonina_UCTV8tRgCLqflRddAFAOSoPw_X7MTbZ0jc_1157681_1160505.wav,ohnonina_UCTV8tRgCLqflRddAFAOSoPw_X7MTbZ0jc,1157681,1160505,2824
ohnonina_UCTV8tRgCLqflRddAFAOSoPw_X7MTbZ0jc_1160793_1165397.wav,ohnonina_UCTV8tRgCLqflRddAFAOSoPw_X7MTbZ0jc,1160793,1165397,4604
ohnonina_UCTV8tRgCLqflRddAFAOSoPw_X7MTbZ0jc_1165629_1171757.wav,ohnonina_UCTV8tRgCLqflRddAFAOSoPw_X7MTbZ0jc,1165629,1171757,6128
ohnonina_UCTV8tRgCLqflRddAFAOSoPw_X7MTbZ0jc_1171941_1176329.wav,ohnonina_UCTV8tRgCLqflRddAFAOSoPw_X7MTbZ0jc,1171941,1176329,4388
ohnonina_UCTV8tRgCLqflRddAFAOSoPw_X7MTbZ0jc_1176609_1181155.wav,ohnonina_UCTV8tRgCLqflRddAFAOSoPw_X7MTbZ0jc,1176609,1181155,4546
ohnonina_UCTV8tRgCLqflRddAFAOSoPw_X7MTbZ0jc_1181379_1188053.wav,ohnonina_UCTV8tRgCLqflRddAFAOSoPw_X7MTbZ0jc,1181379,1188053,6674
ohnonina_UCTV8tRgCLqflRddAFAOSoPw_X7MTbZ0jc_1188253_1195081.wav,ohnonina_UCTV8tRgCLqflRddAFAOSoPw_X7MTbZ0jc,1188253,1195081,6828
ohnonina_UCTV8tRgCLqflRddAFAOSoPw_X7MTbZ0jc_1195257_1198849.wav,ohnonina_UCTV8tRgCLqflRddAFAOSoPw_X7MTbZ0jc,1195257,1198849,3592
ohnonina_UCTV8tRgCLqflRddAFAOSoPw_X7MTbZ0jc_1199001_1204765.wav,ohnonina_UCTV8tRgCLqflRddAFAOSoPw_X7MTbZ0jc,1199001,1204765,5764
ohnonina_UCTV8tRgCLqflRddAFAOSoPw_X7MTbZ0jc_1204997_1205681.wav,ohnonina_UCTV8tRgCLqflRddAFAOSoPw_X7MTbZ0jc,1204997,1205681,684
ohnonina_UCTV8tRgCLqflRddAFAOSoPw_X7MTbZ0jc_1205873_1213131.wav,ohnonina_UCTV8tRgCLqflRddAFAOSoPw_X7MTbZ0jc,1205873,1213131,7258
ohnonina_UCTV8tRgCLqflRddAFAOSoPw_X7MTbZ0jc_1213427_1219293.wav,ohnonina_UCTV8tRgCLqflRddAFAOSoPw_X7MTbZ0jc,1213427,1219293,5866
ohnonina_UCTV8tRgCLqflRddAFAOSoPw_X7MTbZ0jc_1219477_1225633.wav,ohnonina_UCTV8tRgCLqflRddAFAOSoPw_X7MTbZ0jc,1219477,1225633,6156
ohnonina_UCTV8tRgCLqflRddAFAOSoPw_X7MTbZ0jc_1225841_1231227.wav,ohnonina_UCTV8tRgCLqflRddAFAOSoPw_X7MTbZ0jc,1225841,1231227,5386
ohnonina_UCTV8tRgCLqflRddAFAOSoPw_X7MTbZ0jc_1231539_1236253.wav,ohnonina_UCTV8tRgCLqflRddAFAOSoPw_X7MTbZ0jc,1231539,1236253,4714
ohnonina_UCTV8tRgCLqflRddAFAOSoPw_X7MTbZ0jc_1236365_1238521.wav,ohnonina_UCTV8tRgCLqflRddAFAOSoPw_X7MTbZ0jc,1236365,1238521,2156
ohnonina_UCTV8tRgCLqflRddAFAOSoPw_X7MTbZ0jc_1238977_1244733.wav,ohnonina_UCTV8tRgCLqflRddAFAOSoPw_X7MTbZ0jc,1238977,1244733,5756
ohnonina_UCTV8tRgCLqflRddAFAOSoPw_X7MTbZ0jc_1244869_1250077.wav,ohnonina_UCTV8tRgCLqflRddAFAOSoPw_X7MTbZ0jc,1244869,1250077,5208
ohnonina_UCTV8tRgCLqflRddAFAOSoPw_X7MTbZ0jc_1250189_1252741.wav,ohnonina_UCTV8tRgCLqflRddAFAOSoPw_X7MTbZ0jc,1250189,1252741,2552
ohnonina_UCTV8tRgCLqflRddAFAOSoPw_X7MTbZ0jc_1252885_1253013.wav,ohnonina_UCTV8tRgCLqflRddAFAOSoPw_X7MTbZ0jc,1252885,1253013,128
ohnonina_UCTV8tRgCLqflRddAFAOSoPw_X7MTbZ0jc_1253213_1255485.wav,ohnonina_UCTV8tRgCLqflRddAFAOSoPw_X7MTbZ0jc,1253213,1255485,2272
ohnonina_UCTV8tRgCLqflRddAFAOSoPw_X7MTbZ0jc_1255877_1263405.wav,ohnonina_UCTV8tRgCLqflRddAFAOSoPw_X7MTbZ0jc,1255877,1263405,7528
ohnonina_UCTV8tRgCLqflRddAFAOSoPw_X7MTbZ0jc_1263853_1273053.wav,ohnonina_UCTV8tRgCLqflRddAFAOSoPw_X7MTbZ0jc,1263853,1273053,9200
ohnonina_UCTV8tRgCLqflRddAFAOSoPw_X7MTbZ0jc_1273357_1282845.wav,ohnonina_UCTV8tRgCLqflRddAFAOSoPw_X7MTbZ0jc,1273357,1282845,9488
ohnonina_UCTV8tRgCLqflRddAFAOSoPw_X7MTbZ0jc_1283077_1284957.wav,ohnonina_UCTV8tRgCLqflRddAFAOSoPw_X7MTbZ0jc,1283077,1284957,1880
ohnonina_UCTV8tRgCLqflRddAFAOSoPw_X7MTbZ0jc_1285069_1289545.wav,ohnonina_UCTV8tRgCLqflRddAFAOSoPw_X7MTbZ0jc,1285069,1289545,4476
ohnonina_UCTV8tRgCLqflRddAFAOSoPw_X7MTbZ0jc_1290105_1290897.wav,ohnonina_UCTV8tRgCLqflRddAFAOSoPw_X7MTbZ0jc,1290105,1290897,792
ohnonina_UCTV8tRgCLqflRddAFAOSoPw_X7MTbZ0jc_1291073_1298873.wav,ohnonina_UCTV8tRgCLqflRddAFAOSoPw_X7MTbZ0jc,1291073,1298873,7800
ohnonina_UCTV8tRgCLqflRddAFAOSoPw_X7MTbZ0jc_1299057_1302281.wav,ohnonina_UCTV8tRgCLqflRddAFAOSoPw_X7MTbZ0jc,1299057,1302281,3224
ohnonina_UCTV8tRgCLqflRddAFAOSoPw_X7MTbZ0jc_1302425_1306945.wav,ohnonina_UCTV8tRgCLqflRddAFAOSoPw_X7MTbZ0jc,1302425,1306945,4520
ohnonina_UCTV8tRgCLqflRddAFAOSoPw_X7MTbZ0jc_1307065_1309281.wav,ohnonina_UCTV8tRgCLqflRddAFAOSoPw_X7MTbZ0jc,1307065,1309281,2216
ohnonina_UCTV8tRgCLqflRddAFAOSoPw_X7MTbZ0jc_1309417_1311337.wav,ohnonina_UCTV8tRgCLqflRddAFAOSoPw_X7MTbZ0jc,1309417,1311337,1920
ohnonina_UCTV8tRgCLqflRddAFAOSoPw_X7MTbZ0jc_1311537_1317065.wav,ohnonina_UCTV8tRgCLqflRddAFAOSoPw_X7MTbZ0jc,1311537,1317065,5528
ohnonina_UCTV8tRgCLqflRddAFAOSoPw_X7MTbZ0jc_1317169_1322515.wav,ohnonina_UCTV8tRgCLqflRddAFAOSoPw_X7MTbZ0jc,1317169,1322515,5346
ohnonina_UCTV8tRgCLqflRddAFAOSoPw_X7MTbZ0jc_1322715_1328485.wav,ohnonina_UCTV8tRgCLqflRddAFAOSoPw_X7MTbZ0jc,1322715,1328485,5770
ohnonina_UCTV8tRgCLqflRddAFAOSoPw_X7MTbZ0jc_1328637_1334001.wav,ohnonina_UCTV8tRgCLqflRddAFAOSoPw_X7MTbZ0jc,1328637,1334001,5364
ohnonina_UCTV8tRgCLqflRddAFAOSoPw_X7MTbZ0jc_1334345_1337049.wav,ohnonina_UCTV8tRgCLqflRddAFAOSoPw_X7MTbZ0jc,1334345,1337049,2704
ohnonina_UCTV8tRgCLqflRddAFAOSoPw_X7MTbZ0jc_1337185_1337561.wav,ohnonina_UCTV8tRgCLqflRddAFAOSoPw_X7MTbZ0jc,1337185,1337561,376
ohnonina_UCTV8tRgCLqflRddAFAOSoPw_X7MTbZ0jc_1337721_1338113.wav,ohnonina_UCTV8tRgCLqflRddAFAOSoPw_X7MTbZ0jc,1337721,1338113,392
ohnonina_UCTV8tRgCLqflRddAFAOSoPw_X7MTbZ0jc_1338249_1340513.wav,ohnonina_UCTV8tRgCLqflRddAFAOSoPw_X7MTbZ0jc,1338249,1340513,2264
ohnonina_UCTV8tRgCLqflRddAFAOSoPw_X7MTbZ0jc_1340681_1345105.wav,ohnonina_UCTV8tRgCLqflRddAFAOSoPw_X7MTbZ0jc,1340681,1345105,4424
ohnonina_UCTV8tRgCLqflRddAFAOSoPw_X7MTbZ0jc_1345305_1347537.wav,ohnonina_UCTV8tRgCLqflRddAFAOSoPw_X7MTbZ0jc,1345305,1347537,2232
ohnonina_UCTV8tRgCLqflRddAFAOSoPw_X7MTbZ0jc_1347761_1356233.wav,ohnonina_UCTV8tRgCLqflRddAFAOSoPw_X7MTbZ0jc,1347761,1356233,8472
ohnonina_UCTV8tRgCLqflRddAFAOSoPw_X7MTbZ0jc_1356417_1357897.wav,ohnonina_UCTV8tRgCLqflRddAFAOSoPw_X7MTbZ0jc,1356417,1357897,1480
ohnonina_UCTV8tRgCLqflRddAFAOSoPw_X7MTbZ0jc_1358281_1362417.wav,ohnonina_UCTV8tRgCLqflRddAFAOSoPw_X7MTbZ0jc,1358281,1362417,4136
ohnonina_UCTV8tRgCLqflRddAFAOSoPw_X7MTbZ0jc_1362681_1369977.wav,ohnonina_UCTV8tRgCLqflRddAFAOSoPw_X7MTbZ0jc,1362681,1369977,7296
ohnonina_UCTV8tRgCLqflRddAFAOSoPw_X7MTbZ0jc_1370161_1371689.wav,ohnonina_UCTV8tRgCLqflRddAFAOSoPw_X7MTbZ0jc,1370161,1371689,1528
ohnonina_UCTV8tRgCLqflRddAFAOSoPw_X7MTbZ0jc_1371913_1373257.wav,ohnonina_UCTV8tRgCLqflRddAFAOSoPw_X7MTbZ0jc,1371913,1373257,1344
ohnonina_UCTV8tRgCLqflRddAFAOSoPw_X7MTbZ0jc_1373385_1374961.wav,ohnonina_UCTV8tRgCLqflRddAFAOSoPw_X7MTbZ0jc,1373385,1374961,1576
ohnonina_UCTV8tRgCLqflRddAFAOSoPw_X7MTbZ0jc_1375145_1382577.wav,ohnonina_UCTV8tRgCLqflRddAFAOSoPw_X7MTbZ0jc,1375145,1382577,7432
ohnonina_UCTV8tRgCLqflRddAFAOSoPw_X7MTbZ0jc_1382769_1383269.wav,ohnonina_UCTV8tRgCLqflRddAFAOSoPw_X7MTbZ0jc,1382769,1383269,500
ohnonina_UCTV8tRgCLqflRddAFAOSoPw_X7MTbZ0jc_1383429_1390230.wav,ohnonina_UCTV8tRgCLqflRddAFAOSoPw_X7MTbZ0jc,1383429,1390230,6801
ohnonina_UCTV8tRgCLqflRddAFAOSoPw_X7MTbZ0jc_1390502_1395511.wav,ohnonina_UCTV8tRgCLqflRddAFAOSoPw_X7MTbZ0jc,1390502,1395511,5009
ohnonina_UCTV8tRgCLqflRddAFAOSoPw_X7MTbZ0jc_1395943_1397273.wav,ohnonina_UCTV8tRgCLqflRddAFAOSoPw_X7MTbZ0jc,1395943,1397273,1330
ohnonina_UCTV8tRgCLqflRddAFAOSoPw_X7MTbZ0jc_1397457_1402161.wav,ohnonina_UCTV8tRgCLqflRddAFAOSoPw_X7MTbZ0jc,1397457,1402161,4704
ohnonina_UCTV8tRgCLqflRddAFAOSoPw_X7MTbZ0jc_1402585_1404009.wav,ohnonina_UCTV8tRgCLqflRddAFAOSoPw_X7MTbZ0jc,1402585,1404009,1424
ohnonina_UCTV8tRgCLqflRddAFAOSoPw_X7MTbZ0jc_1404185_1412785.wav,ohnonina_UCTV8tRgCLqflRddAFAOSoPw_X7MTbZ0jc,1404185,1412785,8600
ohnonina_UCTV8tRgCLqflRddAFAOSoPw_X7MTbZ0jc_1412953_1420193.wav,ohnonina_UCTV8tRgCLqflRddAFAOSoPw_X7MTbZ0jc,1412953,1420193,7240
ohnonina_UCTV8tRgCLqflRddAFAOSoPw_X7MTbZ0jc_1420329_1424633.wav,ohnonina_UCTV8tRgCLqflRddAFAOSoPw_X7MTbZ0jc,1420329,1424633,4304
ohnonina_UCTV8tRgCLqflRddAFAOSoPw_X7MTbZ0jc_1424865_1431369.wav,ohnonina_UCTV8tRgCLqflRddAFAOSoPw_X7MTbZ0jc,1424865,1431369,6504
ohnonina_UCTV8tRgCLqflRddAFAOSoPw_X7MTbZ0jc_1431545_1438305.wav,ohnonina_UCTV8tRgCLqflRddAFAOSoPw_X7MTbZ0jc,1431545,1438305,6760
ohnonina_UCTV8tRgCLqflRddAFAOSoPw_X7MTbZ0jc_1438577_1439193.wav,ohnonina_UCTV8tRgCLqflRddAFAOSoPw_X7MTbZ0jc,1438577,1439193,616
ohnonina_UCTV8tRgCLqflRddAFAOSoPw_X7MTbZ0jc_1439305_1448257.wav,ohnonina_UCTV8tRgCLqflRddAFAOSoPw_X7MTbZ0jc,1439305,1448257,8952
ohnonina_UCTV8tRgCLqflRddAFAOSoPw_X7MTbZ0jc_1448441_1449993.wav,ohnonina_UCTV8tRgCLqflRddAFAOSoPw_X7MTbZ0jc,1448441,1449993,1552
ohnonina_UCTV8tRgCLqflRddAFAOSoPw_X7MTbZ0jc_1450161_1451609.wav,ohnonina_UCTV8tRgCLqflRddAFAOSoPw_X7MTbZ0jc,1450161,1451609,1448
ohnonina_UCTV8tRgCLqflRddAFAOSoPw_X7MTbZ0jc_1452273_1461093.wav,ohnonina_UCTV8tRgCLqflRddAFAOSoPw_X7MTbZ0jc,1452273,1461093,8820
ohnonina_UCTV8tRgCLqflRddAFAOSoPw_X7MTbZ0jc_1461245_1466303.wav,ohnonina_UCTV8tRgCLqflRddAFAOSoPw_X7MTbZ0jc,1461245,1466303,5058
ohnonina_UCTV8tRgCLqflRddAFAOSoPw_X7MTbZ0jc_1466511_1466775.wav,ohnonina_UCTV8tRgCLqflRddAFAOSoPw_X7MTbZ0jc,1466511,1466775,264
ohnonina_UCTV8tRgCLqflRddAFAOSoPw_X7MTbZ0jc_1467039_1469992.wav,ohnonina_UCTV8tRgCLqflRddAFAOSoPw_X7MTbZ0jc,1467039,1469992,2953
ohnonina_UCTV8tRgCLqflRddAFAOSoPw_X7MTbZ0jc_1470328_1474257.wav,ohnonina_UCTV8tRgCLqflRddAFAOSoPw_X7MTbZ0jc,1470328,1474257,3929
ohnonina_UCTV8tRgCLqflRddAFAOSoPw_X7MTbZ0jc_1474561_1480897.wav,ohnonina_UCTV8tRgCLqflRddAFAOSoPw_X7MTbZ0jc,1474561,1480897,6336
ohnonina_UCTV8tRgCLqflRddAFAOSoPw_X7MTbZ0jc_1481025_1485577.wav,ohnonina_UCTV8tRgCLqflRddAFAOSoPw_X7MTbZ0jc,1481025,1485577,4552
ohnonina_UCTV8tRgCLqflRddAFAOSoPw_X7MTbZ0jc_1485793_1491225.wav,ohnonina_UCTV8tRgCLqflRddAFAOSoPw_X7MTbZ0jc,1485793,1491225,5432
ohnonina_UCTV8tRgCLqflRddAFAOSoPw_X7MTbZ0jc_1491377_1496393.wav,ohnonina_UCTV8tRgCLqflRddAFAOSoPw_X7MTbZ0jc,1491377,1496393,5016
ohnonina_UCTV8tRgCLqflRddAFAOSoPw_X7MTbZ0jc_1496593_1496913.wav,ohnonina_UCTV8tRgCLqflRddAFAOSoPw_X7MTbZ0jc,1496593,1496913,320
ohnonina_UCTV8tRgCLqflRddAFAOSoPw_X7MTbZ0jc_1497097_1498921.wav,ohnonina_UCTV8tRgCLqflRddAFAOSoPw_X7MTbZ0jc,1497097,1498921,1824
ohnonina_UCTV8tRgCLqflRddAFAOSoPw_X7MTbZ0jc_1499329_1499505.wav,ohnonina_UCTV8tRgCLqflRddAFAOSoPw_X7MTbZ0jc,1499329,1499505,176
ohnonina_UCTV8tRgCLqflRddAFAOSoPw_X7MTbZ0jc_1499873_1504697.wav,ohnonina_UCTV8tRgCLqflRddAFAOSoPw_X7MTbZ0jc,1499873,1504697,4824
ohnonina_UCTV8tRgCLqflRddAFAOSoPw_X7MTbZ0jc_1504889_1505101.wav,ohnonina_UCTV8tRgCLqflRddAFAOSoPw_X7MTbZ0jc,1504889,1505101,212
ohnonina_UCTV8tRgCLqflRddAFAOSoPw_X7MTbZ0jc_1505389_1506375.wav,ohnonina_UCTV8tRgCLqflRddAFAOSoPw_X7MTbZ0jc,1505389,1506375,986
ohnonina_UCTV8tRgCLqflRddAFAOSoPw_X7MTbZ0jc_1506743_1511264.wav,ohnonina_UCTV8tRgCLqflRddAFAOSoPw_X7MTbZ0jc,1506743,1511264,4521
ohnonina_UCTV8tRgCLqflRddAFAOSoPw_X7MTbZ0jc_1511576_1518673.wav,ohnonina_UCTV8tRgCLqflRddAFAOSoPw_X7MTbZ0jc,1511576,1518673,7097
ohnonina_UCTV8tRgCLqflRddAFAOSoPw_X7MTbZ0jc_1518881_1520905.wav,ohnonina_UCTV8tRgCLqflRddAFAOSoPw_X7MTbZ0jc,1518881,1520905,2024
ohnonina_UCTV8tRgCLqflRddAFAOSoPw_X7MTbZ0jc_1521025_1521739.wav,ohnonina_UCTV8tRgCLqflRddAFAOSoPw_X7MTbZ0jc,1521025,1521739,714
ohnonina_UCTV8tRgCLqflRddAFAOSoPw_X7MTbZ0jc_1522019_1523972.wav,ohnonina_UCTV8tRgCLqflRddAFAOSoPw_X7MTbZ0jc,1522019,1523972,1953
ohnonina_UCTV8tRgCLqflRddAFAOSoPw_X7MTbZ0jc_1524308_1532149.wav,ohnonina_UCTV8tRgCLqflRddAFAOSoPw_X7MTbZ0jc,1524308,1532149,7841
ohnonina_UCTV8tRgCLqflRddAFAOSoPw_X7MTbZ0jc_1532389_1537711.wav,ohnonina_UCTV8tRgCLqflRddAFAOSoPw_X7MTbZ0jc,1532389,1537711,5322
ohnonina_UCTV8tRgCLqflRddAFAOSoPw_X7MTbZ0jc_1537999_1538248.wav,ohnonina_UCTV8tRgCLqflRddAFAOSoPw_X7MTbZ0jc,1537999,1538248,249
ohnonina_UCTV8tRgCLqflRddAFAOSoPw_X7MTbZ0jc_1538816_1541801.wav,ohnonina_UCTV8tRgCLqflRddAFAOSoPw_X7MTbZ0jc,1538816,1541801,2985
ohnonina_UCTV8tRgCLqflRddAFAOSoPw_X7MTbZ0jc_1541905_1544649.wav,ohnonina_UCTV8tRgCLqflRddAFAOSoPw_X7MTbZ0jc,1541905,1544649,2744
ohnonina_UCTV8tRgCLqflRddAFAOSoPw_X7MTbZ0jc_1544753_1548417.wav,ohnonina_UCTV8tRgCLqflRddAFAOSoPw_X7MTbZ0jc,1544753,1548417,3664
ohnonina_UCTV8tRgCLqflRddAFAOSoPw_X7MTbZ0jc_1548585_1550049.wav,ohnonina_UCTV8tRgCLqflRddAFAOSoPw_X7MTbZ0jc,1548585,1550049,1464
ohnonina_UCTV8tRgCLqflRddAFAOSoPw_X7MTbZ0jc_1550233_1559105.wav,ohnonina_UCTV8tRgCLqflRddAFAOSoPw_X7MTbZ0jc,1550233,1559105,8872
ohnonina_UCTV8tRgCLqflRddAFAOSoPw_X7MTbZ0jc_1559297_1567833.wav,ohnonina_UCTV8tRgCLqflRddAFAOSoPw_X7MTbZ0jc,1559297,1567833,8536
ohnonina_UCTV8tRgCLqflRddAFAOSoPw_X7MTbZ0jc_1567969_1570249.wav,ohnonina_UCTV8tRgCLqflRddAFAOSoPw_X7MTbZ0jc,1567969,1570249,2280
ohnonina_UCTV8tRgCLqflRddAFAOSoPw_X7MTbZ0jc_1570513_1574773.wav,ohnonina_UCTV8tRgCLqflRddAFAOSoPw_X7MTbZ0jc,1570513,1574773,4260
ohnonina_UCTV8tRgCLqflRddAFAOSoPw_X7MTbZ0jc_1574965_1582097.wav,ohnonina_UCTV8tRgCLqflRddAFAOSoPw_X7MTbZ0jc,1574965,1582097,7132
ohnonina_UCTV8tRgCLqflRddAFAOSoPw_X7MTbZ0jc_1582201_1590165.wav,ohnonina_UCTV8tRgCLqflRddAFAOSoPw_X7MTbZ0jc,1582201,1590165,7964
ohnonina_UCTV8tRgCLqflRddAFAOSoPw_X7MTbZ0jc_1590349_1594357.wav,ohnonina_UCTV8tRgCLqflRddAFAOSoPw_X7MTbZ0jc,1590349,1594357,4008
ohnonina_UCTV8tRgCLqflRddAFAOSoPw_X7MTbZ0jc_1594665_1604177.wav,ohnonina_UCTV8tRgCLqflRddAFAOSoPw_X7MTbZ0jc,1594665,1604177,9512
ohnonina_UCTV8tRgCLqflRddAFAOSoPw_X7MTbZ0jc_1604353_1607505.wav,ohnonina_UCTV8tRgCLqflRddAFAOSoPw_X7MTbZ0jc,1604353,1607505,3152
ohnonina_UCTV8tRgCLqflRddAFAOSoPw_X7MTbZ0jc_1607641_1613673.wav,ohnonina_UCTV8tRgCLqflRddAFAOSoPw_X7MTbZ0jc,1607641,1613673,6032
ohnonina_UCTV8tRgCLqflRddAFAOSoPw_X7MTbZ0jc_1613921_1622329.wav,ohnonina_UCTV8tRgCLqflRddAFAOSoPw_X7MTbZ0jc,1613921,1622329,8408
ohnonina_UCTV8tRgCLqflRddAFAOSoPw_X7MTbZ0jc_1622481_1627585.wav,ohnonina_UCTV8tRgCLqflRddAFAOSoPw_X7MTbZ0jc,1622481,1627585,5104
ohnonina_UCTV8tRgCLqflRddAFAOSoPw_X7MTbZ0jc_1627697_1630177.wav,ohnonina_UCTV8tRgCLqflRddAFAOSoPw_X7MTbZ0jc,1627697,1630177,2480
ohnonina_UCTV8tRgCLqflRddAFAOSoPw_X7MTbZ0jc_1630329_1634625.wav,ohnonina_UCTV8tRgCLqflRddAFAOSoPw_X7MTbZ0jc,1630329,1634625,4296
ohnonina_UCTV8tRgCLqflRddAFAOSoPw_X7MTbZ0jc_1634841_1643601.wav,ohnonina_UCTV8tRgCLqflRddAFAOSoPw_X7MTbZ0jc,1634841,1643601,8760
ohnonina_UCTV8tRgCLqflRddAFAOSoPw_X7MTbZ0jc_1643705_1649507.wav,ohnonina_UCTV8tRgCLqflRddAFAOSoPw_X7MTbZ0jc,1643705,1649507,5802
ohnonina_UCTV8tRgCLqflRddAFAOSoPw_X7MTbZ0jc_1649851_1654317.wav,ohnonina_UCTV8tRgCLqflRddAFAOSoPw_X7MTbZ0jc,1649851,1654317,4466
ohnonina_UCTV8tRgCLqflRddAFAOSoPw_X7MTbZ0jc_1654517_1661089.wav,ohnonina_UCTV8tRgCLqflRddAFAOSoPw_X7MTbZ0jc,1654517,1661089,6572
ohnonina_UCTV8tRgCLqflRddAFAOSoPw_X7MTbZ0jc_1661265_1665633.wav,ohnonina_UCTV8tRgCLqflRddAFAOSoPw_X7MTbZ0jc,1661265,1665633,4368
ohnonina_UCTV8tRgCLqflRddAFAOSoPw_X7MTbZ0jc_1665857_1672953.wav,ohnonina_UCTV8tRgCLqflRddAFAOSoPw_X7MTbZ0jc,1665857,1672953,7096
ohnonina_UCTV8tRgCLqflRddAFAOSoPw_X7MTbZ0jc_1673377_1673497.wav,ohnonina_UCTV8tRgCLqflRddAFAOSoPw_X7MTbZ0jc,1673377,1673497,120
ohnonina_UCTV8tRgCLqflRddAFAOSoPw_X7MTbZ0jc_1674721_1679873.wav,ohnonina_UCTV8tRgCLqflRddAFAOSoPw_X7MTbZ0jc,1674721,1679873,5152
ohnonina_UCTV8tRgCLqflRddAFAOSoPw_X7MTbZ0jc_1680217_1683105.wav,ohnonina_UCTV8tRgCLqflRddAFAOSoPw_X7MTbZ0jc,1680217,1683105,2888
ohnonina_UCTV8tRgCLqflRddAFAOSoPw_X7MTbZ0jc_1683521_1684163.wav,ohnonina_UCTV8tRgCLqflRddAFAOSoPw_X7MTbZ0jc,1683521,1684163,642
ohnonina_UCTV8tRgCLqflRddAFAOSoPw_X7MTbZ0jc_1684467_1694165.wav,ohnonina_UCTV8tRgCLqflRddAFAOSoPw_X7MTbZ0jc,1684467,1694165,9698
ohnonina_UCTV8tRgCLqflRddAFAOSoPw_X7MTbZ0jc_1694301_1697741.wav,ohnonina_UCTV8tRgCLqflRddAFAOSoPw_X7MTbZ0jc,1694301,1697741,3440
ohnonina_UCTV8tRgCLqflRddAFAOSoPw_X7MTbZ0jc_1697885_1701505.wav,ohnonina_UCTV8tRgCLqflRddAFAOSoPw_X7MTbZ0jc,1697885,1701505,3620
ohnonina_UCTV8tRgCLqflRddAFAOSoPw_X7MTbZ0jc_1702337_1702467.wav,ohnonina_UCTV8tRgCLqflRddAFAOSoPw_X7MTbZ0jc,1702337,1702467,130
ohnonina_UCTV8tRgCLqflRddAFAOSoPw_X7MTbZ0jc_1702619_1706964.wav,ohnonina_UCTV8tRgCLqflRddAFAOSoPw_X7MTbZ0jc,1702619,1706964,4345
ohnonina_UCTV8tRgCLqflRddAFAOSoPw_X7MTbZ0jc_1707308_1714532.wav,ohnonina_UCTV8tRgCLqflRddAFAOSoPw_X7MTbZ0jc,1707308,1714532,7224
ohnonina_UCTV8tRgCLqflRddAFAOSoPw_X7MTbZ0jc_1714804_1715108.wav,ohnonina_UCTV8tRgCLqflRddAFAOSoPw_X7MTbZ0jc,1714804,1715108,304
ohnonina_UCTV8tRgCLqflRddAFAOSoPw_X7MTbZ0jc_1715316_1718005.wav,ohnonina_UCTV8tRgCLqflRddAFAOSoPw_X7MTbZ0jc,1715316,1718005,2689
ohnonina_UCTV8tRgCLqflRddAFAOSoPw_X7MTbZ0jc_1718109_1723781.wav,ohnonina_UCTV8tRgCLqflRddAFAOSoPw_X7MTbZ0jc,1718109,1723781,5672
ohnonina_UCTV8tRgCLqflRddAFAOSoPw_X7MTbZ0jc_1723949_1726941.wav,ohnonina_UCTV8tRgCLqflRddAFAOSoPw_X7MTbZ0jc,1723949,1726941,2992
ohnonina_UCTV8tRgCLqflRddAFAOSoPw_X7MTbZ0jc_1727149_1730101.wav,ohnonina_UCTV8tRgCLqflRddAFAOSoPw_X7MTbZ0jc,1727149,1730101,2952
ohnonina_UCTV8tRgCLqflRddAFAOSoPw_X7MTbZ0jc_1730285_1731669.wav,ohnonina_UCTV8tRgCLqflRddAFAOSoPw_X7MTbZ0jc,1730285,1731669,1384
ohnonina_UCTV8tRgCLqflRddAFAOSoPw_X7MTbZ0jc_1731837_1734190.wav,ohnonina_UCTV8tRgCLqflRddAFAOSoPw_X7MTbZ0jc,1731837,1734190,2353
ohnonina_UCTV8tRgCLqflRddAFAOSoPw_X7MTbZ0jc_1734446_1743926.wav,ohnonina_UCTV8tRgCLqflRddAFAOSoPw_X7MTbZ0jc,1734446,1743926,9480
ohnonina_UCTV8tRgCLqflRddAFAOSoPw_X7MTbZ0jc_1744262_1744678.wav,ohnonina_UCTV8tRgCLqflRddAFAOSoPw_X7MTbZ0jc,1744262,1744678,416
ohnonina_UCTV8tRgCLqflRddAFAOSoPw_X7MTbZ0jc_1744918_1751583.wav,ohnonina_UCTV8tRgCLqflRddAFAOSoPw_X7MTbZ0jc,1744918,1751583,6665
ohnonina_UCTV8tRgCLqflRddAFAOSoPw_X7MTbZ0jc_1751847_1757401.wav,ohnonina_UCTV8tRgCLqflRddAFAOSoPw_X7MTbZ0jc,1751847,1757401,5554
ohnonina_UCTV8tRgCLqflRddAFAOSoPw_X7MTbZ0jc_1757745_1759177.wav,ohnonina_UCTV8tRgCLqflRddAFAOSoPw_X7MTbZ0jc,1757745,1759177,1432
ohnonina_UCTV8tRgCLqflRddAFAOSoPw_X7MTbZ0jc_1759313_1759809.wav,ohnonina_UCTV8tRgCLqflRddAFAOSoPw_X7MTbZ0jc,1759313,1759809,496
ohnonina_UCTV8tRgCLqflRddAFAOSoPw_X7MTbZ0jc_1759921_1763841.wav,ohnonina_UCTV8tRgCLqflRddAFAOSoPw_X7MTbZ0jc,1759921,1763841,3920
ohnonina_UCTV8tRgCLqflRddAFAOSoPw_X7MTbZ0jc_1764001_1767473.wav,ohnonina_UCTV8tRgCLqflRddAFAOSoPw_X7MTbZ0jc,1764001,1767473,3472
ohnonina_UCTV8tRgCLqflRddAFAOSoPw_X7MTbZ0jc_1767641_1768345.wav,ohnonina_UCTV8tRgCLqflRddAFAOSoPw_X7MTbZ0jc,1767641,1768345,704
ohnonina_UCTV8tRgCLqflRddAFAOSoPw_X7MTbZ0jc_1768657_1769917.wav,ohnonina_UCTV8tRgCLqflRddAFAOSoPw_X7MTbZ0jc,1768657,1769917,1260
ohnonina_UCTV8tRgCLqflRddAFAOSoPw_X7MTbZ0jc_1770149_1773919.wav,ohnonina_UCTV8tRgCLqflRddAFAOSoPw_X7MTbZ0jc,1770149,1773919,3770
ohnonina_UCTV8tRgCLqflRddAFAOSoPw_X7MTbZ0jc_1774359_1783521.wav,ohnonina_UCTV8tRgCLqflRddAFAOSoPw_X7MTbZ0jc,1774359,1783521,9162
ohnonina_UCTV8tRgCLqflRddAFAOSoPw_X7MTbZ0jc_1783633_1784033.wav,ohnonina_UCTV8tRgCLqflRddAFAOSoPw_X7MTbZ0jc,1783633,1784033,400
ohnonina_UCTV8tRgCLqflRddAFAOSoPw_X7MTbZ0jc_1784313_1786473.wav,ohnonina_UCTV8tRgCLqflRddAFAOSoPw_X7MTbZ0jc,1784313,1786473,2160
ohnonina_UCTV8tRgCLqflRddAFAOSoPw_X7MTbZ0jc_1786809_1791883.wav,ohnonina_UCTV8tRgCLqflRddAFAOSoPw_X7MTbZ0jc,1786809,1791883,5074
