filename,video_id,start_time,end_time,duration
AndreaLeoni_UCdbyTLnpabuuCPLuYbTZg_jfi4cVw4S9Q_0_8952.wav,AndreaLeoni_UCdbyTLnpabuuCPLuYbTZg_jfi4cVw4S9Q,0,8952,8952
AndreaLeoni_UCdbyTLnpabuuCPLuYbTZg_jfi4cVw4S9Q_9920_13424.wav,AndreaLeoni_UCdbyTLnpabuuCPLuYbTZg_jfi4cVw4S9Q,9920,13424,3504
AndreaLeoni_UCdbyTLnpabuuCPLuYbTZg_jfi4cVw4S9Q_13616_17592.wav,AndreaLeoni_UCdbyTLnpabuuCPLuYbTZg_jfi4cVw4S9Q,13616,17592,3976
AndreaLeoni_UCdbyTLnpabuuCPLuYbTZg_jfi4cVw4S9Q_17968_24872.wav,AndreaLeoni_UCdbyTLnpabuuCPLuYbTZg_jfi4cVw4S9Q,17968,24872,6904
AndreaLeoni_UCdbyTLnpabuuCPLuYbTZg_jfi4cVw4S9Q_25280_34760.wav,AndreaLeoni_UCdbyTLnpabuuCPLuYbTZg_jfi4cVw4S9Q,25280,34760,9480
AndreaLeoni_UCdbyTLnpabuuCPLuYbTZg_jfi4cVw4S9Q_36840_39264.wav,AndreaLeoni_UCdbyTLnpabuuCPLuYbTZg_jfi4cVw4S9Q,36840,39264,2424
AndreaLeoni_UCdbyTLnpabuuCPLuYbTZg_jfi4cVw4S9Q_41680_50008.wav,AndreaLeoni_UCdbyTLnpabuuCPLuYbTZg_jfi4cVw4S9Q,41680,50008,8328
AndreaLeoni_UCdbyTLnpabuuCPLuYbTZg_jfi4cVw4S9Q_50328_53112.wav,AndreaLeoni_UCdbyTLnpabuuCPLuYbTZg_jfi4cVw4S9Q,50328,53112,2784
AndreaLeoni_UCdbyTLnpabuuCPLuYbTZg_jfi4cVw4S9Q_58584_63196.wav,AndreaLeoni_UCdbyTLnpabuuCPLuYbTZg_jfi4cVw4S9Q,58584,63196,4612
AndreaLeoni_UCdbyTLnpabuuCPLuYbTZg_jfi4cVw4S9Q_63460_66796.wav,AndreaLeoni_UCdbyTLnpabuuCPLuYbTZg_jfi4cVw4S9Q,63460,66796,3336
AndreaLeoni_UCdbyTLnpabuuCPLuYbTZg_jfi4cVw4S9Q_67164_69528.wav,AndreaLeoni_UCdbyTLnpabuuCPLuYbTZg_jfi4cVw4S9Q,67164,69528,2364
AndreaLeoni_UCdbyTLnpabuuCPLuYbTZg_jfi4cVw4S9Q_69736_76528.wav,AndreaLeoni_UCdbyTLnpabuuCPLuYbTZg_jfi4cVw4S9Q,69736,76528,6792
AndreaLeoni_UCdbyTLnpabuuCPLuYbTZg_jfi4cVw4S9Q_76760_77200.wav,AndreaLeoni_UCdbyTLnpabuuCPLuYbTZg_jfi4cVw4S9Q,76760,77200,440
AndreaLeoni_UCdbyTLnpabuuCPLuYbTZg_jfi4cVw4S9Q_77400_81216.wav,AndreaLeoni_UCdbyTLnpabuuCPLuYbTZg_jfi4cVw4S9Q,77400,81216,3816
AndreaLeoni_UCdbyTLnpabuuCPLuYbTZg_jfi4cVw4S9Q_81912_91152.wav,AndreaLeoni_UCdbyTLnpabuuCPLuYbTZg_jfi4cVw4S9Q,81912,91152,9240
AndreaLeoni_UCdbyTLnpabuuCPLuYbTZg_jfi4cVw4S9Q_91280_92640.wav,AndreaLeoni_UCdbyTLnpabuuCPLuYbTZg_jfi4cVw4S9Q,91280,92640,1360
AndreaLeoni_UCdbyTLnpabuuCPLuYbTZg_jfi4cVw4S9Q_92872_93616.wav,AndreaLeoni_UCdbyTLnpabuuCPLuYbTZg_jfi4cVw4S9Q,92872,93616,744
AndreaLeoni_UCdbyTLnpabuuCPLuYbTZg_jfi4cVw4S9Q_93952_95552.wav,AndreaLeoni_UCdbyTLnpabuuCPLuYbTZg_jfi4cVw4S9Q,93952,95552,1600
AndreaLeoni_UCdbyTLnpabuuCPLuYbTZg_jfi4cVw4S9Q_95760_101060.wav,AndreaLeoni_UCdbyTLnpabuuCPLuYbTZg_jfi4cVw4S9Q,95760,101060,5300
AndreaLeoni_UCdbyTLnpabuuCPLuYbTZg_jfi4cVw4S9Q_101212_108744.wav,AndreaLeoni_UCdbyTLnpabuuCPLuYbTZg_jfi4cVw4S9Q,101212,108744,7532
AndreaLeoni_UCdbyTLnpabuuCPLuYbTZg_jfi4cVw4S9Q_108848_111112.wav,AndreaLeoni_UCdbyTLnpabuuCPLuYbTZg_jfi4cVw4S9Q,108848,111112,2264
AndreaLeoni_UCdbyTLnpabuuCPLuYbTZg_jfi4cVw4S9Q_111408_117760.wav,AndreaLeoni_UCdbyTLnpabuuCPLuYbTZg_jfi4cVw4S9Q,111408,117760,6352
AndreaLeoni_UCdbyTLnpabuuCPLuYbTZg_jfi4cVw4S9Q_118032_124936.wav,AndreaLeoni_UCdbyTLnpabuuCPLuYbTZg_jfi4cVw4S9Q,118032,124936,6904
AndreaLeoni_UCdbyTLnpabuuCPLuYbTZg_jfi4cVw4S9Q_125200_128480.wav,AndreaLeoni_UCdbyTLnpabuuCPLuYbTZg_jfi4cVw4S9Q,125200,128480,3280
AndreaLeoni_UCdbyTLnpabuuCPLuYbTZg_jfi4cVw4S9Q_128824_132720.wav,AndreaLeoni_UCdbyTLnpabuuCPLuYbTZg_jfi4cVw4S9Q,128824,132720,3896
AndreaLeoni_UCdbyTLnpabuuCPLuYbTZg_jfi4cVw4S9Q_133048_137296.wav,AndreaLeoni_UCdbyTLnpabuuCPLuYbTZg_jfi4cVw4S9Q,133048,137296,4248
AndreaLeoni_UCdbyTLnpabuuCPLuYbTZg_jfi4cVw4S9Q_137504_140824.wav,AndreaLeoni_UCdbyTLnpabuuCPLuYbTZg_jfi4cVw4S9Q,137504,140824,3320
AndreaLeoni_UCdbyTLnpabuuCPLuYbTZg_jfi4cVw4S9Q_141104_151104.wav,AndreaLeoni_UCdbyTLnpabuuCPLuYbTZg_jfi4cVw4S9Q,141104,151104,10000
AndreaLeoni_UCdbyTLnpabuuCPLuYbTZg_jfi4cVw4S9Q_151568_151696.wav,AndreaLeoni_UCdbyTLnpabuuCPLuYbTZg_jfi4cVw4S9Q,151568,151696,128
AndreaLeoni_UCdbyTLnpabuuCPLuYbTZg_jfi4cVw4S9Q_152000_153800.wav,AndreaLeoni_UCdbyTLnpabuuCPLuYbTZg_jfi4cVw4S9Q,152000,153800,1800
AndreaLeoni_UCdbyTLnpabuuCPLuYbTZg_jfi4cVw4S9Q_154152_155224.wav,AndreaLeoni_UCdbyTLnpabuuCPLuYbTZg_jfi4cVw4S9Q,154152,155224,1072
AndreaLeoni_UCdbyTLnpabuuCPLuYbTZg_jfi4cVw4S9Q_155496_155760.wav,AndreaLeoni_UCdbyTLnpabuuCPLuYbTZg_jfi4cVw4S9Q,155496,155760,264
AndreaLeoni_UCdbyTLnpabuuCPLuYbTZg_jfi4cVw4S9Q_155984_156696.wav,AndreaLeoni_UCdbyTLnpabuuCPLuYbTZg_jfi4cVw4S9Q,155984,156696,712
AndreaLeoni_UCdbyTLnpabuuCPLuYbTZg_jfi4cVw4S9Q_161208_162784.wav,AndreaLeoni_UCdbyTLnpabuuCPLuYbTZg_jfi4cVw4S9Q,161208,162784,1576
AndreaLeoni_UCdbyTLnpabuuCPLuYbTZg_jfi4cVw4S9Q_162912_172200.wav,AndreaLeoni_UCdbyTLnpabuuCPLuYbTZg_jfi4cVw4S9Q,162912,172200,9288
AndreaLeoni_UCdbyTLnpabuuCPLuYbTZg_jfi4cVw4S9Q_172384_172592.wav,AndreaLeoni_UCdbyTLnpabuuCPLuYbTZg_jfi4cVw4S9Q,172384,172592,208
AndreaLeoni_UCdbyTLnpabuuCPLuYbTZg_jfi4cVw4S9Q_172752_182708.wav,AndreaLeoni_UCdbyTLnpabuuCPLuYbTZg_jfi4cVw4S9Q,172752,182708,9956
AndreaLeoni_UCdbyTLnpabuuCPLuYbTZg_jfi4cVw4S9Q_182924_186184.wav,AndreaLeoni_UCdbyTLnpabuuCPLuYbTZg_jfi4cVw4S9Q,182924,186184,3260
AndreaLeoni_UCdbyTLnpabuuCPLuYbTZg_jfi4cVw4S9Q_186328_188824.wav,AndreaLeoni_UCdbyTLnpabuuCPLuYbTZg_jfi4cVw4S9Q,186328,188824,2496
AndreaLeoni_UCdbyTLnpabuuCPLuYbTZg_jfi4cVw4S9Q_189128_194384.wav,AndreaLeoni_UCdbyTLnpabuuCPLuYbTZg_jfi4cVw4S9Q,189128,194384,5256
AndreaLeoni_UCdbyTLnpabuuCPLuYbTZg_jfi4cVw4S9Q_194584_200968.wav,AndreaLeoni_UCdbyTLnpabuuCPLuYbTZg_jfi4cVw4S9Q,194584,200968,6384
AndreaLeoni_UCdbyTLnpabuuCPLuYbTZg_jfi4cVw4S9Q_201200_202808.wav,AndreaLeoni_UCdbyTLnpabuuCPLuYbTZg_jfi4cVw4S9Q,201200,202808,1608
AndreaLeoni_UCdbyTLnpabuuCPLuYbTZg_jfi4cVw4S9Q_202920_203480.wav,AndreaLeoni_UCdbyTLnpabuuCPLuYbTZg_jfi4cVw4S9Q,202920,203480,560
AndreaLeoni_UCdbyTLnpabuuCPLuYbTZg_jfi4cVw4S9Q_203888_208608.wav,AndreaLeoni_UCdbyTLnpabuuCPLuYbTZg_jfi4cVw4S9Q,203888,208608,4720
AndreaLeoni_UCdbyTLnpabuuCPLuYbTZg_jfi4cVw4S9Q_208776_216624.wav,AndreaLeoni_UCdbyTLnpabuuCPLuYbTZg_jfi4cVw4S9Q,208776,216624,7848
AndreaLeoni_UCdbyTLnpabuuCPLuYbTZg_jfi4cVw4S9Q_216784_226624.wav,AndreaLeoni_UCdbyTLnpabuuCPLuYbTZg_jfi4cVw4S9Q,216784,226624,9840
AndreaLeoni_UCdbyTLnpabuuCPLuYbTZg_jfi4cVw4S9Q_226736_228112.wav,AndreaLeoni_UCdbyTLnpabuuCPLuYbTZg_jfi4cVw4S9Q,226736,228112,1376
AndreaLeoni_UCdbyTLnpabuuCPLuYbTZg_jfi4cVw4S9Q_228240_237560.wav,AndreaLeoni_UCdbyTLnpabuuCPLuYbTZg_jfi4cVw4S9Q,228240,237560,9320
AndreaLeoni_UCdbyTLnpabuuCPLuYbTZg_jfi4cVw4S9Q_237792_243696.wav,AndreaLeoni_UCdbyTLnpabuuCPLuYbTZg_jfi4cVw4S9Q,237792,243696,5904
AndreaLeoni_UCdbyTLnpabuuCPLuYbTZg_jfi4cVw4S9Q_244096_245096.wav,AndreaLeoni_UCdbyTLnpabuuCPLuYbTZg_jfi4cVw4S9Q,244096,245096,1000
AndreaLeoni_UCdbyTLnpabuuCPLuYbTZg_jfi4cVw4S9Q_245400_247700.wav,AndreaLeoni_UCdbyTLnpabuuCPLuYbTZg_jfi4cVw4S9Q,245400,247700,2300
AndreaLeoni_UCdbyTLnpabuuCPLuYbTZg_jfi4cVw4S9Q_247884_248740.wav,AndreaLeoni_UCdbyTLnpabuuCPLuYbTZg_jfi4cVw4S9Q,247884,248740,856
AndreaLeoni_UCdbyTLnpabuuCPLuYbTZg_jfi4cVw4S9Q_248900_255180.wav,AndreaLeoni_UCdbyTLnpabuuCPLuYbTZg_jfi4cVw4S9Q,248900,255180,6280
AndreaLeoni_UCdbyTLnpabuuCPLuYbTZg_jfi4cVw4S9Q_255316_260908.wav,AndreaLeoni_UCdbyTLnpabuuCPLuYbTZg_jfi4cVw4S9Q,255316,260908,5592
AndreaLeoni_UCdbyTLnpabuuCPLuYbTZg_jfi4cVw4S9Q_261100_270732.wav,AndreaLeoni_UCdbyTLnpabuuCPLuYbTZg_jfi4cVw4S9Q,261100,270732,9632
AndreaLeoni_UCdbyTLnpabuuCPLuYbTZg_jfi4cVw4S9Q_270892_273572.wav,AndreaLeoni_UCdbyTLnpabuuCPLuYbTZg_jfi4cVw4S9Q,270892,273572,2680
AndreaLeoni_UCdbyTLnpabuuCPLuYbTZg_jfi4cVw4S9Q_273700_278988.wav,AndreaLeoni_UCdbyTLnpabuuCPLuYbTZg_jfi4cVw4S9Q,273700,278988,5288
AndreaLeoni_UCdbyTLnpabuuCPLuYbTZg_jfi4cVw4S9Q_279196_282612.wav,AndreaLeoni_UCdbyTLnpabuuCPLuYbTZg_jfi4cVw4S9Q,279196,282612,3416
AndreaLeoni_UCdbyTLnpabuuCPLuYbTZg_jfi4cVw4S9Q_282780_287556.wav,AndreaLeoni_UCdbyTLnpabuuCPLuYbTZg_jfi4cVw4S9Q,282780,287556,4776
AndreaLeoni_UCdbyTLnpabuuCPLuYbTZg_jfi4cVw4S9Q_287700_288756.wav,AndreaLeoni_UCdbyTLnpabuuCPLuYbTZg_jfi4cVw4S9Q,287700,288756,1056
AndreaLeoni_UCdbyTLnpabuuCPLuYbTZg_jfi4cVw4S9Q_288900_292420.wav,AndreaLeoni_UCdbyTLnpabuuCPLuYbTZg_jfi4cVw4S9Q,288900,292420,3520
AndreaLeoni_UCdbyTLnpabuuCPLuYbTZg_jfi4cVw4S9Q_292532_292812.wav,AndreaLeoni_UCdbyTLnpabuuCPLuYbTZg_jfi4cVw4S9Q,292532,292812,280
AndreaLeoni_UCdbyTLnpabuuCPLuYbTZg_jfi4cVw4S9Q_293028_298424.wav,AndreaLeoni_UCdbyTLnpabuuCPLuYbTZg_jfi4cVw4S9Q,293028,298424,5396
AndreaLeoni_UCdbyTLnpabuuCPLuYbTZg_jfi4cVw4S9Q_298704_302220.wav,AndreaLeoni_UCdbyTLnpabuuCPLuYbTZg_jfi4cVw4S9Q,298704,302220,3516
AndreaLeoni_UCdbyTLnpabuuCPLuYbTZg_jfi4cVw4S9Q_302324_307188.wav,AndreaLeoni_UCdbyTLnpabuuCPLuYbTZg_jfi4cVw4S9Q,302324,307188,4864
AndreaLeoni_UCdbyTLnpabuuCPLuYbTZg_jfi4cVw4S9Q_307332_310692.wav,AndreaLeoni_UCdbyTLnpabuuCPLuYbTZg_jfi4cVw4S9Q,307332,310692,3360
AndreaLeoni_UCdbyTLnpabuuCPLuYbTZg_jfi4cVw4S9Q_311120_315236.wav,AndreaLeoni_UCdbyTLnpabuuCPLuYbTZg_jfi4cVw4S9Q,311120,315236,4116
AndreaLeoni_UCdbyTLnpabuuCPLuYbTZg_jfi4cVw4S9Q_315396_317876.wav,AndreaLeoni_UCdbyTLnpabuuCPLuYbTZg_jfi4cVw4S9Q,315396,317876,2480
AndreaLeoni_UCdbyTLnpabuuCPLuYbTZg_jfi4cVw4S9Q_317996_322312.wav,AndreaLeoni_UCdbyTLnpabuuCPLuYbTZg_jfi4cVw4S9Q,317996,322312,4316
AndreaLeoni_UCdbyTLnpabuuCPLuYbTZg_jfi4cVw4S9Q_322680_328944.wav,AndreaLeoni_UCdbyTLnpabuuCPLuYbTZg_jfi4cVw4S9Q,322680,328944,6264
AndreaLeoni_UCdbyTLnpabuuCPLuYbTZg_jfi4cVw4S9Q_329224_333488.wav,AndreaLeoni_UCdbyTLnpabuuCPLuYbTZg_jfi4cVw4S9Q,329224,333488,4264
AndreaLeoni_UCdbyTLnpabuuCPLuYbTZg_jfi4cVw4S9Q_333744_337432.wav,AndreaLeoni_UCdbyTLnpabuuCPLuYbTZg_jfi4cVw4S9Q,333744,337432,3688
AndreaLeoni_UCdbyTLnpabuuCPLuYbTZg_jfi4cVw4S9Q_337600_340920.wav,AndreaLeoni_UCdbyTLnpabuuCPLuYbTZg_jfi4cVw4S9Q,337600,340920,3320
AndreaLeoni_UCdbyTLnpabuuCPLuYbTZg_jfi4cVw4S9Q_341088_344552.wav,AndreaLeoni_UCdbyTLnpabuuCPLuYbTZg_jfi4cVw4S9Q,341088,344552,3464
AndreaLeoni_UCdbyTLnpabuuCPLuYbTZg_jfi4cVw4S9Q_344680_345824.wav,AndreaLeoni_UCdbyTLnpabuuCPLuYbTZg_jfi4cVw4S9Q,344680,345824,1144
AndreaLeoni_UCdbyTLnpabuuCPLuYbTZg_jfi4cVw4S9Q_345952_346744.wav,AndreaLeoni_UCdbyTLnpabuuCPLuYbTZg_jfi4cVw4S9Q,345952,346744,792
AndreaLeoni_UCdbyTLnpabuuCPLuYbTZg_jfi4cVw4S9Q_346864_351728.wav,AndreaLeoni_UCdbyTLnpabuuCPLuYbTZg_jfi4cVw4S9Q,346864,351728,4864
AndreaLeoni_UCdbyTLnpabuuCPLuYbTZg_jfi4cVw4S9Q_351888_354320.wav,AndreaLeoni_UCdbyTLnpabuuCPLuYbTZg_jfi4cVw4S9Q,351888,354320,2432
AndreaLeoni_UCdbyTLnpabuuCPLuYbTZg_jfi4cVw4S9Q_354592_363568.wav,AndreaLeoni_UCdbyTLnpabuuCPLuYbTZg_jfi4cVw4S9Q,354592,363568,8976
AndreaLeoni_UCdbyTLnpabuuCPLuYbTZg_jfi4cVw4S9Q_363752_364808.wav,AndreaLeoni_UCdbyTLnpabuuCPLuYbTZg_jfi4cVw4S9Q,363752,364808,1056
AndreaLeoni_UCdbyTLnpabuuCPLuYbTZg_jfi4cVw4S9Q_364952_370656.wav,AndreaLeoni_UCdbyTLnpabuuCPLuYbTZg_jfi4cVw4S9Q,364952,370656,5704
AndreaLeoni_UCdbyTLnpabuuCPLuYbTZg_jfi4cVw4S9Q_370760_377168.wav,AndreaLeoni_UCdbyTLnpabuuCPLuYbTZg_jfi4cVw4S9Q,370760,377168,6408
AndreaLeoni_UCdbyTLnpabuuCPLuYbTZg_jfi4cVw4S9Q_377320_381008.wav,AndreaLeoni_UCdbyTLnpabuuCPLuYbTZg_jfi4cVw4S9Q,377320,381008,3688
AndreaLeoni_UCdbyTLnpabuuCPLuYbTZg_jfi4cVw4S9Q_381264_382312.wav,AndreaLeoni_UCdbyTLnpabuuCPLuYbTZg_jfi4cVw4S9Q,381264,382312,1048
AndreaLeoni_UCdbyTLnpabuuCPLuYbTZg_jfi4cVw4S9Q_384760_391704.wav,AndreaLeoni_UCdbyTLnpabuuCPLuYbTZg_jfi4cVw4S9Q,384760,391704,6944
AndreaLeoni_UCdbyTLnpabuuCPLuYbTZg_jfi4cVw4S9Q_392064_394952.wav,AndreaLeoni_UCdbyTLnpabuuCPLuYbTZg_jfi4cVw4S9Q,392064,394952,2888
AndreaLeoni_UCdbyTLnpabuuCPLuYbTZg_jfi4cVw4S9Q_395168_404080.wav,AndreaLeoni_UCdbyTLnpabuuCPLuYbTZg_jfi4cVw4S9Q,395168,404080,8912
AndreaLeoni_UCdbyTLnpabuuCPLuYbTZg_jfi4cVw4S9Q_404432_409544.wav,AndreaLeoni_UCdbyTLnpabuuCPLuYbTZg_jfi4cVw4S9Q,404432,409544,5112
AndreaLeoni_UCdbyTLnpabuuCPLuYbTZg_jfi4cVw4S9Q_409800_410788.wav,AndreaLeoni_UCdbyTLnpabuuCPLuYbTZg_jfi4cVw4S9Q,409800,410788,988
AndreaLeoni_UCdbyTLnpabuuCPLuYbTZg_jfi4cVw4S9Q_410892_411532.wav,AndreaLeoni_UCdbyTLnpabuuCPLuYbTZg_jfi4cVw4S9Q,410892,411532,640
AndreaLeoni_UCdbyTLnpabuuCPLuYbTZg_jfi4cVw4S9Q_411796_416188.wav,AndreaLeoni_UCdbyTLnpabuuCPLuYbTZg_jfi4cVw4S9Q,411796,416188,4392
AndreaLeoni_UCdbyTLnpabuuCPLuYbTZg_jfi4cVw4S9Q_416468_417852.wav,AndreaLeoni_UCdbyTLnpabuuCPLuYbTZg_jfi4cVw4S9Q,416468,417852,1384
AndreaLeoni_UCdbyTLnpabuuCPLuYbTZg_jfi4cVw4S9Q_418252_422660.wav,AndreaLeoni_UCdbyTLnpabuuCPLuYbTZg_jfi4cVw4S9Q,418252,422660,4408
AndreaLeoni_UCdbyTLnpabuuCPLuYbTZg_jfi4cVw4S9Q_423012_424852.wav,AndreaLeoni_UCdbyTLnpabuuCPLuYbTZg_jfi4cVw4S9Q,423012,424852,1840
AndreaLeoni_UCdbyTLnpabuuCPLuYbTZg_jfi4cVw4S9Q_424964_427664.wav,AndreaLeoni_UCdbyTLnpabuuCPLuYbTZg_jfi4cVw4S9Q,424964,427664,2700
AndreaLeoni_UCdbyTLnpabuuCPLuYbTZg_jfi4cVw4S9Q_428040_431204.wav,AndreaLeoni_UCdbyTLnpabuuCPLuYbTZg_jfi4cVw4S9Q,428040,431204,3164
AndreaLeoni_UCdbyTLnpabuuCPLuYbTZg_jfi4cVw4S9Q_431364_438012.wav,AndreaLeoni_UCdbyTLnpabuuCPLuYbTZg_jfi4cVw4S9Q,431364,438012,6648
AndreaLeoni_UCdbyTLnpabuuCPLuYbTZg_jfi4cVw4S9Q_438172_438572.wav,AndreaLeoni_UCdbyTLnpabuuCPLuYbTZg_jfi4cVw4S9Q,438172,438572,400
AndreaLeoni_UCdbyTLnpabuuCPLuYbTZg_jfi4cVw4S9Q_438676_439564.wav,AndreaLeoni_UCdbyTLnpabuuCPLuYbTZg_jfi4cVw4S9Q,438676,439564,888
AndreaLeoni_UCdbyTLnpabuuCPLuYbTZg_jfi4cVw4S9Q_439788_444068.wav,AndreaLeoni_UCdbyTLnpabuuCPLuYbTZg_jfi4cVw4S9Q,439788,444068,4280
AndreaLeoni_UCdbyTLnpabuuCPLuYbTZg_jfi4cVw4S9Q_444228_448452.wav,AndreaLeoni_UCdbyTLnpabuuCPLuYbTZg_jfi4cVw4S9Q,444228,448452,4224
AndreaLeoni_UCdbyTLnpabuuCPLuYbTZg_jfi4cVw4S9Q_448652_450548.wav,AndreaLeoni_UCdbyTLnpabuuCPLuYbTZg_jfi4cVw4S9Q,448652,450548,1896
AndreaLeoni_UCdbyTLnpabuuCPLuYbTZg_jfi4cVw4S9Q_450716_458868.wav,AndreaLeoni_UCdbyTLnpabuuCPLuYbTZg_jfi4cVw4S9Q,450716,458868,8152
AndreaLeoni_UCdbyTLnpabuuCPLuYbTZg_jfi4cVw4S9Q_459052_461964.wav,AndreaLeoni_UCdbyTLnpabuuCPLuYbTZg_jfi4cVw4S9Q,459052,461964,2912
AndreaLeoni_UCdbyTLnpabuuCPLuYbTZg_jfi4cVw4S9Q_462068_463484.wav,AndreaLeoni_UCdbyTLnpabuuCPLuYbTZg_jfi4cVw4S9Q,462068,463484,1416
AndreaLeoni_UCdbyTLnpabuuCPLuYbTZg_jfi4cVw4S9Q_463676_463860.wav,AndreaLeoni_UCdbyTLnpabuuCPLuYbTZg_jfi4cVw4S9Q,463676,463860,184
AndreaLeoni_UCdbyTLnpabuuCPLuYbTZg_jfi4cVw4S9Q_464052_467252.wav,AndreaLeoni_UCdbyTLnpabuuCPLuYbTZg_jfi4cVw4S9Q,464052,467252,3200
AndreaLeoni_UCdbyTLnpabuuCPLuYbTZg_jfi4cVw4S9Q_467396_470576.wav,AndreaLeoni_UCdbyTLnpabuuCPLuYbTZg_jfi4cVw4S9Q,467396,470576,3180
AndreaLeoni_UCdbyTLnpabuuCPLuYbTZg_jfi4cVw4S9Q_470840_477256.wav,AndreaLeoni_UCdbyTLnpabuuCPLuYbTZg_jfi4cVw4S9Q,470840,477256,6416
AndreaLeoni_UCdbyTLnpabuuCPLuYbTZg_jfi4cVw4S9Q_477536_480976.wav,AndreaLeoni_UCdbyTLnpabuuCPLuYbTZg_jfi4cVw4S9Q,477536,480976,3440
AndreaLeoni_UCdbyTLnpabuuCPLuYbTZg_jfi4cVw4S9Q_481080_482888.wav,AndreaLeoni_UCdbyTLnpabuuCPLuYbTZg_jfi4cVw4S9Q,481080,482888,1808
AndreaLeoni_UCdbyTLnpabuuCPLuYbTZg_jfi4cVw4S9Q_483040_491360.wav,AndreaLeoni_UCdbyTLnpabuuCPLuYbTZg_jfi4cVw4S9Q,483040,491360,8320
AndreaLeoni_UCdbyTLnpabuuCPLuYbTZg_jfi4cVw4S9Q_491512_491632.wav,AndreaLeoni_UCdbyTLnpabuuCPLuYbTZg_jfi4cVw4S9Q,491512,491632,120
AndreaLeoni_UCdbyTLnpabuuCPLuYbTZg_jfi4cVw4S9Q_494240_496498.wav,AndreaLeoni_UCdbyTLnpabuuCPLuYbTZg_jfi4cVw4S9Q,494240,496498,2258
AndreaLeoni_UCdbyTLnpabuuCPLuYbTZg_jfi4cVw4S9Q_496650_505947.wav,AndreaLeoni_UCdbyTLnpabuuCPLuYbTZg_jfi4cVw4S9Q,496650,505947,9297
AndreaLeoni_UCdbyTLnpabuuCPLuYbTZg_jfi4cVw4S9Q_506267_511019.wav,AndreaLeoni_UCdbyTLnpabuuCPLuYbTZg_jfi4cVw4S9Q,506267,511019,4752
AndreaLeoni_UCdbyTLnpabuuCPLuYbTZg_jfi4cVw4S9Q_511363_512436.wav,AndreaLeoni_UCdbyTLnpabuuCPLuYbTZg_jfi4cVw4S9Q,511363,512436,1073
AndreaLeoni_UCdbyTLnpabuuCPLuYbTZg_jfi4cVw4S9Q_512564_519788.wav,AndreaLeoni_UCdbyTLnpabuuCPLuYbTZg_jfi4cVw4S9Q,512564,519788,7224
AndreaLeoni_UCdbyTLnpabuuCPLuYbTZg_jfi4cVw4S9Q_519956_523676.wav,AndreaLeoni_UCdbyTLnpabuuCPLuYbTZg_jfi4cVw4S9Q,519956,523676,3720
AndreaLeoni_UCdbyTLnpabuuCPLuYbTZg_jfi4cVw4S9Q_524092_526204.wav,AndreaLeoni_UCdbyTLnpabuuCPLuYbTZg_jfi4cVw4S9Q,524092,526204,2112
AndreaLeoni_UCdbyTLnpabuuCPLuYbTZg_jfi4cVw4S9Q_526348_526572.wav,AndreaLeoni_UCdbyTLnpabuuCPLuYbTZg_jfi4cVw4S9Q,526348,526572,224
AndreaLeoni_UCdbyTLnpabuuCPLuYbTZg_jfi4cVw4S9Q_526748_530716.wav,AndreaLeoni_UCdbyTLnpabuuCPLuYbTZg_jfi4cVw4S9Q,526748,530716,3968
AndreaLeoni_UCdbyTLnpabuuCPLuYbTZg_jfi4cVw4S9Q_530884_532908.wav,AndreaLeoni_UCdbyTLnpabuuCPLuYbTZg_jfi4cVw4S9Q,530884,532908,2024
AndreaLeoni_UCdbyTLnpabuuCPLuYbTZg_jfi4cVw4S9Q_533076_539300.wav,AndreaLeoni_UCdbyTLnpabuuCPLuYbTZg_jfi4cVw4S9Q,533076,539300,6224
AndreaLeoni_UCdbyTLnpabuuCPLuYbTZg_jfi4cVw4S9Q_539508_546684.wav,AndreaLeoni_UCdbyTLnpabuuCPLuYbTZg_jfi4cVw4S9Q,539508,546684,7176
AndreaLeoni_UCdbyTLnpabuuCPLuYbTZg_jfi4cVw4S9Q_546788_547956.wav,AndreaLeoni_UCdbyTLnpabuuCPLuYbTZg_jfi4cVw4S9Q,546788,547956,1168
AndreaLeoni_UCdbyTLnpabuuCPLuYbTZg_jfi4cVw4S9Q_548124_553332.wav,AndreaLeoni_UCdbyTLnpabuuCPLuYbTZg_jfi4cVw4S9Q,548124,553332,5208
AndreaLeoni_UCdbyTLnpabuuCPLuYbTZg_jfi4cVw4S9Q_553484_557740.wav,AndreaLeoni_UCdbyTLnpabuuCPLuYbTZg_jfi4cVw4S9Q,553484,557740,4256
AndreaLeoni_UCdbyTLnpabuuCPLuYbTZg_jfi4cVw4S9Q_558396_558852.wav,AndreaLeoni_UCdbyTLnpabuuCPLuYbTZg_jfi4cVw4S9Q,558396,558852,456
AndreaLeoni_UCdbyTLnpabuuCPLuYbTZg_jfi4cVw4S9Q_559012_560144.wav,AndreaLeoni_UCdbyTLnpabuuCPLuYbTZg_jfi4cVw4S9Q,559012,560144,1132
AndreaLeoni_UCdbyTLnpabuuCPLuYbTZg_jfi4cVw4S9Q_560504_565560.wav,AndreaLeoni_UCdbyTLnpabuuCPLuYbTZg_jfi4cVw4S9Q,560504,565560,5056
AndreaLeoni_UCdbyTLnpabuuCPLuYbTZg_jfi4cVw4S9Q_565744_567144.wav,AndreaLeoni_UCdbyTLnpabuuCPLuYbTZg_jfi4cVw4S9Q,565744,567144,1400
AndreaLeoni_UCdbyTLnpabuuCPLuYbTZg_jfi4cVw4S9Q_567320_573784.wav,AndreaLeoni_UCdbyTLnpabuuCPLuYbTZg_jfi4cVw4S9Q,567320,573784,6464
AndreaLeoni_UCdbyTLnpabuuCPLuYbTZg_jfi4cVw4S9Q_574152_575032.wav,AndreaLeoni_UCdbyTLnpabuuCPLuYbTZg_jfi4cVw4S9Q,574152,575032,880
AndreaLeoni_UCdbyTLnpabuuCPLuYbTZg_jfi4cVw4S9Q_575360_576020.wav,AndreaLeoni_UCdbyTLnpabuuCPLuYbTZg_jfi4cVw4S9Q,575360,576020,660
AndreaLeoni_UCdbyTLnpabuuCPLuYbTZg_jfi4cVw4S9Q_576172_577172.wav,AndreaLeoni_UCdbyTLnpabuuCPLuYbTZg_jfi4cVw4S9Q,576172,577172,1000
AndreaLeoni_UCdbyTLnpabuuCPLuYbTZg_jfi4cVw4S9Q_577324_582772.wav,AndreaLeoni_UCdbyTLnpabuuCPLuYbTZg_jfi4cVw4S9Q,577324,582772,5448
AndreaLeoni_UCdbyTLnpabuuCPLuYbTZg_jfi4cVw4S9Q_582964_587156.wav,AndreaLeoni_UCdbyTLnpabuuCPLuYbTZg_jfi4cVw4S9Q,582964,587156,4192
AndreaLeoni_UCdbyTLnpabuuCPLuYbTZg_jfi4cVw4S9Q_587268_593956.wav,AndreaLeoni_UCdbyTLnpabuuCPLuYbTZg_jfi4cVw4S9Q,587268,593956,6688
AndreaLeoni_UCdbyTLnpabuuCPLuYbTZg_jfi4cVw4S9Q_594132_595144.wav,AndreaLeoni_UCdbyTLnpabuuCPLuYbTZg_jfi4cVw4S9Q,594132,595144,1012
AndreaLeoni_UCdbyTLnpabuuCPLuYbTZg_jfi4cVw4S9Q_599928_605280.wav,AndreaLeoni_UCdbyTLnpabuuCPLuYbTZg_jfi4cVw4S9Q,599928,605280,5352
AndreaLeoni_UCdbyTLnpabuuCPLuYbTZg_jfi4cVw4S9Q_605424_606500.wav,AndreaLeoni_UCdbyTLnpabuuCPLuYbTZg_jfi4cVw4S9Q,605424,606500,1076
AndreaLeoni_UCdbyTLnpabuuCPLuYbTZg_jfi4cVw4S9Q_606724_612060.wav,AndreaLeoni_UCdbyTLnpabuuCPLuYbTZg_jfi4cVw4S9Q,606724,612060,5336
AndreaLeoni_UCdbyTLnpabuuCPLuYbTZg_jfi4cVw4S9Q_612244_618328.wav,AndreaLeoni_UCdbyTLnpabuuCPLuYbTZg_jfi4cVw4S9Q,612244,618328,6084
AndreaLeoni_UCdbyTLnpabuuCPLuYbTZg_jfi4cVw4S9Q_618544_620152.wav,AndreaLeoni_UCdbyTLnpabuuCPLuYbTZg_jfi4cVw4S9Q,618544,620152,1608
AndreaLeoni_UCdbyTLnpabuuCPLuYbTZg_jfi4cVw4S9Q_620280_621040.wav,AndreaLeoni_UCdbyTLnpabuuCPLuYbTZg_jfi4cVw4S9Q,620280,621040,760
AndreaLeoni_UCdbyTLnpabuuCPLuYbTZg_jfi4cVw4S9Q_621304_625524.wav,AndreaLeoni_UCdbyTLnpabuuCPLuYbTZg_jfi4cVw4S9Q,621304,625524,4220
AndreaLeoni_UCdbyTLnpabuuCPLuYbTZg_jfi4cVw4S9Q_625628_631524.wav,AndreaLeoni_UCdbyTLnpabuuCPLuYbTZg_jfi4cVw4S9Q,625628,631524,5896
AndreaLeoni_UCdbyTLnpabuuCPLuYbTZg_jfi4cVw4S9Q_631692_633084.wav,AndreaLeoni_UCdbyTLnpabuuCPLuYbTZg_jfi4cVw4S9Q,631692,633084,1392
AndreaLeoni_UCdbyTLnpabuuCPLuYbTZg_jfi4cVw4S9Q_633244_639556.wav,AndreaLeoni_UCdbyTLnpabuuCPLuYbTZg_jfi4cVw4S9Q,633244,639556,6312
AndreaLeoni_UCdbyTLnpabuuCPLuYbTZg_jfi4cVw4S9Q_639660_644728.wav,AndreaLeoni_UCdbyTLnpabuuCPLuYbTZg_jfi4cVw4S9Q,639660,644728,5068
AndreaLeoni_UCdbyTLnpabuuCPLuYbTZg_jfi4cVw4S9Q_645056_651576.wav,AndreaLeoni_UCdbyTLnpabuuCPLuYbTZg_jfi4cVw4S9Q,645056,651576,6520
AndreaLeoni_UCdbyTLnpabuuCPLuYbTZg_jfi4cVw4S9Q_651744_653408.wav,AndreaLeoni_UCdbyTLnpabuuCPLuYbTZg_jfi4cVw4S9Q,651744,653408,1664
AndreaLeoni_UCdbyTLnpabuuCPLuYbTZg_jfi4cVw4S9Q_653648_660744.wav,AndreaLeoni_UCdbyTLnpabuuCPLuYbTZg_jfi4cVw4S9Q,653648,660744,7096
AndreaLeoni_UCdbyTLnpabuuCPLuYbTZg_jfi4cVw4S9Q_660872_662344.wav,AndreaLeoni_UCdbyTLnpabuuCPLuYbTZg_jfi4cVw4S9Q,660872,662344,1472
AndreaLeoni_UCdbyTLnpabuuCPLuYbTZg_jfi4cVw4S9Q_662568_665168.wav,AndreaLeoni_UCdbyTLnpabuuCPLuYbTZg_jfi4cVw4S9Q,662568,665168,2600
AndreaLeoni_UCdbyTLnpabuuCPLuYbTZg_jfi4cVw4S9Q_665392_674104.wav,AndreaLeoni_UCdbyTLnpabuuCPLuYbTZg_jfi4cVw4S9Q,665392,674104,8712
AndreaLeoni_UCdbyTLnpabuuCPLuYbTZg_jfi4cVw4S9Q_674400_676224.wav,AndreaLeoni_UCdbyTLnpabuuCPLuYbTZg_jfi4cVw4S9Q,674400,676224,1824
AndreaLeoni_UCdbyTLnpabuuCPLuYbTZg_jfi4cVw4S9Q_676472_679912.wav,AndreaLeoni_UCdbyTLnpabuuCPLuYbTZg_jfi4cVw4S9Q,676472,679912,3440
AndreaLeoni_UCdbyTLnpabuuCPLuYbTZg_jfi4cVw4S9Q_680104_680896.wav,AndreaLeoni_UCdbyTLnpabuuCPLuYbTZg_jfi4cVw4S9Q,680104,680896,792
AndreaLeoni_UCdbyTLnpabuuCPLuYbTZg_jfi4cVw4S9Q_681008_683288.wav,AndreaLeoni_UCdbyTLnpabuuCPLuYbTZg_jfi4cVw4S9Q,681008,683288,2280
AndreaLeoni_UCdbyTLnpabuuCPLuYbTZg_jfi4cVw4S9Q_683416_690832.wav,AndreaLeoni_UCdbyTLnpabuuCPLuYbTZg_jfi4cVw4S9Q,683416,690832,7416
AndreaLeoni_UCdbyTLnpabuuCPLuYbTZg_jfi4cVw4S9Q_691064_694376.wav,AndreaLeoni_UCdbyTLnpabuuCPLuYbTZg_jfi4cVw4S9Q,691064,694376,3312
AndreaLeoni_UCdbyTLnpabuuCPLuYbTZg_jfi4cVw4S9Q_694528_700856.wav,AndreaLeoni_UCdbyTLnpabuuCPLuYbTZg_jfi4cVw4S9Q,694528,700856,6328
AndreaLeoni_UCdbyTLnpabuuCPLuYbTZg_jfi4cVw4S9Q_703472_709466.wav,AndreaLeoni_UCdbyTLnpabuuCPLuYbTZg_jfi4cVw4S9Q,703472,709466,5994
AndreaLeoni_UCdbyTLnpabuuCPLuYbTZg_jfi4cVw4S9Q_709682_717340.wav,AndreaLeoni_UCdbyTLnpabuuCPLuYbTZg_jfi4cVw4S9Q,709682,717340,7658
AndreaLeoni_UCdbyTLnpabuuCPLuYbTZg_jfi4cVw4S9Q_717492_725680.wav,AndreaLeoni_UCdbyTLnpabuuCPLuYbTZg_jfi4cVw4S9Q,717492,725680,8188
AndreaLeoni_UCdbyTLnpabuuCPLuYbTZg_jfi4cVw4S9Q_725840_728328.wav,AndreaLeoni_UCdbyTLnpabuuCPLuYbTZg_jfi4cVw4S9Q,725840,728328,2488
AndreaLeoni_UCdbyTLnpabuuCPLuYbTZg_jfi4cVw4S9Q_728796_730164.wav,AndreaLeoni_UCdbyTLnpabuuCPLuYbTZg_jfi4cVw4S9Q,728796,730164,1368
AndreaLeoni_UCdbyTLnpabuuCPLuYbTZg_jfi4cVw4S9Q_730268_732124.wav,AndreaLeoni_UCdbyTLnpabuuCPLuYbTZg_jfi4cVw4S9Q,730268,732124,1856
AndreaLeoni_UCdbyTLnpabuuCPLuYbTZg_jfi4cVw4S9Q_732252_735604.wav,AndreaLeoni_UCdbyTLnpabuuCPLuYbTZg_jfi4cVw4S9Q,732252,735604,3352
AndreaLeoni_UCdbyTLnpabuuCPLuYbTZg_jfi4cVw4S9Q_735708_744024.wav,AndreaLeoni_UCdbyTLnpabuuCPLuYbTZg_jfi4cVw4S9Q,735708,744024,8316
AndreaLeoni_UCdbyTLnpabuuCPLuYbTZg_jfi4cVw4S9Q_746744_753720.wav,AndreaLeoni_UCdbyTLnpabuuCPLuYbTZg_jfi4cVw4S9Q,746744,753720,6976
AndreaLeoni_UCdbyTLnpabuuCPLuYbTZg_jfi4cVw4S9Q_753984_756624.wav,AndreaLeoni_UCdbyTLnpabuuCPLuYbTZg_jfi4cVw4S9Q,753984,756624,2640
AndreaLeoni_UCdbyTLnpabuuCPLuYbTZg_jfi4cVw4S9Q_756984_758140.wav,AndreaLeoni_UCdbyTLnpabuuCPLuYbTZg_jfi4cVw4S9Q,756984,758140,1156
AndreaLeoni_UCdbyTLnpabuuCPLuYbTZg_jfi4cVw4S9Q_758276_759068.wav,AndreaLeoni_UCdbyTLnpabuuCPLuYbTZg_jfi4cVw4S9Q,758276,759068,792
AndreaLeoni_UCdbyTLnpabuuCPLuYbTZg_jfi4cVw4S9Q_759260_763724.wav,AndreaLeoni_UCdbyTLnpabuuCPLuYbTZg_jfi4cVw4S9Q,759260,763724,4464
AndreaLeoni_UCdbyTLnpabuuCPLuYbTZg_jfi4cVw4S9Q_763836_767732.wav,AndreaLeoni_UCdbyTLnpabuuCPLuYbTZg_jfi4cVw4S9Q,763836,767732,3896
AndreaLeoni_UCdbyTLnpabuuCPLuYbTZg_jfi4cVw4S9Q_767932_768656.wav,AndreaLeoni_UCdbyTLnpabuuCPLuYbTZg_jfi4cVw4S9Q,767932,768656,724
AndreaLeoni_UCdbyTLnpabuuCPLuYbTZg_jfi4cVw4S9Q_768912_775576.wav,AndreaLeoni_UCdbyTLnpabuuCPLuYbTZg_jfi4cVw4S9Q,768912,775576,6664
AndreaLeoni_UCdbyTLnpabuuCPLuYbTZg_jfi4cVw4S9Q_775720_780480.wav,AndreaLeoni_UCdbyTLnpabuuCPLuYbTZg_jfi4cVw4S9Q,775720,780480,4760
AndreaLeoni_UCdbyTLnpabuuCPLuYbTZg_jfi4cVw4S9Q_780752_783200.wav,AndreaLeoni_UCdbyTLnpabuuCPLuYbTZg_jfi4cVw4S9Q,780752,783200,2448
AndreaLeoni_UCdbyTLnpabuuCPLuYbTZg_jfi4cVw4S9Q_783520_789900.wav,AndreaLeoni_UCdbyTLnpabuuCPLuYbTZg_jfi4cVw4S9Q,783520,789900,6380
AndreaLeoni_UCdbyTLnpabuuCPLuYbTZg_jfi4cVw4S9Q_790148_791028.wav,AndreaLeoni_UCdbyTLnpabuuCPLuYbTZg_jfi4cVw4S9Q,790148,791028,880
AndreaLeoni_UCdbyTLnpabuuCPLuYbTZg_jfi4cVw4S9Q_791212_798132.wav,AndreaLeoni_UCdbyTLnpabuuCPLuYbTZg_jfi4cVw4S9Q,791212,798132,6920
AndreaLeoni_UCdbyTLnpabuuCPLuYbTZg_jfi4cVw4S9Q_798252_803928.wav,AndreaLeoni_UCdbyTLnpabuuCPLuYbTZg_jfi4cVw4S9Q,798252,803928,5676
AndreaLeoni_UCdbyTLnpabuuCPLuYbTZg_jfi4cVw4S9Q_804288_810888.wav,AndreaLeoni_UCdbyTLnpabuuCPLuYbTZg_jfi4cVw4S9Q,804288,810888,6600
AndreaLeoni_UCdbyTLnpabuuCPLuYbTZg_jfi4cVw4S9Q_811048_811752.wav,AndreaLeoni_UCdbyTLnpabuuCPLuYbTZg_jfi4cVw4S9Q,811048,811752,704
AndreaLeoni_UCdbyTLnpabuuCPLuYbTZg_jfi4cVw4S9Q_811904_814808.wav,AndreaLeoni_UCdbyTLnpabuuCPLuYbTZg_jfi4cVw4S9Q,811904,814808,2904
AndreaLeoni_UCdbyTLnpabuuCPLuYbTZg_jfi4cVw4S9Q_814936_821200.wav,AndreaLeoni_UCdbyTLnpabuuCPLuYbTZg_jfi4cVw4S9Q,814936,821200,6264
AndreaLeoni_UCdbyTLnpabuuCPLuYbTZg_jfi4cVw4S9Q_821432_822176.wav,AndreaLeoni_UCdbyTLnpabuuCPLuYbTZg_jfi4cVw4S9Q,821432,822176,744
AndreaLeoni_UCdbyTLnpabuuCPLuYbTZg_jfi4cVw4S9Q_822296_823248.wav,AndreaLeoni_UCdbyTLnpabuuCPLuYbTZg_jfi4cVw4S9Q,822296,823248,952
AndreaLeoni_UCdbyTLnpabuuCPLuYbTZg_jfi4cVw4S9Q_823672_827376.wav,AndreaLeoni_UCdbyTLnpabuuCPLuYbTZg_jfi4cVw4S9Q,823672,827376,3704
AndreaLeoni_UCdbyTLnpabuuCPLuYbTZg_jfi4cVw4S9Q_827512_827800.wav,AndreaLeoni_UCdbyTLnpabuuCPLuYbTZg_jfi4cVw4S9Q,827512,827800,288
AndreaLeoni_UCdbyTLnpabuuCPLuYbTZg_jfi4cVw4S9Q_827952_830168.wav,AndreaLeoni_UCdbyTLnpabuuCPLuYbTZg_jfi4cVw4S9Q,827952,830168,2216
AndreaLeoni_UCdbyTLnpabuuCPLuYbTZg_jfi4cVw4S9Q_830272_830520.wav,AndreaLeoni_UCdbyTLnpabuuCPLuYbTZg_jfi4cVw4S9Q,830272,830520,248
AndreaLeoni_UCdbyTLnpabuuCPLuYbTZg_jfi4cVw4S9Q_830776_837912.wav,AndreaLeoni_UCdbyTLnpabuuCPLuYbTZg_jfi4cVw4S9Q,830776,837912,7136
AndreaLeoni_UCdbyTLnpabuuCPLuYbTZg_jfi4cVw4S9Q_838080_842712.wav,AndreaLeoni_UCdbyTLnpabuuCPLuYbTZg_jfi4cVw4S9Q,838080,842712,4632
AndreaLeoni_UCdbyTLnpabuuCPLuYbTZg_jfi4cVw4S9Q_842864_843096.wav,AndreaLeoni_UCdbyTLnpabuuCPLuYbTZg_jfi4cVw4S9Q,842864,843096,232
AndreaLeoni_UCdbyTLnpabuuCPLuYbTZg_jfi4cVw4S9Q_843280_851368.wav,AndreaLeoni_UCdbyTLnpabuuCPLuYbTZg_jfi4cVw4S9Q,843280,851368,8088
AndreaLeoni_UCdbyTLnpabuuCPLuYbTZg_jfi4cVw4S9Q_851744_852824.wav,AndreaLeoni_UCdbyTLnpabuuCPLuYbTZg_jfi4cVw4S9Q,851744,852824,1080
AndreaLeoni_UCdbyTLnpabuuCPLuYbTZg_jfi4cVw4S9Q_853072_858184.wav,AndreaLeoni_UCdbyTLnpabuuCPLuYbTZg_jfi4cVw4S9Q,853072,858184,5112
AndreaLeoni_UCdbyTLnpabuuCPLuYbTZg_jfi4cVw4S9Q_858336_860744.wav,AndreaLeoni_UCdbyTLnpabuuCPLuYbTZg_jfi4cVw4S9Q,858336,860744,2408
AndreaLeoni_UCdbyTLnpabuuCPLuYbTZg_jfi4cVw4S9Q_860848_863872.wav,AndreaLeoni_UCdbyTLnpabuuCPLuYbTZg_jfi4cVw4S9Q,860848,863872,3024
AndreaLeoni_UCdbyTLnpabuuCPLuYbTZg_jfi4cVw4S9Q_863976_864688.wav,AndreaLeoni_UCdbyTLnpabuuCPLuYbTZg_jfi4cVw4S9Q,863976,864688,712
AndreaLeoni_UCdbyTLnpabuuCPLuYbTZg_jfi4cVw4S9Q_864792_868000.wav,AndreaLeoni_UCdbyTLnpabuuCPLuYbTZg_jfi4cVw4S9Q,864792,868000,3208
AndreaLeoni_UCdbyTLnpabuuCPLuYbTZg_jfi4cVw4S9Q_868144_868520.wav,AndreaLeoni_UCdbyTLnpabuuCPLuYbTZg_jfi4cVw4S9Q,868144,868520,376
AndreaLeoni_UCdbyTLnpabuuCPLuYbTZg_jfi4cVw4S9Q_868760_873832.wav,AndreaLeoni_UCdbyTLnpabuuCPLuYbTZg_jfi4cVw4S9Q,868760,873832,5072
AndreaLeoni_UCdbyTLnpabuuCPLuYbTZg_jfi4cVw4S9Q_874304_874456.wav,AndreaLeoni_UCdbyTLnpabuuCPLuYbTZg_jfi4cVw4S9Q,874304,874456,152
AndreaLeoni_UCdbyTLnpabuuCPLuYbTZg_jfi4cVw4S9Q_875016_880848.wav,AndreaLeoni_UCdbyTLnpabuuCPLuYbTZg_jfi4cVw4S9Q,875016,880848,5832
