filename,video_id,start_time,end_time,duration
AndreaLeoni_UCdbyTLnpabuuCPLuYbTZg_jfi4cVw4S9Q_0_3552.wav,AndreaLeoni_UCdbyTLnpabuuCPLuYbTZg_jfi4cVw4S9Q,0,3552,3552
AndreaLeoni_UCdbyTLnpabuuCPLuYbTZg_jfi4cVw4S9Q_3712_4792.wav,AndreaLeoni_UCdbyTLnpabuuCPLuYbTZg_jfi4cVw4S9Q,3712,4792,1080
AndreaLeoni_UCdbyTLnpabuuCPLuYbTZg_jfi4cVw4S9Q_4960_8952.wav,AndreaLeoni_UCdbyTLnpabuuCPLuYbTZg_jfi4cVw4S9Q,4960,8952,3992
AndreaLeoni_UCdbyTLnpabuuCPLuYbTZg_jfi4cVw4S9Q_9920_13428.wav,AndreaLeoni_UCdbyTLnpabuuCPLuYbTZg_jfi4cVw4S9Q,9920,13428,3508
AndreaLeoni_UCdbyTLnpabuuCPLuYbTZg_jfi4cVw4S9Q_13612_17592.wav,AndreaLeoni_UCdbyTLnpabuuCPLuYbTZg_jfi4cVw4S9Q,13612,17592,3980
AndreaLeoni_UCdbyTLnpabuuCPLuYbTZg_jfi4cVw4S9Q_17968_24872.wav,AndreaLeoni_UCdbyTLnpabuuCPLuYbTZg_jfi4cVw4S9Q,17968,24872,6904
AndreaLeoni_UCdbyTLnpabuuCPLuYbTZg_jfi4cVw4S9Q_25280_34760.wav,AndreaLeoni_UCdbyTLnpabuuCPLuYbTZg_jfi4cVw4S9Q,25280,34760,9480
AndreaLeoni_UCdbyTLnpabuuCPLuYbTZg_jfi4cVw4S9Q_36840_39264.wav,AndreaLeoni_UCdbyTLnpabuuCPLuYbTZg_jfi4cVw4S9Q,36840,39264,2424
AndreaLeoni_UCdbyTLnpabuuCPLuYbTZg_jfi4cVw4S9Q_41680_50008.wav,AndreaLeoni_UCdbyTLnpabuuCPLuYbTZg_jfi4cVw4S9Q,41680,50008,8328
AndreaLeoni_UCdbyTLnpabuuCPLuYbTZg_jfi4cVw4S9Q_50328_53112.wav,AndreaLeoni_UCdbyTLnpabuuCPLuYbTZg_jfi4cVw4S9Q,50328,53112,2784
AndreaLeoni_UCdbyTLnpabuuCPLuYbTZg_jfi4cVw4S9Q_58584_69540.wav,AndreaLeoni_UCdbyTLnpabuuCPLuYbTZg_jfi4cVw4S9Q,58584,69540,10956
AndreaLeoni_UCdbyTLnpabuuCPLuYbTZg_jfi4cVw4S9Q_69652_77216.wav,AndreaLeoni_UCdbyTLnpabuuCPLuYbTZg_jfi4cVw4S9Q,69652,77216,7564
AndreaLeoni_UCdbyTLnpabuuCPLuYbTZg_jfi4cVw4S9Q_77344_81272.wav,AndreaLeoni_UCdbyTLnpabuuCPLuYbTZg_jfi4cVw4S9Q,77344,81272,3928
AndreaLeoni_UCdbyTLnpabuuCPLuYbTZg_jfi4cVw4S9Q_81912_88602.wav,AndreaLeoni_UCdbyTLnpabuuCPLuYbTZg_jfi4cVw4S9Q,81912,88602,6690
AndreaLeoni_UCdbyTLnpabuuCPLuYbTZg_jfi4cVw4S9Q_88762_91106.wav,AndreaLeoni_UCdbyTLnpabuuCPLuYbTZg_jfi4cVw4S9Q,88762,91106,2344
AndreaLeoni_UCdbyTLnpabuuCPLuYbTZg_jfi4cVw4S9Q_91282_92636.wav,AndreaLeoni_UCdbyTLnpabuuCPLuYbTZg_jfi4cVw4S9Q,91282,92636,1354
AndreaLeoni_UCdbyTLnpabuuCPLuYbTZg_jfi4cVw4S9Q_92868_93616.wav,AndreaLeoni_UCdbyTLnpabuuCPLuYbTZg_jfi4cVw4S9Q,92868,93616,748
AndreaLeoni_UCdbyTLnpabuuCPLuYbTZg_jfi4cVw4S9Q_93952_95544.wav,AndreaLeoni_UCdbyTLnpabuuCPLuYbTZg_jfi4cVw4S9Q,93952,95544,1592
AndreaLeoni_UCdbyTLnpabuuCPLuYbTZg_jfi4cVw4S9Q_95760_108708.wav,AndreaLeoni_UCdbyTLnpabuuCPLuYbTZg_jfi4cVw4S9Q,95760,108708,12948
AndreaLeoni_UCdbyTLnpabuuCPLuYbTZg_jfi4cVw4S9Q_108852_111112.wav,AndreaLeoni_UCdbyTLnpabuuCPLuYbTZg_jfi4cVw4S9Q,108852,111112,2260
AndreaLeoni_UCdbyTLnpabuuCPLuYbTZg_jfi4cVw4S9Q_111408_117760.wav,AndreaLeoni_UCdbyTLnpabuuCPLuYbTZg_jfi4cVw4S9Q,111408,117760,6352
AndreaLeoni_UCdbyTLnpabuuCPLuYbTZg_jfi4cVw4S9Q_118032_124936.wav,AndreaLeoni_UCdbyTLnpabuuCPLuYbTZg_jfi4cVw4S9Q,118032,124936,6904
AndreaLeoni_UCdbyTLnpabuuCPLuYbTZg_jfi4cVw4S9Q_125200_128680.wav,AndreaLeoni_UCdbyTLnpabuuCPLuYbTZg_jfi4cVw4S9Q,125200,128680,3480
AndreaLeoni_UCdbyTLnpabuuCPLuYbTZg_jfi4cVw4S9Q_128816_137048.wav,AndreaLeoni_UCdbyTLnpabuuCPLuYbTZg_jfi4cVw4S9Q,128816,137048,8232
AndreaLeoni_UCdbyTLnpabuuCPLuYbTZg_jfi4cVw4S9Q_137184_137752.wav,AndreaLeoni_UCdbyTLnpabuuCPLuYbTZg_jfi4cVw4S9Q,137184,137752,568
AndreaLeoni_UCdbyTLnpabuuCPLuYbTZg_jfi4cVw4S9Q_137840_155224.wav,AndreaLeoni_UCdbyTLnpabuuCPLuYbTZg_jfi4cVw4S9Q,137840,155224,17384
AndreaLeoni_UCdbyTLnpabuuCPLuYbTZg_jfi4cVw4S9Q_155496_156696.wav,AndreaLeoni_UCdbyTLnpabuuCPLuYbTZg_jfi4cVw4S9Q,155496,156696,1200
AndreaLeoni_UCdbyTLnpabuuCPLuYbTZg_jfi4cVw4S9Q_161208_162780.wav,AndreaLeoni_UCdbyTLnpabuuCPLuYbTZg_jfi4cVw4S9Q,161208,162780,1572
AndreaLeoni_UCdbyTLnpabuuCPLuYbTZg_jfi4cVw4S9Q_162908_172200.wav,AndreaLeoni_UCdbyTLnpabuuCPLuYbTZg_jfi4cVw4S9Q,162908,172200,9292
AndreaLeoni_UCdbyTLnpabuuCPLuYbTZg_jfi4cVw4S9Q_172384_172592.wav,AndreaLeoni_UCdbyTLnpabuuCPLuYbTZg_jfi4cVw4S9Q,172384,172592,208
AndreaLeoni_UCdbyTLnpabuuCPLuYbTZg_jfi4cVw4S9Q_172752_186180.wav,AndreaLeoni_UCdbyTLnpabuuCPLuYbTZg_jfi4cVw4S9Q,172752,186180,13428
AndreaLeoni_UCdbyTLnpabuuCPLuYbTZg_jfi4cVw4S9Q_186324_188824.wav,AndreaLeoni_UCdbyTLnpabuuCPLuYbTZg_jfi4cVw4S9Q,186324,188824,2500
AndreaLeoni_UCdbyTLnpabuuCPLuYbTZg_jfi4cVw4S9Q_189128_194384.wav,AndreaLeoni_UCdbyTLnpabuuCPLuYbTZg_jfi4cVw4S9Q,189128,194384,5256
AndreaLeoni_UCdbyTLnpabuuCPLuYbTZg_jfi4cVw4S9Q_194584_200968.wav,AndreaLeoni_UCdbyTLnpabuuCPLuYbTZg_jfi4cVw4S9Q,194584,200968,6384
AndreaLeoni_UCdbyTLnpabuuCPLuYbTZg_jfi4cVw4S9Q_201200_203480.wav,AndreaLeoni_UCdbyTLnpabuuCPLuYbTZg_jfi4cVw4S9Q,201200,203480,2280
AndreaLeoni_UCdbyTLnpabuuCPLuYbTZg_jfi4cVw4S9Q_203888_208608.wav,AndreaLeoni_UCdbyTLnpabuuCPLuYbTZg_jfi4cVw4S9Q,203888,208608,4720
AndreaLeoni_UCdbyTLnpabuuCPLuYbTZg_jfi4cVw4S9Q_208776_216624.wav,AndreaLeoni_UCdbyTLnpabuuCPLuYbTZg_jfi4cVw4S9Q,208776,216624,7848
AndreaLeoni_UCdbyTLnpabuuCPLuYbTZg_jfi4cVw4S9Q_216784_226588.wav,AndreaLeoni_UCdbyTLnpabuuCPLuYbTZg_jfi4cVw4S9Q,216784,226588,9804
AndreaLeoni_UCdbyTLnpabuuCPLuYbTZg_jfi4cVw4S9Q_226732_228108.wav,AndreaLeoni_UCdbyTLnpabuuCPLuYbTZg_jfi4cVw4S9Q,226732,228108,1376
AndreaLeoni_UCdbyTLnpabuuCPLuYbTZg_jfi4cVw4S9Q_228244_237590.wav,AndreaLeoni_UCdbyTLnpabuuCPLuYbTZg_jfi4cVw4S9Q,228244,237590,9346
AndreaLeoni_UCdbyTLnpabuuCPLuYbTZg_jfi4cVw4S9Q_237702_243696.wav,AndreaLeoni_UCdbyTLnpabuuCPLuYbTZg_jfi4cVw4S9Q,237702,243696,5994
AndreaLeoni_UCdbyTLnpabuuCPLuYbTZg_jfi4cVw4S9Q_244096_245096.wav,AndreaLeoni_UCdbyTLnpabuuCPLuYbTZg_jfi4cVw4S9Q,244096,245096,1000
AndreaLeoni_UCdbyTLnpabuuCPLuYbTZg_jfi4cVw4S9Q_245400_248682.wav,AndreaLeoni_UCdbyTLnpabuuCPLuYbTZg_jfi4cVw4S9Q,245400,248682,3282
AndreaLeoni_UCdbyTLnpabuuCPLuYbTZg_jfi4cVw4S9Q_248898_255171.wav,AndreaLeoni_UCdbyTLnpabuuCPLuYbTZg_jfi4cVw4S9Q,248898,255171,6273
AndreaLeoni_UCdbyTLnpabuuCPLuYbTZg_jfi4cVw4S9Q_255322_256739.wav,AndreaLeoni_UCdbyTLnpabuuCPLuYbTZg_jfi4cVw4S9Q,255322,256739,1417
AndreaLeoni_UCdbyTLnpabuuCPLuYbTZg_jfi4cVw4S9Q_256827_270731.wav,AndreaLeoni_UCdbyTLnpabuuCPLuYbTZg_jfi4cVw4S9Q,256827,270731,13904
AndreaLeoni_UCdbyTLnpabuuCPLuYbTZg_jfi4cVw4S9Q_270891_273564.wav,AndreaLeoni_UCdbyTLnpabuuCPLuYbTZg_jfi4cVw4S9Q,270891,273564,2673
AndreaLeoni_UCdbyTLnpabuuCPLuYbTZg_jfi4cVw4S9Q_273732_278988.wav,AndreaLeoni_UCdbyTLnpabuuCPLuYbTZg_jfi4cVw4S9Q,273732,278988,5256
AndreaLeoni_UCdbyTLnpabuuCPLuYbTZg_jfi4cVw4S9Q_279196_282612.wav,AndreaLeoni_UCdbyTLnpabuuCPLuYbTZg_jfi4cVw4S9Q,279196,282612,3416
AndreaLeoni_UCdbyTLnpabuuCPLuYbTZg_jfi4cVw4S9Q_282780_287552.wav,AndreaLeoni_UCdbyTLnpabuuCPLuYbTZg_jfi4cVw4S9Q,282780,287552,4772
AndreaLeoni_UCdbyTLnpabuuCPLuYbTZg_jfi4cVw4S9Q_287704_288752.wav,AndreaLeoni_UCdbyTLnpabuuCPLuYbTZg_jfi4cVw4S9Q,287704,288752,1048
AndreaLeoni_UCdbyTLnpabuuCPLuYbTZg_jfi4cVw4S9Q_288904_292812.wav,AndreaLeoni_UCdbyTLnpabuuCPLuYbTZg_jfi4cVw4S9Q,288904,292812,3908
AndreaLeoni_UCdbyTLnpabuuCPLuYbTZg_jfi4cVw4S9Q_293028_298424.wav,AndreaLeoni_UCdbyTLnpabuuCPLuYbTZg_jfi4cVw4S9Q,293028,298424,5396
AndreaLeoni_UCdbyTLnpabuuCPLuYbTZg_jfi4cVw4S9Q_298704_307188.wav,AndreaLeoni_UCdbyTLnpabuuCPLuYbTZg_jfi4cVw4S9Q,298704,307188,8484
AndreaLeoni_UCdbyTLnpabuuCPLuYbTZg_jfi4cVw4S9Q_307332_310816.wav,AndreaLeoni_UCdbyTLnpabuuCPLuYbTZg_jfi4cVw4S9Q,307332,310816,3484
AndreaLeoni_UCdbyTLnpabuuCPLuYbTZg_jfi4cVw4S9Q_311120_315236.wav,AndreaLeoni_UCdbyTLnpabuuCPLuYbTZg_jfi4cVw4S9Q,311120,315236,4116
AndreaLeoni_UCdbyTLnpabuuCPLuYbTZg_jfi4cVw4S9Q_315396_322312.wav,AndreaLeoni_UCdbyTLnpabuuCPLuYbTZg_jfi4cVw4S9Q,315396,322312,6916
AndreaLeoni_UCdbyTLnpabuuCPLuYbTZg_jfi4cVw4S9Q_322680_328944.wav,AndreaLeoni_UCdbyTLnpabuuCPLuYbTZg_jfi4cVw4S9Q,322680,328944,6264
AndreaLeoni_UCdbyTLnpabuuCPLuYbTZg_jfi4cVw4S9Q_329224_333488.wav,AndreaLeoni_UCdbyTLnpabuuCPLuYbTZg_jfi4cVw4S9Q,329224,333488,4264
AndreaLeoni_UCdbyTLnpabuuCPLuYbTZg_jfi4cVw4S9Q_333744_344552.wav,AndreaLeoni_UCdbyTLnpabuuCPLuYbTZg_jfi4cVw4S9Q,333744,344552,10808
AndreaLeoni_UCdbyTLnpabuuCPLuYbTZg_jfi4cVw4S9Q_344680_345824.wav,AndreaLeoni_UCdbyTLnpabuuCPLuYbTZg_jfi4cVw4S9Q,344680,345824,1144
AndreaLeoni_UCdbyTLnpabuuCPLuYbTZg_jfi4cVw4S9Q_345952_351728.wav,AndreaLeoni_UCdbyTLnpabuuCPLuYbTZg_jfi4cVw4S9Q,345952,351728,5776
AndreaLeoni_UCdbyTLnpabuuCPLuYbTZg_jfi4cVw4S9Q_351888_364808.wav,AndreaLeoni_UCdbyTLnpabuuCPLuYbTZg_jfi4cVw4S9Q,351888,364808,12920
AndreaLeoni_UCdbyTLnpabuuCPLuYbTZg_jfi4cVw4S9Q_364960_367800.wav,AndreaLeoni_UCdbyTLnpabuuCPLuYbTZg_jfi4cVw4S9Q,364960,367800,2840
AndreaLeoni_UCdbyTLnpabuuCPLuYbTZg_jfi4cVw4S9Q_368040_381008.wav,AndreaLeoni_UCdbyTLnpabuuCPLuYbTZg_jfi4cVw4S9Q,368040,381008,12968
AndreaLeoni_UCdbyTLnpabuuCPLuYbTZg_jfi4cVw4S9Q_381264_382312.wav,AndreaLeoni_UCdbyTLnpabuuCPLuYbTZg_jfi4cVw4S9Q,381264,382312,1048
AndreaLeoni_UCdbyTLnpabuuCPLuYbTZg_jfi4cVw4S9Q_384760_391704.wav,AndreaLeoni_UCdbyTLnpabuuCPLuYbTZg_jfi4cVw4S9Q,384760,391704,6944
AndreaLeoni_UCdbyTLnpabuuCPLuYbTZg_jfi4cVw4S9Q_392064_394952.wav,AndreaLeoni_UCdbyTLnpabuuCPLuYbTZg_jfi4cVw4S9Q,392064,394952,2888
AndreaLeoni_UCdbyTLnpabuuCPLuYbTZg_jfi4cVw4S9Q_395168_404080.wav,AndreaLeoni_UCdbyTLnpabuuCPLuYbTZg_jfi4cVw4S9Q,395168,404080,8912
AndreaLeoni_UCdbyTLnpabuuCPLuYbTZg_jfi4cVw4S9Q_404432_409544.wav,AndreaLeoni_UCdbyTLnpabuuCPLuYbTZg_jfi4cVw4S9Q,404432,409544,5112
AndreaLeoni_UCdbyTLnpabuuCPLuYbTZg_jfi4cVw4S9Q_409800_410788.wav,AndreaLeoni_UCdbyTLnpabuuCPLuYbTZg_jfi4cVw4S9Q,409800,410788,988
AndreaLeoni_UCdbyTLnpabuuCPLuYbTZg_jfi4cVw4S9Q_410892_424852.wav,AndreaLeoni_UCdbyTLnpabuuCPLuYbTZg_jfi4cVw4S9Q,410892,424852,13960
AndreaLeoni_UCdbyTLnpabuuCPLuYbTZg_jfi4cVw4S9Q_424964_427664.wav,AndreaLeoni_UCdbyTLnpabuuCPLuYbTZg_jfi4cVw4S9Q,424964,427664,2700
AndreaLeoni_UCdbyTLnpabuuCPLuYbTZg_jfi4cVw4S9Q_428040_431170.wav,AndreaLeoni_UCdbyTLnpabuuCPLuYbTZg_jfi4cVw4S9Q,428040,431170,3130
AndreaLeoni_UCdbyTLnpabuuCPLuYbTZg_jfi4cVw4S9Q_431362_438010.wav,AndreaLeoni_UCdbyTLnpabuuCPLuYbTZg_jfi4cVw4S9Q,431362,438010,6648
AndreaLeoni_UCdbyTLnpabuuCPLuYbTZg_jfi4cVw4S9Q_438170_439564.wav,AndreaLeoni_UCdbyTLnpabuuCPLuYbTZg_jfi4cVw4S9Q,438170,439564,1394
AndreaLeoni_UCdbyTLnpabuuCPLuYbTZg_jfi4cVw4S9Q_439788_444068.wav,AndreaLeoni_UCdbyTLnpabuuCPLuYbTZg_jfi4cVw4S9Q,439788,444068,4280
AndreaLeoni_UCdbyTLnpabuuCPLuYbTZg_jfi4cVw4S9Q_444228_448452.wav,AndreaLeoni_UCdbyTLnpabuuCPLuYbTZg_jfi4cVw4S9Q,444228,448452,4224
AndreaLeoni_UCdbyTLnpabuuCPLuYbTZg_jfi4cVw4S9Q_448652_450549.wav,AndreaLeoni_UCdbyTLnpabuuCPLuYbTZg_jfi4cVw4S9Q,448652,450549,1897
AndreaLeoni_UCdbyTLnpabuuCPLuYbTZg_jfi4cVw4S9Q_450717_458870.wav,AndreaLeoni_UCdbyTLnpabuuCPLuYbTZg_jfi4cVw4S9Q,450717,458870,8153
AndreaLeoni_UCdbyTLnpabuuCPLuYbTZg_jfi4cVw4S9Q_459054_463486.wav,AndreaLeoni_UCdbyTLnpabuuCPLuYbTZg_jfi4cVw4S9Q,459054,463486,4432
AndreaLeoni_UCdbyTLnpabuuCPLuYbTZg_jfi4cVw4S9Q_463678_463854.wav,AndreaLeoni_UCdbyTLnpabuuCPLuYbTZg_jfi4cVw4S9Q,463678,463854,176
AndreaLeoni_UCdbyTLnpabuuCPLuYbTZg_jfi4cVw4S9Q_464054_467246.wav,AndreaLeoni_UCdbyTLnpabuuCPLuYbTZg_jfi4cVw4S9Q,464054,467246,3192
AndreaLeoni_UCdbyTLnpabuuCPLuYbTZg_jfi4cVw4S9Q_467398_470576.wav,AndreaLeoni_UCdbyTLnpabuuCPLuYbTZg_jfi4cVw4S9Q,467398,470576,3178
AndreaLeoni_UCdbyTLnpabuuCPLuYbTZg_jfi4cVw4S9Q_470840_477256.wav,AndreaLeoni_UCdbyTLnpabuuCPLuYbTZg_jfi4cVw4S9Q,470840,477256,6416
AndreaLeoni_UCdbyTLnpabuuCPLuYbTZg_jfi4cVw4S9Q_477536_491360.wav,AndreaLeoni_UCdbyTLnpabuuCPLuYbTZg_jfi4cVw4S9Q,477536,491360,13824
AndreaLeoni_UCdbyTLnpabuuCPLuYbTZg_jfi4cVw4S9Q_491512_491632.wav,AndreaLeoni_UCdbyTLnpabuuCPLuYbTZg_jfi4cVw4S9Q,491512,491632,120
AndreaLeoni_UCdbyTLnpabuuCPLuYbTZg_jfi4cVw4S9Q_494240_505976.wav,AndreaLeoni_UCdbyTLnpabuuCPLuYbTZg_jfi4cVw4S9Q,494240,505976,11736
AndreaLeoni_UCdbyTLnpabuuCPLuYbTZg_jfi4cVw4S9Q_506056_507064.wav,AndreaLeoni_UCdbyTLnpabuuCPLuYbTZg_jfi4cVw4S9Q,506056,507064,1008
AndreaLeoni_UCdbyTLnpabuuCPLuYbTZg_jfi4cVw4S9Q_507152_512433.wav,AndreaLeoni_UCdbyTLnpabuuCPLuYbTZg_jfi4cVw4S9Q,507152,512433,5281
AndreaLeoni_UCdbyTLnpabuuCPLuYbTZg_jfi4cVw4S9Q_512569_526202.wav,AndreaLeoni_UCdbyTLnpabuuCPLuYbTZg_jfi4cVw4S9Q,512569,526202,13633
AndreaLeoni_UCdbyTLnpabuuCPLuYbTZg_jfi4cVw4S9Q_526354_526572.wav,AndreaLeoni_UCdbyTLnpabuuCPLuYbTZg_jfi4cVw4S9Q,526354,526572,218
AndreaLeoni_UCdbyTLnpabuuCPLuYbTZg_jfi4cVw4S9Q_526748_530716.wav,AndreaLeoni_UCdbyTLnpabuuCPLuYbTZg_jfi4cVw4S9Q,526748,530716,3968
AndreaLeoni_UCdbyTLnpabuuCPLuYbTZg_jfi4cVw4S9Q_530884_542270.wav,AndreaLeoni_UCdbyTLnpabuuCPLuYbTZg_jfi4cVw4S9Q,530884,542270,11386
AndreaLeoni_UCdbyTLnpabuuCPLuYbTZg_jfi4cVw4S9Q_542366_546688.wav,AndreaLeoni_UCdbyTLnpabuuCPLuYbTZg_jfi4cVw4S9Q,542366,546688,4322
AndreaLeoni_UCdbyTLnpabuuCPLuYbTZg_jfi4cVw4S9Q_546792_547956.wav,AndreaLeoni_UCdbyTLnpabuuCPLuYbTZg_jfi4cVw4S9Q,546792,547956,1164
AndreaLeoni_UCdbyTLnpabuuCPLuYbTZg_jfi4cVw4S9Q_548124_558220.wav,AndreaLeoni_UCdbyTLnpabuuCPLuYbTZg_jfi4cVw4S9Q,548124,558220,10096
AndreaLeoni_UCdbyTLnpabuuCPLuYbTZg_jfi4cVw4S9Q_558396_558852.wav,AndreaLeoni_UCdbyTLnpabuuCPLuYbTZg_jfi4cVw4S9Q,558396,558852,456
AndreaLeoni_UCdbyTLnpabuuCPLuYbTZg_jfi4cVw4S9Q_559012_560144.wav,AndreaLeoni_UCdbyTLnpabuuCPLuYbTZg_jfi4cVw4S9Q,559012,560144,1132
AndreaLeoni_UCdbyTLnpabuuCPLuYbTZg_jfi4cVw4S9Q_560504_565560.wav,AndreaLeoni_UCdbyTLnpabuuCPLuYbTZg_jfi4cVw4S9Q,560504,565560,5056
AndreaLeoni_UCdbyTLnpabuuCPLuYbTZg_jfi4cVw4S9Q_565744_567144.wav,AndreaLeoni_UCdbyTLnpabuuCPLuYbTZg_jfi4cVw4S9Q,565744,567144,1400
AndreaLeoni_UCdbyTLnpabuuCPLuYbTZg_jfi4cVw4S9Q_567320_573784.wav,AndreaLeoni_UCdbyTLnpabuuCPLuYbTZg_jfi4cVw4S9Q,567320,573784,6464
AndreaLeoni_UCdbyTLnpabuuCPLuYbTZg_jfi4cVw4S9Q_574152_575032.wav,AndreaLeoni_UCdbyTLnpabuuCPLuYbTZg_jfi4cVw4S9Q,574152,575032,880
AndreaLeoni_UCdbyTLnpabuuCPLuYbTZg_jfi4cVw4S9Q_575360_576020.wav,AndreaLeoni_UCdbyTLnpabuuCPLuYbTZg_jfi4cVw4S9Q,575360,576020,660
AndreaLeoni_UCdbyTLnpabuuCPLuYbTZg_jfi4cVw4S9Q_576172_577172.wav,AndreaLeoni_UCdbyTLnpabuuCPLuYbTZg_jfi4cVw4S9Q,576172,577172,1000
AndreaLeoni_UCdbyTLnpabuuCPLuYbTZg_jfi4cVw4S9Q_577324_582772.wav,AndreaLeoni_UCdbyTLnpabuuCPLuYbTZg_jfi4cVw4S9Q,577324,582772,5448
AndreaLeoni_UCdbyTLnpabuuCPLuYbTZg_jfi4cVw4S9Q_582964_593956.wav,AndreaLeoni_UCdbyTLnpabuuCPLuYbTZg_jfi4cVw4S9Q,582964,593956,10992
AndreaLeoni_UCdbyTLnpabuuCPLuYbTZg_jfi4cVw4S9Q_594132_595144.wav,AndreaLeoni_UCdbyTLnpabuuCPLuYbTZg_jfi4cVw4S9Q,594132,595144,1012
AndreaLeoni_UCdbyTLnpabuuCPLuYbTZg_jfi4cVw4S9Q_599928_605272.wav,AndreaLeoni_UCdbyTLnpabuuCPLuYbTZg_jfi4cVw4S9Q,599928,605272,5344
AndreaLeoni_UCdbyTLnpabuuCPLuYbTZg_jfi4cVw4S9Q_605424_618328.wav,AndreaLeoni_UCdbyTLnpabuuCPLuYbTZg_jfi4cVw4S9Q,605424,618328,12904
AndreaLeoni_UCdbyTLnpabuuCPLuYbTZg_jfi4cVw4S9Q_618544_621040.wav,AndreaLeoni_UCdbyTLnpabuuCPLuYbTZg_jfi4cVw4S9Q,618544,621040,2496
AndreaLeoni_UCdbyTLnpabuuCPLuYbTZg_jfi4cVw4S9Q_621304_625524.wav,AndreaLeoni_UCdbyTLnpabuuCPLuYbTZg_jfi4cVw4S9Q,621304,625524,4220
AndreaLeoni_UCdbyTLnpabuuCPLuYbTZg_jfi4cVw4S9Q_625628_639556.wav,AndreaLeoni_UCdbyTLnpabuuCPLuYbTZg_jfi4cVw4S9Q,625628,639556,13928
AndreaLeoni_UCdbyTLnpabuuCPLuYbTZg_jfi4cVw4S9Q_639660_644728.wav,AndreaLeoni_UCdbyTLnpabuuCPLuYbTZg_jfi4cVw4S9Q,639660,644728,5068
AndreaLeoni_UCdbyTLnpabuuCPLuYbTZg_jfi4cVw4S9Q_645056_651580.wav,AndreaLeoni_UCdbyTLnpabuuCPLuYbTZg_jfi4cVw4S9Q,645056,651580,6524
AndreaLeoni_UCdbyTLnpabuuCPLuYbTZg_jfi4cVw4S9Q_651740_653408.wav,AndreaLeoni_UCdbyTLnpabuuCPLuYbTZg_jfi4cVw4S9Q,651740,653408,1668
AndreaLeoni_UCdbyTLnpabuuCPLuYbTZg_jfi4cVw4S9Q_653648_662344.wav,AndreaLeoni_UCdbyTLnpabuuCPLuYbTZg_jfi4cVw4S9Q,653648,662344,8696
AndreaLeoni_UCdbyTLnpabuuCPLuYbTZg_jfi4cVw4S9Q_662568_665168.wav,AndreaLeoni_UCdbyTLnpabuuCPLuYbTZg_jfi4cVw4S9Q,662568,665168,2600
AndreaLeoni_UCdbyTLnpabuuCPLuYbTZg_jfi4cVw4S9Q_665392_674104.wav,AndreaLeoni_UCdbyTLnpabuuCPLuYbTZg_jfi4cVw4S9Q,665392,674104,8712
AndreaLeoni_UCdbyTLnpabuuCPLuYbTZg_jfi4cVw4S9Q_674400_676224.wav,AndreaLeoni_UCdbyTLnpabuuCPLuYbTZg_jfi4cVw4S9Q,674400,676224,1824
AndreaLeoni_UCdbyTLnpabuuCPLuYbTZg_jfi4cVw4S9Q_676472_679912.wav,AndreaLeoni_UCdbyTLnpabuuCPLuYbTZg_jfi4cVw4S9Q,676472,679912,3440
AndreaLeoni_UCdbyTLnpabuuCPLuYbTZg_jfi4cVw4S9Q_680104_683280.wav,AndreaLeoni_UCdbyTLnpabuuCPLuYbTZg_jfi4cVw4S9Q,680104,683280,3176
AndreaLeoni_UCdbyTLnpabuuCPLuYbTZg_jfi4cVw4S9Q_683416_694408.wav,AndreaLeoni_UCdbyTLnpabuuCPLuYbTZg_jfi4cVw4S9Q,683416,694408,10992
AndreaLeoni_UCdbyTLnpabuuCPLuYbTZg_jfi4cVw4S9Q_694512_700856.wav,AndreaLeoni_UCdbyTLnpabuuCPLuYbTZg_jfi4cVw4S9Q,694512,700856,6344
AndreaLeoni_UCdbyTLnpabuuCPLuYbTZg_jfi4cVw4S9Q_703472_709466.wav,AndreaLeoni_UCdbyTLnpabuuCPLuYbTZg_jfi4cVw4S9Q,703472,709466,5994
AndreaLeoni_UCdbyTLnpabuuCPLuYbTZg_jfi4cVw4S9Q_709682_717339.wav,AndreaLeoni_UCdbyTLnpabuuCPLuYbTZg_jfi4cVw4S9Q,709682,717339,7657
AndreaLeoni_UCdbyTLnpabuuCPLuYbTZg_jfi4cVw4S9Q_717491_728564.wav,AndreaLeoni_UCdbyTLnpabuuCPLuYbTZg_jfi4cVw4S9Q,717491,728564,11073
AndreaLeoni_UCdbyTLnpabuuCPLuYbTZg_jfi4cVw4S9Q_728796_732126.wav,AndreaLeoni_UCdbyTLnpabuuCPLuYbTZg_jfi4cVw4S9Q,728796,732126,3330
AndreaLeoni_UCdbyTLnpabuuCPLuYbTZg_jfi4cVw4S9Q_732254_744024.wav,AndreaLeoni_UCdbyTLnpabuuCPLuYbTZg_jfi4cVw4S9Q,732254,744024,11770
AndreaLeoni_UCdbyTLnpabuuCPLuYbTZg_jfi4cVw4S9Q_746744_753720.wav,AndreaLeoni_UCdbyTLnpabuuCPLuYbTZg_jfi4cVw4S9Q,746744,753720,6976
AndreaLeoni_UCdbyTLnpabuuCPLuYbTZg_jfi4cVw4S9Q_753984_756624.wav,AndreaLeoni_UCdbyTLnpabuuCPLuYbTZg_jfi4cVw4S9Q,753984,756624,2640
AndreaLeoni_UCdbyTLnpabuuCPLuYbTZg_jfi4cVw4S9Q_756984_759066.wav,AndreaLeoni_UCdbyTLnpabuuCPLuYbTZg_jfi4cVw4S9Q,756984,759066,2082
AndreaLeoni_UCdbyTLnpabuuCPLuYbTZg_jfi4cVw4S9Q_759258_767732.wav,AndreaLeoni_UCdbyTLnpabuuCPLuYbTZg_jfi4cVw4S9Q,759258,767732,8474
AndreaLeoni_UCdbyTLnpabuuCPLuYbTZg_jfi4cVw4S9Q_767932_768656.wav,AndreaLeoni_UCdbyTLnpabuuCPLuYbTZg_jfi4cVw4S9Q,767932,768656,724
AndreaLeoni_UCdbyTLnpabuuCPLuYbTZg_jfi4cVw4S9Q_768912_775576.wav,AndreaLeoni_UCdbyTLnpabuuCPLuYbTZg_jfi4cVw4S9Q,768912,775576,6664
AndreaLeoni_UCdbyTLnpabuuCPLuYbTZg_jfi4cVw4S9Q_775728_780480.wav,AndreaLeoni_UCdbyTLnpabuuCPLuYbTZg_jfi4cVw4S9Q,775728,780480,4752
AndreaLeoni_UCdbyTLnpabuuCPLuYbTZg_jfi4cVw4S9Q_780752_783200.wav,AndreaLeoni_UCdbyTLnpabuuCPLuYbTZg_jfi4cVw4S9Q,780752,783200,2448
AndreaLeoni_UCdbyTLnpabuuCPLuYbTZg_jfi4cVw4S9Q_783520_789900.wav,AndreaLeoni_UCdbyTLnpabuuCPLuYbTZg_jfi4cVw4S9Q,783520,789900,6380
AndreaLeoni_UCdbyTLnpabuuCPLuYbTZg_jfi4cVw4S9Q_790148_791030.wav,AndreaLeoni_UCdbyTLnpabuuCPLuYbTZg_jfi4cVw4S9Q,790148,791030,882
AndreaLeoni_UCdbyTLnpabuuCPLuYbTZg_jfi4cVw4S9Q_791206_803928.wav,AndreaLeoni_UCdbyTLnpabuuCPLuYbTZg_jfi4cVw4S9Q,791206,803928,12722
AndreaLeoni_UCdbyTLnpabuuCPLuYbTZg_jfi4cVw4S9Q_804288_811772.wav,AndreaLeoni_UCdbyTLnpabuuCPLuYbTZg_jfi4cVw4S9Q,804288,811772,7484
AndreaLeoni_UCdbyTLnpabuuCPLuYbTZg_jfi4cVw4S9Q_811900_814804.wav,AndreaLeoni_UCdbyTLnpabuuCPLuYbTZg_jfi4cVw4S9Q,811900,814804,2904
AndreaLeoni_UCdbyTLnpabuuCPLuYbTZg_jfi4cVw4S9Q_814940_821200.wav,AndreaLeoni_UCdbyTLnpabuuCPLuYbTZg_jfi4cVw4S9Q,814940,821200,6260
AndreaLeoni_UCdbyTLnpabuuCPLuYbTZg_jfi4cVw4S9Q_821432_823248.wav,AndreaLeoni_UCdbyTLnpabuuCPLuYbTZg_jfi4cVw4S9Q,821432,823248,1816
AndreaLeoni_UCdbyTLnpabuuCPLuYbTZg_jfi4cVw4S9Q_823672_830520.wav,AndreaLeoni_UCdbyTLnpabuuCPLuYbTZg_jfi4cVw4S9Q,823672,830520,6848
AndreaLeoni_UCdbyTLnpabuuCPLuYbTZg_jfi4cVw4S9Q_830776_843088.wav,AndreaLeoni_UCdbyTLnpabuuCPLuYbTZg_jfi4cVw4S9Q,830776,843088,12312
AndreaLeoni_UCdbyTLnpabuuCPLuYbTZg_jfi4cVw4S9Q_843288_852448.wav,AndreaLeoni_UCdbyTLnpabuuCPLuYbTZg_jfi4cVw4S9Q,843288,852448,9160
AndreaLeoni_UCdbyTLnpabuuCPLuYbTZg_jfi4cVw4S9Q_852544_856072.wav,AndreaLeoni_UCdbyTLnpabuuCPLuYbTZg_jfi4cVw4S9Q,852544,856072,3528
AndreaLeoni_UCdbyTLnpabuuCPLuYbTZg_jfi4cVw4S9Q_856160_860744.wav,AndreaLeoni_UCdbyTLnpabuuCPLuYbTZg_jfi4cVw4S9Q,856160,860744,4584
AndreaLeoni_UCdbyTLnpabuuCPLuYbTZg_jfi4cVw4S9Q_860848_863872.wav,AndreaLeoni_UCdbyTLnpabuuCPLuYbTZg_jfi4cVw4S9Q,860848,863872,3024
AndreaLeoni_UCdbyTLnpabuuCPLuYbTZg_jfi4cVw4S9Q_863976_864688.wav,AndreaLeoni_UCdbyTLnpabuuCPLuYbTZg_jfi4cVw4S9Q,863976,864688,712
AndreaLeoni_UCdbyTLnpabuuCPLuYbTZg_jfi4cVw4S9Q_864792_868000.wav,AndreaLeoni_UCdbyTLnpabuuCPLuYbTZg_jfi4cVw4S9Q,864792,868000,3208
AndreaLeoni_UCdbyTLnpabuuCPLuYbTZg_jfi4cVw4S9Q_868144_868520.wav,AndreaLeoni_UCdbyTLnpabuuCPLuYbTZg_jfi4cVw4S9Q,868144,868520,376
AndreaLeoni_UCdbyTLnpabuuCPLuYbTZg_jfi4cVw4S9Q_868760_873832.wav,AndreaLeoni_UCdbyTLnpabuuCPLuYbTZg_jfi4cVw4S9Q,868760,873832,5072
AndreaLeoni_UCdbyTLnpabuuCPLuYbTZg_jfi4cVw4S9Q_874304_874456.wav,AndreaLeoni_UCdbyTLnpabuuCPLuYbTZg_jfi4cVw4S9Q,874304,874456,152
AndreaLeoni_UCdbyTLnpabuuCPLuYbTZg_jfi4cVw4S9Q_875016_880848.wav,AndreaLeoni_UCdbyTLnpabuuCPLuYbTZg_jfi4cVw4S9Q,875016,880848,5832
