filename,video_id,start_time,end_time,duration
MyAuthenticNature_UCDqFwauFk9tAqrctz7iWHQ_DS3XyZMo4o_648_1952.wav,MyAuthenticNature_UCDqFwauFk9tAqrctz7iWHQ_DS3XyZMo4o,648,1952,1304
MyAuthenticNature_UCDqFwauFk9tAqrctz7iWHQ_DS3XyZMo4o_2400_5000.wav,MyAuthenticNature_UCDqFwauFk9tAqrctz7iWHQ_DS3XyZMo4o,2400,5000,2600
MyAuthenticNature_UCDqFwauFk9tAqrctz7iWHQ_DS3XyZMo4o_5264_7512.wav,MyAuthenticNature_UCDqFwauFk9tAqrctz7iWHQ_DS3XyZMo4o,5264,7512,2248
MyAuthenticNature_UCDqFwauFk9tAqrctz7iWHQ_DS3XyZMo4o_7768_8648.wav,MyAuthenticNature_UCDqFwauFk9tAqrctz7iWHQ_DS3XyZMo4o,7768,8648,880
MyAuthenticNature_UCDqFwauFk9tAqrctz7iWHQ_DS3XyZMo4o_9008_10192.wav,MyAuthenticNature_UCDqFwauFk9tAqrctz7iWHQ_DS3XyZMo4o,9008,10192,1184
MyAuthenticNature_UCDqFwauFk9tAqrctz7iWHQ_DS3XyZMo4o_10576_18344.wav,MyAuthenticNature_UCDqFwauFk9tAqrctz7iWHQ_DS3XyZMo4o,10576,18344,7768
MyAuthenticNature_UCDqFwauFk9tAqrctz7iWHQ_DS3XyZMo4o_19000_24546.wav,MyAuthenticNature_UCDqFwauFk9tAqrctz7iWHQ_DS3XyZMo4o,19000,24546,5546
MyAuthenticNature_UCDqFwauFk9tAqrctz7iWHQ_DS3XyZMo4o_24754_32940.wav,MyAuthenticNature_UCDqFwauFk9tAqrctz7iWHQ_DS3XyZMo4o,24754,32940,8186
MyAuthenticNature_UCDqFwauFk9tAqrctz7iWHQ_DS3XyZMo4o_33396_42204.wav,MyAuthenticNature_UCDqFwauFk9tAqrctz7iWHQ_DS3XyZMo4o,33396,42204,8808
MyAuthenticNature_UCDqFwauFk9tAqrctz7iWHQ_DS3XyZMo4o_42380_47580.wav,MyAuthenticNature_UCDqFwauFk9tAqrctz7iWHQ_DS3XyZMo4o,42380,47580,5200
MyAuthenticNature_UCDqFwauFk9tAqrctz7iWHQ_DS3XyZMo4o_47964_53376.wav,MyAuthenticNature_UCDqFwauFk9tAqrctz7iWHQ_DS3XyZMo4o,47964,53376,5412
MyAuthenticNature_UCDqFwauFk9tAqrctz7iWHQ_DS3XyZMo4o_53784_59636.wav,MyAuthenticNature_UCDqFwauFk9tAqrctz7iWHQ_DS3XyZMo4o,53784,59636,5852
MyAuthenticNature_UCDqFwauFk9tAqrctz7iWHQ_DS3XyZMo4o_59956_66700.wav,MyAuthenticNature_UCDqFwauFk9tAqrctz7iWHQ_DS3XyZMo4o,59956,66700,6744
MyAuthenticNature_UCDqFwauFk9tAqrctz7iWHQ_DS3XyZMo4o_66972_70780.wav,MyAuthenticNature_UCDqFwauFk9tAqrctz7iWHQ_DS3XyZMo4o,66972,70780,3808
MyAuthenticNature_UCDqFwauFk9tAqrctz7iWHQ_DS3XyZMo4o_70956_73152.wav,MyAuthenticNature_UCDqFwauFk9tAqrctz7iWHQ_DS3XyZMo4o,70956,73152,2196
MyAuthenticNature_UCDqFwauFk9tAqrctz7iWHQ_DS3XyZMo4o_73256_73840.wav,MyAuthenticNature_UCDqFwauFk9tAqrctz7iWHQ_DS3XyZMo4o,73256,73840,584
MyAuthenticNature_UCDqFwauFk9tAqrctz7iWHQ_DS3XyZMo4o_74104_83920.wav,MyAuthenticNature_UCDqFwauFk9tAqrctz7iWHQ_DS3XyZMo4o,74104,83920,9816
MyAuthenticNature_UCDqFwauFk9tAqrctz7iWHQ_DS3XyZMo4o_84048_92084.wav,MyAuthenticNature_UCDqFwauFk9tAqrctz7iWHQ_DS3XyZMo4o,84048,92084,8036
MyAuthenticNature_UCDqFwauFk9tAqrctz7iWHQ_DS3XyZMo4o_92260_94580.wav,MyAuthenticNature_UCDqFwauFk9tAqrctz7iWHQ_DS3XyZMo4o,92260,94580,2320
MyAuthenticNature_UCDqFwauFk9tAqrctz7iWHQ_DS3XyZMo4o_94748_100616.wav,MyAuthenticNature_UCDqFwauFk9tAqrctz7iWHQ_DS3XyZMo4o,94748,100616,5868
MyAuthenticNature_UCDqFwauFk9tAqrctz7iWHQ_DS3XyZMo4o_101208_110208.wav,MyAuthenticNature_UCDqFwauFk9tAqrctz7iWHQ_DS3XyZMo4o,101208,110208,9000
MyAuthenticNature_UCDqFwauFk9tAqrctz7iWHQ_DS3XyZMo4o_110328_114108.wav,MyAuthenticNature_UCDqFwauFk9tAqrctz7iWHQ_DS3XyZMo4o,110328,114108,3780
MyAuthenticNature_UCDqFwauFk9tAqrctz7iWHQ_DS3XyZMo4o_114380_119982.wav,MyAuthenticNature_UCDqFwauFk9tAqrctz7iWHQ_DS3XyZMo4o,114380,119982,5602
MyAuthenticNature_UCDqFwauFk9tAqrctz7iWHQ_DS3XyZMo4o_120486_123878.wav,MyAuthenticNature_UCDqFwauFk9tAqrctz7iWHQ_DS3XyZMo4o,120486,123878,3392
MyAuthenticNature_UCDqFwauFk9tAqrctz7iWHQ_DS3XyZMo4o_124078_125616.wav,MyAuthenticNature_UCDqFwauFk9tAqrctz7iWHQ_DS3XyZMo4o,124078,125616,1538
MyAuthenticNature_UCDqFwauFk9tAqrctz7iWHQ_DS3XyZMo4o_126152_135616.wav,MyAuthenticNature_UCDqFwauFk9tAqrctz7iWHQ_DS3XyZMo4o,126152,135616,9464
MyAuthenticNature_UCDqFwauFk9tAqrctz7iWHQ_DS3XyZMo4o_135800_137088.wav,MyAuthenticNature_UCDqFwauFk9tAqrctz7iWHQ_DS3XyZMo4o,135800,137088,1288
MyAuthenticNature_UCDqFwauFk9tAqrctz7iWHQ_DS3XyZMo4o_137832_138392.wav,MyAuthenticNature_UCDqFwauFk9tAqrctz7iWHQ_DS3XyZMo4o,137832,138392,560
MyAuthenticNature_UCDqFwauFk9tAqrctz7iWHQ_DS3XyZMo4o_138600_148368.wav,MyAuthenticNature_UCDqFwauFk9tAqrctz7iWHQ_DS3XyZMo4o,138600,148368,9768
MyAuthenticNature_UCDqFwauFk9tAqrctz7iWHQ_DS3XyZMo4o_148568_149656.wav,MyAuthenticNature_UCDqFwauFk9tAqrctz7iWHQ_DS3XyZMo4o,148568,149656,1088
MyAuthenticNature_UCDqFwauFk9tAqrctz7iWHQ_DS3XyZMo4o_149776_158512.wav,MyAuthenticNature_UCDqFwauFk9tAqrctz7iWHQ_DS3XyZMo4o,149776,158512,8736
MyAuthenticNature_UCDqFwauFk9tAqrctz7iWHQ_DS3XyZMo4o_158848_159368.wav,MyAuthenticNature_UCDqFwauFk9tAqrctz7iWHQ_DS3XyZMo4o,158848,159368,520
MyAuthenticNature_UCDqFwauFk9tAqrctz7iWHQ_DS3XyZMo4o_159504_162520.wav,MyAuthenticNature_UCDqFwauFk9tAqrctz7iWHQ_DS3XyZMo4o,159504,162520,3016
MyAuthenticNature_UCDqFwauFk9tAqrctz7iWHQ_DS3XyZMo4o_162808_164872.wav,MyAuthenticNature_UCDqFwauFk9tAqrctz7iWHQ_DS3XyZMo4o,162808,164872,2064
MyAuthenticNature_UCDqFwauFk9tAqrctz7iWHQ_DS3XyZMo4o_166392_175848.wav,MyAuthenticNature_UCDqFwauFk9tAqrctz7iWHQ_DS3XyZMo4o,166392,175848,9456
MyAuthenticNature_UCDqFwauFk9tAqrctz7iWHQ_DS3XyZMo4o_175968_177256.wav,MyAuthenticNature_UCDqFwauFk9tAqrctz7iWHQ_DS3XyZMo4o,175968,177256,1288
MyAuthenticNature_UCDqFwauFk9tAqrctz7iWHQ_DS3XyZMo4o_177392_177496.wav,MyAuthenticNature_UCDqFwauFk9tAqrctz7iWHQ_DS3XyZMo4o,177392,177496,104
MyAuthenticNature_UCDqFwauFk9tAqrctz7iWHQ_DS3XyZMo4o_177912_178496.wav,MyAuthenticNature_UCDqFwauFk9tAqrctz7iWHQ_DS3XyZMo4o,177912,178496,584
MyAuthenticNature_UCDqFwauFk9tAqrctz7iWHQ_DS3XyZMo4o_179360_181136.wav,MyAuthenticNature_UCDqFwauFk9tAqrctz7iWHQ_DS3XyZMo4o,179360,181136,1776
MyAuthenticNature_UCDqFwauFk9tAqrctz7iWHQ_DS3XyZMo4o_181288_187920.wav,MyAuthenticNature_UCDqFwauFk9tAqrctz7iWHQ_DS3XyZMo4o,181288,187920,6632
MyAuthenticNature_UCDqFwauFk9tAqrctz7iWHQ_DS3XyZMo4o_188152_190552.wav,MyAuthenticNature_UCDqFwauFk9tAqrctz7iWHQ_DS3XyZMo4o,188152,190552,2400
MyAuthenticNature_UCDqFwauFk9tAqrctz7iWHQ_DS3XyZMo4o_190712_192952.wav,MyAuthenticNature_UCDqFwauFk9tAqrctz7iWHQ_DS3XyZMo4o,190712,192952,2240
MyAuthenticNature_UCDqFwauFk9tAqrctz7iWHQ_DS3XyZMo4o_193472_194784.wav,MyAuthenticNature_UCDqFwauFk9tAqrctz7iWHQ_DS3XyZMo4o,193472,194784,1312
MyAuthenticNature_UCDqFwauFk9tAqrctz7iWHQ_DS3XyZMo4o_194968_204648.wav,MyAuthenticNature_UCDqFwauFk9tAqrctz7iWHQ_DS3XyZMo4o,194968,204648,9680
MyAuthenticNature_UCDqFwauFk9tAqrctz7iWHQ_DS3XyZMo4o_204864_207576.wav,MyAuthenticNature_UCDqFwauFk9tAqrctz7iWHQ_DS3XyZMo4o,204864,207576,2712
MyAuthenticNature_UCDqFwauFk9tAqrctz7iWHQ_DS3XyZMo4o_207728_214680.wav,MyAuthenticNature_UCDqFwauFk9tAqrctz7iWHQ_DS3XyZMo4o,207728,214680,6952
MyAuthenticNature_UCDqFwauFk9tAqrctz7iWHQ_DS3XyZMo4o_215032_219368.wav,MyAuthenticNature_UCDqFwauFk9tAqrctz7iWHQ_DS3XyZMo4o,215032,219368,4336
MyAuthenticNature_UCDqFwauFk9tAqrctz7iWHQ_DS3XyZMo4o_220376_230080.wav,MyAuthenticNature_UCDqFwauFk9tAqrctz7iWHQ_DS3XyZMo4o,220376,230080,9704
MyAuthenticNature_UCDqFwauFk9tAqrctz7iWHQ_DS3XyZMo4o_230424_237400.wav,MyAuthenticNature_UCDqFwauFk9tAqrctz7iWHQ_DS3XyZMo4o,230424,237400,6976
MyAuthenticNature_UCDqFwauFk9tAqrctz7iWHQ_DS3XyZMo4o_237696_237800.wav,MyAuthenticNature_UCDqFwauFk9tAqrctz7iWHQ_DS3XyZMo4o,237696,237800,104
MyAuthenticNature_UCDqFwauFk9tAqrctz7iWHQ_DS3XyZMo4o_238416_245320.wav,MyAuthenticNature_UCDqFwauFk9tAqrctz7iWHQ_DS3XyZMo4o,238416,245320,6904
MyAuthenticNature_UCDqFwauFk9tAqrctz7iWHQ_DS3XyZMo4o_245448_249888.wav,MyAuthenticNature_UCDqFwauFk9tAqrctz7iWHQ_DS3XyZMo4o,245448,249888,4440
MyAuthenticNature_UCDqFwauFk9tAqrctz7iWHQ_DS3XyZMo4o_250232_251736.wav,MyAuthenticNature_UCDqFwauFk9tAqrctz7iWHQ_DS3XyZMo4o,250232,251736,1504
MyAuthenticNature_UCDqFwauFk9tAqrctz7iWHQ_DS3XyZMo4o_251848_254672.wav,MyAuthenticNature_UCDqFwauFk9tAqrctz7iWHQ_DS3XyZMo4o,251848,254672,2824
MyAuthenticNature_UCDqFwauFk9tAqrctz7iWHQ_DS3XyZMo4o_254816_255720.wav,MyAuthenticNature_UCDqFwauFk9tAqrctz7iWHQ_DS3XyZMo4o,254816,255720,904
MyAuthenticNature_UCDqFwauFk9tAqrctz7iWHQ_DS3XyZMo4o_256296_258528.wav,MyAuthenticNature_UCDqFwauFk9tAqrctz7iWHQ_DS3XyZMo4o,256296,258528,2232
MyAuthenticNature_UCDqFwauFk9tAqrctz7iWHQ_DS3XyZMo4o_259328_267472.wav,MyAuthenticNature_UCDqFwauFk9tAqrctz7iWHQ_DS3XyZMo4o,259328,267472,8144
MyAuthenticNature_UCDqFwauFk9tAqrctz7iWHQ_DS3XyZMo4o_268368_272360.wav,MyAuthenticNature_UCDqFwauFk9tAqrctz7iWHQ_DS3XyZMo4o,268368,272360,3992
MyAuthenticNature_UCDqFwauFk9tAqrctz7iWHQ_DS3XyZMo4o_272584_273288.wav,MyAuthenticNature_UCDqFwauFk9tAqrctz7iWHQ_DS3XyZMo4o,272584,273288,704
MyAuthenticNature_UCDqFwauFk9tAqrctz7iWHQ_DS3XyZMo4o_274216_282872.wav,MyAuthenticNature_UCDqFwauFk9tAqrctz7iWHQ_DS3XyZMo4o,274216,282872,8656
MyAuthenticNature_UCDqFwauFk9tAqrctz7iWHQ_DS3XyZMo4o_283032_289960.wav,MyAuthenticNature_UCDqFwauFk9tAqrctz7iWHQ_DS3XyZMo4o,283032,289960,6928
MyAuthenticNature_UCDqFwauFk9tAqrctz7iWHQ_DS3XyZMo4o_290668_290880.wav,MyAuthenticNature_UCDqFwauFk9tAqrctz7iWHQ_DS3XyZMo4o,290668,290880,212
MyAuthenticNature_UCDqFwauFk9tAqrctz7iWHQ_DS3XyZMo4o_291016_300152.wav,MyAuthenticNature_UCDqFwauFk9tAqrctz7iWHQ_DS3XyZMo4o,291016,300152,9136
MyAuthenticNature_UCDqFwauFk9tAqrctz7iWHQ_DS3XyZMo4o_300304_301532.wav,MyAuthenticNature_UCDqFwauFk9tAqrctz7iWHQ_DS3XyZMo4o,300304,301532,1228
MyAuthenticNature_UCDqFwauFk9tAqrctz7iWHQ_DS3XyZMo4o_301796_307792.wav,MyAuthenticNature_UCDqFwauFk9tAqrctz7iWHQ_DS3XyZMo4o,301796,307792,5996
MyAuthenticNature_UCDqFwauFk9tAqrctz7iWHQ_DS3XyZMo4o_307944_314768.wav,MyAuthenticNature_UCDqFwauFk9tAqrctz7iWHQ_DS3XyZMo4o,307944,314768,6824
MyAuthenticNature_UCDqFwauFk9tAqrctz7iWHQ_DS3XyZMo4o_315208_317968.wav,MyAuthenticNature_UCDqFwauFk9tAqrctz7iWHQ_DS3XyZMo4o,315208,317968,2760
MyAuthenticNature_UCDqFwauFk9tAqrctz7iWHQ_DS3XyZMo4o_318712_320312.wav,MyAuthenticNature_UCDqFwauFk9tAqrctz7iWHQ_DS3XyZMo4o,318712,320312,1600
MyAuthenticNature_UCDqFwauFk9tAqrctz7iWHQ_DS3XyZMo4o_320488_320600.wav,MyAuthenticNature_UCDqFwauFk9tAqrctz7iWHQ_DS3XyZMo4o,320488,320600,112
MyAuthenticNature_UCDqFwauFk9tAqrctz7iWHQ_DS3XyZMo4o_320800_321864.wav,MyAuthenticNature_UCDqFwauFk9tAqrctz7iWHQ_DS3XyZMo4o,320800,321864,1064
MyAuthenticNature_UCDqFwauFk9tAqrctz7iWHQ_DS3XyZMo4o_322104_325576.wav,MyAuthenticNature_UCDqFwauFk9tAqrctz7iWHQ_DS3XyZMo4o,322104,325576,3472
MyAuthenticNature_UCDqFwauFk9tAqrctz7iWHQ_DS3XyZMo4o_326480_332240.wav,MyAuthenticNature_UCDqFwauFk9tAqrctz7iWHQ_DS3XyZMo4o,326480,332240,5760
MyAuthenticNature_UCDqFwauFk9tAqrctz7iWHQ_DS3XyZMo4o_332464_336824.wav,MyAuthenticNature_UCDqFwauFk9tAqrctz7iWHQ_DS3XyZMo4o,332464,336824,4360
MyAuthenticNature_UCDqFwauFk9tAqrctz7iWHQ_DS3XyZMo4o_337184_341816.wav,MyAuthenticNature_UCDqFwauFk9tAqrctz7iWHQ_DS3XyZMo4o,337184,341816,4632
MyAuthenticNature_UCDqFwauFk9tAqrctz7iWHQ_DS3XyZMo4o_342112_345952.wav,MyAuthenticNature_UCDqFwauFk9tAqrctz7iWHQ_DS3XyZMo4o,342112,345952,3840
MyAuthenticNature_UCDqFwauFk9tAqrctz7iWHQ_DS3XyZMo4o_346368_348956.wav,MyAuthenticNature_UCDqFwauFk9tAqrctz7iWHQ_DS3XyZMo4o,346368,348956,2588
MyAuthenticNature_UCDqFwauFk9tAqrctz7iWHQ_DS3XyZMo4o_349172_355388.wav,MyAuthenticNature_UCDqFwauFk9tAqrctz7iWHQ_DS3XyZMo4o,349172,355388,6216
MyAuthenticNature_UCDqFwauFk9tAqrctz7iWHQ_DS3XyZMo4o_355772_356480.wav,MyAuthenticNature_UCDqFwauFk9tAqrctz7iWHQ_DS3XyZMo4o,355772,356480,708
MyAuthenticNature_UCDqFwauFk9tAqrctz7iWHQ_DS3XyZMo4o_356832_361256.wav,MyAuthenticNature_UCDqFwauFk9tAqrctz7iWHQ_DS3XyZMo4o,356832,361256,4424
MyAuthenticNature_UCDqFwauFk9tAqrctz7iWHQ_DS3XyZMo4o_362392_366968.wav,MyAuthenticNature_UCDqFwauFk9tAqrctz7iWHQ_DS3XyZMo4o,362392,366968,4576
MyAuthenticNature_UCDqFwauFk9tAqrctz7iWHQ_DS3XyZMo4o_367280_370096.wav,MyAuthenticNature_UCDqFwauFk9tAqrctz7iWHQ_DS3XyZMo4o,367280,370096,2816
MyAuthenticNature_UCDqFwauFk9tAqrctz7iWHQ_DS3XyZMo4o_370600_372104.wav,MyAuthenticNature_UCDqFwauFk9tAqrctz7iWHQ_DS3XyZMo4o,370600,372104,1504
MyAuthenticNature_UCDqFwauFk9tAqrctz7iWHQ_DS3XyZMo4o_372944_381536.wav,MyAuthenticNature_UCDqFwauFk9tAqrctz7iWHQ_DS3XyZMo4o,372944,381536,8592
MyAuthenticNature_UCDqFwauFk9tAqrctz7iWHQ_DS3XyZMo4o_382384_383720.wav,MyAuthenticNature_UCDqFwauFk9tAqrctz7iWHQ_DS3XyZMo4o,382384,383720,1336
MyAuthenticNature_UCDqFwauFk9tAqrctz7iWHQ_DS3XyZMo4o_384048_384736.wav,MyAuthenticNature_UCDqFwauFk9tAqrctz7iWHQ_DS3XyZMo4o,384048,384736,688
MyAuthenticNature_UCDqFwauFk9tAqrctz7iWHQ_DS3XyZMo4o_385096_387882.wav,MyAuthenticNature_UCDqFwauFk9tAqrctz7iWHQ_DS3XyZMo4o,385096,387882,2786
MyAuthenticNature_UCDqFwauFk9tAqrctz7iWHQ_DS3XyZMo4o_388234_395675.wav,MyAuthenticNature_UCDqFwauFk9tAqrctz7iWHQ_DS3XyZMo4o,388234,395675,7441
MyAuthenticNature_UCDqFwauFk9tAqrctz7iWHQ_DS3XyZMo4o_396227_399260.wav,MyAuthenticNature_UCDqFwauFk9tAqrctz7iWHQ_DS3XyZMo4o,396227,399260,3033
MyAuthenticNature_UCDqFwauFk9tAqrctz7iWHQ_DS3XyZMo4o_399604_407934.wav,MyAuthenticNature_UCDqFwauFk9tAqrctz7iWHQ_DS3XyZMo4o,399604,407934,8330
MyAuthenticNature_UCDqFwauFk9tAqrctz7iWHQ_DS3XyZMo4o_408198_415166.wav,MyAuthenticNature_UCDqFwauFk9tAqrctz7iWHQ_DS3XyZMo4o,408198,415166,6968
MyAuthenticNature_UCDqFwauFk9tAqrctz7iWHQ_DS3XyZMo4o_415438_424624.wav,MyAuthenticNature_UCDqFwauFk9tAqrctz7iWHQ_DS3XyZMo4o,415438,424624,9186
MyAuthenticNature_UCDqFwauFk9tAqrctz7iWHQ_DS3XyZMo4o_426408_429960.wav,MyAuthenticNature_UCDqFwauFk9tAqrctz7iWHQ_DS3XyZMo4o,426408,429960,3552
MyAuthenticNature_UCDqFwauFk9tAqrctz7iWHQ_DS3XyZMo4o_430200_432616.wav,MyAuthenticNature_UCDqFwauFk9tAqrctz7iWHQ_DS3XyZMo4o,430200,432616,2416
MyAuthenticNature_UCDqFwauFk9tAqrctz7iWHQ_DS3XyZMo4o_432872_435272.wav,MyAuthenticNature_UCDqFwauFk9tAqrctz7iWHQ_DS3XyZMo4o,432872,435272,2400
MyAuthenticNature_UCDqFwauFk9tAqrctz7iWHQ_DS3XyZMo4o_435968_441616.wav,MyAuthenticNature_UCDqFwauFk9tAqrctz7iWHQ_DS3XyZMo4o,435968,441616,5648
MyAuthenticNature_UCDqFwauFk9tAqrctz7iWHQ_DS3XyZMo4o_443048_452008.wav,MyAuthenticNature_UCDqFwauFk9tAqrctz7iWHQ_DS3XyZMo4o,443048,452008,8960
MyAuthenticNature_UCDqFwauFk9tAqrctz7iWHQ_DS3XyZMo4o_452224_458528.wav,MyAuthenticNature_UCDqFwauFk9tAqrctz7iWHQ_DS3XyZMo4o,452224,458528,6304
MyAuthenticNature_UCDqFwauFk9tAqrctz7iWHQ_DS3XyZMo4o_458888_460712.wav,MyAuthenticNature_UCDqFwauFk9tAqrctz7iWHQ_DS3XyZMo4o,458888,460712,1824
MyAuthenticNature_UCDqFwauFk9tAqrctz7iWHQ_DS3XyZMo4o_460984_468904.wav,MyAuthenticNature_UCDqFwauFk9tAqrctz7iWHQ_DS3XyZMo4o,460984,468904,7920
MyAuthenticNature_UCDqFwauFk9tAqrctz7iWHQ_DS3XyZMo4o_469328_475609.wav,MyAuthenticNature_UCDqFwauFk9tAqrctz7iWHQ_DS3XyZMo4o,469328,475609,6281
MyAuthenticNature_UCDqFwauFk9tAqrctz7iWHQ_DS3XyZMo4o_475737_476761.wav,MyAuthenticNature_UCDqFwauFk9tAqrctz7iWHQ_DS3XyZMo4o,475737,476761,1024
MyAuthenticNature_UCDqFwauFk9tAqrctz7iWHQ_DS3XyZMo4o_476881_482969.wav,MyAuthenticNature_UCDqFwauFk9tAqrctz7iWHQ_DS3XyZMo4o,476881,482969,6088
MyAuthenticNature_UCDqFwauFk9tAqrctz7iWHQ_DS3XyZMo4o_483409_483642.wav,MyAuthenticNature_UCDqFwauFk9tAqrctz7iWHQ_DS3XyZMo4o,483409,483642,233
MyAuthenticNature_UCDqFwauFk9tAqrctz7iWHQ_DS3XyZMo4o_484018_484524.wav,MyAuthenticNature_UCDqFwauFk9tAqrctz7iWHQ_DS3XyZMo4o,484018,484524,506
MyAuthenticNature_UCDqFwauFk9tAqrctz7iWHQ_DS3XyZMo4o_484812_485728.wav,MyAuthenticNature_UCDqFwauFk9tAqrctz7iWHQ_DS3XyZMo4o,484812,485728,916
MyAuthenticNature_UCDqFwauFk9tAqrctz7iWHQ_DS3XyZMo4o_486064_488872.wav,MyAuthenticNature_UCDqFwauFk9tAqrctz7iWHQ_DS3XyZMo4o,486064,488872,2808
MyAuthenticNature_UCDqFwauFk9tAqrctz7iWHQ_DS3XyZMo4o_489344_490040.wav,MyAuthenticNature_UCDqFwauFk9tAqrctz7iWHQ_DS3XyZMo4o,489344,490040,696
MyAuthenticNature_UCDqFwauFk9tAqrctz7iWHQ_DS3XyZMo4o_490360_492512.wav,MyAuthenticNature_UCDqFwauFk9tAqrctz7iWHQ_DS3XyZMo4o,490360,492512,2152
MyAuthenticNature_UCDqFwauFk9tAqrctz7iWHQ_DS3XyZMo4o_493064_497296.wav,MyAuthenticNature_UCDqFwauFk9tAqrctz7iWHQ_DS3XyZMo4o,493064,497296,4232
MyAuthenticNature_UCDqFwauFk9tAqrctz7iWHQ_DS3XyZMo4o_498008_502448.wav,MyAuthenticNature_UCDqFwauFk9tAqrctz7iWHQ_DS3XyZMo4o,498008,502448,4440
MyAuthenticNature_UCDqFwauFk9tAqrctz7iWHQ_DS3XyZMo4o_503016_506264.wav,MyAuthenticNature_UCDqFwauFk9tAqrctz7iWHQ_DS3XyZMo4o,503016,506264,3248
MyAuthenticNature_UCDqFwauFk9tAqrctz7iWHQ_DS3XyZMo4o_506416_509296.wav,MyAuthenticNature_UCDqFwauFk9tAqrctz7iWHQ_DS3XyZMo4o,506416,509296,2880
MyAuthenticNature_UCDqFwauFk9tAqrctz7iWHQ_DS3XyZMo4o_509992_515040.wav,MyAuthenticNature_UCDqFwauFk9tAqrctz7iWHQ_DS3XyZMo4o,509992,515040,5048
MyAuthenticNature_UCDqFwauFk9tAqrctz7iWHQ_DS3XyZMo4o_515504_520544.wav,MyAuthenticNature_UCDqFwauFk9tAqrctz7iWHQ_DS3XyZMo4o,515504,520544,5040
MyAuthenticNature_UCDqFwauFk9tAqrctz7iWHQ_DS3XyZMo4o_520848_526652.wav,MyAuthenticNature_UCDqFwauFk9tAqrctz7iWHQ_DS3XyZMo4o,520848,526652,5804
MyAuthenticNature_UCDqFwauFk9tAqrctz7iWHQ_DS3XyZMo4o_526884_528780.wav,MyAuthenticNature_UCDqFwauFk9tAqrctz7iWHQ_DS3XyZMo4o,526884,528780,1896
MyAuthenticNature_UCDqFwauFk9tAqrctz7iWHQ_DS3XyZMo4o_529308_529444.wav,MyAuthenticNature_UCDqFwauFk9tAqrctz7iWHQ_DS3XyZMo4o,529308,529444,136
MyAuthenticNature_UCDqFwauFk9tAqrctz7iWHQ_DS3XyZMo4o_529660_534632.wav,MyAuthenticNature_UCDqFwauFk9tAqrctz7iWHQ_DS3XyZMo4o,529660,534632,4972
MyAuthenticNature_UCDqFwauFk9tAqrctz7iWHQ_DS3XyZMo4o_536016_536760.wav,MyAuthenticNature_UCDqFwauFk9tAqrctz7iWHQ_DS3XyZMo4o,536016,536760,744
MyAuthenticNature_UCDqFwauFk9tAqrctz7iWHQ_DS3XyZMo4o_537152_538208.wav,MyAuthenticNature_UCDqFwauFk9tAqrctz7iWHQ_DS3XyZMo4o,537152,538208,1056
MyAuthenticNature_UCDqFwauFk9tAqrctz7iWHQ_DS3XyZMo4o_538368_540344.wav,MyAuthenticNature_UCDqFwauFk9tAqrctz7iWHQ_DS3XyZMo4o,538368,540344,1976
MyAuthenticNature_UCDqFwauFk9tAqrctz7iWHQ_DS3XyZMo4o_540824_544760.wav,MyAuthenticNature_UCDqFwauFk9tAqrctz7iWHQ_DS3XyZMo4o,540824,544760,3936
MyAuthenticNature_UCDqFwauFk9tAqrctz7iWHQ_DS3XyZMo4o_545296_547552.wav,MyAuthenticNature_UCDqFwauFk9tAqrctz7iWHQ_DS3XyZMo4o,545296,547552,2256
MyAuthenticNature_UCDqFwauFk9tAqrctz7iWHQ_DS3XyZMo4o_547888_556392.wav,MyAuthenticNature_UCDqFwauFk9tAqrctz7iWHQ_DS3XyZMo4o,547888,556392,8504
MyAuthenticNature_UCDqFwauFk9tAqrctz7iWHQ_DS3XyZMo4o_556752_558632.wav,MyAuthenticNature_UCDqFwauFk9tAqrctz7iWHQ_DS3XyZMo4o,556752,558632,1880
MyAuthenticNature_UCDqFwauFk9tAqrctz7iWHQ_DS3XyZMo4o_558872_567200.wav,MyAuthenticNature_UCDqFwauFk9tAqrctz7iWHQ_DS3XyZMo4o,558872,567200,8328
MyAuthenticNature_UCDqFwauFk9tAqrctz7iWHQ_DS3XyZMo4o_567424_576208.wav,MyAuthenticNature_UCDqFwauFk9tAqrctz7iWHQ_DS3XyZMo4o,567424,576208,8784
MyAuthenticNature_UCDqFwauFk9tAqrctz7iWHQ_DS3XyZMo4o_576496_578496.wav,MyAuthenticNature_UCDqFwauFk9tAqrctz7iWHQ_DS3XyZMo4o,576496,578496,2000
MyAuthenticNature_UCDqFwauFk9tAqrctz7iWHQ_DS3XyZMo4o_579360_581728.wav,MyAuthenticNature_UCDqFwauFk9tAqrctz7iWHQ_DS3XyZMo4o,579360,581728,2368
MyAuthenticNature_UCDqFwauFk9tAqrctz7iWHQ_DS3XyZMo4o_581880_587922.wav,MyAuthenticNature_UCDqFwauFk9tAqrctz7iWHQ_DS3XyZMo4o,581880,587922,6042
MyAuthenticNature_UCDqFwauFk9tAqrctz7iWHQ_DS3XyZMo4o_588298_596332.wav,MyAuthenticNature_UCDqFwauFk9tAqrctz7iWHQ_DS3XyZMo4o,588298,596332,8034
MyAuthenticNature_UCDqFwauFk9tAqrctz7iWHQ_DS3XyZMo4o_596660_601205.wav,MyAuthenticNature_UCDqFwauFk9tAqrctz7iWHQ_DS3XyZMo4o,596660,601205,4545
MyAuthenticNature_UCDqFwauFk9tAqrctz7iWHQ_DS3XyZMo4o_601309_602253.wav,MyAuthenticNature_UCDqFwauFk9tAqrctz7iWHQ_DS3XyZMo4o,601309,602253,944
MyAuthenticNature_UCDqFwauFk9tAqrctz7iWHQ_DS3XyZMo4o_602389_608246.wav,MyAuthenticNature_UCDqFwauFk9tAqrctz7iWHQ_DS3XyZMo4o,602389,608246,5857
MyAuthenticNature_UCDqFwauFk9tAqrctz7iWHQ_DS3XyZMo4o_608630_612192.wav,MyAuthenticNature_UCDqFwauFk9tAqrctz7iWHQ_DS3XyZMo4o,608630,612192,3562
MyAuthenticNature_UCDqFwauFk9tAqrctz7iWHQ_DS3XyZMo4o_612472_619024.wav,MyAuthenticNature_UCDqFwauFk9tAqrctz7iWHQ_DS3XyZMo4o,612472,619024,6552
MyAuthenticNature_UCDqFwauFk9tAqrctz7iWHQ_DS3XyZMo4o_619232_628336.wav,MyAuthenticNature_UCDqFwauFk9tAqrctz7iWHQ_DS3XyZMo4o,619232,628336,9104
MyAuthenticNature_UCDqFwauFk9tAqrctz7iWHQ_DS3XyZMo4o_628776_635824.wav,MyAuthenticNature_UCDqFwauFk9tAqrctz7iWHQ_DS3XyZMo4o,628776,635824,7048
MyAuthenticNature_UCDqFwauFk9tAqrctz7iWHQ_DS3XyZMo4o_636096_638880.wav,MyAuthenticNature_UCDqFwauFk9tAqrctz7iWHQ_DS3XyZMo4o,636096,638880,2784
MyAuthenticNature_UCDqFwauFk9tAqrctz7iWHQ_DS3XyZMo4o_639200_641864.wav,MyAuthenticNature_UCDqFwauFk9tAqrctz7iWHQ_DS3XyZMo4o,639200,641864,2664
MyAuthenticNature_UCDqFwauFk9tAqrctz7iWHQ_DS3XyZMo4o_642024_643336.wav,MyAuthenticNature_UCDqFwauFk9tAqrctz7iWHQ_DS3XyZMo4o,642024,643336,1312
MyAuthenticNature_UCDqFwauFk9tAqrctz7iWHQ_DS3XyZMo4o_644576_651824.wav,MyAuthenticNature_UCDqFwauFk9tAqrctz7iWHQ_DS3XyZMo4o,644576,651824,7248
MyAuthenticNature_UCDqFwauFk9tAqrctz7iWHQ_DS3XyZMo4o_652480_656840.wav,MyAuthenticNature_UCDqFwauFk9tAqrctz7iWHQ_DS3XyZMo4o,652480,656840,4360
MyAuthenticNature_UCDqFwauFk9tAqrctz7iWHQ_DS3XyZMo4o_657472_660632.wav,MyAuthenticNature_UCDqFwauFk9tAqrctz7iWHQ_DS3XyZMo4o,657472,660632,3160
MyAuthenticNature_UCDqFwauFk9tAqrctz7iWHQ_DS3XyZMo4o_660808_662024.wav,MyAuthenticNature_UCDqFwauFk9tAqrctz7iWHQ_DS3XyZMo4o,660808,662024,1216
MyAuthenticNature_UCDqFwauFk9tAqrctz7iWHQ_DS3XyZMo4o_662664_663448.wav,MyAuthenticNature_UCDqFwauFk9tAqrctz7iWHQ_DS3XyZMo4o,662664,663448,784
MyAuthenticNature_UCDqFwauFk9tAqrctz7iWHQ_DS3XyZMo4o_663808_665416.wav,MyAuthenticNature_UCDqFwauFk9tAqrctz7iWHQ_DS3XyZMo4o,663808,665416,1608
MyAuthenticNature_UCDqFwauFk9tAqrctz7iWHQ_DS3XyZMo4o_665736_675028.wav,MyAuthenticNature_UCDqFwauFk9tAqrctz7iWHQ_DS3XyZMo4o,665736,675028,9292
MyAuthenticNature_UCDqFwauFk9tAqrctz7iWHQ_DS3XyZMo4o_675276_678244.wav,MyAuthenticNature_UCDqFwauFk9tAqrctz7iWHQ_DS3XyZMo4o,675276,678244,2968
MyAuthenticNature_UCDqFwauFk9tAqrctz7iWHQ_DS3XyZMo4o_678468_679676.wav,MyAuthenticNature_UCDqFwauFk9tAqrctz7iWHQ_DS3XyZMo4o,678468,679676,1208
MyAuthenticNature_UCDqFwauFk9tAqrctz7iWHQ_DS3XyZMo4o_680068_687236.wav,MyAuthenticNature_UCDqFwauFk9tAqrctz7iWHQ_DS3XyZMo4o,680068,687236,7168
MyAuthenticNature_UCDqFwauFk9tAqrctz7iWHQ_DS3XyZMo4o_688048_694696.wav,MyAuthenticNature_UCDqFwauFk9tAqrctz7iWHQ_DS3XyZMo4o,688048,694696,6648
MyAuthenticNature_UCDqFwauFk9tAqrctz7iWHQ_DS3XyZMo4o_694992_695784.wav,MyAuthenticNature_UCDqFwauFk9tAqrctz7iWHQ_DS3XyZMo4o,694992,695784,792
MyAuthenticNature_UCDqFwauFk9tAqrctz7iWHQ_DS3XyZMo4o_696256_703852.wav,MyAuthenticNature_UCDqFwauFk9tAqrctz7iWHQ_DS3XyZMo4o,696256,703852,7596
MyAuthenticNature_UCDqFwauFk9tAqrctz7iWHQ_DS3XyZMo4o_704188_707984.wav,MyAuthenticNature_UCDqFwauFk9tAqrctz7iWHQ_DS3XyZMo4o,704188,707984,3796
MyAuthenticNature_UCDqFwauFk9tAqrctz7iWHQ_DS3XyZMo4o_708320_709440.wav,MyAuthenticNature_UCDqFwauFk9tAqrctz7iWHQ_DS3XyZMo4o,708320,709440,1120
MyAuthenticNature_UCDqFwauFk9tAqrctz7iWHQ_DS3XyZMo4o_709808_710496.wav,MyAuthenticNature_UCDqFwauFk9tAqrctz7iWHQ_DS3XyZMo4o,709808,710496,688
MyAuthenticNature_UCDqFwauFk9tAqrctz7iWHQ_DS3XyZMo4o_710680_713520.wav,MyAuthenticNature_UCDqFwauFk9tAqrctz7iWHQ_DS3XyZMo4o,710680,713520,2840
MyAuthenticNature_UCDqFwauFk9tAqrctz7iWHQ_DS3XyZMo4o_713864_723344.wav,MyAuthenticNature_UCDqFwauFk9tAqrctz7iWHQ_DS3XyZMo4o,713864,723344,9480
MyAuthenticNature_UCDqFwauFk9tAqrctz7iWHQ_DS3XyZMo4o_723624_729920.wav,MyAuthenticNature_UCDqFwauFk9tAqrctz7iWHQ_DS3XyZMo4o,723624,729920,6296
MyAuthenticNature_UCDqFwauFk9tAqrctz7iWHQ_DS3XyZMo4o_730096_732552.wav,MyAuthenticNature_UCDqFwauFk9tAqrctz7iWHQ_DS3XyZMo4o,730096,732552,2456
MyAuthenticNature_UCDqFwauFk9tAqrctz7iWHQ_DS3XyZMo4o_732872_741248.wav,MyAuthenticNature_UCDqFwauFk9tAqrctz7iWHQ_DS3XyZMo4o,732872,741248,8376
MyAuthenticNature_UCDqFwauFk9tAqrctz7iWHQ_DS3XyZMo4o_742040_746204.wav,MyAuthenticNature_UCDqFwauFk9tAqrctz7iWHQ_DS3XyZMo4o,742040,746204,4164
MyAuthenticNature_UCDqFwauFk9tAqrctz7iWHQ_DS3XyZMo4o_746484_752948.wav,MyAuthenticNature_UCDqFwauFk9tAqrctz7iWHQ_DS3XyZMo4o,746484,752948,6464
MyAuthenticNature_UCDqFwauFk9tAqrctz7iWHQ_DS3XyZMo4o_753616_759920.wav,MyAuthenticNature_UCDqFwauFk9tAqrctz7iWHQ_DS3XyZMo4o,753616,759920,6304
MyAuthenticNature_UCDqFwauFk9tAqrctz7iWHQ_DS3XyZMo4o_760168_762528.wav,MyAuthenticNature_UCDqFwauFk9tAqrctz7iWHQ_DS3XyZMo4o,760168,762528,2360
MyAuthenticNature_UCDqFwauFk9tAqrctz7iWHQ_DS3XyZMo4o_762712_770480.wav,MyAuthenticNature_UCDqFwauFk9tAqrctz7iWHQ_DS3XyZMo4o,762712,770480,7768
MyAuthenticNature_UCDqFwauFk9tAqrctz7iWHQ_DS3XyZMo4o_771240_773960.wav,MyAuthenticNature_UCDqFwauFk9tAqrctz7iWHQ_DS3XyZMo4o,771240,773960,2720
MyAuthenticNature_UCDqFwauFk9tAqrctz7iWHQ_DS3XyZMo4o_774904_784168.wav,MyAuthenticNature_UCDqFwauFk9tAqrctz7iWHQ_DS3XyZMo4o,774904,784168,9264
MyAuthenticNature_UCDqFwauFk9tAqrctz7iWHQ_DS3XyZMo4o_784704_788680.wav,MyAuthenticNature_UCDqFwauFk9tAqrctz7iWHQ_DS3XyZMo4o,784704,788680,3976
MyAuthenticNature_UCDqFwauFk9tAqrctz7iWHQ_DS3XyZMo4o_789072_790376.wav,MyAuthenticNature_UCDqFwauFk9tAqrctz7iWHQ_DS3XyZMo4o,789072,790376,1304
MyAuthenticNature_UCDqFwauFk9tAqrctz7iWHQ_DS3XyZMo4o_790976_797216.wav,MyAuthenticNature_UCDqFwauFk9tAqrctz7iWHQ_DS3XyZMo4o,790976,797216,6240
MyAuthenticNature_UCDqFwauFk9tAqrctz7iWHQ_DS3XyZMo4o_797376_798024.wav,MyAuthenticNature_UCDqFwauFk9tAqrctz7iWHQ_DS3XyZMo4o,797376,798024,648
MyAuthenticNature_UCDqFwauFk9tAqrctz7iWHQ_DS3XyZMo4o_798440_801024.wav,MyAuthenticNature_UCDqFwauFk9tAqrctz7iWHQ_DS3XyZMo4o,798440,801024,2584
MyAuthenticNature_UCDqFwauFk9tAqrctz7iWHQ_DS3XyZMo4o_801184_807648.wav,MyAuthenticNature_UCDqFwauFk9tAqrctz7iWHQ_DS3XyZMo4o,801184,807648,6464
MyAuthenticNature_UCDqFwauFk9tAqrctz7iWHQ_DS3XyZMo4o_807976_808760.wav,MyAuthenticNature_UCDqFwauFk9tAqrctz7iWHQ_DS3XyZMo4o,807976,808760,784
MyAuthenticNature_UCDqFwauFk9tAqrctz7iWHQ_DS3XyZMo4o_809952_811136.wav,MyAuthenticNature_UCDqFwauFk9tAqrctz7iWHQ_DS3XyZMo4o,809952,811136,1184
MyAuthenticNature_UCDqFwauFk9tAqrctz7iWHQ_DS3XyZMo4o_812256_815728.wav,MyAuthenticNature_UCDqFwauFk9tAqrctz7iWHQ_DS3XyZMo4o,812256,815728,3472
MyAuthenticNature_UCDqFwauFk9tAqrctz7iWHQ_DS3XyZMo4o_816192_821512.wav,MyAuthenticNature_UCDqFwauFk9tAqrctz7iWHQ_DS3XyZMo4o,816192,821512,5320
MyAuthenticNature_UCDqFwauFk9tAqrctz7iWHQ_DS3XyZMo4o_821968_825812.wav,MyAuthenticNature_UCDqFwauFk9tAqrctz7iWHQ_DS3XyZMo4o,821968,825812,3844
MyAuthenticNature_UCDqFwauFk9tAqrctz7iWHQ_DS3XyZMo4o_826036_832724.wav,MyAuthenticNature_UCDqFwauFk9tAqrctz7iWHQ_DS3XyZMo4o,826036,832724,6688
MyAuthenticNature_UCDqFwauFk9tAqrctz7iWHQ_DS3XyZMo4o_833020_833632.wav,MyAuthenticNature_UCDqFwauFk9tAqrctz7iWHQ_DS3XyZMo4o,833020,833632,612
MyAuthenticNature_UCDqFwauFk9tAqrctz7iWHQ_DS3XyZMo4o_833800_836248.wav,MyAuthenticNature_UCDqFwauFk9tAqrctz7iWHQ_DS3XyZMo4o,833800,836248,2448
MyAuthenticNature_UCDqFwauFk9tAqrctz7iWHQ_DS3XyZMo4o_836496_840536.wav,MyAuthenticNature_UCDqFwauFk9tAqrctz7iWHQ_DS3XyZMo4o,836496,840536,4040
MyAuthenticNature_UCDqFwauFk9tAqrctz7iWHQ_DS3XyZMo4o_840776_847576.wav,MyAuthenticNature_UCDqFwauFk9tAqrctz7iWHQ_DS3XyZMo4o,840776,847576,6800
MyAuthenticNature_UCDqFwauFk9tAqrctz7iWHQ_DS3XyZMo4o_847912_854568.wav,MyAuthenticNature_UCDqFwauFk9tAqrctz7iWHQ_DS3XyZMo4o,847912,854568,6656
MyAuthenticNature_UCDqFwauFk9tAqrctz7iWHQ_DS3XyZMo4o_854888_855568.wav,MyAuthenticNature_UCDqFwauFk9tAqrctz7iWHQ_DS3XyZMo4o,854888,855568,680
MyAuthenticNature_UCDqFwauFk9tAqrctz7iWHQ_DS3XyZMo4o_855760_863408.wav,MyAuthenticNature_UCDqFwauFk9tAqrctz7iWHQ_DS3XyZMo4o,855760,863408,7648
MyAuthenticNature_UCDqFwauFk9tAqrctz7iWHQ_DS3XyZMo4o_863960_866376.wav,MyAuthenticNature_UCDqFwauFk9tAqrctz7iWHQ_DS3XyZMo4o,863960,866376,2416
MyAuthenticNature_UCDqFwauFk9tAqrctz7iWHQ_DS3XyZMo4o_866984_868688.wav,MyAuthenticNature_UCDqFwauFk9tAqrctz7iWHQ_DS3XyZMo4o,866984,868688,1704
MyAuthenticNature_UCDqFwauFk9tAqrctz7iWHQ_DS3XyZMo4o_868888_878836.wav,MyAuthenticNature_UCDqFwauFk9tAqrctz7iWHQ_DS3XyZMo4o,868888,878836,9948
MyAuthenticNature_UCDqFwauFk9tAqrctz7iWHQ_DS3XyZMo4o_879156_880072.wav,MyAuthenticNature_UCDqFwauFk9tAqrctz7iWHQ_DS3XyZMo4o,879156,880072,916
MyAuthenticNature_UCDqFwauFk9tAqrctz7iWHQ_DS3XyZMo4o_880856_890521.wav,MyAuthenticNature_UCDqFwauFk9tAqrctz7iWHQ_DS3XyZMo4o,880856,890521,9665
MyAuthenticNature_UCDqFwauFk9tAqrctz7iWHQ_DS3XyZMo4o_890913_897378.wav,MyAuthenticNature_UCDqFwauFk9tAqrctz7iWHQ_DS3XyZMo4o,890913,897378,6465
MyAuthenticNature_UCDqFwauFk9tAqrctz7iWHQ_DS3XyZMo4o_897730_899716.wav,MyAuthenticNature_UCDqFwauFk9tAqrctz7iWHQ_DS3XyZMo4o,897730,899716,1986
MyAuthenticNature_UCDqFwauFk9tAqrctz7iWHQ_DS3XyZMo4o_899932_901500.wav,MyAuthenticNature_UCDqFwauFk9tAqrctz7iWHQ_DS3XyZMo4o,899932,901500,1568
MyAuthenticNature_UCDqFwauFk9tAqrctz7iWHQ_DS3XyZMo4o_901764_902156.wav,MyAuthenticNature_UCDqFwauFk9tAqrctz7iWHQ_DS3XyZMo4o,901764,902156,392
MyAuthenticNature_UCDqFwauFk9tAqrctz7iWHQ_DS3XyZMo4o_903056_909808.wav,MyAuthenticNature_UCDqFwauFk9tAqrctz7iWHQ_DS3XyZMo4o,903056,909808,6752
MyAuthenticNature_UCDqFwauFk9tAqrctz7iWHQ_DS3XyZMo4o_910152_912048.wav,MyAuthenticNature_UCDqFwauFk9tAqrctz7iWHQ_DS3XyZMo4o,910152,912048,1896
MyAuthenticNature_UCDqFwauFk9tAqrctz7iWHQ_DS3XyZMo4o_912464_917496.wav,MyAuthenticNature_UCDqFwauFk9tAqrctz7iWHQ_DS3XyZMo4o,912464,917496,5032
MyAuthenticNature_UCDqFwauFk9tAqrctz7iWHQ_DS3XyZMo4o_917696_927082.wav,MyAuthenticNature_UCDqFwauFk9tAqrctz7iWHQ_DS3XyZMo4o,917696,927082,9386
MyAuthenticNature_UCDqFwauFk9tAqrctz7iWHQ_DS3XyZMo4o_927402_933884.wav,MyAuthenticNature_UCDqFwauFk9tAqrctz7iWHQ_DS3XyZMo4o,927402,933884,6482
MyAuthenticNature_UCDqFwauFk9tAqrctz7iWHQ_DS3XyZMo4o_934316_934472.wav,MyAuthenticNature_UCDqFwauFk9tAqrctz7iWHQ_DS3XyZMo4o,934316,934472,156
MyAuthenticNature_UCDqFwauFk9tAqrctz7iWHQ_DS3XyZMo4o_934720_937664.wav,MyAuthenticNature_UCDqFwauFk9tAqrctz7iWHQ_DS3XyZMo4o,934720,937664,2944
MyAuthenticNature_UCDqFwauFk9tAqrctz7iWHQ_DS3XyZMo4o_938080_945152.wav,MyAuthenticNature_UCDqFwauFk9tAqrctz7iWHQ_DS3XyZMo4o,938080,945152,7072
MyAuthenticNature_UCDqFwauFk9tAqrctz7iWHQ_DS3XyZMo4o_945600_946272.wav,MyAuthenticNature_UCDqFwauFk9tAqrctz7iWHQ_DS3XyZMo4o,945600,946272,672
MyAuthenticNature_UCDqFwauFk9tAqrctz7iWHQ_DS3XyZMo4o_946560_948088.wav,MyAuthenticNature_UCDqFwauFk9tAqrctz7iWHQ_DS3XyZMo4o,946560,948088,1528
MyAuthenticNature_UCDqFwauFk9tAqrctz7iWHQ_DS3XyZMo4o_948312_949200.wav,MyAuthenticNature_UCDqFwauFk9tAqrctz7iWHQ_DS3XyZMo4o,948312,949200,888
MyAuthenticNature_UCDqFwauFk9tAqrctz7iWHQ_DS3XyZMo4o_949408_953320.wav,MyAuthenticNature_UCDqFwauFk9tAqrctz7iWHQ_DS3XyZMo4o,949408,953320,3912
MyAuthenticNature_UCDqFwauFk9tAqrctz7iWHQ_DS3XyZMo4o_953536_954264.wav,MyAuthenticNature_UCDqFwauFk9tAqrctz7iWHQ_DS3XyZMo4o,953536,954264,728
MyAuthenticNature_UCDqFwauFk9tAqrctz7iWHQ_DS3XyZMo4o_954920_955632.wav,MyAuthenticNature_UCDqFwauFk9tAqrctz7iWHQ_DS3XyZMo4o,954920,955632,712
MyAuthenticNature_UCDqFwauFk9tAqrctz7iWHQ_DS3XyZMo4o_956056_957232.wav,MyAuthenticNature_UCDqFwauFk9tAqrctz7iWHQ_DS3XyZMo4o,956056,957232,1176
MyAuthenticNature_UCDqFwauFk9tAqrctz7iWHQ_DS3XyZMo4o_957680_959184.wav,MyAuthenticNature_UCDqFwauFk9tAqrctz7iWHQ_DS3XyZMo4o,957680,959184,1504
MyAuthenticNature_UCDqFwauFk9tAqrctz7iWHQ_DS3XyZMo4o_959616_960680.wav,MyAuthenticNature_UCDqFwauFk9tAqrctz7iWHQ_DS3XyZMo4o,959616,960680,1064
MyAuthenticNature_UCDqFwauFk9tAqrctz7iWHQ_DS3XyZMo4o_961480_969768.wav,MyAuthenticNature_UCDqFwauFk9tAqrctz7iWHQ_DS3XyZMo4o,961480,969768,8288
MyAuthenticNature_UCDqFwauFk9tAqrctz7iWHQ_DS3XyZMo4o_970040_972344.wav,MyAuthenticNature_UCDqFwauFk9tAqrctz7iWHQ_DS3XyZMo4o,970040,972344,2304
MyAuthenticNature_UCDqFwauFk9tAqrctz7iWHQ_DS3XyZMo4o_972968_981048.wav,MyAuthenticNature_UCDqFwauFk9tAqrctz7iWHQ_DS3XyZMo4o,972968,981048,8080
MyAuthenticNature_UCDqFwauFk9tAqrctz7iWHQ_DS3XyZMo4o_982128_988856.wav,MyAuthenticNature_UCDqFwauFk9tAqrctz7iWHQ_DS3XyZMo4o,982128,988856,6728
MyAuthenticNature_UCDqFwauFk9tAqrctz7iWHQ_DS3XyZMo4o_989112_994336.wav,MyAuthenticNature_UCDqFwauFk9tAqrctz7iWHQ_DS3XyZMo4o,989112,994336,5224
MyAuthenticNature_UCDqFwauFk9tAqrctz7iWHQ_DS3XyZMo4o_994592_999780.wav,MyAuthenticNature_UCDqFwauFk9tAqrctz7iWHQ_DS3XyZMo4o,994592,999780,5188
MyAuthenticNature_UCDqFwauFk9tAqrctz7iWHQ_DS3XyZMo4o_1000108_1007664.wav,MyAuthenticNature_UCDqFwauFk9tAqrctz7iWHQ_DS3XyZMo4o,1000108,1007664,7556
MyAuthenticNature_UCDqFwauFk9tAqrctz7iWHQ_DS3XyZMo4o_1007944_1015320.wav,MyAuthenticNature_UCDqFwauFk9tAqrctz7iWHQ_DS3XyZMo4o,1007944,1015320,7376
MyAuthenticNature_UCDqFwauFk9tAqrctz7iWHQ_DS3XyZMo4o_1015752_1021592.wav,MyAuthenticNature_UCDqFwauFk9tAqrctz7iWHQ_DS3XyZMo4o,1015752,1021592,5840
MyAuthenticNature_UCDqFwauFk9tAqrctz7iWHQ_DS3XyZMo4o_1021824_1024672.wav,MyAuthenticNature_UCDqFwauFk9tAqrctz7iWHQ_DS3XyZMo4o,1021824,1024672,2848
MyAuthenticNature_UCDqFwauFk9tAqrctz7iWHQ_DS3XyZMo4o_1024904_1031616.wav,MyAuthenticNature_UCDqFwauFk9tAqrctz7iWHQ_DS3XyZMo4o,1024904,1031616,6712
MyAuthenticNature_UCDqFwauFk9tAqrctz7iWHQ_DS3XyZMo4o_1031768_1035976.wav,MyAuthenticNature_UCDqFwauFk9tAqrctz7iWHQ_DS3XyZMo4o,1031768,1035976,4208
MyAuthenticNature_UCDqFwauFk9tAqrctz7iWHQ_DS3XyZMo4o_1036288_1040568.wav,MyAuthenticNature_UCDqFwauFk9tAqrctz7iWHQ_DS3XyZMo4o,1036288,1040568,4280
MyAuthenticNature_UCDqFwauFk9tAqrctz7iWHQ_DS3XyZMo4o_1040960_1050024.wav,MyAuthenticNature_UCDqFwauFk9tAqrctz7iWHQ_DS3XyZMo4o,1040960,1050024,9064
MyAuthenticNature_UCDqFwauFk9tAqrctz7iWHQ_DS3XyZMo4o_1050416_1058616.wav,MyAuthenticNature_UCDqFwauFk9tAqrctz7iWHQ_DS3XyZMo4o,1050416,1058616,8200
MyAuthenticNature_UCDqFwauFk9tAqrctz7iWHQ_DS3XyZMo4o_1058824_1059528.wav,MyAuthenticNature_UCDqFwauFk9tAqrctz7iWHQ_DS3XyZMo4o,1058824,1059528,704
MyAuthenticNature_UCDqFwauFk9tAqrctz7iWHQ_DS3XyZMo4o_1059872_1061152.wav,MyAuthenticNature_UCDqFwauFk9tAqrctz7iWHQ_DS3XyZMo4o,1059872,1061152,1280
MyAuthenticNature_UCDqFwauFk9tAqrctz7iWHQ_DS3XyZMo4o_1062120_1067184.wav,MyAuthenticNature_UCDqFwauFk9tAqrctz7iWHQ_DS3XyZMo4o,1062120,1067184,5064
MyAuthenticNature_UCDqFwauFk9tAqrctz7iWHQ_DS3XyZMo4o_1068592_1074424.wav,MyAuthenticNature_UCDqFwauFk9tAqrctz7iWHQ_DS3XyZMo4o,1068592,1074424,5832
MyAuthenticNature_UCDqFwauFk9tAqrctz7iWHQ_DS3XyZMo4o_1074624_1078728.wav,MyAuthenticNature_UCDqFwauFk9tAqrctz7iWHQ_DS3XyZMo4o,1074624,1078728,4104
MyAuthenticNature_UCDqFwauFk9tAqrctz7iWHQ_DS3XyZMo4o_1078984_1080424.wav,MyAuthenticNature_UCDqFwauFk9tAqrctz7iWHQ_DS3XyZMo4o,1078984,1080424,1440
MyAuthenticNature_UCDqFwauFk9tAqrctz7iWHQ_DS3XyZMo4o_1081376_1084888.wav,MyAuthenticNature_UCDqFwauFk9tAqrctz7iWHQ_DS3XyZMo4o,1081376,1084888,3512
MyAuthenticNature_UCDqFwauFk9tAqrctz7iWHQ_DS3XyZMo4o_1085144_1086968.wav,MyAuthenticNature_UCDqFwauFk9tAqrctz7iWHQ_DS3XyZMo4o,1085144,1086968,1824
MyAuthenticNature_UCDqFwauFk9tAqrctz7iWHQ_DS3XyZMo4o_1087616_1088296.wav,MyAuthenticNature_UCDqFwauFk9tAqrctz7iWHQ_DS3XyZMo4o,1087616,1088296,680
MyAuthenticNature_UCDqFwauFk9tAqrctz7iWHQ_DS3XyZMo4o_1089040_1093808.wav,MyAuthenticNature_UCDqFwauFk9tAqrctz7iWHQ_DS3XyZMo4o,1089040,1093808,4768
MyAuthenticNature_UCDqFwauFk9tAqrctz7iWHQ_DS3XyZMo4o_1094096_1096176.wav,MyAuthenticNature_UCDqFwauFk9tAqrctz7iWHQ_DS3XyZMo4o,1094096,1096176,2080
MyAuthenticNature_UCDqFwauFk9tAqrctz7iWHQ_DS3XyZMo4o_1096440_1105928.wav,MyAuthenticNature_UCDqFwauFk9tAqrctz7iWHQ_DS3XyZMo4o,1096440,1105928,9488
MyAuthenticNature_UCDqFwauFk9tAqrctz7iWHQ_DS3XyZMo4o_1106256_1110472.wav,MyAuthenticNature_UCDqFwauFk9tAqrctz7iWHQ_DS3XyZMo4o,1106256,1110472,4216
MyAuthenticNature_UCDqFwauFk9tAqrctz7iWHQ_DS3XyZMo4o_1111272_1111968.wav,MyAuthenticNature_UCDqFwauFk9tAqrctz7iWHQ_DS3XyZMo4o,1111272,1111968,696
MyAuthenticNature_UCDqFwauFk9tAqrctz7iWHQ_DS3XyZMo4o_1112392_1114576.wav,MyAuthenticNature_UCDqFwauFk9tAqrctz7iWHQ_DS3XyZMo4o,1112392,1114576,2184
MyAuthenticNature_UCDqFwauFk9tAqrctz7iWHQ_DS3XyZMo4o_1115728_1116544.wav,MyAuthenticNature_UCDqFwauFk9tAqrctz7iWHQ_DS3XyZMo4o,1115728,1116544,816
MyAuthenticNature_UCDqFwauFk9tAqrctz7iWHQ_DS3XyZMo4o_1117048_1121468.wav,MyAuthenticNature_UCDqFwauFk9tAqrctz7iWHQ_DS3XyZMo4o,1117048,1121468,4420
MyAuthenticNature_UCDqFwauFk9tAqrctz7iWHQ_DS3XyZMo4o_1121916_1123764.wav,MyAuthenticNature_UCDqFwauFk9tAqrctz7iWHQ_DS3XyZMo4o,1121916,1123764,1848
MyAuthenticNature_UCDqFwauFk9tAqrctz7iWHQ_DS3XyZMo4o_1124268_1127332.wav,MyAuthenticNature_UCDqFwauFk9tAqrctz7iWHQ_DS3XyZMo4o,1124268,1127332,3064
MyAuthenticNature_UCDqFwauFk9tAqrctz7iWHQ_DS3XyZMo4o_1127804_1131252.wav,MyAuthenticNature_UCDqFwauFk9tAqrctz7iWHQ_DS3XyZMo4o,1127804,1131252,3448
MyAuthenticNature_UCDqFwauFk9tAqrctz7iWHQ_DS3XyZMo4o_1131412_1133244.wav,MyAuthenticNature_UCDqFwauFk9tAqrctz7iWHQ_DS3XyZMo4o,1131412,1133244,1832
MyAuthenticNature_UCDqFwauFk9tAqrctz7iWHQ_DS3XyZMo4o_1133364_1133820.wav,MyAuthenticNature_UCDqFwauFk9tAqrctz7iWHQ_DS3XyZMo4o,1133364,1133820,456
MyAuthenticNature_UCDqFwauFk9tAqrctz7iWHQ_DS3XyZMo4o_1134012_1137620.wav,MyAuthenticNature_UCDqFwauFk9tAqrctz7iWHQ_DS3XyZMo4o,1134012,1137620,3608
MyAuthenticNature_UCDqFwauFk9tAqrctz7iWHQ_DS3XyZMo4o_1138028_1140636.wav,MyAuthenticNature_UCDqFwauFk9tAqrctz7iWHQ_DS3XyZMo4o,1138028,1140636,2608
MyAuthenticNature_UCDqFwauFk9tAqrctz7iWHQ_DS3XyZMo4o_1140788_1143260.wav,MyAuthenticNature_UCDqFwauFk9tAqrctz7iWHQ_DS3XyZMo4o,1140788,1143260,2472
MyAuthenticNature_UCDqFwauFk9tAqrctz7iWHQ_DS3XyZMo4o_1143388_1144116.wav,MyAuthenticNature_UCDqFwauFk9tAqrctz7iWHQ_DS3XyZMo4o,1143388,1144116,728
MyAuthenticNature_UCDqFwauFk9tAqrctz7iWHQ_DS3XyZMo4o_1144340_1144940.wav,MyAuthenticNature_UCDqFwauFk9tAqrctz7iWHQ_DS3XyZMo4o,1144340,1144940,600
MyAuthenticNature_UCDqFwauFk9tAqrctz7iWHQ_DS3XyZMo4o_1145164_1145292.wav,MyAuthenticNature_UCDqFwauFk9tAqrctz7iWHQ_DS3XyZMo4o,1145164,1145292,128
MyAuthenticNature_UCDqFwauFk9tAqrctz7iWHQ_DS3XyZMo4o_1145524_1147540.wav,MyAuthenticNature_UCDqFwauFk9tAqrctz7iWHQ_DS3XyZMo4o,1145524,1147540,2016
MyAuthenticNature_UCDqFwauFk9tAqrctz7iWHQ_DS3XyZMo4o_1147756_1147908.wav,MyAuthenticNature_UCDqFwauFk9tAqrctz7iWHQ_DS3XyZMo4o,1147756,1147908,152
MyAuthenticNature_UCDqFwauFk9tAqrctz7iWHQ_DS3XyZMo4o_1148188_1148916.wav,MyAuthenticNature_UCDqFwauFk9tAqrctz7iWHQ_DS3XyZMo4o,1148188,1148916,728
MyAuthenticNature_UCDqFwauFk9tAqrctz7iWHQ_DS3XyZMo4o_1149068_1149596.wav,MyAuthenticNature_UCDqFwauFk9tAqrctz7iWHQ_DS3XyZMo4o,1149068,1149596,528
MyAuthenticNature_UCDqFwauFk9tAqrctz7iWHQ_DS3XyZMo4o_1150228_1150422.wav,MyAuthenticNature_UCDqFwauFk9tAqrctz7iWHQ_DS3XyZMo4o,1150228,1150422,194
MyAuthenticNature_UCDqFwauFk9tAqrctz7iWHQ_DS3XyZMo4o_1150606_1150870.wav,MyAuthenticNature_UCDqFwauFk9tAqrctz7iWHQ_DS3XyZMo4o,1150606,1150870,264
MyAuthenticNature_UCDqFwauFk9tAqrctz7iWHQ_DS3XyZMo4o_1151302_1154214.wav,MyAuthenticNature_UCDqFwauFk9tAqrctz7iWHQ_DS3XyZMo4o,1151302,1154214,2912
MyAuthenticNature_UCDqFwauFk9tAqrctz7iWHQ_DS3XyZMo4o_1154374_1157222.wav,MyAuthenticNature_UCDqFwauFk9tAqrctz7iWHQ_DS3XyZMo4o,1154374,1157222,2848
MyAuthenticNature_UCDqFwauFk9tAqrctz7iWHQ_DS3XyZMo4o_1157398_1160366.wav,MyAuthenticNature_UCDqFwauFk9tAqrctz7iWHQ_DS3XyZMo4o,1157398,1160366,2968
MyAuthenticNature_UCDqFwauFk9tAqrctz7iWHQ_DS3XyZMo4o_1160614_1162414.wav,MyAuthenticNature_UCDqFwauFk9tAqrctz7iWHQ_DS3XyZMo4o,1160614,1162414,1800
MyAuthenticNature_UCDqFwauFk9tAqrctz7iWHQ_DS3XyZMo4o_1162654_1163678.wav,MyAuthenticNature_UCDqFwauFk9tAqrctz7iWHQ_DS3XyZMo4o,1162654,1163678,1024
MyAuthenticNature_UCDqFwauFk9tAqrctz7iWHQ_DS3XyZMo4o_1164070_1165118.wav,MyAuthenticNature_UCDqFwauFk9tAqrctz7iWHQ_DS3XyZMo4o,1164070,1165118,1048
MyAuthenticNature_UCDqFwauFk9tAqrctz7iWHQ_DS3XyZMo4o_1165326_1167342.wav,MyAuthenticNature_UCDqFwauFk9tAqrctz7iWHQ_DS3XyZMo4o,1165326,1167342,2016
MyAuthenticNature_UCDqFwauFk9tAqrctz7iWHQ_DS3XyZMo4o_1167968_1174888.wav,MyAuthenticNature_UCDqFwauFk9tAqrctz7iWHQ_DS3XyZMo4o,1167968,1174888,6920
MyAuthenticNature_UCDqFwauFk9tAqrctz7iWHQ_DS3XyZMo4o_1175168_1177384.wav,MyAuthenticNature_UCDqFwauFk9tAqrctz7iWHQ_DS3XyZMo4o,1175168,1177384,2216
MyAuthenticNature_UCDqFwauFk9tAqrctz7iWHQ_DS3XyZMo4o_1177912_1178464.wav,MyAuthenticNature_UCDqFwauFk9tAqrctz7iWHQ_DS3XyZMo4o,1177912,1178464,552
MyAuthenticNature_UCDqFwauFk9tAqrctz7iWHQ_DS3XyZMo4o_1178776_1178896.wav,MyAuthenticNature_UCDqFwauFk9tAqrctz7iWHQ_DS3XyZMo4o,1178776,1178896,120
MyAuthenticNature_UCDqFwauFk9tAqrctz7iWHQ_DS3XyZMo4o_1179336_1179736.wav,MyAuthenticNature_UCDqFwauFk9tAqrctz7iWHQ_DS3XyZMo4o,1179336,1179736,400
MyAuthenticNature_UCDqFwauFk9tAqrctz7iWHQ_DS3XyZMo4o_1180016_1182896.wav,MyAuthenticNature_UCDqFwauFk9tAqrctz7iWHQ_DS3XyZMo4o,1180016,1182896,2880
MyAuthenticNature_UCDqFwauFk9tAqrctz7iWHQ_DS3XyZMo4o_1183048_1191296.wav,MyAuthenticNature_UCDqFwauFk9tAqrctz7iWHQ_DS3XyZMo4o,1183048,1191296,8248
MyAuthenticNature_UCDqFwauFk9tAqrctz7iWHQ_DS3XyZMo4o_1191768_1193016.wav,MyAuthenticNature_UCDqFwauFk9tAqrctz7iWHQ_DS3XyZMo4o,1191768,1193016,1248
MyAuthenticNature_UCDqFwauFk9tAqrctz7iWHQ_DS3XyZMo4o_1193144_1198056.wav,MyAuthenticNature_UCDqFwauFk9tAqrctz7iWHQ_DS3XyZMo4o,1193144,1198056,4912
MyAuthenticNature_UCDqFwauFk9tAqrctz7iWHQ_DS3XyZMo4o_1198312_1203313.wav,MyAuthenticNature_UCDqFwauFk9tAqrctz7iWHQ_DS3XyZMo4o,1198312,1203313,5001
MyAuthenticNature_UCDqFwauFk9tAqrctz7iWHQ_DS3XyZMo4o_1203489_1207809.wav,MyAuthenticNature_UCDqFwauFk9tAqrctz7iWHQ_DS3XyZMo4o,1203489,1207809,4320
