filename,video_id,start_time,end_time,duration
MyAuthenticNature_UCDqFwauFk9tAqrctz7iWHQ_DS3XyZMo4o_0_216.wav,MyAuthenticNature_UCDqFwauFk9tAqrctz7iWHQ_DS3XyZMo4o,0,216,216
MyAuthenticNature_UCDqFwauFk9tAqrctz7iWHQ_DS3XyZMo4o_216_504.wav,MyAuthenticNature_UCDqFwauFk9tAqrctz7iWHQ_DS3XyZMo4o,216,504,288
MyAuthenticNature_UCDqFwauFk9tAqrctz7iWHQ_DS3XyZMo4o_504_2224.wav,MyAuthenticNature_UCDqFwauFk9tAqrctz7iWHQ_DS3XyZMo4o,504,2224,1720
MyAuthenticNature_UCDqFwauFk9tAqrctz7iWHQ_DS3XyZMo4o_2392_16392.wav,MyAuthenticNature_UCDqFwauFk9tAqrctz7iWHQ_DS3XyZMo4o,2392,16392,14000
MyAuthenticNature_UCDqFwauFk9tAqrctz7iWHQ_DS3XyZMo4o_16528_18816.wav,MyAuthenticNature_UCDqFwauFk9tAqrctz7iWHQ_DS3XyZMo4o,16528,18816,2288
MyAuthenticNature_UCDqFwauFk9tAqrctz7iWHQ_DS3XyZMo4o_19008_24602.wav,MyAuthenticNature_UCDqFwauFk9tAqrctz7iWHQ_DS3XyZMo4o,19008,24602,5594
MyAuthenticNature_UCDqFwauFk9tAqrctz7iWHQ_DS3XyZMo4o_24754_32940.wav,MyAuthenticNature_UCDqFwauFk9tAqrctz7iWHQ_DS3XyZMo4o,24754,32940,8186
MyAuthenticNature_UCDqFwauFk9tAqrctz7iWHQ_DS3XyZMo4o_33396_40022.wav,MyAuthenticNature_UCDqFwauFk9tAqrctz7iWHQ_DS3XyZMo4o,33396,40022,6626
MyAuthenticNature_UCDqFwauFk9tAqrctz7iWHQ_DS3XyZMo4o_40454_42232.wav,MyAuthenticNature_UCDqFwauFk9tAqrctz7iWHQ_DS3XyZMo4o,40454,42232,1778
MyAuthenticNature_UCDqFwauFk9tAqrctz7iWHQ_DS3XyZMo4o_42384_47824.wav,MyAuthenticNature_UCDqFwauFk9tAqrctz7iWHQ_DS3XyZMo4o,42384,47824,5440
MyAuthenticNature_UCDqFwauFk9tAqrctz7iWHQ_DS3XyZMo4o_47928_53672.wav,MyAuthenticNature_UCDqFwauFk9tAqrctz7iWHQ_DS3XyZMo4o,47928,53672,5744
MyAuthenticNature_UCDqFwauFk9tAqrctz7iWHQ_DS3XyZMo4o_53784_59832.wav,MyAuthenticNature_UCDqFwauFk9tAqrctz7iWHQ_DS3XyZMo4o,53784,59832,6048
MyAuthenticNature_UCDqFwauFk9tAqrctz7iWHQ_DS3XyZMo4o_59952_63600.wav,MyAuthenticNature_UCDqFwauFk9tAqrctz7iWHQ_DS3XyZMo4o,59952,63600,3648
MyAuthenticNature_UCDqFwauFk9tAqrctz7iWHQ_DS3XyZMo4o_63712_66800.wav,MyAuthenticNature_UCDqFwauFk9tAqrctz7iWHQ_DS3XyZMo4o,63712,66800,3088
MyAuthenticNature_UCDqFwauFk9tAqrctz7iWHQ_DS3XyZMo4o_66960_70784.wav,MyAuthenticNature_UCDqFwauFk9tAqrctz7iWHQ_DS3XyZMo4o,66960,70784,3824
MyAuthenticNature_UCDqFwauFk9tAqrctz7iWHQ_DS3XyZMo4o_70952_73072.wav,MyAuthenticNature_UCDqFwauFk9tAqrctz7iWHQ_DS3XyZMo4o,70952,73072,2120
MyAuthenticNature_UCDqFwauFk9tAqrctz7iWHQ_DS3XyZMo4o_73256_73840.wav,MyAuthenticNature_UCDqFwauFk9tAqrctz7iWHQ_DS3XyZMo4o,73256,73840,584
MyAuthenticNature_UCDqFwauFk9tAqrctz7iWHQ_DS3XyZMo4o_74104_83892.wav,MyAuthenticNature_UCDqFwauFk9tAqrctz7iWHQ_DS3XyZMo4o,74104,83892,9788
MyAuthenticNature_UCDqFwauFk9tAqrctz7iWHQ_DS3XyZMo4o_84052_92158.wav,MyAuthenticNature_UCDqFwauFk9tAqrctz7iWHQ_DS3XyZMo4o,84052,92158,8106
MyAuthenticNature_UCDqFwauFk9tAqrctz7iWHQ_DS3XyZMo4o_92254_94646.wav,MyAuthenticNature_UCDqFwauFk9tAqrctz7iWHQ_DS3XyZMo4o,92254,94646,2392
MyAuthenticNature_UCDqFwauFk9tAqrctz7iWHQ_DS3XyZMo4o_94742_100534.wav,MyAuthenticNature_UCDqFwauFk9tAqrctz7iWHQ_DS3XyZMo4o,94742,100534,5792
MyAuthenticNature_UCDqFwauFk9tAqrctz7iWHQ_DS3XyZMo4o_101208_102792.wav,MyAuthenticNature_UCDqFwauFk9tAqrctz7iWHQ_DS3XyZMo4o,101208,102792,1584
MyAuthenticNature_UCDqFwauFk9tAqrctz7iWHQ_DS3XyZMo4o_103064_110146.wav,MyAuthenticNature_UCDqFwauFk9tAqrctz7iWHQ_DS3XyZMo4o,103064,110146,7082
MyAuthenticNature_UCDqFwauFk9tAqrctz7iWHQ_DS3XyZMo4o_110394_114108.wav,MyAuthenticNature_UCDqFwauFk9tAqrctz7iWHQ_DS3XyZMo4o,110394,114108,3714
MyAuthenticNature_UCDqFwauFk9tAqrctz7iWHQ_DS3XyZMo4o_114380_125616.wav,MyAuthenticNature_UCDqFwauFk9tAqrctz7iWHQ_DS3XyZMo4o,114380,125616,11236
MyAuthenticNature_UCDqFwauFk9tAqrctz7iWHQ_DS3XyZMo4o_126152_135344.wav,MyAuthenticNature_UCDqFwauFk9tAqrctz7iWHQ_DS3XyZMo4o,126152,135344,9192
MyAuthenticNature_UCDqFwauFk9tAqrctz7iWHQ_DS3XyZMo4o_135800_137088.wav,MyAuthenticNature_UCDqFwauFk9tAqrctz7iWHQ_DS3XyZMo4o,135800,137088,1288
MyAuthenticNature_UCDqFwauFk9tAqrctz7iWHQ_DS3XyZMo4o_137832_138272.wav,MyAuthenticNature_UCDqFwauFk9tAqrctz7iWHQ_DS3XyZMo4o,137832,138272,440
MyAuthenticNature_UCDqFwauFk9tAqrctz7iWHQ_DS3XyZMo4o_138600_148332.wav,MyAuthenticNature_UCDqFwauFk9tAqrctz7iWHQ_DS3XyZMo4o,138600,148332,9732
MyAuthenticNature_UCDqFwauFk9tAqrctz7iWHQ_DS3XyZMo4o_148572_158512.wav,MyAuthenticNature_UCDqFwauFk9tAqrctz7iWHQ_DS3XyZMo4o,148572,158512,9940
MyAuthenticNature_UCDqFwauFk9tAqrctz7iWHQ_DS3XyZMo4o_158848_162520.wav,MyAuthenticNature_UCDqFwauFk9tAqrctz7iWHQ_DS3XyZMo4o,158848,162520,3672
MyAuthenticNature_UCDqFwauFk9tAqrctz7iWHQ_DS3XyZMo4o_162808_164872.wav,MyAuthenticNature_UCDqFwauFk9tAqrctz7iWHQ_DS3XyZMo4o,162808,164872,2064
MyAuthenticNature_UCDqFwauFk9tAqrctz7iWHQ_DS3XyZMo4o_166392_175786.wav,MyAuthenticNature_UCDqFwauFk9tAqrctz7iWHQ_DS3XyZMo4o,166392,175786,9394
MyAuthenticNature_UCDqFwauFk9tAqrctz7iWHQ_DS3XyZMo4o_175970_177172.wav,MyAuthenticNature_UCDqFwauFk9tAqrctz7iWHQ_DS3XyZMo4o,175970,177172,1202
MyAuthenticNature_UCDqFwauFk9tAqrctz7iWHQ_DS3XyZMo4o_177912_178496.wav,MyAuthenticNature_UCDqFwauFk9tAqrctz7iWHQ_DS3XyZMo4o,177912,178496,584
MyAuthenticNature_UCDqFwauFk9tAqrctz7iWHQ_DS3XyZMo4o_179128_179352.wav,MyAuthenticNature_UCDqFwauFk9tAqrctz7iWHQ_DS3XyZMo4o,179128,179352,224
MyAuthenticNature_UCDqFwauFk9tAqrctz7iWHQ_DS3XyZMo4o_179352_188020.wav,MyAuthenticNature_UCDqFwauFk9tAqrctz7iWHQ_DS3XyZMo4o,179352,188020,8668
MyAuthenticNature_UCDqFwauFk9tAqrctz7iWHQ_DS3XyZMo4o_188148_190576.wav,MyAuthenticNature_UCDqFwauFk9tAqrctz7iWHQ_DS3XyZMo4o,188148,190576,2428
MyAuthenticNature_UCDqFwauFk9tAqrctz7iWHQ_DS3XyZMo4o_190712_192952.wav,MyAuthenticNature_UCDqFwauFk9tAqrctz7iWHQ_DS3XyZMo4o,190712,192952,2240
MyAuthenticNature_UCDqFwauFk9tAqrctz7iWHQ_DS3XyZMo4o_193208_193468.wav,MyAuthenticNature_UCDqFwauFk9tAqrctz7iWHQ_DS3XyZMo4o,193208,193468,260
MyAuthenticNature_UCDqFwauFk9tAqrctz7iWHQ_DS3XyZMo4o_193468_194781.wav,MyAuthenticNature_UCDqFwauFk9tAqrctz7iWHQ_DS3XyZMo4o,193468,194781,1313
MyAuthenticNature_UCDqFwauFk9tAqrctz7iWHQ_DS3XyZMo4o_194973_204646.wav,MyAuthenticNature_UCDqFwauFk9tAqrctz7iWHQ_DS3XyZMo4o,194973,204646,9673
MyAuthenticNature_UCDqFwauFk9tAqrctz7iWHQ_DS3XyZMo4o_204886_207574.wav,MyAuthenticNature_UCDqFwauFk9tAqrctz7iWHQ_DS3XyZMo4o,204886,207574,2688
MyAuthenticNature_UCDqFwauFk9tAqrctz7iWHQ_DS3XyZMo4o_207726_214878.wav,MyAuthenticNature_UCDqFwauFk9tAqrctz7iWHQ_DS3XyZMo4o,207726,214878,7152
MyAuthenticNature_UCDqFwauFk9tAqrctz7iWHQ_DS3XyZMo4o_215038_219374.wav,MyAuthenticNature_UCDqFwauFk9tAqrctz7iWHQ_DS3XyZMo4o,215038,219374,4336
MyAuthenticNature_UCDqFwauFk9tAqrctz7iWHQ_DS3XyZMo4o_220376_230296.wav,MyAuthenticNature_UCDqFwauFk9tAqrctz7iWHQ_DS3XyZMo4o,220376,230296,9920
MyAuthenticNature_UCDqFwauFk9tAqrctz7iWHQ_DS3XyZMo4o_230416_237400.wav,MyAuthenticNature_UCDqFwauFk9tAqrctz7iWHQ_DS3XyZMo4o,230416,237400,6984
MyAuthenticNature_UCDqFwauFk9tAqrctz7iWHQ_DS3XyZMo4o_237696_237800.wav,MyAuthenticNature_UCDqFwauFk9tAqrctz7iWHQ_DS3XyZMo4o,237696,237800,104
MyAuthenticNature_UCDqFwauFk9tAqrctz7iWHQ_DS3XyZMo4o_238416_238572.wav,MyAuthenticNature_UCDqFwauFk9tAqrctz7iWHQ_DS3XyZMo4o,238416,238572,156
MyAuthenticNature_UCDqFwauFk9tAqrctz7iWHQ_DS3XyZMo4o_238572_245300.wav,MyAuthenticNature_UCDqFwauFk9tAqrctz7iWHQ_DS3XyZMo4o,238572,245300,6728
MyAuthenticNature_UCDqFwauFk9tAqrctz7iWHQ_DS3XyZMo4o_245452_249888.wav,MyAuthenticNature_UCDqFwauFk9tAqrctz7iWHQ_DS3XyZMo4o,245452,249888,4436
MyAuthenticNature_UCDqFwauFk9tAqrctz7iWHQ_DS3XyZMo4o_250232_255720.wav,MyAuthenticNature_UCDqFwauFk9tAqrctz7iWHQ_DS3XyZMo4o,250232,255720,5488
MyAuthenticNature_UCDqFwauFk9tAqrctz7iWHQ_DS3XyZMo4o_256296_258528.wav,MyAuthenticNature_UCDqFwauFk9tAqrctz7iWHQ_DS3XyZMo4o,256296,258528,2232
MyAuthenticNature_UCDqFwauFk9tAqrctz7iWHQ_DS3XyZMo4o_259328_267472.wav,MyAuthenticNature_UCDqFwauFk9tAqrctz7iWHQ_DS3XyZMo4o,259328,267472,8144
MyAuthenticNature_UCDqFwauFk9tAqrctz7iWHQ_DS3XyZMo4o_268368_273288.wav,MyAuthenticNature_UCDqFwauFk9tAqrctz7iWHQ_DS3XyZMo4o,268368,273288,4920
MyAuthenticNature_UCDqFwauFk9tAqrctz7iWHQ_DS3XyZMo4o_273944_274216.wav,MyAuthenticNature_UCDqFwauFk9tAqrctz7iWHQ_DS3XyZMo4o,273944,274216,272
MyAuthenticNature_UCDqFwauFk9tAqrctz7iWHQ_DS3XyZMo4o_274216_282824.wav,MyAuthenticNature_UCDqFwauFk9tAqrctz7iWHQ_DS3XyZMo4o,274216,282824,8608
MyAuthenticNature_UCDqFwauFk9tAqrctz7iWHQ_DS3XyZMo4o_283040_289960.wav,MyAuthenticNature_UCDqFwauFk9tAqrctz7iWHQ_DS3XyZMo4o,283040,289960,6920
MyAuthenticNature_UCDqFwauFk9tAqrctz7iWHQ_DS3XyZMo4o_290240_290658.wav,MyAuthenticNature_UCDqFwauFk9tAqrctz7iWHQ_DS3XyZMo4o,290240,290658,418
MyAuthenticNature_UCDqFwauFk9tAqrctz7iWHQ_DS3XyZMo4o_290658_290890.wav,MyAuthenticNature_UCDqFwauFk9tAqrctz7iWHQ_DS3XyZMo4o,290658,290890,232
MyAuthenticNature_UCDqFwauFk9tAqrctz7iWHQ_DS3XyZMo4o_291018_300154.wav,MyAuthenticNature_UCDqFwauFk9tAqrctz7iWHQ_DS3XyZMo4o,291018,300154,9136
MyAuthenticNature_UCDqFwauFk9tAqrctz7iWHQ_DS3XyZMo4o_300298_307779.wav,MyAuthenticNature_UCDqFwauFk9tAqrctz7iWHQ_DS3XyZMo4o,300298,307779,7481
MyAuthenticNature_UCDqFwauFk9tAqrctz7iWHQ_DS3XyZMo4o_307947_318379.wav,MyAuthenticNature_UCDqFwauFk9tAqrctz7iWHQ_DS3XyZMo4o,307947,318379,10432
MyAuthenticNature_UCDqFwauFk9tAqrctz7iWHQ_DS3XyZMo4o_318747_320268.wav,MyAuthenticNature_UCDqFwauFk9tAqrctz7iWHQ_DS3XyZMo4o,318747,320268,1521
MyAuthenticNature_UCDqFwauFk9tAqrctz7iWHQ_DS3XyZMo4o_320804_321788.wav,MyAuthenticNature_UCDqFwauFk9tAqrctz7iWHQ_DS3XyZMo4o,320804,321788,984
MyAuthenticNature_UCDqFwauFk9tAqrctz7iWHQ_DS3XyZMo4o_322124_325576.wav,MyAuthenticNature_UCDqFwauFk9tAqrctz7iWHQ_DS3XyZMo4o,322124,325576,3452
MyAuthenticNature_UCDqFwauFk9tAqrctz7iWHQ_DS3XyZMo4o_326480_332220.wav,MyAuthenticNature_UCDqFwauFk9tAqrctz7iWHQ_DS3XyZMo4o,326480,332220,5740
MyAuthenticNature_UCDqFwauFk9tAqrctz7iWHQ_DS3XyZMo4o_332540_336824.wav,MyAuthenticNature_UCDqFwauFk9tAqrctz7iWHQ_DS3XyZMo4o,332540,336824,4284
MyAuthenticNature_UCDqFwauFk9tAqrctz7iWHQ_DS3XyZMo4o_337184_341816.wav,MyAuthenticNature_UCDqFwauFk9tAqrctz7iWHQ_DS3XyZMo4o,337184,341816,4632
MyAuthenticNature_UCDqFwauFk9tAqrctz7iWHQ_DS3XyZMo4o_342112_345952.wav,MyAuthenticNature_UCDqFwauFk9tAqrctz7iWHQ_DS3XyZMo4o,342112,345952,3840
MyAuthenticNature_UCDqFwauFk9tAqrctz7iWHQ_DS3XyZMo4o_346368_356480.wav,MyAuthenticNature_UCDqFwauFk9tAqrctz7iWHQ_DS3XyZMo4o,346368,356480,10112
MyAuthenticNature_UCDqFwauFk9tAqrctz7iWHQ_DS3XyZMo4o_356832_361256.wav,MyAuthenticNature_UCDqFwauFk9tAqrctz7iWHQ_DS3XyZMo4o,356832,361256,4424
MyAuthenticNature_UCDqFwauFk9tAqrctz7iWHQ_DS3XyZMo4o_362392_366968.wav,MyAuthenticNature_UCDqFwauFk9tAqrctz7iWHQ_DS3XyZMo4o,362392,366968,4576
MyAuthenticNature_UCDqFwauFk9tAqrctz7iWHQ_DS3XyZMo4o_367280_370096.wav,MyAuthenticNature_UCDqFwauFk9tAqrctz7iWHQ_DS3XyZMo4o,367280,370096,2816
MyAuthenticNature_UCDqFwauFk9tAqrctz7iWHQ_DS3XyZMo4o_370600_372104.wav,MyAuthenticNature_UCDqFwauFk9tAqrctz7iWHQ_DS3XyZMo4o,370600,372104,1504
MyAuthenticNature_UCDqFwauFk9tAqrctz7iWHQ_DS3XyZMo4o_372944_381536.wav,MyAuthenticNature_UCDqFwauFk9tAqrctz7iWHQ_DS3XyZMo4o,372944,381536,8592
MyAuthenticNature_UCDqFwauFk9tAqrctz7iWHQ_DS3XyZMo4o_382384_383720.wav,MyAuthenticNature_UCDqFwauFk9tAqrctz7iWHQ_DS3XyZMo4o,382384,383720,1336
MyAuthenticNature_UCDqFwauFk9tAqrctz7iWHQ_DS3XyZMo4o_384048_384736.wav,MyAuthenticNature_UCDqFwauFk9tAqrctz7iWHQ_DS3XyZMo4o,384048,384736,688
MyAuthenticNature_UCDqFwauFk9tAqrctz7iWHQ_DS3XyZMo4o_385096_388100.wav,MyAuthenticNature_UCDqFwauFk9tAqrctz7iWHQ_DS3XyZMo4o,385096,388100,3004
MyAuthenticNature_UCDqFwauFk9tAqrctz7iWHQ_DS3XyZMo4o_388228_394400.wav,MyAuthenticNature_UCDqFwauFk9tAqrctz7iWHQ_DS3XyZMo4o,388228,394400,6172
MyAuthenticNature_UCDqFwauFk9tAqrctz7iWHQ_DS3XyZMo4o_394576_399260.wav,MyAuthenticNature_UCDqFwauFk9tAqrctz7iWHQ_DS3XyZMo4o,394576,399260,4684
MyAuthenticNature_UCDqFwauFk9tAqrctz7iWHQ_DS3XyZMo4o_399604_406476.wav,MyAuthenticNature_UCDqFwauFk9tAqrctz7iWHQ_DS3XyZMo4o,399604,406476,6872
MyAuthenticNature_UCDqFwauFk9tAqrctz7iWHQ_DS3XyZMo4o_406612_408044.wav,MyAuthenticNature_UCDqFwauFk9tAqrctz7iWHQ_DS3XyZMo4o,406612,408044,1432
MyAuthenticNature_UCDqFwauFk9tAqrctz7iWHQ_DS3XyZMo4o_408196_415204.wav,MyAuthenticNature_UCDqFwauFk9tAqrctz7iWHQ_DS3XyZMo4o,408196,415204,7008
MyAuthenticNature_UCDqFwauFk9tAqrctz7iWHQ_DS3XyZMo4o_415388_424624.wav,MyAuthenticNature_UCDqFwauFk9tAqrctz7iWHQ_DS3XyZMo4o,415388,424624,9236
MyAuthenticNature_UCDqFwauFk9tAqrctz7iWHQ_DS3XyZMo4o_426408_429960.wav,MyAuthenticNature_UCDqFwauFk9tAqrctz7iWHQ_DS3XyZMo4o,426408,429960,3552
MyAuthenticNature_UCDqFwauFk9tAqrctz7iWHQ_DS3XyZMo4o_430200_432616.wav,MyAuthenticNature_UCDqFwauFk9tAqrctz7iWHQ_DS3XyZMo4o,430200,432616,2416
MyAuthenticNature_UCDqFwauFk9tAqrctz7iWHQ_DS3XyZMo4o_432872_435272.wav,MyAuthenticNature_UCDqFwauFk9tAqrctz7iWHQ_DS3XyZMo4o,432872,435272,2400
MyAuthenticNature_UCDqFwauFk9tAqrctz7iWHQ_DS3XyZMo4o_435968_441616.wav,MyAuthenticNature_UCDqFwauFk9tAqrctz7iWHQ_DS3XyZMo4o,435968,441616,5648
MyAuthenticNature_UCDqFwauFk9tAqrctz7iWHQ_DS3XyZMo4o_443048_452016.wav,MyAuthenticNature_UCDqFwauFk9tAqrctz7iWHQ_DS3XyZMo4o,443048,452016,8968
MyAuthenticNature_UCDqFwauFk9tAqrctz7iWHQ_DS3XyZMo4o_452224_457288.wav,MyAuthenticNature_UCDqFwauFk9tAqrctz7iWHQ_DS3XyZMo4o,452224,457288,5064
MyAuthenticNature_UCDqFwauFk9tAqrctz7iWHQ_DS3XyZMo4o_457416_458576.wav,MyAuthenticNature_UCDqFwauFk9tAqrctz7iWHQ_DS3XyZMo4o,457416,458576,1160
MyAuthenticNature_UCDqFwauFk9tAqrctz7iWHQ_DS3XyZMo4o_458888_460712.wav,MyAuthenticNature_UCDqFwauFk9tAqrctz7iWHQ_DS3XyZMo4o,458888,460712,1824
MyAuthenticNature_UCDqFwauFk9tAqrctz7iWHQ_DS3XyZMo4o_460984_468904.wav,MyAuthenticNature_UCDqFwauFk9tAqrctz7iWHQ_DS3XyZMo4o,460984,468904,7920
MyAuthenticNature_UCDqFwauFk9tAqrctz7iWHQ_DS3XyZMo4o_469328_475609.wav,MyAuthenticNature_UCDqFwauFk9tAqrctz7iWHQ_DS3XyZMo4o,469328,475609,6281
MyAuthenticNature_UCDqFwauFk9tAqrctz7iWHQ_DS3XyZMo4o_475737_483706.wav,MyAuthenticNature_UCDqFwauFk9tAqrctz7iWHQ_DS3XyZMo4o,475737,483706,7969
MyAuthenticNature_UCDqFwauFk9tAqrctz7iWHQ_DS3XyZMo4o_483954_484524.wav,MyAuthenticNature_UCDqFwauFk9tAqrctz7iWHQ_DS3XyZMo4o,483954,484524,570
MyAuthenticNature_UCDqFwauFk9tAqrctz7iWHQ_DS3XyZMo4o_484812_485596.wav,MyAuthenticNature_UCDqFwauFk9tAqrctz7iWHQ_DS3XyZMo4o,484812,485596,784
MyAuthenticNature_UCDqFwauFk9tAqrctz7iWHQ_DS3XyZMo4o_486064_486672.wav,MyAuthenticNature_UCDqFwauFk9tAqrctz7iWHQ_DS3XyZMo4o,486064,486672,608
MyAuthenticNature_UCDqFwauFk9tAqrctz7iWHQ_DS3XyZMo4o_486808_488872.wav,MyAuthenticNature_UCDqFwauFk9tAqrctz7iWHQ_DS3XyZMo4o,486808,488872,2064
MyAuthenticNature_UCDqFwauFk9tAqrctz7iWHQ_DS3XyZMo4o_489344_490040.wav,MyAuthenticNature_UCDqFwauFk9tAqrctz7iWHQ_DS3XyZMo4o,489344,490040,696
MyAuthenticNature_UCDqFwauFk9tAqrctz7iWHQ_DS3XyZMo4o_490360_492512.wav,MyAuthenticNature_UCDqFwauFk9tAqrctz7iWHQ_DS3XyZMo4o,490360,492512,2152
MyAuthenticNature_UCDqFwauFk9tAqrctz7iWHQ_DS3XyZMo4o_493064_497296.wav,MyAuthenticNature_UCDqFwauFk9tAqrctz7iWHQ_DS3XyZMo4o,493064,497296,4232
MyAuthenticNature_UCDqFwauFk9tAqrctz7iWHQ_DS3XyZMo4o_498008_502448.wav,MyAuthenticNature_UCDqFwauFk9tAqrctz7iWHQ_DS3XyZMo4o,498008,502448,4440
MyAuthenticNature_UCDqFwauFk9tAqrctz7iWHQ_DS3XyZMo4o_503016_506264.wav,MyAuthenticNature_UCDqFwauFk9tAqrctz7iWHQ_DS3XyZMo4o,503016,506264,3248
MyAuthenticNature_UCDqFwauFk9tAqrctz7iWHQ_DS3XyZMo4o_506416_509296.wav,MyAuthenticNature_UCDqFwauFk9tAqrctz7iWHQ_DS3XyZMo4o,506416,509296,2880
MyAuthenticNature_UCDqFwauFk9tAqrctz7iWHQ_DS3XyZMo4o_509992_515040.wav,MyAuthenticNature_UCDqFwauFk9tAqrctz7iWHQ_DS3XyZMo4o,509992,515040,5048
MyAuthenticNature_UCDqFwauFk9tAqrctz7iWHQ_DS3XyZMo4o_515504_520544.wav,MyAuthenticNature_UCDqFwauFk9tAqrctz7iWHQ_DS3XyZMo4o,515504,520544,5040
MyAuthenticNature_UCDqFwauFk9tAqrctz7iWHQ_DS3XyZMo4o_520848_526724.wav,MyAuthenticNature_UCDqFwauFk9tAqrctz7iWHQ_DS3XyZMo4o,520848,526724,5876
MyAuthenticNature_UCDqFwauFk9tAqrctz7iWHQ_DS3XyZMo4o_526884_529068.wav,MyAuthenticNature_UCDqFwauFk9tAqrctz7iWHQ_DS3XyZMo4o,526884,529068,2184
MyAuthenticNature_UCDqFwauFk9tAqrctz7iWHQ_DS3XyZMo4o_529196_534632.wav,MyAuthenticNature_UCDqFwauFk9tAqrctz7iWHQ_DS3XyZMo4o,529196,534632,5436
MyAuthenticNature_UCDqFwauFk9tAqrctz7iWHQ_DS3XyZMo4o_536016_536760.wav,MyAuthenticNature_UCDqFwauFk9tAqrctz7iWHQ_DS3XyZMo4o,536016,536760,744
MyAuthenticNature_UCDqFwauFk9tAqrctz7iWHQ_DS3XyZMo4o_537152_538208.wav,MyAuthenticNature_UCDqFwauFk9tAqrctz7iWHQ_DS3XyZMo4o,537152,538208,1056
MyAuthenticNature_UCDqFwauFk9tAqrctz7iWHQ_DS3XyZMo4o_538368_540344.wav,MyAuthenticNature_UCDqFwauFk9tAqrctz7iWHQ_DS3XyZMo4o,538368,540344,1976
MyAuthenticNature_UCDqFwauFk9tAqrctz7iWHQ_DS3XyZMo4o_540824_544760.wav,MyAuthenticNature_UCDqFwauFk9tAqrctz7iWHQ_DS3XyZMo4o,540824,544760,3936
MyAuthenticNature_UCDqFwauFk9tAqrctz7iWHQ_DS3XyZMo4o_545032_556392.wav,MyAuthenticNature_UCDqFwauFk9tAqrctz7iWHQ_DS3XyZMo4o,545032,556392,11360
MyAuthenticNature_UCDqFwauFk9tAqrctz7iWHQ_DS3XyZMo4o_556752_558632.wav,MyAuthenticNature_UCDqFwauFk9tAqrctz7iWHQ_DS3XyZMo4o,556752,558632,1880
MyAuthenticNature_UCDqFwauFk9tAqrctz7iWHQ_DS3XyZMo4o_558872_567256.wav,MyAuthenticNature_UCDqFwauFk9tAqrctz7iWHQ_DS3XyZMo4o,558872,567256,8384
MyAuthenticNature_UCDqFwauFk9tAqrctz7iWHQ_DS3XyZMo4o_567416_571224.wav,MyAuthenticNature_UCDqFwauFk9tAqrctz7iWHQ_DS3XyZMo4o,567416,571224,3808
MyAuthenticNature_UCDqFwauFk9tAqrctz7iWHQ_DS3XyZMo4o_571352_579040.wav,MyAuthenticNature_UCDqFwauFk9tAqrctz7iWHQ_DS3XyZMo4o,571352,579040,7688
MyAuthenticNature_UCDqFwauFk9tAqrctz7iWHQ_DS3XyZMo4o_579360_581728.wav,MyAuthenticNature_UCDqFwauFk9tAqrctz7iWHQ_DS3XyZMo4o,579360,581728,2368
MyAuthenticNature_UCDqFwauFk9tAqrctz7iWHQ_DS3XyZMo4o_581880_596376.wav,MyAuthenticNature_UCDqFwauFk9tAqrctz7iWHQ_DS3XyZMo4o,581880,596376,14496
MyAuthenticNature_UCDqFwauFk9tAqrctz7iWHQ_DS3XyZMo4o_596560_602256.wav,MyAuthenticNature_UCDqFwauFk9tAqrctz7iWHQ_DS3XyZMo4o,596560,602256,5696
MyAuthenticNature_UCDqFwauFk9tAqrctz7iWHQ_DS3XyZMo4o_602392_608480.wav,MyAuthenticNature_UCDqFwauFk9tAqrctz7iWHQ_DS3XyZMo4o,602392,608480,6088
MyAuthenticNature_UCDqFwauFk9tAqrctz7iWHQ_DS3XyZMo4o_608624_609328.wav,MyAuthenticNature_UCDqFwauFk9tAqrctz7iWHQ_DS3XyZMo4o,608624,609328,704
MyAuthenticNature_UCDqFwauFk9tAqrctz7iWHQ_DS3XyZMo4o_609528_612192.wav,MyAuthenticNature_UCDqFwauFk9tAqrctz7iWHQ_DS3XyZMo4o,609528,612192,2664
MyAuthenticNature_UCDqFwauFk9tAqrctz7iWHQ_DS3XyZMo4o_612472_619024.wav,MyAuthenticNature_UCDqFwauFk9tAqrctz7iWHQ_DS3XyZMo4o,612472,619024,6552
MyAuthenticNature_UCDqFwauFk9tAqrctz7iWHQ_DS3XyZMo4o_619232_628336.wav,MyAuthenticNature_UCDqFwauFk9tAqrctz7iWHQ_DS3XyZMo4o,619232,628336,9104
MyAuthenticNature_UCDqFwauFk9tAqrctz7iWHQ_DS3XyZMo4o_628776_635824.wav,MyAuthenticNature_UCDqFwauFk9tAqrctz7iWHQ_DS3XyZMo4o,628776,635824,7048
MyAuthenticNature_UCDqFwauFk9tAqrctz7iWHQ_DS3XyZMo4o_636096_638880.wav,MyAuthenticNature_UCDqFwauFk9tAqrctz7iWHQ_DS3XyZMo4o,636096,638880,2784
MyAuthenticNature_UCDqFwauFk9tAqrctz7iWHQ_DS3XyZMo4o_639200_641864.wav,MyAuthenticNature_UCDqFwauFk9tAqrctz7iWHQ_DS3XyZMo4o,639200,641864,2664
MyAuthenticNature_UCDqFwauFk9tAqrctz7iWHQ_DS3XyZMo4o_642024_643336.wav,MyAuthenticNature_UCDqFwauFk9tAqrctz7iWHQ_DS3XyZMo4o,642024,643336,1312
MyAuthenticNature_UCDqFwauFk9tAqrctz7iWHQ_DS3XyZMo4o_644576_651824.wav,MyAuthenticNature_UCDqFwauFk9tAqrctz7iWHQ_DS3XyZMo4o,644576,651824,7248
MyAuthenticNature_UCDqFwauFk9tAqrctz7iWHQ_DS3XyZMo4o_652480_656840.wav,MyAuthenticNature_UCDqFwauFk9tAqrctz7iWHQ_DS3XyZMo4o,652480,656840,4360
MyAuthenticNature_UCDqFwauFk9tAqrctz7iWHQ_DS3XyZMo4o_657472_660632.wav,MyAuthenticNature_UCDqFwauFk9tAqrctz7iWHQ_DS3XyZMo4o,657472,660632,3160
MyAuthenticNature_UCDqFwauFk9tAqrctz7iWHQ_DS3XyZMo4o_660808_662024.wav,MyAuthenticNature_UCDqFwauFk9tAqrctz7iWHQ_DS3XyZMo4o,660808,662024,1216
MyAuthenticNature_UCDqFwauFk9tAqrctz7iWHQ_DS3XyZMo4o_662664_663448.wav,MyAuthenticNature_UCDqFwauFk9tAqrctz7iWHQ_DS3XyZMo4o,662664,663448,784
MyAuthenticNature_UCDqFwauFk9tAqrctz7iWHQ_DS3XyZMo4o_663808_665416.wav,MyAuthenticNature_UCDqFwauFk9tAqrctz7iWHQ_DS3XyZMo4o,663808,665416,1608
MyAuthenticNature_UCDqFwauFk9tAqrctz7iWHQ_DS3XyZMo4o_665736_665900.wav,MyAuthenticNature_UCDqFwauFk9tAqrctz7iWHQ_DS3XyZMo4o,665736,665900,164
MyAuthenticNature_UCDqFwauFk9tAqrctz7iWHQ_DS3XyZMo4o_665900_675028.wav,MyAuthenticNature_UCDqFwauFk9tAqrctz7iWHQ_DS3XyZMo4o,665900,675028,9128
MyAuthenticNature_UCDqFwauFk9tAqrctz7iWHQ_DS3XyZMo4o_675276_678244.wav,MyAuthenticNature_UCDqFwauFk9tAqrctz7iWHQ_DS3XyZMo4o,675276,678244,2968
MyAuthenticNature_UCDqFwauFk9tAqrctz7iWHQ_DS3XyZMo4o_678468_679676.wav,MyAuthenticNature_UCDqFwauFk9tAqrctz7iWHQ_DS3XyZMo4o,678468,679676,1208
MyAuthenticNature_UCDqFwauFk9tAqrctz7iWHQ_DS3XyZMo4o_680068_687236.wav,MyAuthenticNature_UCDqFwauFk9tAqrctz7iWHQ_DS3XyZMo4o,680068,687236,7168
MyAuthenticNature_UCDqFwauFk9tAqrctz7iWHQ_DS3XyZMo4o_688048_694696.wav,MyAuthenticNature_UCDqFwauFk9tAqrctz7iWHQ_DS3XyZMo4o,688048,694696,6648
MyAuthenticNature_UCDqFwauFk9tAqrctz7iWHQ_DS3XyZMo4o_694992_695784.wav,MyAuthenticNature_UCDqFwauFk9tAqrctz7iWHQ_DS3XyZMo4o,694992,695784,792
MyAuthenticNature_UCDqFwauFk9tAqrctz7iWHQ_DS3XyZMo4o_696256_703852.wav,MyAuthenticNature_UCDqFwauFk9tAqrctz7iWHQ_DS3XyZMo4o,696256,703852,7596
MyAuthenticNature_UCDqFwauFk9tAqrctz7iWHQ_DS3XyZMo4o_704188_707984.wav,MyAuthenticNature_UCDqFwauFk9tAqrctz7iWHQ_DS3XyZMo4o,704188,707984,3796
MyAuthenticNature_UCDqFwauFk9tAqrctz7iWHQ_DS3XyZMo4o_708320_709440.wav,MyAuthenticNature_UCDqFwauFk9tAqrctz7iWHQ_DS3XyZMo4o,708320,709440,1120
MyAuthenticNature_UCDqFwauFk9tAqrctz7iWHQ_DS3XyZMo4o_709808_710496.wav,MyAuthenticNature_UCDqFwauFk9tAqrctz7iWHQ_DS3XyZMo4o,709808,710496,688
MyAuthenticNature_UCDqFwauFk9tAqrctz7iWHQ_DS3XyZMo4o_710680_713520.wav,MyAuthenticNature_UCDqFwauFk9tAqrctz7iWHQ_DS3XyZMo4o,710680,713520,2840
MyAuthenticNature_UCDqFwauFk9tAqrctz7iWHQ_DS3XyZMo4o_713864_717520.wav,MyAuthenticNature_UCDqFwauFk9tAqrctz7iWHQ_DS3XyZMo4o,713864,717520,3656
MyAuthenticNature_UCDqFwauFk9tAqrctz7iWHQ_DS3XyZMo4o_717648_723344.wav,MyAuthenticNature_UCDqFwauFk9tAqrctz7iWHQ_DS3XyZMo4o,717648,723344,5696
MyAuthenticNature_UCDqFwauFk9tAqrctz7iWHQ_DS3XyZMo4o_723624_729120.wav,MyAuthenticNature_UCDqFwauFk9tAqrctz7iWHQ_DS3XyZMo4o,723624,729120,5496
MyAuthenticNature_UCDqFwauFk9tAqrctz7iWHQ_DS3XyZMo4o_729256_729920.wav,MyAuthenticNature_UCDqFwauFk9tAqrctz7iWHQ_DS3XyZMo4o,729256,729920,664
MyAuthenticNature_UCDqFwauFk9tAqrctz7iWHQ_DS3XyZMo4o_730096_732552.wav,MyAuthenticNature_UCDqFwauFk9tAqrctz7iWHQ_DS3XyZMo4o,730096,732552,2456
MyAuthenticNature_UCDqFwauFk9tAqrctz7iWHQ_DS3XyZMo4o_732872_741248.wav,MyAuthenticNature_UCDqFwauFk9tAqrctz7iWHQ_DS3XyZMo4o,732872,741248,8376
MyAuthenticNature_UCDqFwauFk9tAqrctz7iWHQ_DS3XyZMo4o_742040_749196.wav,MyAuthenticNature_UCDqFwauFk9tAqrctz7iWHQ_DS3XyZMo4o,742040,749196,7156
MyAuthenticNature_UCDqFwauFk9tAqrctz7iWHQ_DS3XyZMo4o_749332_752996.wav,MyAuthenticNature_UCDqFwauFk9tAqrctz7iWHQ_DS3XyZMo4o,749332,752996,3664
MyAuthenticNature_UCDqFwauFk9tAqrctz7iWHQ_DS3XyZMo4o_753616_756648.wav,MyAuthenticNature_UCDqFwauFk9tAqrctz7iWHQ_DS3XyZMo4o,753616,756648,3032
MyAuthenticNature_UCDqFwauFk9tAqrctz7iWHQ_DS3XyZMo4o_756776_759920.wav,MyAuthenticNature_UCDqFwauFk9tAqrctz7iWHQ_DS3XyZMo4o,756776,759920,3144
MyAuthenticNature_UCDqFwauFk9tAqrctz7iWHQ_DS3XyZMo4o_760168_762528.wav,MyAuthenticNature_UCDqFwauFk9tAqrctz7iWHQ_DS3XyZMo4o,760168,762528,2360
MyAuthenticNature_UCDqFwauFk9tAqrctz7iWHQ_DS3XyZMo4o_762712_770480.wav,MyAuthenticNature_UCDqFwauFk9tAqrctz7iWHQ_DS3XyZMo4o,762712,770480,7768
MyAuthenticNature_UCDqFwauFk9tAqrctz7iWHQ_DS3XyZMo4o_771240_773960.wav,MyAuthenticNature_UCDqFwauFk9tAqrctz7iWHQ_DS3XyZMo4o,771240,773960,2720
MyAuthenticNature_UCDqFwauFk9tAqrctz7iWHQ_DS3XyZMo4o_774904_784168.wav,MyAuthenticNature_UCDqFwauFk9tAqrctz7iWHQ_DS3XyZMo4o,774904,784168,9264
MyAuthenticNature_UCDqFwauFk9tAqrctz7iWHQ_DS3XyZMo4o_784704_788680.wav,MyAuthenticNature_UCDqFwauFk9tAqrctz7iWHQ_DS3XyZMo4o,784704,788680,3976
MyAuthenticNature_UCDqFwauFk9tAqrctz7iWHQ_DS3XyZMo4o_789072_790376.wav,MyAuthenticNature_UCDqFwauFk9tAqrctz7iWHQ_DS3XyZMo4o,789072,790376,1304
MyAuthenticNature_UCDqFwauFk9tAqrctz7iWHQ_DS3XyZMo4o_790976_797216.wav,MyAuthenticNature_UCDqFwauFk9tAqrctz7iWHQ_DS3XyZMo4o,790976,797216,6240
MyAuthenticNature_UCDqFwauFk9tAqrctz7iWHQ_DS3XyZMo4o_797376_798024.wav,MyAuthenticNature_UCDqFwauFk9tAqrctz7iWHQ_DS3XyZMo4o,797376,798024,648
MyAuthenticNature_UCDqFwauFk9tAqrctz7iWHQ_DS3XyZMo4o_798440_801024.wav,MyAuthenticNature_UCDqFwauFk9tAqrctz7iWHQ_DS3XyZMo4o,798440,801024,2584
MyAuthenticNature_UCDqFwauFk9tAqrctz7iWHQ_DS3XyZMo4o_801184_805208.wav,MyAuthenticNature_UCDqFwauFk9tAqrctz7iWHQ_DS3XyZMo4o,801184,805208,4024
MyAuthenticNature_UCDqFwauFk9tAqrctz7iWHQ_DS3XyZMo4o_805336_807648.wav,MyAuthenticNature_UCDqFwauFk9tAqrctz7iWHQ_DS3XyZMo4o,805336,807648,2312
MyAuthenticNature_UCDqFwauFk9tAqrctz7iWHQ_DS3XyZMo4o_807976_808760.wav,MyAuthenticNature_UCDqFwauFk9tAqrctz7iWHQ_DS3XyZMo4o,807976,808760,784
MyAuthenticNature_UCDqFwauFk9tAqrctz7iWHQ_DS3XyZMo4o_809952_811136.wav,MyAuthenticNature_UCDqFwauFk9tAqrctz7iWHQ_DS3XyZMo4o,809952,811136,1184
MyAuthenticNature_UCDqFwauFk9tAqrctz7iWHQ_DS3XyZMo4o_812256_815728.wav,MyAuthenticNature_UCDqFwauFk9tAqrctz7iWHQ_DS3XyZMo4o,812256,815728,3472
MyAuthenticNature_UCDqFwauFk9tAqrctz7iWHQ_DS3XyZMo4o_816192_821512.wav,MyAuthenticNature_UCDqFwauFk9tAqrctz7iWHQ_DS3XyZMo4o,816192,821512,5320
MyAuthenticNature_UCDqFwauFk9tAqrctz7iWHQ_DS3XyZMo4o_821968_825900.wav,MyAuthenticNature_UCDqFwauFk9tAqrctz7iWHQ_DS3XyZMo4o,821968,825900,3932
MyAuthenticNature_UCDqFwauFk9tAqrctz7iWHQ_DS3XyZMo4o_826028_832860.wav,MyAuthenticNature_UCDqFwauFk9tAqrctz7iWHQ_DS3XyZMo4o,826028,832860,6832
MyAuthenticNature_UCDqFwauFk9tAqrctz7iWHQ_DS3XyZMo4o_833020_833632.wav,MyAuthenticNature_UCDqFwauFk9tAqrctz7iWHQ_DS3XyZMo4o,833020,833632,612
MyAuthenticNature_UCDqFwauFk9tAqrctz7iWHQ_DS3XyZMo4o_833800_836248.wav,MyAuthenticNature_UCDqFwauFk9tAqrctz7iWHQ_DS3XyZMo4o,833800,836248,2448
MyAuthenticNature_UCDqFwauFk9tAqrctz7iWHQ_DS3XyZMo4o_836496_840536.wav,MyAuthenticNature_UCDqFwauFk9tAqrctz7iWHQ_DS3XyZMo4o,836496,840536,4040
MyAuthenticNature_UCDqFwauFk9tAqrctz7iWHQ_DS3XyZMo4o_840776_847576.wav,MyAuthenticNature_UCDqFwauFk9tAqrctz7iWHQ_DS3XyZMo4o,840776,847576,6800
MyAuthenticNature_UCDqFwauFk9tAqrctz7iWHQ_DS3XyZMo4o_847912_854568.wav,MyAuthenticNature_UCDqFwauFk9tAqrctz7iWHQ_DS3XyZMo4o,847912,854568,6656
MyAuthenticNature_UCDqFwauFk9tAqrctz7iWHQ_DS3XyZMo4o_854888_855568.wav,MyAuthenticNature_UCDqFwauFk9tAqrctz7iWHQ_DS3XyZMo4o,854888,855568,680
MyAuthenticNature_UCDqFwauFk9tAqrctz7iWHQ_DS3XyZMo4o_855760_866376.wav,MyAuthenticNature_UCDqFwauFk9tAqrctz7iWHQ_DS3XyZMo4o,855760,866376,10616
MyAuthenticNature_UCDqFwauFk9tAqrctz7iWHQ_DS3XyZMo4o_866984_868688.wav,MyAuthenticNature_UCDqFwauFk9tAqrctz7iWHQ_DS3XyZMo4o,866984,868688,1704
MyAuthenticNature_UCDqFwauFk9tAqrctz7iWHQ_DS3XyZMo4o_868888_880072.wav,MyAuthenticNature_UCDqFwauFk9tAqrctz7iWHQ_DS3XyZMo4o,868888,880072,11184
MyAuthenticNature_UCDqFwauFk9tAqrctz7iWHQ_DS3XyZMo4o_880856_884217.wav,MyAuthenticNature_UCDqFwauFk9tAqrctz7iWHQ_DS3XyZMo4o,880856,884217,3361
MyAuthenticNature_UCDqFwauFk9tAqrctz7iWHQ_DS3XyZMo4o_884305_893521.wav,MyAuthenticNature_UCDqFwauFk9tAqrctz7iWHQ_DS3XyZMo4o,884305,893521,9216
MyAuthenticNature_UCDqFwauFk9tAqrctz7iWHQ_DS3XyZMo4o_893601_896897.wav,MyAuthenticNature_UCDqFwauFk9tAqrctz7iWHQ_DS3XyZMo4o,893601,896897,3296
MyAuthenticNature_UCDqFwauFk9tAqrctz7iWHQ_DS3XyZMo4o_896985_897594.wav,MyAuthenticNature_UCDqFwauFk9tAqrctz7iWHQ_DS3XyZMo4o,896985,897594,609
MyAuthenticNature_UCDqFwauFk9tAqrctz7iWHQ_DS3XyZMo4o_897714_899732.wav,MyAuthenticNature_UCDqFwauFk9tAqrctz7iWHQ_DS3XyZMo4o,897714,899732,2018
MyAuthenticNature_UCDqFwauFk9tAqrctz7iWHQ_DS3XyZMo4o_899924_902212.wav,MyAuthenticNature_UCDqFwauFk9tAqrctz7iWHQ_DS3XyZMo4o,899924,902212,2288
MyAuthenticNature_UCDqFwauFk9tAqrctz7iWHQ_DS3XyZMo4o_903056_909808.wav,MyAuthenticNature_UCDqFwauFk9tAqrctz7iWHQ_DS3XyZMo4o,903056,909808,6752
MyAuthenticNature_UCDqFwauFk9tAqrctz7iWHQ_DS3XyZMo4o_910152_912048.wav,MyAuthenticNature_UCDqFwauFk9tAqrctz7iWHQ_DS3XyZMo4o,910152,912048,1896
MyAuthenticNature_UCDqFwauFk9tAqrctz7iWHQ_DS3XyZMo4o_912464_917520.wav,MyAuthenticNature_UCDqFwauFk9tAqrctz7iWHQ_DS3XyZMo4o,912464,917520,5056
MyAuthenticNature_UCDqFwauFk9tAqrctz7iWHQ_DS3XyZMo4o_917664_919136.wav,MyAuthenticNature_UCDqFwauFk9tAqrctz7iWHQ_DS3XyZMo4o,917664,919136,1472
MyAuthenticNature_UCDqFwauFk9tAqrctz7iWHQ_DS3XyZMo4o_919280_919928.wav,MyAuthenticNature_UCDqFwauFk9tAqrctz7iWHQ_DS3XyZMo4o,919280,919928,648
MyAuthenticNature_UCDqFwauFk9tAqrctz7iWHQ_DS3XyZMo4o_920160_927144.wav,MyAuthenticNature_UCDqFwauFk9tAqrctz7iWHQ_DS3XyZMo4o,920160,927144,6984
MyAuthenticNature_UCDqFwauFk9tAqrctz7iWHQ_DS3XyZMo4o_927288_933880.wav,MyAuthenticNature_UCDqFwauFk9tAqrctz7iWHQ_DS3XyZMo4o,927288,933880,6592
MyAuthenticNature_UCDqFwauFk9tAqrctz7iWHQ_DS3XyZMo4o_934320_934440.wav,MyAuthenticNature_UCDqFwauFk9tAqrctz7iWHQ_DS3XyZMo4o,934320,934440,120
MyAuthenticNature_UCDqFwauFk9tAqrctz7iWHQ_DS3XyZMo4o_934720_937664.wav,MyAuthenticNature_UCDqFwauFk9tAqrctz7iWHQ_DS3XyZMo4o,934720,937664,2944
MyAuthenticNature_UCDqFwauFk9tAqrctz7iWHQ_DS3XyZMo4o_938088_944792.wav,MyAuthenticNature_UCDqFwauFk9tAqrctz7iWHQ_DS3XyZMo4o,938088,944792,6704
MyAuthenticNature_UCDqFwauFk9tAqrctz7iWHQ_DS3XyZMo4o_944976_945144.wav,MyAuthenticNature_UCDqFwauFk9tAqrctz7iWHQ_DS3XyZMo4o,944976,945144,168
MyAuthenticNature_UCDqFwauFk9tAqrctz7iWHQ_DS3XyZMo4o_945608_946264.wav,MyAuthenticNature_UCDqFwauFk9tAqrctz7iWHQ_DS3XyZMo4o,945608,946264,656
MyAuthenticNature_UCDqFwauFk9tAqrctz7iWHQ_DS3XyZMo4o_946560_946672.wav,MyAuthenticNature_UCDqFwauFk9tAqrctz7iWHQ_DS3XyZMo4o,946560,946672,112
MyAuthenticNature_UCDqFwauFk9tAqrctz7iWHQ_DS3XyZMo4o_947024_948080.wav,MyAuthenticNature_UCDqFwauFk9tAqrctz7iWHQ_DS3XyZMo4o,947024,948080,1056
MyAuthenticNature_UCDqFwauFk9tAqrctz7iWHQ_DS3XyZMo4o_948352_949192.wav,MyAuthenticNature_UCDqFwauFk9tAqrctz7iWHQ_DS3XyZMo4o,948352,949192,840
MyAuthenticNature_UCDqFwauFk9tAqrctz7iWHQ_DS3XyZMo4o_949408_951640.wav,MyAuthenticNature_UCDqFwauFk9tAqrctz7iWHQ_DS3XyZMo4o,949408,951640,2232
MyAuthenticNature_UCDqFwauFk9tAqrctz7iWHQ_DS3XyZMo4o_951776_953208.wav,MyAuthenticNature_UCDqFwauFk9tAqrctz7iWHQ_DS3XyZMo4o,951776,953208,1432
MyAuthenticNature_UCDqFwauFk9tAqrctz7iWHQ_DS3XyZMo4o_953536_954240.wav,MyAuthenticNature_UCDqFwauFk9tAqrctz7iWHQ_DS3XyZMo4o,953536,954240,704
MyAuthenticNature_UCDqFwauFk9tAqrctz7iWHQ_DS3XyZMo4o_954920_955632.wav,MyAuthenticNature_UCDqFwauFk9tAqrctz7iWHQ_DS3XyZMo4o,954920,955632,712
MyAuthenticNature_UCDqFwauFk9tAqrctz7iWHQ_DS3XyZMo4o_956056_957208.wav,MyAuthenticNature_UCDqFwauFk9tAqrctz7iWHQ_DS3XyZMo4o,956056,957208,1152
MyAuthenticNature_UCDqFwauFk9tAqrctz7iWHQ_DS3XyZMo4o_957688_959176.wav,MyAuthenticNature_UCDqFwauFk9tAqrctz7iWHQ_DS3XyZMo4o,957688,959176,1488
MyAuthenticNature_UCDqFwauFk9tAqrctz7iWHQ_DS3XyZMo4o_959616_960224.wav,MyAuthenticNature_UCDqFwauFk9tAqrctz7iWHQ_DS3XyZMo4o,959616,960224,608
MyAuthenticNature_UCDqFwauFk9tAqrctz7iWHQ_DS3XyZMo4o_960488_960680.wav,MyAuthenticNature_UCDqFwauFk9tAqrctz7iWHQ_DS3XyZMo4o,960488,960680,192
MyAuthenticNature_UCDqFwauFk9tAqrctz7iWHQ_DS3XyZMo4o_961480_962968.wav,MyAuthenticNature_UCDqFwauFk9tAqrctz7iWHQ_DS3XyZMo4o,961480,962968,1488
MyAuthenticNature_UCDqFwauFk9tAqrctz7iWHQ_DS3XyZMo4o_963152_968064.wav,MyAuthenticNature_UCDqFwauFk9tAqrctz7iWHQ_DS3XyZMo4o,963152,968064,4912
MyAuthenticNature_UCDqFwauFk9tAqrctz7iWHQ_DS3XyZMo4o_968264_968864.wav,MyAuthenticNature_UCDqFwauFk9tAqrctz7iWHQ_DS3XyZMo4o,968264,968864,600
MyAuthenticNature_UCDqFwauFk9tAqrctz7iWHQ_DS3XyZMo4o_969072_969728.wav,MyAuthenticNature_UCDqFwauFk9tAqrctz7iWHQ_DS3XyZMo4o,969072,969728,656
MyAuthenticNature_UCDqFwauFk9tAqrctz7iWHQ_DS3XyZMo4o_970040_972344.wav,MyAuthenticNature_UCDqFwauFk9tAqrctz7iWHQ_DS3XyZMo4o,970040,972344,2304
MyAuthenticNature_UCDqFwauFk9tAqrctz7iWHQ_DS3XyZMo4o_972640_977008.wav,MyAuthenticNature_UCDqFwauFk9tAqrctz7iWHQ_DS3XyZMo4o,972640,977008,4368
MyAuthenticNature_UCDqFwauFk9tAqrctz7iWHQ_DS3XyZMo4o_977144_981376.wav,MyAuthenticNature_UCDqFwauFk9tAqrctz7iWHQ_DS3XyZMo4o,977144,981376,4232
MyAuthenticNature_UCDqFwauFk9tAqrctz7iWHQ_DS3XyZMo4o_982128_994336.wav,MyAuthenticNature_UCDqFwauFk9tAqrctz7iWHQ_DS3XyZMo4o,982128,994336,12208
MyAuthenticNature_UCDqFwauFk9tAqrctz7iWHQ_DS3XyZMo4o_994592_1006272.wav,MyAuthenticNature_UCDqFwauFk9tAqrctz7iWHQ_DS3XyZMo4o,994592,1006272,11680
MyAuthenticNature_UCDqFwauFk9tAqrctz7iWHQ_DS3XyZMo4o_1006384_1015312.wav,MyAuthenticNature_UCDqFwauFk9tAqrctz7iWHQ_DS3XyZMo4o,1006384,1015312,8928
MyAuthenticNature_UCDqFwauFk9tAqrctz7iWHQ_DS3XyZMo4o_1015728_1021592.wav,MyAuthenticNature_UCDqFwauFk9tAqrctz7iWHQ_DS3XyZMo4o,1015728,1021592,5864
MyAuthenticNature_UCDqFwauFk9tAqrctz7iWHQ_DS3XyZMo4o_1021824_1024672.wav,MyAuthenticNature_UCDqFwauFk9tAqrctz7iWHQ_DS3XyZMo4o,1021824,1024672,2848
MyAuthenticNature_UCDqFwauFk9tAqrctz7iWHQ_DS3XyZMo4o_1024904_1031616.wav,MyAuthenticNature_UCDqFwauFk9tAqrctz7iWHQ_DS3XyZMo4o,1024904,1031616,6712
MyAuthenticNature_UCDqFwauFk9tAqrctz7iWHQ_DS3XyZMo4o_1031768_1035976.wav,MyAuthenticNature_UCDqFwauFk9tAqrctz7iWHQ_DS3XyZMo4o,1031768,1035976,4208
MyAuthenticNature_UCDqFwauFk9tAqrctz7iWHQ_DS3XyZMo4o_1036288_1040568.wav,MyAuthenticNature_UCDqFwauFk9tAqrctz7iWHQ_DS3XyZMo4o,1036288,1040568,4280
MyAuthenticNature_UCDqFwauFk9tAqrctz7iWHQ_DS3XyZMo4o_1040960_1041040.wav,MyAuthenticNature_UCDqFwauFk9tAqrctz7iWHQ_DS3XyZMo4o,1040960,1041040,80
MyAuthenticNature_UCDqFwauFk9tAqrctz7iWHQ_DS3XyZMo4o_1041040_1047032.wav,MyAuthenticNature_UCDqFwauFk9tAqrctz7iWHQ_DS3XyZMo4o,1041040,1047032,5992
MyAuthenticNature_UCDqFwauFk9tAqrctz7iWHQ_DS3XyZMo4o_1047120_1050328.wav,MyAuthenticNature_UCDqFwauFk9tAqrctz7iWHQ_DS3XyZMo4o,1047120,1050328,3208
MyAuthenticNature_UCDqFwauFk9tAqrctz7iWHQ_DS3XyZMo4o_1050416_1056120.wav,MyAuthenticNature_UCDqFwauFk9tAqrctz7iWHQ_DS3XyZMo4o,1050416,1056120,5704
MyAuthenticNature_UCDqFwauFk9tAqrctz7iWHQ_DS3XyZMo4o_1056256_1058648.wav,MyAuthenticNature_UCDqFwauFk9tAqrctz7iWHQ_DS3XyZMo4o,1056256,1058648,2392
MyAuthenticNature_UCDqFwauFk9tAqrctz7iWHQ_DS3XyZMo4o_1058816_1059528.wav,MyAuthenticNature_UCDqFwauFk9tAqrctz7iWHQ_DS3XyZMo4o,1058816,1059528,712
MyAuthenticNature_UCDqFwauFk9tAqrctz7iWHQ_DS3XyZMo4o_1059872_1061152.wav,MyAuthenticNature_UCDqFwauFk9tAqrctz7iWHQ_DS3XyZMo4o,1059872,1061152,1280
MyAuthenticNature_UCDqFwauFk9tAqrctz7iWHQ_DS3XyZMo4o_1062120_1067184.wav,MyAuthenticNature_UCDqFwauFk9tAqrctz7iWHQ_DS3XyZMo4o,1062120,1067184,5064
MyAuthenticNature_UCDqFwauFk9tAqrctz7iWHQ_DS3XyZMo4o_1068592_1074424.wav,MyAuthenticNature_UCDqFwauFk9tAqrctz7iWHQ_DS3XyZMo4o,1068592,1074424,5832
MyAuthenticNature_UCDqFwauFk9tAqrctz7iWHQ_DS3XyZMo4o_1074624_1078728.wav,MyAuthenticNature_UCDqFwauFk9tAqrctz7iWHQ_DS3XyZMo4o,1074624,1078728,4104
MyAuthenticNature_UCDqFwauFk9tAqrctz7iWHQ_DS3XyZMo4o_1078984_1080424.wav,MyAuthenticNature_UCDqFwauFk9tAqrctz7iWHQ_DS3XyZMo4o,1078984,1080424,1440
MyAuthenticNature_UCDqFwauFk9tAqrctz7iWHQ_DS3XyZMo4o_1081376_1084888.wav,MyAuthenticNature_UCDqFwauFk9tAqrctz7iWHQ_DS3XyZMo4o,1081376,1084888,3512
MyAuthenticNature_UCDqFwauFk9tAqrctz7iWHQ_DS3XyZMo4o_1085144_1086968.wav,MyAuthenticNature_UCDqFwauFk9tAqrctz7iWHQ_DS3XyZMo4o,1085144,1086968,1824
MyAuthenticNature_UCDqFwauFk9tAqrctz7iWHQ_DS3XyZMo4o_1087616_1088296.wav,MyAuthenticNature_UCDqFwauFk9tAqrctz7iWHQ_DS3XyZMo4o,1087616,1088296,680
MyAuthenticNature_UCDqFwauFk9tAqrctz7iWHQ_DS3XyZMo4o_1089040_1093808.wav,MyAuthenticNature_UCDqFwauFk9tAqrctz7iWHQ_DS3XyZMo4o,1089040,1093808,4768
MyAuthenticNature_UCDqFwauFk9tAqrctz7iWHQ_DS3XyZMo4o_1094096_1096176.wav,MyAuthenticNature_UCDqFwauFk9tAqrctz7iWHQ_DS3XyZMo4o,1094096,1096176,2080
MyAuthenticNature_UCDqFwauFk9tAqrctz7iWHQ_DS3XyZMo4o_1096440_1105928.wav,MyAuthenticNature_UCDqFwauFk9tAqrctz7iWHQ_DS3XyZMo4o,1096440,1105928,9488
MyAuthenticNature_UCDqFwauFk9tAqrctz7iWHQ_DS3XyZMo4o_1106256_1110472.wav,MyAuthenticNature_UCDqFwauFk9tAqrctz7iWHQ_DS3XyZMo4o,1106256,1110472,4216
MyAuthenticNature_UCDqFwauFk9tAqrctz7iWHQ_DS3XyZMo4o_1111272_1111552.wav,MyAuthenticNature_UCDqFwauFk9tAqrctz7iWHQ_DS3XyZMo4o,1111272,1111552,280
MyAuthenticNature_UCDqFwauFk9tAqrctz7iWHQ_DS3XyZMo4o_1111704_1111968.wav,MyAuthenticNature_UCDqFwauFk9tAqrctz7iWHQ_DS3XyZMo4o,1111704,1111968,264
MyAuthenticNature_UCDqFwauFk9tAqrctz7iWHQ_DS3XyZMo4o_1112392_1114576.wav,MyAuthenticNature_UCDqFwauFk9tAqrctz7iWHQ_DS3XyZMo4o,1112392,1114576,2184
MyAuthenticNature_UCDqFwauFk9tAqrctz7iWHQ_DS3XyZMo4o_1114896_1115432.wav,MyAuthenticNature_UCDqFwauFk9tAqrctz7iWHQ_DS3XyZMo4o,1114896,1115432,536
MyAuthenticNature_UCDqFwauFk9tAqrctz7iWHQ_DS3XyZMo4o_1115608_1116592.wav,MyAuthenticNature_UCDqFwauFk9tAqrctz7iWHQ_DS3XyZMo4o,1115608,1116592,984
MyAuthenticNature_UCDqFwauFk9tAqrctz7iWHQ_DS3XyZMo4o_1116768_1116896.wav,MyAuthenticNature_UCDqFwauFk9tAqrctz7iWHQ_DS3XyZMo4o,1116768,1116896,128
MyAuthenticNature_UCDqFwauFk9tAqrctz7iWHQ_DS3XyZMo4o_1117024_1121488.wav,MyAuthenticNature_UCDqFwauFk9tAqrctz7iWHQ_DS3XyZMo4o,1117024,1121488,4464
MyAuthenticNature_UCDqFwauFk9tAqrctz7iWHQ_DS3XyZMo4o_1121912_1122248.wav,MyAuthenticNature_UCDqFwauFk9tAqrctz7iWHQ_DS3XyZMo4o,1121912,1122248,336
MyAuthenticNature_UCDqFwauFk9tAqrctz7iWHQ_DS3XyZMo4o_1122448_1123496.wav,MyAuthenticNature_UCDqFwauFk9tAqrctz7iWHQ_DS3XyZMo4o,1122448,1123496,1048
MyAuthenticNature_UCDqFwauFk9tAqrctz7iWHQ_DS3XyZMo4o_1124272_1127336.wav,MyAuthenticNature_UCDqFwauFk9tAqrctz7iWHQ_DS3XyZMo4o,1124272,1127336,3064
MyAuthenticNature_UCDqFwauFk9tAqrctz7iWHQ_DS3XyZMo4o_1127808_1131256.wav,MyAuthenticNature_UCDqFwauFk9tAqrctz7iWHQ_DS3XyZMo4o,1127808,1131256,3448
MyAuthenticNature_UCDqFwauFk9tAqrctz7iWHQ_DS3XyZMo4o_1131416_1133240.wav,MyAuthenticNature_UCDqFwauFk9tAqrctz7iWHQ_DS3XyZMo4o,1131416,1133240,1824
MyAuthenticNature_UCDqFwauFk9tAqrctz7iWHQ_DS3XyZMo4o_1133368_1133824.wav,MyAuthenticNature_UCDqFwauFk9tAqrctz7iWHQ_DS3XyZMo4o,1133368,1133824,456
MyAuthenticNature_UCDqFwauFk9tAqrctz7iWHQ_DS3XyZMo4o_1134008_1137616.wav,MyAuthenticNature_UCDqFwauFk9tAqrctz7iWHQ_DS3XyZMo4o,1134008,1137616,3608
MyAuthenticNature_UCDqFwauFk9tAqrctz7iWHQ_DS3XyZMo4o_1138032_1140640.wav,MyAuthenticNature_UCDqFwauFk9tAqrctz7iWHQ_DS3XyZMo4o,1138032,1140640,2608
MyAuthenticNature_UCDqFwauFk9tAqrctz7iWHQ_DS3XyZMo4o_1140784_1143256.wav,MyAuthenticNature_UCDqFwauFk9tAqrctz7iWHQ_DS3XyZMo4o,1140784,1143256,2472
MyAuthenticNature_UCDqFwauFk9tAqrctz7iWHQ_DS3XyZMo4o_1143384_1144120.wav,MyAuthenticNature_UCDqFwauFk9tAqrctz7iWHQ_DS3XyZMo4o,1143384,1144120,736
MyAuthenticNature_UCDqFwauFk9tAqrctz7iWHQ_DS3XyZMo4o_1144344_1144944.wav,MyAuthenticNature_UCDqFwauFk9tAqrctz7iWHQ_DS3XyZMo4o,1144344,1144944,600
MyAuthenticNature_UCDqFwauFk9tAqrctz7iWHQ_DS3XyZMo4o_1145160_1145296.wav,MyAuthenticNature_UCDqFwauFk9tAqrctz7iWHQ_DS3XyZMo4o,1145160,1145296,136
MyAuthenticNature_UCDqFwauFk9tAqrctz7iWHQ_DS3XyZMo4o_1145528_1147536.wav,MyAuthenticNature_UCDqFwauFk9tAqrctz7iWHQ_DS3XyZMo4o,1145528,1147536,2008
MyAuthenticNature_UCDqFwauFk9tAqrctz7iWHQ_DS3XyZMo4o_1147752_1147904.wav,MyAuthenticNature_UCDqFwauFk9tAqrctz7iWHQ_DS3XyZMo4o,1147752,1147904,152
MyAuthenticNature_UCDqFwauFk9tAqrctz7iWHQ_DS3XyZMo4o_1148192_1148912.wav,MyAuthenticNature_UCDqFwauFk9tAqrctz7iWHQ_DS3XyZMo4o,1148192,1148912,720
MyAuthenticNature_UCDqFwauFk9tAqrctz7iWHQ_DS3XyZMo4o_1149072_1149712.wav,MyAuthenticNature_UCDqFwauFk9tAqrctz7iWHQ_DS3XyZMo4o,1149072,1149712,640
MyAuthenticNature_UCDqFwauFk9tAqrctz7iWHQ_DS3XyZMo4o_1149944_1150228.wav,MyAuthenticNature_UCDqFwauFk9tAqrctz7iWHQ_DS3XyZMo4o,1149944,1150228,284
MyAuthenticNature_UCDqFwauFk9tAqrctz7iWHQ_DS3XyZMo4o_1150228_1150428.wav,MyAuthenticNature_UCDqFwauFk9tAqrctz7iWHQ_DS3XyZMo4o,1150228,1150428,200
MyAuthenticNature_UCDqFwauFk9tAqrctz7iWHQ_DS3XyZMo4o_1150604_1150876.wav,MyAuthenticNature_UCDqFwauFk9tAqrctz7iWHQ_DS3XyZMo4o,1150604,1150876,272
MyAuthenticNature_UCDqFwauFk9tAqrctz7iWHQ_DS3XyZMo4o_1151300_1154220.wav,MyAuthenticNature_UCDqFwauFk9tAqrctz7iWHQ_DS3XyZMo4o,1151300,1154220,2920
MyAuthenticNature_UCDqFwauFk9tAqrctz7iWHQ_DS3XyZMo4o_1154372_1157228.wav,MyAuthenticNature_UCDqFwauFk9tAqrctz7iWHQ_DS3XyZMo4o,1154372,1157228,2856
MyAuthenticNature_UCDqFwauFk9tAqrctz7iWHQ_DS3XyZMo4o_1157396_1160372.wav,MyAuthenticNature_UCDqFwauFk9tAqrctz7iWHQ_DS3XyZMo4o,1157396,1160372,2976
MyAuthenticNature_UCDqFwauFk9tAqrctz7iWHQ_DS3XyZMo4o_1160612_1162428.wav,MyAuthenticNature_UCDqFwauFk9tAqrctz7iWHQ_DS3XyZMo4o,1160612,1162428,1816
MyAuthenticNature_UCDqFwauFk9tAqrctz7iWHQ_DS3XyZMo4o_1162652_1165124.wav,MyAuthenticNature_UCDqFwauFk9tAqrctz7iWHQ_DS3XyZMo4o,1162652,1165124,2472
MyAuthenticNature_UCDqFwauFk9tAqrctz7iWHQ_DS3XyZMo4o_1165324_1167456.wav,MyAuthenticNature_UCDqFwauFk9tAqrctz7iWHQ_DS3XyZMo4o,1165324,1167456,2132
MyAuthenticNature_UCDqFwauFk9tAqrctz7iWHQ_DS3XyZMo4o_1167976_1170568.wav,MyAuthenticNature_UCDqFwauFk9tAqrctz7iWHQ_DS3XyZMo4o,1167976,1170568,2592
MyAuthenticNature_UCDqFwauFk9tAqrctz7iWHQ_DS3XyZMo4o_1170808_1174672.wav,MyAuthenticNature_UCDqFwauFk9tAqrctz7iWHQ_DS3XyZMo4o,1170808,1174672,3864
MyAuthenticNature_UCDqFwauFk9tAqrctz7iWHQ_DS3XyZMo4o_1175200_1177384.wav,MyAuthenticNature_UCDqFwauFk9tAqrctz7iWHQ_DS3XyZMo4o,1175200,1177384,2184
MyAuthenticNature_UCDqFwauFk9tAqrctz7iWHQ_DS3XyZMo4o_1177912_1178032.wav,MyAuthenticNature_UCDqFwauFk9tAqrctz7iWHQ_DS3XyZMo4o,1177912,1178032,120
MyAuthenticNature_UCDqFwauFk9tAqrctz7iWHQ_DS3XyZMo4o_1178192_1178464.wav,MyAuthenticNature_UCDqFwauFk9tAqrctz7iWHQ_DS3XyZMo4o,1178192,1178464,272
MyAuthenticNature_UCDqFwauFk9tAqrctz7iWHQ_DS3XyZMo4o_1178776_1179840.wav,MyAuthenticNature_UCDqFwauFk9tAqrctz7iWHQ_DS3XyZMo4o,1178776,1179840,1064
MyAuthenticNature_UCDqFwauFk9tAqrctz7iWHQ_DS3XyZMo4o_1180016_1191360.wav,MyAuthenticNature_UCDqFwauFk9tAqrctz7iWHQ_DS3XyZMo4o,1180016,1191360,11344
MyAuthenticNature_UCDqFwauFk9tAqrctz7iWHQ_DS3XyZMo4o_1191768_1192408.wav,MyAuthenticNature_UCDqFwauFk9tAqrctz7iWHQ_DS3XyZMo4o,1191768,1192408,640
MyAuthenticNature_UCDqFwauFk9tAqrctz7iWHQ_DS3XyZMo4o_1192632_1193016.wav,MyAuthenticNature_UCDqFwauFk9tAqrctz7iWHQ_DS3XyZMo4o,1192632,1193016,384
MyAuthenticNature_UCDqFwauFk9tAqrctz7iWHQ_DS3XyZMo4o_1193144_1207809.wav,MyAuthenticNature_UCDqFwauFk9tAqrctz7iWHQ_DS3XyZMo4o,1193144,1207809,14665
