filename,video_id,start_time,end_time,duration
AnnaGantt_UClQ6hWSFeiJBWh6lG0Qy1A_Egoxe0DkLA_1097_3205.wav,AnnaGantt_UClQ6hWSFeiJBWh6lG0Qy1A_Egoxe0DkLA,1097,3205,2108
AnnaGantt_UClQ6hWSFeiJBWh6lG0Qy1A_Egoxe0DkLA_3533_8633.wav,AnnaGantt_UClQ6hWSFeiJBWh6lG0Qy1A_Egoxe0DkLA,3533,8633,5100
AnnaGantt_UClQ6hWSFeiJBWh6lG0Qy1A_Egoxe0DkLA_8953_13833.wav,AnnaGantt_UClQ6hWSFeiJBWh6lG0Qy1A_Egoxe0DkLA,8953,13833,4880
AnnaGantt_UClQ6hWSFeiJBWh6lG0Qy1A_Egoxe0DkLA_14337_18765.wav,AnnaGantt_UClQ6hWSFeiJBWh6lG0Qy1A_Egoxe0DkLA,14337,18765,4428
AnnaGantt_UClQ6hWSFeiJBWh6lG0Qy1A_Egoxe0DkLA_19013_19679.wav,AnnaGantt_UClQ6hWSFeiJBWh6lG0Qy1A_Egoxe0DkLA,19013,19679,666
AnnaGantt_UClQ6hWSFeiJBWh6lG0Qy1A_Egoxe0DkLA_19871_22776.wav,AnnaGantt_UClQ6hWSFeiJBWh6lG0Qy1A_Egoxe0DkLA,19871,22776,2905
AnnaGantt_UClQ6hWSFeiJBWh6lG0Qy1A_Egoxe0DkLA_22992_23208.wav,AnnaGantt_UClQ6hWSFeiJBWh6lG0Qy1A_Egoxe0DkLA,22992,23208,216
AnnaGantt_UClQ6hWSFeiJBWh6lG0Qy1A_Egoxe0DkLA_23384_26872.wav,AnnaGantt_UClQ6hWSFeiJBWh6lG0Qy1A_Egoxe0DkLA,23384,26872,3488
AnnaGantt_UClQ6hWSFeiJBWh6lG0Qy1A_Egoxe0DkLA_27152_28601.wav,AnnaGantt_UClQ6hWSFeiJBWh6lG0Qy1A_Egoxe0DkLA,27152,28601,1449
AnnaGantt_UClQ6hWSFeiJBWh6lG0Qy1A_Egoxe0DkLA_28953_29217.wav,AnnaGantt_UClQ6hWSFeiJBWh6lG0Qy1A_Egoxe0DkLA,28953,29217,264
AnnaGantt_UClQ6hWSFeiJBWh6lG0Qy1A_Egoxe0DkLA_29217_36715.wav,AnnaGantt_UClQ6hWSFeiJBWh6lG0Qy1A_Egoxe0DkLA,29217,36715,7498
AnnaGantt_UClQ6hWSFeiJBWh6lG0Qy1A_Egoxe0DkLA_37283_39645.wav,AnnaGantt_UClQ6hWSFeiJBWh6lG0Qy1A_Egoxe0DkLA,37283,39645,2362
AnnaGantt_UClQ6hWSFeiJBWh6lG0Qy1A_Egoxe0DkLA_39845_43281.wav,AnnaGantt_UClQ6hWSFeiJBWh6lG0Qy1A_Egoxe0DkLA,39845,43281,3436
AnnaGantt_UClQ6hWSFeiJBWh6lG0Qy1A_Egoxe0DkLA_44081_47545.wav,AnnaGantt_UClQ6hWSFeiJBWh6lG0Qy1A_Egoxe0DkLA,44081,47545,3464
AnnaGantt_UClQ6hWSFeiJBWh6lG0Qy1A_Egoxe0DkLA_47873_52905.wav,AnnaGantt_UClQ6hWSFeiJBWh6lG0Qy1A_Egoxe0DkLA,47873,52905,5032
AnnaGantt_UClQ6hWSFeiJBWh6lG0Qy1A_Egoxe0DkLA_53297_59873.wav,AnnaGantt_UClQ6hWSFeiJBWh6lG0Qy1A_Egoxe0DkLA,53297,59873,6576
AnnaGantt_UClQ6hWSFeiJBWh6lG0Qy1A_Egoxe0DkLA_60545_70297.wav,AnnaGantt_UClQ6hWSFeiJBWh6lG0Qy1A_Egoxe0DkLA,60545,70297,9752
AnnaGantt_UClQ6hWSFeiJBWh6lG0Qy1A_Egoxe0DkLA_70681_73537.wav,AnnaGantt_UClQ6hWSFeiJBWh6lG0Qy1A_Egoxe0DkLA,70681,73537,2856
AnnaGantt_UClQ6hWSFeiJBWh6lG0Qy1A_Egoxe0DkLA_73801_79555.wav,AnnaGantt_UClQ6hWSFeiJBWh6lG0Qy1A_Egoxe0DkLA,73801,79555,5754
AnnaGantt_UClQ6hWSFeiJBWh6lG0Qy1A_Egoxe0DkLA_79715_83773.wav,AnnaGantt_UClQ6hWSFeiJBWh6lG0Qy1A_Egoxe0DkLA,79715,83773,4058
AnnaGantt_UClQ6hWSFeiJBWh6lG0Qy1A_Egoxe0DkLA_84029_84183.wav,AnnaGantt_UClQ6hWSFeiJBWh6lG0Qy1A_Egoxe0DkLA,84029,84183,154
AnnaGantt_UClQ6hWSFeiJBWh6lG0Qy1A_Egoxe0DkLA_84463_84696.wav,AnnaGantt_UClQ6hWSFeiJBWh6lG0Qy1A_Egoxe0DkLA,84463,84696,233
AnnaGantt_UClQ6hWSFeiJBWh6lG0Qy1A_Egoxe0DkLA_84896_93457.wav,AnnaGantt_UClQ6hWSFeiJBWh6lG0Qy1A_Egoxe0DkLA,84896,93457,8561
AnnaGantt_UClQ6hWSFeiJBWh6lG0Qy1A_Egoxe0DkLA_93953_97245.wav,AnnaGantt_UClQ6hWSFeiJBWh6lG0Qy1A_Egoxe0DkLA,93953,97245,3292
AnnaGantt_UClQ6hWSFeiJBWh6lG0Qy1A_Egoxe0DkLA_97461_101265.wav,AnnaGantt_UClQ6hWSFeiJBWh6lG0Qy1A_Egoxe0DkLA,97461,101265,3804
AnnaGantt_UClQ6hWSFeiJBWh6lG0Qy1A_Egoxe0DkLA_101425_107737.wav,AnnaGantt_UClQ6hWSFeiJBWh6lG0Qy1A_Egoxe0DkLA,101425,107737,6312
AnnaGantt_UClQ6hWSFeiJBWh6lG0Qy1A_Egoxe0DkLA_107913_109273.wav,AnnaGantt_UClQ6hWSFeiJBWh6lG0Qy1A_Egoxe0DkLA,107913,109273,1360
AnnaGantt_UClQ6hWSFeiJBWh6lG0Qy1A_Egoxe0DkLA_109449_119597.wav,AnnaGantt_UClQ6hWSFeiJBWh6lG0Qy1A_Egoxe0DkLA,109449,119597,10148
AnnaGantt_UClQ6hWSFeiJBWh6lG0Qy1A_Egoxe0DkLA_119813_127745.wav,AnnaGantt_UClQ6hWSFeiJBWh6lG0Qy1A_Egoxe0DkLA,119813,127745,7932
AnnaGantt_UClQ6hWSFeiJBWh6lG0Qy1A_Egoxe0DkLA_128057_131393.wav,AnnaGantt_UClQ6hWSFeiJBWh6lG0Qy1A_Egoxe0DkLA,128057,131393,3336
AnnaGantt_UClQ6hWSFeiJBWh6lG0Qy1A_Egoxe0DkLA_132313_139209.wav,AnnaGantt_UClQ6hWSFeiJBWh6lG0Qy1A_Egoxe0DkLA,132313,139209,6896
AnnaGantt_UClQ6hWSFeiJBWh6lG0Qy1A_Egoxe0DkLA_139753_142305.wav,AnnaGantt_UClQ6hWSFeiJBWh6lG0Qy1A_Egoxe0DkLA,139753,142305,2552
AnnaGantt_UClQ6hWSFeiJBWh6lG0Qy1A_Egoxe0DkLA_142601_145105.wav,AnnaGantt_UClQ6hWSFeiJBWh6lG0Qy1A_Egoxe0DkLA,142601,145105,2504
AnnaGantt_UClQ6hWSFeiJBWh6lG0Qy1A_Egoxe0DkLA_145705_149913.wav,AnnaGantt_UClQ6hWSFeiJBWh6lG0Qy1A_Egoxe0DkLA,145705,149913,4208
AnnaGantt_UClQ6hWSFeiJBWh6lG0Qy1A_Egoxe0DkLA_150225_162393.wav,AnnaGantt_UClQ6hWSFeiJBWh6lG0Qy1A_Egoxe0DkLA,150225,162393,12168
AnnaGantt_UClQ6hWSFeiJBWh6lG0Qy1A_Egoxe0DkLA_162825_164249.wav,AnnaGantt_UClQ6hWSFeiJBWh6lG0Qy1A_Egoxe0DkLA,162825,164249,1424
AnnaGantt_UClQ6hWSFeiJBWh6lG0Qy1A_Egoxe0DkLA_164681_172321.wav,AnnaGantt_UClQ6hWSFeiJBWh6lG0Qy1A_Egoxe0DkLA,164681,172321,7640
AnnaGantt_UClQ6hWSFeiJBWh6lG0Qy1A_Egoxe0DkLA_172577_179393.wav,AnnaGantt_UClQ6hWSFeiJBWh6lG0Qy1A_Egoxe0DkLA,172577,179393,6816
AnnaGantt_UClQ6hWSFeiJBWh6lG0Qy1A_Egoxe0DkLA_179713_185281.wav,AnnaGantt_UClQ6hWSFeiJBWh6lG0Qy1A_Egoxe0DkLA,179713,185281,5568
AnnaGantt_UClQ6hWSFeiJBWh6lG0Qy1A_Egoxe0DkLA_185537_188305.wav,AnnaGantt_UClQ6hWSFeiJBWh6lG0Qy1A_Egoxe0DkLA,185537,188305,2768
AnnaGantt_UClQ6hWSFeiJBWh6lG0Qy1A_Egoxe0DkLA_188993_191689.wav,AnnaGantt_UClQ6hWSFeiJBWh6lG0Qy1A_Egoxe0DkLA,188993,191689,2696
AnnaGantt_UClQ6hWSFeiJBWh6lG0Qy1A_Egoxe0DkLA_192033_196537.wav,AnnaGantt_UClQ6hWSFeiJBWh6lG0Qy1A_Egoxe0DkLA,192033,196537,4504
AnnaGantt_UClQ6hWSFeiJBWh6lG0Qy1A_Egoxe0DkLA_196945_200593.wav,AnnaGantt_UClQ6hWSFeiJBWh6lG0Qy1A_Egoxe0DkLA,196945,200593,3648
AnnaGantt_UClQ6hWSFeiJBWh6lG0Qy1A_Egoxe0DkLA_200897_206201.wav,AnnaGantt_UClQ6hWSFeiJBWh6lG0Qy1A_Egoxe0DkLA,200897,206201,5304
AnnaGantt_UClQ6hWSFeiJBWh6lG0Qy1A_Egoxe0DkLA_206697_207857.wav,AnnaGantt_UClQ6hWSFeiJBWh6lG0Qy1A_Egoxe0DkLA,206697,207857,1160
AnnaGantt_UClQ6hWSFeiJBWh6lG0Qy1A_Egoxe0DkLA_208241_212529.wav,AnnaGantt_UClQ6hWSFeiJBWh6lG0Qy1A_Egoxe0DkLA,208241,212529,4288
AnnaGantt_UClQ6hWSFeiJBWh6lG0Qy1A_Egoxe0DkLA_212913_216401.wav,AnnaGantt_UClQ6hWSFeiJBWh6lG0Qy1A_Egoxe0DkLA,212913,216401,3488
AnnaGantt_UClQ6hWSFeiJBWh6lG0Qy1A_Egoxe0DkLA_216737_217481.wav,AnnaGantt_UClQ6hWSFeiJBWh6lG0Qy1A_Egoxe0DkLA,216737,217481,744
AnnaGantt_UClQ6hWSFeiJBWh6lG0Qy1A_Egoxe0DkLA_219809_220305.wav,AnnaGantt_UClQ6hWSFeiJBWh6lG0Qy1A_Egoxe0DkLA,219809,220305,496
AnnaGantt_UClQ6hWSFeiJBWh6lG0Qy1A_Egoxe0DkLA_220569_221737.wav,AnnaGantt_UClQ6hWSFeiJBWh6lG0Qy1A_Egoxe0DkLA,220569,221737,1168
AnnaGantt_UClQ6hWSFeiJBWh6lG0Qy1A_Egoxe0DkLA_222153_228633.wav,AnnaGantt_UClQ6hWSFeiJBWh6lG0Qy1A_Egoxe0DkLA,222153,228633,6480
AnnaGantt_UClQ6hWSFeiJBWh6lG0Qy1A_Egoxe0DkLA_228905_229153.wav,AnnaGantt_UClQ6hWSFeiJBWh6lG0Qy1A_Egoxe0DkLA,228905,229153,248
AnnaGantt_UClQ6hWSFeiJBWh6lG0Qy1A_Egoxe0DkLA_229153_234797.wav,AnnaGantt_UClQ6hWSFeiJBWh6lG0Qy1A_Egoxe0DkLA,229153,234797,5644
AnnaGantt_UClQ6hWSFeiJBWh6lG0Qy1A_Egoxe0DkLA_234941_235453.wav,AnnaGantt_UClQ6hWSFeiJBWh6lG0Qy1A_Egoxe0DkLA,234941,235453,512
AnnaGantt_UClQ6hWSFeiJBWh6lG0Qy1A_Egoxe0DkLA_235581_244385.wav,AnnaGantt_UClQ6hWSFeiJBWh6lG0Qy1A_Egoxe0DkLA,235581,244385,8804
AnnaGantt_UClQ6hWSFeiJBWh6lG0Qy1A_Egoxe0DkLA_244865_246097.wav,AnnaGantt_UClQ6hWSFeiJBWh6lG0Qy1A_Egoxe0DkLA,244865,246097,1232
AnnaGantt_UClQ6hWSFeiJBWh6lG0Qy1A_Egoxe0DkLA_246433_250633.wav,AnnaGantt_UClQ6hWSFeiJBWh6lG0Qy1A_Egoxe0DkLA,246433,250633,4200
AnnaGantt_UClQ6hWSFeiJBWh6lG0Qy1A_Egoxe0DkLA_251217_255499.wav,AnnaGantt_UClQ6hWSFeiJBWh6lG0Qy1A_Egoxe0DkLA,251217,255499,4282
AnnaGantt_UClQ6hWSFeiJBWh6lG0Qy1A_Egoxe0DkLA_255715_260461.wav,AnnaGantt_UClQ6hWSFeiJBWh6lG0Qy1A_Egoxe0DkLA,255715,260461,4746
AnnaGantt_UClQ6hWSFeiJBWh6lG0Qy1A_Egoxe0DkLA_260813_268065.wav,AnnaGantt_UClQ6hWSFeiJBWh6lG0Qy1A_Egoxe0DkLA,260813,268065,7252
AnnaGantt_UClQ6hWSFeiJBWh6lG0Qy1A_Egoxe0DkLA_268577_270705.wav,AnnaGantt_UClQ6hWSFeiJBWh6lG0Qy1A_Egoxe0DkLA,268577,270705,2128
AnnaGantt_UClQ6hWSFeiJBWh6lG0Qy1A_Egoxe0DkLA_272465_273881.wav,AnnaGantt_UClQ6hWSFeiJBWh6lG0Qy1A_Egoxe0DkLA,272465,273881,1416
AnnaGantt_UClQ6hWSFeiJBWh6lG0Qy1A_Egoxe0DkLA_274593_280969.wav,AnnaGantt_UClQ6hWSFeiJBWh6lG0Qy1A_Egoxe0DkLA,274593,280969,6376
AnnaGantt_UClQ6hWSFeiJBWh6lG0Qy1A_Egoxe0DkLA_281449_281658.wav,AnnaGantt_UClQ6hWSFeiJBWh6lG0Qy1A_Egoxe0DkLA,281449,281658,209
AnnaGantt_UClQ6hWSFeiJBWh6lG0Qy1A_Egoxe0DkLA_281850_283906.wav,AnnaGantt_UClQ6hWSFeiJBWh6lG0Qy1A_Egoxe0DkLA,281850,283906,2056
AnnaGantt_UClQ6hWSFeiJBWh6lG0Qy1A_Egoxe0DkLA_284050_288370.wav,AnnaGantt_UClQ6hWSFeiJBWh6lG0Qy1A_Egoxe0DkLA,284050,288370,4320
AnnaGantt_UClQ6hWSFeiJBWh6lG0Qy1A_Egoxe0DkLA_288514_294915.wav,AnnaGantt_UClQ6hWSFeiJBWh6lG0Qy1A_Egoxe0DkLA,288514,294915,6401
AnnaGantt_UClQ6hWSFeiJBWh6lG0Qy1A_Egoxe0DkLA_295155_300269.wav,AnnaGantt_UClQ6hWSFeiJBWh6lG0Qy1A_Egoxe0DkLA,295155,300269,5114
AnnaGantt_UClQ6hWSFeiJBWh6lG0Qy1A_Egoxe0DkLA_300541_302662.wav,AnnaGantt_UClQ6hWSFeiJBWh6lG0Qy1A_Egoxe0DkLA,300541,302662,2121
AnnaGantt_UClQ6hWSFeiJBWh6lG0Qy1A_Egoxe0DkLA_302830_310079.wav,AnnaGantt_UClQ6hWSFeiJBWh6lG0Qy1A_Egoxe0DkLA,302830,310079,7249
AnnaGantt_UClQ6hWSFeiJBWh6lG0Qy1A_Egoxe0DkLA_310327_310799.wav,AnnaGantt_UClQ6hWSFeiJBWh6lG0Qy1A_Egoxe0DkLA,310327,310799,472
AnnaGantt_UClQ6hWSFeiJBWh6lG0Qy1A_Egoxe0DkLA_311007_311801.wav,AnnaGantt_UClQ6hWSFeiJBWh6lG0Qy1A_Egoxe0DkLA,311007,311801,794
AnnaGantt_UClQ6hWSFeiJBWh6lG0Qy1A_Egoxe0DkLA_312185_318753.wav,AnnaGantt_UClQ6hWSFeiJBWh6lG0Qy1A_Egoxe0DkLA,312185,318753,6568
AnnaGantt_UClQ6hWSFeiJBWh6lG0Qy1A_Egoxe0DkLA_319225_320577.wav,AnnaGantt_UClQ6hWSFeiJBWh6lG0Qy1A_Egoxe0DkLA,319225,320577,1352
AnnaGantt_UClQ6hWSFeiJBWh6lG0Qy1A_Egoxe0DkLA_321057_327969.wav,AnnaGantt_UClQ6hWSFeiJBWh6lG0Qy1A_Egoxe0DkLA,321057,327969,6912
AnnaGantt_UClQ6hWSFeiJBWh6lG0Qy1A_Egoxe0DkLA_330665_332233.wav,AnnaGantt_UClQ6hWSFeiJBWh6lG0Qy1A_Egoxe0DkLA,330665,332233,1568
AnnaGantt_UClQ6hWSFeiJBWh6lG0Qy1A_Egoxe0DkLA_332505_334229.wav,AnnaGantt_UClQ6hWSFeiJBWh6lG0Qy1A_Egoxe0DkLA,332505,334229,1724
AnnaGantt_UClQ6hWSFeiJBWh6lG0Qy1A_Egoxe0DkLA_334365_343969.wav,AnnaGantt_UClQ6hWSFeiJBWh6lG0Qy1A_Egoxe0DkLA,334365,343969,9604
AnnaGantt_UClQ6hWSFeiJBWh6lG0Qy1A_Egoxe0DkLA_344305_352149.wav,AnnaGantt_UClQ6hWSFeiJBWh6lG0Qy1A_Egoxe0DkLA,344305,352149,7844
AnnaGantt_UClQ6hWSFeiJBWh6lG0Qy1A_Egoxe0DkLA_352341_357169.wav,AnnaGantt_UClQ6hWSFeiJBWh6lG0Qy1A_Egoxe0DkLA,352341,357169,4828
AnnaGantt_UClQ6hWSFeiJBWh6lG0Qy1A_Egoxe0DkLA_357441_361961.wav,AnnaGantt_UClQ6hWSFeiJBWh6lG0Qy1A_Egoxe0DkLA,357441,361961,4520
AnnaGantt_UClQ6hWSFeiJBWh6lG0Qy1A_Egoxe0DkLA_362217_367185.wav,AnnaGantt_UClQ6hWSFeiJBWh6lG0Qy1A_Egoxe0DkLA,362217,367185,4968
AnnaGantt_UClQ6hWSFeiJBWh6lG0Qy1A_Egoxe0DkLA_367873_370129.wav,AnnaGantt_UClQ6hWSFeiJBWh6lG0Qy1A_Egoxe0DkLA,367873,370129,2256
AnnaGantt_UClQ6hWSFeiJBWh6lG0Qy1A_Egoxe0DkLA_370353_377313.wav,AnnaGantt_UClQ6hWSFeiJBWh6lG0Qy1A_Egoxe0DkLA,370353,377313,6960
AnnaGantt_UClQ6hWSFeiJBWh6lG0Qy1A_Egoxe0DkLA_377505_379601.wav,AnnaGantt_UClQ6hWSFeiJBWh6lG0Qy1A_Egoxe0DkLA,377505,379601,2096
AnnaGantt_UClQ6hWSFeiJBWh6lG0Qy1A_Egoxe0DkLA_380321_385601.wav,AnnaGantt_UClQ6hWSFeiJBWh6lG0Qy1A_Egoxe0DkLA,380321,385601,5280
AnnaGantt_UClQ6hWSFeiJBWh6lG0Qy1A_Egoxe0DkLA_385809_390649.wav,AnnaGantt_UClQ6hWSFeiJBWh6lG0Qy1A_Egoxe0DkLA,385809,390649,4840
AnnaGantt_UClQ6hWSFeiJBWh6lG0Qy1A_Egoxe0DkLA_390977_397993.wav,AnnaGantt_UClQ6hWSFeiJBWh6lG0Qy1A_Egoxe0DkLA,390977,397993,7016
AnnaGantt_UClQ6hWSFeiJBWh6lG0Qy1A_Egoxe0DkLA_398465_399593.wav,AnnaGantt_UClQ6hWSFeiJBWh6lG0Qy1A_Egoxe0DkLA,398465,399593,1128
AnnaGantt_UClQ6hWSFeiJBWh6lG0Qy1A_Egoxe0DkLA_400089_404337.wav,AnnaGantt_UClQ6hWSFeiJBWh6lG0Qy1A_Egoxe0DkLA,400089,404337,4248
AnnaGantt_UClQ6hWSFeiJBWh6lG0Qy1A_Egoxe0DkLA_404617_409397.wav,AnnaGantt_UClQ6hWSFeiJBWh6lG0Qy1A_Egoxe0DkLA,404617,409397,4780
AnnaGantt_UClQ6hWSFeiJBWh6lG0Qy1A_Egoxe0DkLA_409661_419255.wav,AnnaGantt_UClQ6hWSFeiJBWh6lG0Qy1A_Egoxe0DkLA,409661,419255,9594
AnnaGantt_UClQ6hWSFeiJBWh6lG0Qy1A_Egoxe0DkLA_419479_426105.wav,AnnaGantt_UClQ6hWSFeiJBWh6lG0Qy1A_Egoxe0DkLA,419479,426105,6626
AnnaGantt_UClQ6hWSFeiJBWh6lG0Qy1A_Egoxe0DkLA_426377_427401.wav,AnnaGantt_UClQ6hWSFeiJBWh6lG0Qy1A_Egoxe0DkLA,426377,427401,1024
AnnaGantt_UClQ6hWSFeiJBWh6lG0Qy1A_Egoxe0DkLA_427801_428433.wav,AnnaGantt_UClQ6hWSFeiJBWh6lG0Qy1A_Egoxe0DkLA,427801,428433,632
AnnaGantt_UClQ6hWSFeiJBWh6lG0Qy1A_Egoxe0DkLA_428873_430609.wav,AnnaGantt_UClQ6hWSFeiJBWh6lG0Qy1A_Egoxe0DkLA,428873,430609,1736
AnnaGantt_UClQ6hWSFeiJBWh6lG0Qy1A_Egoxe0DkLA_431033_433265.wav,AnnaGantt_UClQ6hWSFeiJBWh6lG0Qy1A_Egoxe0DkLA,431033,433265,2232
AnnaGantt_UClQ6hWSFeiJBWh6lG0Qy1A_Egoxe0DkLA_433521_440762.wav,AnnaGantt_UClQ6hWSFeiJBWh6lG0Qy1A_Egoxe0DkLA,433521,440762,7241
AnnaGantt_UClQ6hWSFeiJBWh6lG0Qy1A_Egoxe0DkLA_441010_441715.wav,AnnaGantt_UClQ6hWSFeiJBWh6lG0Qy1A_Egoxe0DkLA,441010,441715,705
AnnaGantt_UClQ6hWSFeiJBWh6lG0Qy1A_Egoxe0DkLA_441939_447917.wav,AnnaGantt_UClQ6hWSFeiJBWh6lG0Qy1A_Egoxe0DkLA,441939,447917,5978
AnnaGantt_UClQ6hWSFeiJBWh6lG0Qy1A_Egoxe0DkLA_448173_455785.wav,AnnaGantt_UClQ6hWSFeiJBWh6lG0Qy1A_Egoxe0DkLA,448173,455785,7612
AnnaGantt_UClQ6hWSFeiJBWh6lG0Qy1A_Egoxe0DkLA_456305_461841.wav,AnnaGantt_UClQ6hWSFeiJBWh6lG0Qy1A_Egoxe0DkLA,456305,461841,5536
AnnaGantt_UClQ6hWSFeiJBWh6lG0Qy1A_Egoxe0DkLA_462105_466569.wav,AnnaGantt_UClQ6hWSFeiJBWh6lG0Qy1A_Egoxe0DkLA,462105,466569,4464
AnnaGantt_UClQ6hWSFeiJBWh6lG0Qy1A_Egoxe0DkLA_466889_468417.wav,AnnaGantt_UClQ6hWSFeiJBWh6lG0Qy1A_Egoxe0DkLA,466889,468417,1528
AnnaGantt_UClQ6hWSFeiJBWh6lG0Qy1A_Egoxe0DkLA_468857_470769.wav,AnnaGantt_UClQ6hWSFeiJBWh6lG0Qy1A_Egoxe0DkLA,468857,470769,1912
AnnaGantt_UClQ6hWSFeiJBWh6lG0Qy1A_Egoxe0DkLA_471009_479585.wav,AnnaGantt_UClQ6hWSFeiJBWh6lG0Qy1A_Egoxe0DkLA,471009,479585,8576
AnnaGantt_UClQ6hWSFeiJBWh6lG0Qy1A_Egoxe0DkLA_479905_482105.wav,AnnaGantt_UClQ6hWSFeiJBWh6lG0Qy1A_Egoxe0DkLA,479905,482105,2200
AnnaGantt_UClQ6hWSFeiJBWh6lG0Qy1A_Egoxe0DkLA_482441_488505.wav,AnnaGantt_UClQ6hWSFeiJBWh6lG0Qy1A_Egoxe0DkLA,482441,488505,6064
AnnaGantt_UClQ6hWSFeiJBWh6lG0Qy1A_Egoxe0DkLA_489193_494089.wav,AnnaGantt_UClQ6hWSFeiJBWh6lG0Qy1A_Egoxe0DkLA,489193,494089,4896
AnnaGantt_UClQ6hWSFeiJBWh6lG0Qy1A_Egoxe0DkLA_494393_495161.wav,AnnaGantt_UClQ6hWSFeiJBWh6lG0Qy1A_Egoxe0DkLA,494393,495161,768
AnnaGantt_UClQ6hWSFeiJBWh6lG0Qy1A_Egoxe0DkLA_495329_502417.wav,AnnaGantt_UClQ6hWSFeiJBWh6lG0Qy1A_Egoxe0DkLA,495329,502417,7088
AnnaGantt_UClQ6hWSFeiJBWh6lG0Qy1A_Egoxe0DkLA_503073_514009.wav,AnnaGantt_UClQ6hWSFeiJBWh6lG0Qy1A_Egoxe0DkLA,503073,514009,10936
AnnaGantt_UClQ6hWSFeiJBWh6lG0Qy1A_Egoxe0DkLA_514489_515521.wav,AnnaGantt_UClQ6hWSFeiJBWh6lG0Qy1A_Egoxe0DkLA,514489,515521,1032
AnnaGantt_UClQ6hWSFeiJBWh6lG0Qy1A_Egoxe0DkLA_515977_521193.wav,AnnaGantt_UClQ6hWSFeiJBWh6lG0Qy1A_Egoxe0DkLA,515977,521193,5216
AnnaGantt_UClQ6hWSFeiJBWh6lG0Qy1A_Egoxe0DkLA_521457_525385.wav,AnnaGantt_UClQ6hWSFeiJBWh6lG0Qy1A_Egoxe0DkLA,521457,525385,3928
AnnaGantt_UClQ6hWSFeiJBWh6lG0Qy1A_Egoxe0DkLA_526745_530089.wav,AnnaGantt_UClQ6hWSFeiJBWh6lG0Qy1A_Egoxe0DkLA,526745,530089,3344
AnnaGantt_UClQ6hWSFeiJBWh6lG0Qy1A_Egoxe0DkLA_530241_536921.wav,AnnaGantt_UClQ6hWSFeiJBWh6lG0Qy1A_Egoxe0DkLA,530241,536921,6680
AnnaGantt_UClQ6hWSFeiJBWh6lG0Qy1A_Egoxe0DkLA_537217_540985.wav,AnnaGantt_UClQ6hWSFeiJBWh6lG0Qy1A_Egoxe0DkLA,537217,540985,3768
AnnaGantt_UClQ6hWSFeiJBWh6lG0Qy1A_Egoxe0DkLA_541625_543273.wav,AnnaGantt_UClQ6hWSFeiJBWh6lG0Qy1A_Egoxe0DkLA,541625,543273,1648
AnnaGantt_UClQ6hWSFeiJBWh6lG0Qy1A_Egoxe0DkLA_544369_545165.wav,AnnaGantt_UClQ6hWSFeiJBWh6lG0Qy1A_Egoxe0DkLA,544369,545165,796
AnnaGantt_UClQ6hWSFeiJBWh6lG0Qy1A_Egoxe0DkLA_545405_546334.wav,AnnaGantt_UClQ6hWSFeiJBWh6lG0Qy1A_Egoxe0DkLA,545405,546334,929
AnnaGantt_UClQ6hWSFeiJBWh6lG0Qy1A_Egoxe0DkLA_546526_547750.wav,AnnaGantt_UClQ6hWSFeiJBWh6lG0Qy1A_Egoxe0DkLA,546526,547750,1224
AnnaGantt_UClQ6hWSFeiJBWh6lG0Qy1A_Egoxe0DkLA_547870_554286.wav,AnnaGantt_UClQ6hWSFeiJBWh6lG0Qy1A_Egoxe0DkLA,547870,554286,6416
AnnaGantt_UClQ6hWSFeiJBWh6lG0Qy1A_Egoxe0DkLA_554390_561982.wav,AnnaGantt_UClQ6hWSFeiJBWh6lG0Qy1A_Egoxe0DkLA,554390,561982,7592
AnnaGantt_UClQ6hWSFeiJBWh6lG0Qy1A_Egoxe0DkLA_562110_567350.wav,AnnaGantt_UClQ6hWSFeiJBWh6lG0Qy1A_Egoxe0DkLA,562110,567350,5240
AnnaGantt_UClQ6hWSFeiJBWh6lG0Qy1A_Egoxe0DkLA_567638_570047.wav,AnnaGantt_UClQ6hWSFeiJBWh6lG0Qy1A_Egoxe0DkLA,567638,570047,2409
AnnaGantt_UClQ6hWSFeiJBWh6lG0Qy1A_Egoxe0DkLA_570247_572465.wav,AnnaGantt_UClQ6hWSFeiJBWh6lG0Qy1A_Egoxe0DkLA,570247,572465,2218
AnnaGantt_UClQ6hWSFeiJBWh6lG0Qy1A_Egoxe0DkLA_572753_580041.wav,AnnaGantt_UClQ6hWSFeiJBWh6lG0Qy1A_Egoxe0DkLA,572753,580041,7288
AnnaGantt_UClQ6hWSFeiJBWh6lG0Qy1A_Egoxe0DkLA_581641_590049.wav,AnnaGantt_UClQ6hWSFeiJBWh6lG0Qy1A_Egoxe0DkLA,581641,590049,8408
AnnaGantt_UClQ6hWSFeiJBWh6lG0Qy1A_Egoxe0DkLA_590529_597273.wav,AnnaGantt_UClQ6hWSFeiJBWh6lG0Qy1A_Egoxe0DkLA,590529,597273,6744
AnnaGantt_UClQ6hWSFeiJBWh6lG0Qy1A_Egoxe0DkLA_597545_605093.wav,AnnaGantt_UClQ6hWSFeiJBWh6lG0Qy1A_Egoxe0DkLA,597545,605093,7548
AnnaGantt_UClQ6hWSFeiJBWh6lG0Qy1A_Egoxe0DkLA_605229_607197.wav,AnnaGantt_UClQ6hWSFeiJBWh6lG0Qy1A_Egoxe0DkLA,605229,607197,1968
AnnaGantt_UClQ6hWSFeiJBWh6lG0Qy1A_Egoxe0DkLA_607341_611237.wav,AnnaGantt_UClQ6hWSFeiJBWh6lG0Qy1A_Egoxe0DkLA,607341,611237,3896
AnnaGantt_UClQ6hWSFeiJBWh6lG0Qy1A_Egoxe0DkLA_612529_613537.wav,AnnaGantt_UClQ6hWSFeiJBWh6lG0Qy1A_Egoxe0DkLA,612529,613537,1008
AnnaGantt_UClQ6hWSFeiJBWh6lG0Qy1A_Egoxe0DkLA_613897_616641.wav,AnnaGantt_UClQ6hWSFeiJBWh6lG0Qy1A_Egoxe0DkLA,613897,616641,2744
AnnaGantt_UClQ6hWSFeiJBWh6lG0Qy1A_Egoxe0DkLA_619137_619241.wav,AnnaGantt_UClQ6hWSFeiJBWh6lG0Qy1A_Egoxe0DkLA,619137,619241,104
AnnaGantt_UClQ6hWSFeiJBWh6lG0Qy1A_Egoxe0DkLA_620985_624809.wav,AnnaGantt_UClQ6hWSFeiJBWh6lG0Qy1A_Egoxe0DkLA,620985,624809,3824
AnnaGantt_UClQ6hWSFeiJBWh6lG0Qy1A_Egoxe0DkLA_625097_633005.wav,AnnaGantt_UClQ6hWSFeiJBWh6lG0Qy1A_Egoxe0DkLA,625097,633005,7908
AnnaGantt_UClQ6hWSFeiJBWh6lG0Qy1A_Egoxe0DkLA_633309_637745.wav,AnnaGantt_UClQ6hWSFeiJBWh6lG0Qy1A_Egoxe0DkLA,633309,637745,4436
AnnaGantt_UClQ6hWSFeiJBWh6lG0Qy1A_Egoxe0DkLA_640177_645097.wav,AnnaGantt_UClQ6hWSFeiJBWh6lG0Qy1A_Egoxe0DkLA,640177,645097,4920
AnnaGantt_UClQ6hWSFeiJBWh6lG0Qy1A_Egoxe0DkLA_645425_647497.wav,AnnaGantt_UClQ6hWSFeiJBWh6lG0Qy1A_Egoxe0DkLA,645425,647497,2072
AnnaGantt_UClQ6hWSFeiJBWh6lG0Qy1A_Egoxe0DkLA_648161_655281.wav,AnnaGantt_UClQ6hWSFeiJBWh6lG0Qy1A_Egoxe0DkLA,648161,655281,7120
AnnaGantt_UClQ6hWSFeiJBWh6lG0Qy1A_Egoxe0DkLA_656121_661649.wav,AnnaGantt_UClQ6hWSFeiJBWh6lG0Qy1A_Egoxe0DkLA,656121,661649,5528
AnnaGantt_UClQ6hWSFeiJBWh6lG0Qy1A_Egoxe0DkLA_661873_667137.wav,AnnaGantt_UClQ6hWSFeiJBWh6lG0Qy1A_Egoxe0DkLA,661873,667137,5264
AnnaGantt_UClQ6hWSFeiJBWh6lG0Qy1A_Egoxe0DkLA_667433_674209.wav,AnnaGantt_UClQ6hWSFeiJBWh6lG0Qy1A_Egoxe0DkLA,667433,674209,6776
AnnaGantt_UClQ6hWSFeiJBWh6lG0Qy1A_Egoxe0DkLA_674473_683017.wav,AnnaGantt_UClQ6hWSFeiJBWh6lG0Qy1A_Egoxe0DkLA,674473,683017,8544
AnnaGantt_UClQ6hWSFeiJBWh6lG0Qy1A_Egoxe0DkLA_683377_683601.wav,AnnaGantt_UClQ6hWSFeiJBWh6lG0Qy1A_Egoxe0DkLA,683377,683601,224
AnnaGantt_UClQ6hWSFeiJBWh6lG0Qy1A_Egoxe0DkLA_683913_690537.wav,AnnaGantt_UClQ6hWSFeiJBWh6lG0Qy1A_Egoxe0DkLA,683913,690537,6624
AnnaGantt_UClQ6hWSFeiJBWh6lG0Qy1A_Egoxe0DkLA_690897_691553.wav,AnnaGantt_UClQ6hWSFeiJBWh6lG0Qy1A_Egoxe0DkLA,690897,691553,656
AnnaGantt_UClQ6hWSFeiJBWh6lG0Qy1A_Egoxe0DkLA_691945_693673.wav,AnnaGantt_UClQ6hWSFeiJBWh6lG0Qy1A_Egoxe0DkLA,691945,693673,1728
AnnaGantt_UClQ6hWSFeiJBWh6lG0Qy1A_Egoxe0DkLA_696801_699705.wav,AnnaGantt_UClQ6hWSFeiJBWh6lG0Qy1A_Egoxe0DkLA,696801,699705,2904
AnnaGantt_UClQ6hWSFeiJBWh6lG0Qy1A_Egoxe0DkLA_700313_704881.wav,AnnaGantt_UClQ6hWSFeiJBWh6lG0Qy1A_Egoxe0DkLA,700313,704881,4568
AnnaGantt_UClQ6hWSFeiJBWh6lG0Qy1A_Egoxe0DkLA_706401_708505.wav,AnnaGantt_UClQ6hWSFeiJBWh6lG0Qy1A_Egoxe0DkLA,706401,708505,2104
AnnaGantt_UClQ6hWSFeiJBWh6lG0Qy1A_Egoxe0DkLA_709161_709281.wav,AnnaGantt_UClQ6hWSFeiJBWh6lG0Qy1A_Egoxe0DkLA,709161,709281,120
AnnaGantt_UClQ6hWSFeiJBWh6lG0Qy1A_Egoxe0DkLA_711201_711369.wav,AnnaGantt_UClQ6hWSFeiJBWh6lG0Qy1A_Egoxe0DkLA,711201,711369,168
AnnaGantt_UClQ6hWSFeiJBWh6lG0Qy1A_Egoxe0DkLA_711969_712353.wav,AnnaGantt_UClQ6hWSFeiJBWh6lG0Qy1A_Egoxe0DkLA,711969,712353,384
AnnaGantt_UClQ6hWSFeiJBWh6lG0Qy1A_Egoxe0DkLA_712785_714049.wav,AnnaGantt_UClQ6hWSFeiJBWh6lG0Qy1A_Egoxe0DkLA,712785,714049,1264
AnnaGantt_UClQ6hWSFeiJBWh6lG0Qy1A_Egoxe0DkLA_714865_717537.wav,AnnaGantt_UClQ6hWSFeiJBWh6lG0Qy1A_Egoxe0DkLA,714865,717537,2672
AnnaGantt_UClQ6hWSFeiJBWh6lG0Qy1A_Egoxe0DkLA_718417_718545.wav,AnnaGantt_UClQ6hWSFeiJBWh6lG0Qy1A_Egoxe0DkLA,718417,718545,128
AnnaGantt_UClQ6hWSFeiJBWh6lG0Qy1A_Egoxe0DkLA_720689_722665.wav,AnnaGantt_UClQ6hWSFeiJBWh6lG0Qy1A_Egoxe0DkLA,720689,722665,1976
AnnaGantt_UClQ6hWSFeiJBWh6lG0Qy1A_Egoxe0DkLA_728137_729529.wav,AnnaGantt_UClQ6hWSFeiJBWh6lG0Qy1A_Egoxe0DkLA,728137,729529,1392
AnnaGantt_UClQ6hWSFeiJBWh6lG0Qy1A_Egoxe0DkLA_730073_731393.wav,AnnaGantt_UClQ6hWSFeiJBWh6lG0Qy1A_Egoxe0DkLA,730073,731393,1320
AnnaGantt_UClQ6hWSFeiJBWh6lG0Qy1A_Egoxe0DkLA_733729_735585.wav,AnnaGantt_UClQ6hWSFeiJBWh6lG0Qy1A_Egoxe0DkLA,733729,735585,1856
AnnaGantt_UClQ6hWSFeiJBWh6lG0Qy1A_Egoxe0DkLA_735841_739661.wav,AnnaGantt_UClQ6hWSFeiJBWh6lG0Qy1A_Egoxe0DkLA,735841,739661,3820
AnnaGantt_UClQ6hWSFeiJBWh6lG0Qy1A_Egoxe0DkLA_739997_744213.wav,AnnaGantt_UClQ6hWSFeiJBWh6lG0Qy1A_Egoxe0DkLA,739997,744213,4216
AnnaGantt_UClQ6hWSFeiJBWh6lG0Qy1A_Egoxe0DkLA_744613_751973.wav,AnnaGantt_UClQ6hWSFeiJBWh6lG0Qy1A_Egoxe0DkLA,744613,751973,7360
AnnaGantt_UClQ6hWSFeiJBWh6lG0Qy1A_Egoxe0DkLA_752141_752421.wav,AnnaGantt_UClQ6hWSFeiJBWh6lG0Qy1A_Egoxe0DkLA,752141,752421,280
AnnaGantt_UClQ6hWSFeiJBWh6lG0Qy1A_Egoxe0DkLA_752581_756221.wav,AnnaGantt_UClQ6hWSFeiJBWh6lG0Qy1A_Egoxe0DkLA,752581,756221,3640
AnnaGantt_UClQ6hWSFeiJBWh6lG0Qy1A_Egoxe0DkLA_756709_758633.wav,AnnaGantt_UClQ6hWSFeiJBWh6lG0Qy1A_Egoxe0DkLA,756709,758633,1924
AnnaGantt_UClQ6hWSFeiJBWh6lG0Qy1A_Egoxe0DkLA_759001_763225.wav,AnnaGantt_UClQ6hWSFeiJBWh6lG0Qy1A_Egoxe0DkLA,759001,763225,4224
AnnaGantt_UClQ6hWSFeiJBWh6lG0Qy1A_Egoxe0DkLA_763625_766513.wav,AnnaGantt_UClQ6hWSFeiJBWh6lG0Qy1A_Egoxe0DkLA,763625,766513,2888
AnnaGantt_UClQ6hWSFeiJBWh6lG0Qy1A_Egoxe0DkLA_766785_770217.wav,AnnaGantt_UClQ6hWSFeiJBWh6lG0Qy1A_Egoxe0DkLA,766785,770217,3432
AnnaGantt_UClQ6hWSFeiJBWh6lG0Qy1A_Egoxe0DkLA_770561_772225.wav,AnnaGantt_UClQ6hWSFeiJBWh6lG0Qy1A_Egoxe0DkLA,770561,772225,1664
AnnaGantt_UClQ6hWSFeiJBWh6lG0Qy1A_Egoxe0DkLA_772953_774913.wav,AnnaGantt_UClQ6hWSFeiJBWh6lG0Qy1A_Egoxe0DkLA,772953,774913,1960
AnnaGantt_UClQ6hWSFeiJBWh6lG0Qy1A_Egoxe0DkLA_775417_779377.wav,AnnaGantt_UClQ6hWSFeiJBWh6lG0Qy1A_Egoxe0DkLA,775417,779377,3960
AnnaGantt_UClQ6hWSFeiJBWh6lG0Qy1A_Egoxe0DkLA_779665_783081.wav,AnnaGantt_UClQ6hWSFeiJBWh6lG0Qy1A_Egoxe0DkLA,779665,783081,3416
AnnaGantt_UClQ6hWSFeiJBWh6lG0Qy1A_Egoxe0DkLA_783441_784313.wav,AnnaGantt_UClQ6hWSFeiJBWh6lG0Qy1A_Egoxe0DkLA,783441,784313,872
AnnaGantt_UClQ6hWSFeiJBWh6lG0Qy1A_Egoxe0DkLA_784585_788593.wav,AnnaGantt_UClQ6hWSFeiJBWh6lG0Qy1A_Egoxe0DkLA,784585,788593,4008
AnnaGantt_UClQ6hWSFeiJBWh6lG0Qy1A_Egoxe0DkLA_789521_791717.wav,AnnaGantt_UClQ6hWSFeiJBWh6lG0Qy1A_Egoxe0DkLA,789521,791717,2196
AnnaGantt_UClQ6hWSFeiJBWh6lG0Qy1A_Egoxe0DkLA_792037_795077.wav,AnnaGantt_UClQ6hWSFeiJBWh6lG0Qy1A_Egoxe0DkLA,792037,795077,3040
AnnaGantt_UClQ6hWSFeiJBWh6lG0Qy1A_Egoxe0DkLA_795373_799137.wav,AnnaGantt_UClQ6hWSFeiJBWh6lG0Qy1A_Egoxe0DkLA,795373,799137,3764
AnnaGantt_UClQ6hWSFeiJBWh6lG0Qy1A_Egoxe0DkLA_799393_808437.wav,AnnaGantt_UClQ6hWSFeiJBWh6lG0Qy1A_Egoxe0DkLA,799393,808437,9044
AnnaGantt_UClQ6hWSFeiJBWh6lG0Qy1A_Egoxe0DkLA_808781_809485.wav,AnnaGantt_UClQ6hWSFeiJBWh6lG0Qy1A_Egoxe0DkLA,808781,809485,704
AnnaGantt_UClQ6hWSFeiJBWh6lG0Qy1A_Egoxe0DkLA_809869_813025.wav,AnnaGantt_UClQ6hWSFeiJBWh6lG0Qy1A_Egoxe0DkLA,809869,813025,3156
AnnaGantt_UClQ6hWSFeiJBWh6lG0Qy1A_Egoxe0DkLA_814601_819457.wav,AnnaGantt_UClQ6hWSFeiJBWh6lG0Qy1A_Egoxe0DkLA,814601,819457,4856
AnnaGantt_UClQ6hWSFeiJBWh6lG0Qy1A_Egoxe0DkLA_819953_822537.wav,AnnaGantt_UClQ6hWSFeiJBWh6lG0Qy1A_Egoxe0DkLA,819953,822537,2584
AnnaGantt_UClQ6hWSFeiJBWh6lG0Qy1A_Egoxe0DkLA_824281_824393.wav,AnnaGantt_UClQ6hWSFeiJBWh6lG0Qy1A_Egoxe0DkLA,824281,824393,112
AnnaGantt_UClQ6hWSFeiJBWh6lG0Qy1A_Egoxe0DkLA_825473_825593.wav,AnnaGantt_UClQ6hWSFeiJBWh6lG0Qy1A_Egoxe0DkLA,825473,825593,120
AnnaGantt_UClQ6hWSFeiJBWh6lG0Qy1A_Egoxe0DkLA_826369_826489.wav,AnnaGantt_UClQ6hWSFeiJBWh6lG0Qy1A_Egoxe0DkLA,826369,826489,120
AnnaGantt_UClQ6hWSFeiJBWh6lG0Qy1A_Egoxe0DkLA_826801_826945.wav,AnnaGantt_UClQ6hWSFeiJBWh6lG0Qy1A_Egoxe0DkLA,826801,826945,144
AnnaGantt_UClQ6hWSFeiJBWh6lG0Qy1A_Egoxe0DkLA_827465_827569.wav,AnnaGantt_UClQ6hWSFeiJBWh6lG0Qy1A_Egoxe0DkLA,827465,827569,104
AnnaGantt_UClQ6hWSFeiJBWh6lG0Qy1A_Egoxe0DkLA_827825_829017.wav,AnnaGantt_UClQ6hWSFeiJBWh6lG0Qy1A_Egoxe0DkLA,827825,829017,1192
AnnaGantt_UClQ6hWSFeiJBWh6lG0Qy1A_Egoxe0DkLA_829481_829849.wav,AnnaGantt_UClQ6hWSFeiJBWh6lG0Qy1A_Egoxe0DkLA,829481,829849,368
AnnaGantt_UClQ6hWSFeiJBWh6lG0Qy1A_Egoxe0DkLA_830337_830481.wav,AnnaGantt_UClQ6hWSFeiJBWh6lG0Qy1A_Egoxe0DkLA,830337,830481,144
AnnaGantt_UClQ6hWSFeiJBWh6lG0Qy1A_Egoxe0DkLA_830761_831321.wav,AnnaGantt_UClQ6hWSFeiJBWh6lG0Qy1A_Egoxe0DkLA,830761,831321,560
AnnaGantt_UClQ6hWSFeiJBWh6lG0Qy1A_Egoxe0DkLA_831585_832353.wav,AnnaGantt_UClQ6hWSFeiJBWh6lG0Qy1A_Egoxe0DkLA,831585,832353,768
AnnaGantt_UClQ6hWSFeiJBWh6lG0Qy1A_Egoxe0DkLA_832753_838521.wav,AnnaGantt_UClQ6hWSFeiJBWh6lG0Qy1A_Egoxe0DkLA,832753,838521,5768
AnnaGantt_UClQ6hWSFeiJBWh6lG0Qy1A_Egoxe0DkLA_838897_844353.wav,AnnaGantt_UClQ6hWSFeiJBWh6lG0Qy1A_Egoxe0DkLA,838897,844353,5456
AnnaGantt_UClQ6hWSFeiJBWh6lG0Qy1A_Egoxe0DkLA_844585_849409.wav,AnnaGantt_UClQ6hWSFeiJBWh6lG0Qy1A_Egoxe0DkLA,844585,849409,4824
AnnaGantt_UClQ6hWSFeiJBWh6lG0Qy1A_Egoxe0DkLA_850121_852765.wav,AnnaGantt_UClQ6hWSFeiJBWh6lG0Qy1A_Egoxe0DkLA,850121,852765,2644
AnnaGantt_UClQ6hWSFeiJBWh6lG0Qy1A_Egoxe0DkLA_853181_855345.wav,AnnaGantt_UClQ6hWSFeiJBWh6lG0Qy1A_Egoxe0DkLA,853181,855345,2164
AnnaGantt_UClQ6hWSFeiJBWh6lG0Qy1A_Egoxe0DkLA_855633_863465.wav,AnnaGantt_UClQ6hWSFeiJBWh6lG0Qy1A_Egoxe0DkLA,855633,863465,7832
AnnaGantt_UClQ6hWSFeiJBWh6lG0Qy1A_Egoxe0DkLA_863825_863953.wav,AnnaGantt_UClQ6hWSFeiJBWh6lG0Qy1A_Egoxe0DkLA,863825,863953,128
AnnaGantt_UClQ6hWSFeiJBWh6lG0Qy1A_Egoxe0DkLA_864785_869689.wav,AnnaGantt_UClQ6hWSFeiJBWh6lG0Qy1A_Egoxe0DkLA,864785,869689,4904
AnnaGantt_UClQ6hWSFeiJBWh6lG0Qy1A_Egoxe0DkLA_873289_876225.wav,AnnaGantt_UClQ6hWSFeiJBWh6lG0Qy1A_Egoxe0DkLA,873289,876225,2936
AnnaGantt_UClQ6hWSFeiJBWh6lG0Qy1A_Egoxe0DkLA_878217_878857.wav,AnnaGantt_UClQ6hWSFeiJBWh6lG0Qy1A_Egoxe0DkLA,878217,878857,640
AnnaGantt_UClQ6hWSFeiJBWh6lG0Qy1A_Egoxe0DkLA_879753_880377.wav,AnnaGantt_UClQ6hWSFeiJBWh6lG0Qy1A_Egoxe0DkLA,879753,880377,624
AnnaGantt_UClQ6hWSFeiJBWh6lG0Qy1A_Egoxe0DkLA_881073_881697.wav,AnnaGantt_UClQ6hWSFeiJBWh6lG0Qy1A_Egoxe0DkLA,881073,881697,624
AnnaGantt_UClQ6hWSFeiJBWh6lG0Qy1A_Egoxe0DkLA_882433_887681.wav,AnnaGantt_UClQ6hWSFeiJBWh6lG0Qy1A_Egoxe0DkLA,882433,887681,5248
AnnaGantt_UClQ6hWSFeiJBWh6lG0Qy1A_Egoxe0DkLA_889705_893009.wav,AnnaGantt_UClQ6hWSFeiJBWh6lG0Qy1A_Egoxe0DkLA,889705,893009,3304
AnnaGantt_UClQ6hWSFeiJBWh6lG0Qy1A_Egoxe0DkLA_895369_900433.wav,AnnaGantt_UClQ6hWSFeiJBWh6lG0Qy1A_Egoxe0DkLA,895369,900433,5064
AnnaGantt_UClQ6hWSFeiJBWh6lG0Qy1A_Egoxe0DkLA_902553_906243.wav,AnnaGantt_UClQ6hWSFeiJBWh6lG0Qy1A_Egoxe0DkLA,902553,906243,3690
AnnaGantt_UClQ6hWSFeiJBWh6lG0Qy1A_Egoxe0DkLA_906451_910277.wav,AnnaGantt_UClQ6hWSFeiJBWh6lG0Qy1A_Egoxe0DkLA,906451,910277,3826
AnnaGantt_UClQ6hWSFeiJBWh6lG0Qy1A_Egoxe0DkLA_910429_913345.wav,AnnaGantt_UClQ6hWSFeiJBWh6lG0Qy1A_Egoxe0DkLA,910429,913345,2916
AnnaGantt_UClQ6hWSFeiJBWh6lG0Qy1A_Egoxe0DkLA_914249_916921.wav,AnnaGantt_UClQ6hWSFeiJBWh6lG0Qy1A_Egoxe0DkLA,914249,916921,2672
AnnaGantt_UClQ6hWSFeiJBWh6lG0Qy1A_Egoxe0DkLA_917225_918161.wav,AnnaGantt_UClQ6hWSFeiJBWh6lG0Qy1A_Egoxe0DkLA,917225,918161,936
AnnaGantt_UClQ6hWSFeiJBWh6lG0Qy1A_Egoxe0DkLA_918497_920221.wav,AnnaGantt_UClQ6hWSFeiJBWh6lG0Qy1A_Egoxe0DkLA,918497,920221,1724
AnnaGantt_UClQ6hWSFeiJBWh6lG0Qy1A_Egoxe0DkLA_920525_926593.wav,AnnaGantt_UClQ6hWSFeiJBWh6lG0Qy1A_Egoxe0DkLA,920525,926593,6068
AnnaGantt_UClQ6hWSFeiJBWh6lG0Qy1A_Egoxe0DkLA_928449_928657.wav,AnnaGantt_UClQ6hWSFeiJBWh6lG0Qy1A_Egoxe0DkLA,928449,928657,208
AnnaGantt_UClQ6hWSFeiJBWh6lG0Qy1A_Egoxe0DkLA_931017_931221.wav,AnnaGantt_UClQ6hWSFeiJBWh6lG0Qy1A_Egoxe0DkLA,931017,931221,204
AnnaGantt_UClQ6hWSFeiJBWh6lG0Qy1A_Egoxe0DkLA_931221_932319.wav,AnnaGantt_UClQ6hWSFeiJBWh6lG0Qy1A_Egoxe0DkLA,931221,932319,1098
AnnaGantt_UClQ6hWSFeiJBWh6lG0Qy1A_Egoxe0DkLA_932687_938304.wav,AnnaGantt_UClQ6hWSFeiJBWh6lG0Qy1A_Egoxe0DkLA,932687,938304,5617
AnnaGantt_UClQ6hWSFeiJBWh6lG0Qy1A_Egoxe0DkLA_938464_940833.wav,AnnaGantt_UClQ6hWSFeiJBWh6lG0Qy1A_Egoxe0DkLA,938464,940833,2369
AnnaGantt_UClQ6hWSFeiJBWh6lG0Qy1A_Egoxe0DkLA_945097_948673.wav,AnnaGantt_UClQ6hWSFeiJBWh6lG0Qy1A_Egoxe0DkLA,945097,948673,3576
AnnaGantt_UClQ6hWSFeiJBWh6lG0Qy1A_Egoxe0DkLA_948945_952777.wav,AnnaGantt_UClQ6hWSFeiJBWh6lG0Qy1A_Egoxe0DkLA,948945,952777,3832
AnnaGantt_UClQ6hWSFeiJBWh6lG0Qy1A_Egoxe0DkLA_953041_953497.wav,AnnaGantt_UClQ6hWSFeiJBWh6lG0Qy1A_Egoxe0DkLA,953041,953497,456
AnnaGantt_UClQ6hWSFeiJBWh6lG0Qy1A_Egoxe0DkLA_956633_962605.wav,AnnaGantt_UClQ6hWSFeiJBWh6lG0Qy1A_Egoxe0DkLA,956633,962605,5972
AnnaGantt_UClQ6hWSFeiJBWh6lG0Qy1A_Egoxe0DkLA_962853_964353.wav,AnnaGantt_UClQ6hWSFeiJBWh6lG0Qy1A_Egoxe0DkLA,962853,964353,1500
AnnaGantt_UClQ6hWSFeiJBWh6lG0Qy1A_Egoxe0DkLA_966225_966345.wav,AnnaGantt_UClQ6hWSFeiJBWh6lG0Qy1A_Egoxe0DkLA,966225,966345,120
AnnaGantt_UClQ6hWSFeiJBWh6lG0Qy1A_Egoxe0DkLA_967193_968489.wav,AnnaGantt_UClQ6hWSFeiJBWh6lG0Qy1A_Egoxe0DkLA,967193,968489,1296
AnnaGantt_UClQ6hWSFeiJBWh6lG0Qy1A_Egoxe0DkLA_968857_970441.wav,AnnaGantt_UClQ6hWSFeiJBWh6lG0Qy1A_Egoxe0DkLA,968857,970441,1584
AnnaGantt_UClQ6hWSFeiJBWh6lG0Qy1A_Egoxe0DkLA_970713_973409.wav,AnnaGantt_UClQ6hWSFeiJBWh6lG0Qy1A_Egoxe0DkLA,970713,973409,2696
AnnaGantt_UClQ6hWSFeiJBWh6lG0Qy1A_Egoxe0DkLA_974065_974897.wav,AnnaGantt_UClQ6hWSFeiJBWh6lG0Qy1A_Egoxe0DkLA,974065,974897,832
AnnaGantt_UClQ6hWSFeiJBWh6lG0Qy1A_Egoxe0DkLA_975049_982697.wav,AnnaGantt_UClQ6hWSFeiJBWh6lG0Qy1A_Egoxe0DkLA,975049,982697,7648
AnnaGantt_UClQ6hWSFeiJBWh6lG0Qy1A_Egoxe0DkLA_983001_986385.wav,AnnaGantt_UClQ6hWSFeiJBWh6lG0Qy1A_Egoxe0DkLA,983001,986385,3384
AnnaGantt_UClQ6hWSFeiJBWh6lG0Qy1A_Egoxe0DkLA_986761_993161.wav,AnnaGantt_UClQ6hWSFeiJBWh6lG0Qy1A_Egoxe0DkLA,986761,993161,6400
AnnaGantt_UClQ6hWSFeiJBWh6lG0Qy1A_Egoxe0DkLA_993673_994729.wav,AnnaGantt_UClQ6hWSFeiJBWh6lG0Qy1A_Egoxe0DkLA,993673,994729,1056
AnnaGantt_UClQ6hWSFeiJBWh6lG0Qy1A_Egoxe0DkLA_996217_996329.wav,AnnaGantt_UClQ6hWSFeiJBWh6lG0Qy1A_Egoxe0DkLA,996217,996329,112
AnnaGantt_UClQ6hWSFeiJBWh6lG0Qy1A_Egoxe0DkLA_999425_1004497.wav,AnnaGantt_UClQ6hWSFeiJBWh6lG0Qy1A_Egoxe0DkLA,999425,1004497,5072
AnnaGantt_UClQ6hWSFeiJBWh6lG0Qy1A_Egoxe0DkLA_1004753_1013281.wav,AnnaGantt_UClQ6hWSFeiJBWh6lG0Qy1A_Egoxe0DkLA,1004753,1013281,8528
AnnaGantt_UClQ6hWSFeiJBWh6lG0Qy1A_Egoxe0DkLA_1014049_1015585.wav,AnnaGantt_UClQ6hWSFeiJBWh6lG0Qy1A_Egoxe0DkLA,1014049,1015585,1536
AnnaGantt_UClQ6hWSFeiJBWh6lG0Qy1A_Egoxe0DkLA_1015713_1024441.wav,AnnaGantt_UClQ6hWSFeiJBWh6lG0Qy1A_Egoxe0DkLA,1015713,1024441,8728
AnnaGantt_UClQ6hWSFeiJBWh6lG0Qy1A_Egoxe0DkLA_1024577_1025337.wav,AnnaGantt_UClQ6hWSFeiJBWh6lG0Qy1A_Egoxe0DkLA,1024577,1025337,760
AnnaGantt_UClQ6hWSFeiJBWh6lG0Qy1A_Egoxe0DkLA_1025673_1027530.wav,AnnaGantt_UClQ6hWSFeiJBWh6lG0Qy1A_Egoxe0DkLA,1025673,1027530,1857
AnnaGantt_UClQ6hWSFeiJBWh6lG0Qy1A_Egoxe0DkLA_1027882_1030771.wav,AnnaGantt_UClQ6hWSFeiJBWh6lG0Qy1A_Egoxe0DkLA,1027882,1030771,2889
AnnaGantt_UClQ6hWSFeiJBWh6lG0Qy1A_Egoxe0DkLA_1030987_1031765.wav,AnnaGantt_UClQ6hWSFeiJBWh6lG0Qy1A_Egoxe0DkLA,1030987,1031765,778
AnnaGantt_UClQ6hWSFeiJBWh6lG0Qy1A_Egoxe0DkLA_1032013_1032321.wav,AnnaGantt_UClQ6hWSFeiJBWh6lG0Qy1A_Egoxe0DkLA,1032013,1032321,308
