filename,video_id,start_time,end_time,duration
TheRealBlasiann_UCv7N4IPBum628DzUsWfq5UA_F6ld7uF148_0_5888.wav,TheRealBlasiann_UCv7N4IPBum628DzUsWfq5UA_F6ld7uF148,0,5888,5888
TheRealBlasiann_UCv7N4IPBum628DzUsWfq5UA_F6ld7uF148_6112_8088.wav,TheRealBlasiann_UCv7N4IPBum628DzUsWfq5UA_F6ld7uF148,6112,8088,1976
TheRealBlasiann_UCv7N4IPBum628DzUsWfq5UA_F6ld7uF148_8400_8592.wav,TheRealBlasiann_UCv7N4IPBum628DzUsWfq5UA_F6ld7uF148,8400,8592,192
TheRealBlasiann_UCv7N4IPBum628DzUsWfq5UA_F6ld7uF148_8592_8792.wav,TheRealBlasiann_UCv7N4IPBum628DzUsWfq5UA_F6ld7uF148,8592,8792,200
TheRealBlasiann_UCv7N4IPBum628DzUsWfq5UA_F6ld7uF148_8944_10496.wav,TheRealBlasiann_UCv7N4IPBum628DzUsWfq5UA_F6ld7uF148,8944,10496,1552
TheRealBlasiann_UCv7N4IPBum628DzUsWfq5UA_F6ld7uF148_10680_29936.wav,TheRealBlasiann_UCv7N4IPBum628DzUsWfq5UA_F6ld7uF148,10680,29936,19256
TheRealBlasiann_UCv7N4IPBum628DzUsWfq5UA_F6ld7uF148_30176_31432.wav,TheRealBlasiann_UCv7N4IPBum628DzUsWfq5UA_F6ld7uF148,30176,31432,1256
TheRealBlasiann_UCv7N4IPBum628DzUsWfq5UA_F6ld7uF148_31616_36232.wav,TheRealBlasiann_UCv7N4IPBum628DzUsWfq5UA_F6ld7uF148,31616,36232,4616
TheRealBlasiann_UCv7N4IPBum628DzUsWfq5UA_F6ld7uF148_36841_43361.wav,TheRealBlasiann_UCv7N4IPBum628DzUsWfq5UA_F6ld7uF148,36841,43361,6520
TheRealBlasiann_UCv7N4IPBum628DzUsWfq5UA_F6ld7uF148_43593_48401.wav,TheRealBlasiann_UCv7N4IPBum628DzUsWfq5UA_F6ld7uF148,43593,48401,4808
TheRealBlasiann_UCv7N4IPBum628DzUsWfq5UA_F6ld7uF148_48857_52905.wav,TheRealBlasiann_UCv7N4IPBum628DzUsWfq5UA_F6ld7uF148,48857,52905,4048
TheRealBlasiann_UCv7N4IPBum628DzUsWfq5UA_F6ld7uF148_53241_58081.wav,TheRealBlasiann_UCv7N4IPBum628DzUsWfq5UA_F6ld7uF148,53241,58081,4840
TheRealBlasiann_UCv7N4IPBum628DzUsWfq5UA_F6ld7uF148_58746_59030.wav,TheRealBlasiann_UCv7N4IPBum628DzUsWfq5UA_F6ld7uF148,58746,59030,284
TheRealBlasiann_UCv7N4IPBum628DzUsWfq5UA_F6ld7uF148_59030_59358.wav,TheRealBlasiann_UCv7N4IPBum628DzUsWfq5UA_F6ld7uF148,59030,59358,328
TheRealBlasiann_UCv7N4IPBum628DzUsWfq5UA_F6ld7uF148_59958_60294.wav,TheRealBlasiann_UCv7N4IPBum628DzUsWfq5UA_F6ld7uF148,59958,60294,336
TheRealBlasiann_UCv7N4IPBum628DzUsWfq5UA_F6ld7uF148_60654_65482.wav,TheRealBlasiann_UCv7N4IPBum628DzUsWfq5UA_F6ld7uF148,60654,65482,4828
TheRealBlasiann_UCv7N4IPBum628DzUsWfq5UA_F6ld7uF148_65794_69818.wav,TheRealBlasiann_UCv7N4IPBum628DzUsWfq5UA_F6ld7uF148,65794,69818,4024
TheRealBlasiann_UCv7N4IPBum628DzUsWfq5UA_F6ld7uF148_70002_73978.wav,TheRealBlasiann_UCv7N4IPBum628DzUsWfq5UA_F6ld7uF148,70002,73978,3976
TheRealBlasiann_UCv7N4IPBum628DzUsWfq5UA_F6ld7uF148_74162_77754.wav,TheRealBlasiann_UCv7N4IPBum628DzUsWfq5UA_F6ld7uF148,74162,77754,3592
TheRealBlasiann_UCv7N4IPBum628DzUsWfq5UA_F6ld7uF148_78226_78650.wav,TheRealBlasiann_UCv7N4IPBum628DzUsWfq5UA_F6ld7uF148,78226,78650,424
TheRealBlasiann_UCv7N4IPBum628DzUsWfq5UA_F6ld7uF148_78786_79450.wav,TheRealBlasiann_UCv7N4IPBum628DzUsWfq5UA_F6ld7uF148,78786,79450,664
TheRealBlasiann_UCv7N4IPBum628DzUsWfq5UA_F6ld7uF148_79586_82330.wav,TheRealBlasiann_UCv7N4IPBum628DzUsWfq5UA_F6ld7uF148,79586,82330,2744
TheRealBlasiann_UCv7N4IPBum628DzUsWfq5UA_F6ld7uF148_82642_89074.wav,TheRealBlasiann_UCv7N4IPBum628DzUsWfq5UA_F6ld7uF148,82642,89074,6432
TheRealBlasiann_UCv7N4IPBum628DzUsWfq5UA_F6ld7uF148_89394_92714.wav,TheRealBlasiann_UCv7N4IPBum628DzUsWfq5UA_F6ld7uF148,89394,92714,3320
TheRealBlasiann_UCv7N4IPBum628DzUsWfq5UA_F6ld7uF148_92850_94746.wav,TheRealBlasiann_UCv7N4IPBum628DzUsWfq5UA_F6ld7uF148,92850,94746,1896
TheRealBlasiann_UCv7N4IPBum628DzUsWfq5UA_F6ld7uF148_94890_96307.wav,TheRealBlasiann_UCv7N4IPBum628DzUsWfq5UA_F6ld7uF148,94890,96307,1417
TheRealBlasiann_UCv7N4IPBum628DzUsWfq5UA_F6ld7uF148_96499_97636.wav,TheRealBlasiann_UCv7N4IPBum628DzUsWfq5UA_F6ld7uF148,96499,97636,1137
TheRealBlasiann_UCv7N4IPBum628DzUsWfq5UA_F6ld7uF148_98398_98662.wav,TheRealBlasiann_UCv7N4IPBum628DzUsWfq5UA_F6ld7uF148,98398,98662,264
TheRealBlasiann_UCv7N4IPBum628DzUsWfq5UA_F6ld7uF148_98662_103102.wav,TheRealBlasiann_UCv7N4IPBum628DzUsWfq5UA_F6ld7uF148,98662,103102,4440
TheRealBlasiann_UCv7N4IPBum628DzUsWfq5UA_F6ld7uF148_103910_107038.wav,TheRealBlasiann_UCv7N4IPBum628DzUsWfq5UA_F6ld7uF148,103910,107038,3128
TheRealBlasiann_UCv7N4IPBum628DzUsWfq5UA_F6ld7uF148_107510_111798.wav,TheRealBlasiann_UCv7N4IPBum628DzUsWfq5UA_F6ld7uF148,107510,111798,4288
TheRealBlasiann_UCv7N4IPBum628DzUsWfq5UA_F6ld7uF148_112350_116398.wav,TheRealBlasiann_UCv7N4IPBum628DzUsWfq5UA_F6ld7uF148,112350,116398,4048
TheRealBlasiann_UCv7N4IPBum628DzUsWfq5UA_F6ld7uF148_116878_117838.wav,TheRealBlasiann_UCv7N4IPBum628DzUsWfq5UA_F6ld7uF148,116878,117838,960
TheRealBlasiann_UCv7N4IPBum628DzUsWfq5UA_F6ld7uF148_118086_125006.wav,TheRealBlasiann_UCv7N4IPBum628DzUsWfq5UA_F6ld7uF148,118086,125006,6920
TheRealBlasiann_UCv7N4IPBum628DzUsWfq5UA_F6ld7uF148_125270_129670.wav,TheRealBlasiann_UCv7N4IPBum628DzUsWfq5UA_F6ld7uF148,125270,129670,4400
TheRealBlasiann_UCv7N4IPBum628DzUsWfq5UA_F6ld7uF148_129926_131936.wav,TheRealBlasiann_UCv7N4IPBum628DzUsWfq5UA_F6ld7uF148,129926,131936,2010
TheRealBlasiann_UCv7N4IPBum628DzUsWfq5UA_F6ld7uF148_132144_140457.wav,TheRealBlasiann_UCv7N4IPBum628DzUsWfq5UA_F6ld7uF148,132144,140457,8313
TheRealBlasiann_UCv7N4IPBum628DzUsWfq5UA_F6ld7uF148_140593_144106.wav,TheRealBlasiann_UCv7N4IPBum628DzUsWfq5UA_F6ld7uF148,140593,144106,3513
TheRealBlasiann_UCv7N4IPBum628DzUsWfq5UA_F6ld7uF148_144362_147126.wav,TheRealBlasiann_UCv7N4IPBum628DzUsWfq5UA_F6ld7uF148,144362,147126,2764
TheRealBlasiann_UCv7N4IPBum628DzUsWfq5UA_F6ld7uF148_147270_155150.wav,TheRealBlasiann_UCv7N4IPBum628DzUsWfq5UA_F6ld7uF148,147270,155150,7880
TheRealBlasiann_UCv7N4IPBum628DzUsWfq5UA_F6ld7uF148_155278_156394.wav,TheRealBlasiann_UCv7N4IPBum628DzUsWfq5UA_F6ld7uF148,155278,156394,1116
TheRealBlasiann_UCv7N4IPBum628DzUsWfq5UA_F6ld7uF148_156658_158714.wav,TheRealBlasiann_UCv7N4IPBum628DzUsWfq5UA_F6ld7uF148,156658,158714,2056
TheRealBlasiann_UCv7N4IPBum628DzUsWfq5UA_F6ld7uF148_159562_159994.wav,TheRealBlasiann_UCv7N4IPBum628DzUsWfq5UA_F6ld7uF148,159562,159994,432
TheRealBlasiann_UCv7N4IPBum628DzUsWfq5UA_F6ld7uF148_160346_164482.wav,TheRealBlasiann_UCv7N4IPBum628DzUsWfq5UA_F6ld7uF148,160346,164482,4136
TheRealBlasiann_UCv7N4IPBum628DzUsWfq5UA_F6ld7uF148_164970_165172.wav,TheRealBlasiann_UCv7N4IPBum628DzUsWfq5UA_F6ld7uF148,164970,165172,202
TheRealBlasiann_UCv7N4IPBum628DzUsWfq5UA_F6ld7uF148_165172_167484.wav,TheRealBlasiann_UCv7N4IPBum628DzUsWfq5UA_F6ld7uF148,165172,167484,2312
TheRealBlasiann_UCv7N4IPBum628DzUsWfq5UA_F6ld7uF148_167884_172044.wav,TheRealBlasiann_UCv7N4IPBum628DzUsWfq5UA_F6ld7uF148,167884,172044,4160
TheRealBlasiann_UCv7N4IPBum628DzUsWfq5UA_F6ld7uF148_172268_172700.wav,TheRealBlasiann_UCv7N4IPBum628DzUsWfq5UA_F6ld7uF148,172268,172700,432
TheRealBlasiann_UCv7N4IPBum628DzUsWfq5UA_F6ld7uF148_172924_174870.wav,TheRealBlasiann_UCv7N4IPBum628DzUsWfq5UA_F6ld7uF148,172924,174870,1946
TheRealBlasiann_UCv7N4IPBum628DzUsWfq5UA_F6ld7uF148_175206_176398.wav,TheRealBlasiann_UCv7N4IPBum628DzUsWfq5UA_F6ld7uF148,175206,176398,1192
TheRealBlasiann_UCv7N4IPBum628DzUsWfq5UA_F6ld7uF148_176998_181910.wav,TheRealBlasiann_UCv7N4IPBum628DzUsWfq5UA_F6ld7uF148,176998,181910,4912
TheRealBlasiann_UCv7N4IPBum628DzUsWfq5UA_F6ld7uF148_183046_189410.wav,TheRealBlasiann_UCv7N4IPBum628DzUsWfq5UA_F6ld7uF148,183046,189410,6364
TheRealBlasiann_UCv7N4IPBum628DzUsWfq5UA_F6ld7uF148_189698_190518.wav,TheRealBlasiann_UCv7N4IPBum628DzUsWfq5UA_F6ld7uF148,189698,190518,820
TheRealBlasiann_UCv7N4IPBum628DzUsWfq5UA_F6ld7uF148_190910_191136.wav,TheRealBlasiann_UCv7N4IPBum628DzUsWfq5UA_F6ld7uF148,190910,191136,226
TheRealBlasiann_UCv7N4IPBum628DzUsWfq5UA_F6ld7uF148_191376_193297.wav,TheRealBlasiann_UCv7N4IPBum628DzUsWfq5UA_F6ld7uF148,191376,193297,1921
TheRealBlasiann_UCv7N4IPBum628DzUsWfq5UA_F6ld7uF148_193457_193641.wav,TheRealBlasiann_UCv7N4IPBum628DzUsWfq5UA_F6ld7uF148,193457,193641,184
TheRealBlasiann_UCv7N4IPBum628DzUsWfq5UA_F6ld7uF148_193825_196753.wav,TheRealBlasiann_UCv7N4IPBum628DzUsWfq5UA_F6ld7uF148,193825,196753,2928
TheRealBlasiann_UCv7N4IPBum628DzUsWfq5UA_F6ld7uF148_196913_197129.wav,TheRealBlasiann_UCv7N4IPBum628DzUsWfq5UA_F6ld7uF148,196913,197129,216
TheRealBlasiann_UCv7N4IPBum628DzUsWfq5UA_F6ld7uF148_197361_204041.wav,TheRealBlasiann_UCv7N4IPBum628DzUsWfq5UA_F6ld7uF148,197361,204041,6680
TheRealBlasiann_UCv7N4IPBum628DzUsWfq5UA_F6ld7uF148_204369_205281.wav,TheRealBlasiann_UCv7N4IPBum628DzUsWfq5UA_F6ld7uF148,204369,205281,912
TheRealBlasiann_UCv7N4IPBum628DzUsWfq5UA_F6ld7uF148_205465_206042.wav,TheRealBlasiann_UCv7N4IPBum628DzUsWfq5UA_F6ld7uF148,205465,206042,577
TheRealBlasiann_UCv7N4IPBum628DzUsWfq5UA_F6ld7uF148_206250_209062.wav,TheRealBlasiann_UCv7N4IPBum628DzUsWfq5UA_F6ld7uF148,206250,209062,2812
TheRealBlasiann_UCv7N4IPBum628DzUsWfq5UA_F6ld7uF148_209406_209694.wav,TheRealBlasiann_UCv7N4IPBum628DzUsWfq5UA_F6ld7uF148,209406,209694,288
TheRealBlasiann_UCv7N4IPBum628DzUsWfq5UA_F6ld7uF148_210062_210566.wav,TheRealBlasiann_UCv7N4IPBum628DzUsWfq5UA_F6ld7uF148,210062,210566,504
TheRealBlasiann_UCv7N4IPBum628DzUsWfq5UA_F6ld7uF148_210894_211546.wav,TheRealBlasiann_UCv7N4IPBum628DzUsWfq5UA_F6ld7uF148,210894,211546,652
TheRealBlasiann_UCv7N4IPBum628DzUsWfq5UA_F6ld7uF148_211810_218971.wav,TheRealBlasiann_UCv7N4IPBum628DzUsWfq5UA_F6ld7uF148,211810,218971,7161
TheRealBlasiann_UCv7N4IPBum628DzUsWfq5UA_F6ld7uF148_219179_220220.wav,TheRealBlasiann_UCv7N4IPBum628DzUsWfq5UA_F6ld7uF148,219179,220220,1041
TheRealBlasiann_UCv7N4IPBum628DzUsWfq5UA_F6ld7uF148_221126_223358.wav,TheRealBlasiann_UCv7N4IPBum628DzUsWfq5UA_F6ld7uF148,221126,223358,2232
TheRealBlasiann_UCv7N4IPBum628DzUsWfq5UA_F6ld7uF148_223614_229054.wav,TheRealBlasiann_UCv7N4IPBum628DzUsWfq5UA_F6ld7uF148,223614,229054,5440
TheRealBlasiann_UCv7N4IPBum628DzUsWfq5UA_F6ld7uF148_229334_235478.wav,TheRealBlasiann_UCv7N4IPBum628DzUsWfq5UA_F6ld7uF148,229334,235478,6144
TheRealBlasiann_UCv7N4IPBum628DzUsWfq5UA_F6ld7uF148_235790_236286.wav,TheRealBlasiann_UCv7N4IPBum628DzUsWfq5UA_F6ld7uF148,235790,236286,496
TheRealBlasiann_UCv7N4IPBum628DzUsWfq5UA_F6ld7uF148_236678_243790.wav,TheRealBlasiann_UCv7N4IPBum628DzUsWfq5UA_F6ld7uF148,236678,243790,7112
TheRealBlasiann_UCv7N4IPBum628DzUsWfq5UA_F6ld7uF148_244558_248246.wav,TheRealBlasiann_UCv7N4IPBum628DzUsWfq5UA_F6ld7uF148,244558,248246,3688
TheRealBlasiann_UCv7N4IPBum628DzUsWfq5UA_F6ld7uF148_248390_255302.wav,TheRealBlasiann_UCv7N4IPBum628DzUsWfq5UA_F6ld7uF148,248390,255302,6912
TheRealBlasiann_UCv7N4IPBum628DzUsWfq5UA_F6ld7uF148_255574_257178.wav,TheRealBlasiann_UCv7N4IPBum628DzUsWfq5UA_F6ld7uF148,255574,257178,1604
TheRealBlasiann_UCv7N4IPBum628DzUsWfq5UA_F6ld7uF148_257450_262546.wav,TheRealBlasiann_UCv7N4IPBum628DzUsWfq5UA_F6ld7uF148,257450,262546,5096
TheRealBlasiann_UCv7N4IPBum628DzUsWfq5UA_F6ld7uF148_263074_269230.wav,TheRealBlasiann_UCv7N4IPBum628DzUsWfq5UA_F6ld7uF148,263074,269230,6156
TheRealBlasiann_UCv7N4IPBum628DzUsWfq5UA_F6ld7uF148_269510_274066.wav,TheRealBlasiann_UCv7N4IPBum628DzUsWfq5UA_F6ld7uF148,269510,274066,4556
TheRealBlasiann_UCv7N4IPBum628DzUsWfq5UA_F6ld7uF148_274330_277690.wav,TheRealBlasiann_UCv7N4IPBum628DzUsWfq5UA_F6ld7uF148,274330,277690,3360
TheRealBlasiann_UCv7N4IPBum628DzUsWfq5UA_F6ld7uF148_277882_282794.wav,TheRealBlasiann_UCv7N4IPBum628DzUsWfq5UA_F6ld7uF148,277882,282794,4912
TheRealBlasiann_UCv7N4IPBum628DzUsWfq5UA_F6ld7uF148_283106_283570.wav,TheRealBlasiann_UCv7N4IPBum628DzUsWfq5UA_F6ld7uF148,283106,283570,464
TheRealBlasiann_UCv7N4IPBum628DzUsWfq5UA_F6ld7uF148_283570_286714.wav,TheRealBlasiann_UCv7N4IPBum628DzUsWfq5UA_F6ld7uF148,283570,286714,3144
TheRealBlasiann_UCv7N4IPBum628DzUsWfq5UA_F6ld7uF148_287402_289442.wav,TheRealBlasiann_UCv7N4IPBum628DzUsWfq5UA_F6ld7uF148,287402,289442,2040
TheRealBlasiann_UCv7N4IPBum628DzUsWfq5UA_F6ld7uF148_289738_293842.wav,TheRealBlasiann_UCv7N4IPBum628DzUsWfq5UA_F6ld7uF148,289738,293842,4104
TheRealBlasiann_UCv7N4IPBum628DzUsWfq5UA_F6ld7uF148_294130_295050.wav,TheRealBlasiann_UCv7N4IPBum628DzUsWfq5UA_F6ld7uF148,294130,295050,920
TheRealBlasiann_UCv7N4IPBum628DzUsWfq5UA_F6ld7uF148_296002_297682.wav,TheRealBlasiann_UCv7N4IPBum628DzUsWfq5UA_F6ld7uF148,296002,297682,1680
TheRealBlasiann_UCv7N4IPBum628DzUsWfq5UA_F6ld7uF148_297986_303034.wav,TheRealBlasiann_UCv7N4IPBum628DzUsWfq5UA_F6ld7uF148,297986,303034,5048
TheRealBlasiann_UCv7N4IPBum628DzUsWfq5UA_F6ld7uF148_303570_306962.wav,TheRealBlasiann_UCv7N4IPBum628DzUsWfq5UA_F6ld7uF148,303570,306962,3392
TheRealBlasiann_UCv7N4IPBum628DzUsWfq5UA_F6ld7uF148_307322_311970.wav,TheRealBlasiann_UCv7N4IPBum628DzUsWfq5UA_F6ld7uF148,307322,311970,4648
TheRealBlasiann_UCv7N4IPBum628DzUsWfq5UA_F6ld7uF148_312242_314122.wav,TheRealBlasiann_UCv7N4IPBum628DzUsWfq5UA_F6ld7uF148,312242,314122,1880
TheRealBlasiann_UCv7N4IPBum628DzUsWfq5UA_F6ld7uF148_314418_316350.wav,TheRealBlasiann_UCv7N4IPBum628DzUsWfq5UA_F6ld7uF148,314418,316350,1932
TheRealBlasiann_UCv7N4IPBum628DzUsWfq5UA_F6ld7uF148_316590_319144.wav,TheRealBlasiann_UCv7N4IPBum628DzUsWfq5UA_F6ld7uF148,316590,319144,2554
TheRealBlasiann_UCv7N4IPBum628DzUsWfq5UA_F6ld7uF148_319344_326930.wav,TheRealBlasiann_UCv7N4IPBum628DzUsWfq5UA_F6ld7uF148,319344,326930,7586
TheRealBlasiann_UCv7N4IPBum628DzUsWfq5UA_F6ld7uF148_327418_329002.wav,TheRealBlasiann_UCv7N4IPBum628DzUsWfq5UA_F6ld7uF148,327418,329002,1584
TheRealBlasiann_UCv7N4IPBum628DzUsWfq5UA_F6ld7uF148_329738_330626.wav,TheRealBlasiann_UCv7N4IPBum628DzUsWfq5UA_F6ld7uF148,329738,330626,888
TheRealBlasiann_UCv7N4IPBum628DzUsWfq5UA_F6ld7uF148_330898_336482.wav,TheRealBlasiann_UCv7N4IPBum628DzUsWfq5UA_F6ld7uF148,330898,336482,5584
TheRealBlasiann_UCv7N4IPBum628DzUsWfq5UA_F6ld7uF148_336650_342442.wav,TheRealBlasiann_UCv7N4IPBum628DzUsWfq5UA_F6ld7uF148,336650,342442,5792
TheRealBlasiann_UCv7N4IPBum628DzUsWfq5UA_F6ld7uF148_342586_349514.wav,TheRealBlasiann_UCv7N4IPBum628DzUsWfq5UA_F6ld7uF148,342586,349514,6928
TheRealBlasiann_UCv7N4IPBum628DzUsWfq5UA_F6ld7uF148_349722_351506.wav,TheRealBlasiann_UCv7N4IPBum628DzUsWfq5UA_F6ld7uF148,349722,351506,1784
TheRealBlasiann_UCv7N4IPBum628DzUsWfq5UA_F6ld7uF148_351938_352658.wav,TheRealBlasiann_UCv7N4IPBum628DzUsWfq5UA_F6ld7uF148,351938,352658,720
TheRealBlasiann_UCv7N4IPBum628DzUsWfq5UA_F6ld7uF148_352794_358538.wav,TheRealBlasiann_UCv7N4IPBum628DzUsWfq5UA_F6ld7uF148,352794,358538,5744
TheRealBlasiann_UCv7N4IPBum628DzUsWfq5UA_F6ld7uF148_358682_362306.wav,TheRealBlasiann_UCv7N4IPBum628DzUsWfq5UA_F6ld7uF148,358682,362306,3624
TheRealBlasiann_UCv7N4IPBum628DzUsWfq5UA_F6ld7uF148_362538_363538.wav,TheRealBlasiann_UCv7N4IPBum628DzUsWfq5UA_F6ld7uF148,362538,363538,1000
TheRealBlasiann_UCv7N4IPBum628DzUsWfq5UA_F6ld7uF148_363778_364538.wav,TheRealBlasiann_UCv7N4IPBum628DzUsWfq5UA_F6ld7uF148,363778,364538,760
TheRealBlasiann_UCv7N4IPBum628DzUsWfq5UA_F6ld7uF148_364842_368026.wav,TheRealBlasiann_UCv7N4IPBum628DzUsWfq5UA_F6ld7uF148,364842,368026,3184
TheRealBlasiann_UCv7N4IPBum628DzUsWfq5UA_F6ld7uF148_368314_370340.wav,TheRealBlasiann_UCv7N4IPBum628DzUsWfq5UA_F6ld7uF148,368314,370340,2026
TheRealBlasiann_UCv7N4IPBum628DzUsWfq5UA_F6ld7uF148_370484_378398.wav,TheRealBlasiann_UCv7N4IPBum628DzUsWfq5UA_F6ld7uF148,370484,378398,7914
TheRealBlasiann_UCv7N4IPBum628DzUsWfq5UA_F6ld7uF148_378802_383122.wav,TheRealBlasiann_UCv7N4IPBum628DzUsWfq5UA_F6ld7uF148,378802,383122,4320
TheRealBlasiann_UCv7N4IPBum628DzUsWfq5UA_F6ld7uF148_383450_384154.wav,TheRealBlasiann_UCv7N4IPBum628DzUsWfq5UA_F6ld7uF148,383450,384154,704
TheRealBlasiann_UCv7N4IPBum628DzUsWfq5UA_F6ld7uF148_384474_385986.wav,TheRealBlasiann_UCv7N4IPBum628DzUsWfq5UA_F6ld7uF148,384474,385986,1512
TheRealBlasiann_UCv7N4IPBum628DzUsWfq5UA_F6ld7uF148_386298_390234.wav,TheRealBlasiann_UCv7N4IPBum628DzUsWfq5UA_F6ld7uF148,386298,390234,3936
TheRealBlasiann_UCv7N4IPBum628DzUsWfq5UA_F6ld7uF148_390554_393492.wav,TheRealBlasiann_UCv7N4IPBum628DzUsWfq5UA_F6ld7uF148,390554,393492,2938
TheRealBlasiann_UCv7N4IPBum628DzUsWfq5UA_F6ld7uF148_393732_398948.wav,TheRealBlasiann_UCv7N4IPBum628DzUsWfq5UA_F6ld7uF148,393732,398948,5216
TheRealBlasiann_UCv7N4IPBum628DzUsWfq5UA_F6ld7uF148_399156_404412.wav,TheRealBlasiann_UCv7N4IPBum628DzUsWfq5UA_F6ld7uF148,399156,404412,5256
TheRealBlasiann_UCv7N4IPBum628DzUsWfq5UA_F6ld7uF148_404652_407756.wav,TheRealBlasiann_UCv7N4IPBum628DzUsWfq5UA_F6ld7uF148,404652,407756,3104
TheRealBlasiann_UCv7N4IPBum628DzUsWfq5UA_F6ld7uF148_407972_410054.wav,TheRealBlasiann_UCv7N4IPBum628DzUsWfq5UA_F6ld7uF148,407972,410054,2082
TheRealBlasiann_UCv7N4IPBum628DzUsWfq5UA_F6ld7uF148_410838_412894.wav,TheRealBlasiann_UCv7N4IPBum628DzUsWfq5UA_F6ld7uF148,410838,412894,2056
TheRealBlasiann_UCv7N4IPBum628DzUsWfq5UA_F6ld7uF148_413190_421350.wav,TheRealBlasiann_UCv7N4IPBum628DzUsWfq5UA_F6ld7uF148,413190,421350,8160
TheRealBlasiann_UCv7N4IPBum628DzUsWfq5UA_F6ld7uF148_422054_427066.wav,TheRealBlasiann_UCv7N4IPBum628DzUsWfq5UA_F6ld7uF148,422054,427066,5012
TheRealBlasiann_UCv7N4IPBum628DzUsWfq5UA_F6ld7uF148_427706_427922.wav,TheRealBlasiann_UCv7N4IPBum628DzUsWfq5UA_F6ld7uF148,427706,427922,216
TheRealBlasiann_UCv7N4IPBum628DzUsWfq5UA_F6ld7uF148_427922_430802.wav,TheRealBlasiann_UCv7N4IPBum628DzUsWfq5UA_F6ld7uF148,427922,430802,2880
TheRealBlasiann_UCv7N4IPBum628DzUsWfq5UA_F6ld7uF148_431034_434498.wav,TheRealBlasiann_UCv7N4IPBum628DzUsWfq5UA_F6ld7uF148,431034,434498,3464
TheRealBlasiann_UCv7N4IPBum628DzUsWfq5UA_F6ld7uF148_434634_437682.wav,TheRealBlasiann_UCv7N4IPBum628DzUsWfq5UA_F6ld7uF148,434634,437682,3048
TheRealBlasiann_UCv7N4IPBum628DzUsWfq5UA_F6ld7uF148_437810_439674.wav,TheRealBlasiann_UCv7N4IPBum628DzUsWfq5UA_F6ld7uF148,437810,439674,1864
TheRealBlasiann_UCv7N4IPBum628DzUsWfq5UA_F6ld7uF148_439810_444314.wav,TheRealBlasiann_UCv7N4IPBum628DzUsWfq5UA_F6ld7uF148,439810,444314,4504
TheRealBlasiann_UCv7N4IPBum628DzUsWfq5UA_F6ld7uF148_444562_447906.wav,TheRealBlasiann_UCv7N4IPBum628DzUsWfq5UA_F6ld7uF148,444562,447906,3344
TheRealBlasiann_UCv7N4IPBum628DzUsWfq5UA_F6ld7uF148_448250_449250.wav,TheRealBlasiann_UCv7N4IPBum628DzUsWfq5UA_F6ld7uF148,448250,449250,1000
TheRealBlasiann_UCv7N4IPBum628DzUsWfq5UA_F6ld7uF148_449730_450850.wav,TheRealBlasiann_UCv7N4IPBum628DzUsWfq5UA_F6ld7uF148,449730,450850,1120
TheRealBlasiann_UCv7N4IPBum628DzUsWfq5UA_F6ld7uF148_451226_458050.wav,TheRealBlasiann_UCv7N4IPBum628DzUsWfq5UA_F6ld7uF148,451226,458050,6824
TheRealBlasiann_UCv7N4IPBum628DzUsWfq5UA_F6ld7uF148_458610_459786.wav,TheRealBlasiann_UCv7N4IPBum628DzUsWfq5UA_F6ld7uF148,458610,459786,1176
TheRealBlasiann_UCv7N4IPBum628DzUsWfq5UA_F6ld7uF148_460386_467754.wav,TheRealBlasiann_UCv7N4IPBum628DzUsWfq5UA_F6ld7uF148,460386,467754,7368
TheRealBlasiann_UCv7N4IPBum628DzUsWfq5UA_F6ld7uF148_468082_472786.wav,TheRealBlasiann_UCv7N4IPBum628DzUsWfq5UA_F6ld7uF148,468082,472786,4704
TheRealBlasiann_UCv7N4IPBum628DzUsWfq5UA_F6ld7uF148_473050_475578.wav,TheRealBlasiann_UCv7N4IPBum628DzUsWfq5UA_F6ld7uF148,473050,475578,2528
TheRealBlasiann_UCv7N4IPBum628DzUsWfq5UA_F6ld7uF148_475930_486218.wav,TheRealBlasiann_UCv7N4IPBum628DzUsWfq5UA_F6ld7uF148,475930,486218,10288
TheRealBlasiann_UCv7N4IPBum628DzUsWfq5UA_F6ld7uF148_486498_486798.wav,TheRealBlasiann_UCv7N4IPBum628DzUsWfq5UA_F6ld7uF148,486498,486798,300
TheRealBlasiann_UCv7N4IPBum628DzUsWfq5UA_F6ld7uF148_487142_492138.wav,TheRealBlasiann_UCv7N4IPBum628DzUsWfq5UA_F6ld7uF148,487142,492138,4996
TheRealBlasiann_UCv7N4IPBum628DzUsWfq5UA_F6ld7uF148_492498_500146.wav,TheRealBlasiann_UCv7N4IPBum628DzUsWfq5UA_F6ld7uF148,492498,500146,7648
TheRealBlasiann_UCv7N4IPBum628DzUsWfq5UA_F6ld7uF148_500466_506870.wav,TheRealBlasiann_UCv7N4IPBum628DzUsWfq5UA_F6ld7uF148,500466,506870,6404
TheRealBlasiann_UCv7N4IPBum628DzUsWfq5UA_F6ld7uF148_507158_508886.wav,TheRealBlasiann_UCv7N4IPBum628DzUsWfq5UA_F6ld7uF148,507158,508886,1728
TheRealBlasiann_UCv7N4IPBum628DzUsWfq5UA_F6ld7uF148_509110_515854.wav,TheRealBlasiann_UCv7N4IPBum628DzUsWfq5UA_F6ld7uF148,509110,515854,6744
TheRealBlasiann_UCv7N4IPBum628DzUsWfq5UA_F6ld7uF148_516110_520751.wav,TheRealBlasiann_UCv7N4IPBum628DzUsWfq5UA_F6ld7uF148,516110,520751,4641
TheRealBlasiann_UCv7N4IPBum628DzUsWfq5UA_F6ld7uF148_520903_525944.wav,TheRealBlasiann_UCv7N4IPBum628DzUsWfq5UA_F6ld7uF148,520903,525944,5041
TheRealBlasiann_UCv7N4IPBum628DzUsWfq5UA_F6ld7uF148_526128_528058.wav,TheRealBlasiann_UCv7N4IPBum628DzUsWfq5UA_F6ld7uF148,526128,528058,1930
TheRealBlasiann_UCv7N4IPBum628DzUsWfq5UA_F6ld7uF148_528850_529326.wav,TheRealBlasiann_UCv7N4IPBum628DzUsWfq5UA_F6ld7uF148,528850,529326,476
TheRealBlasiann_UCv7N4IPBum628DzUsWfq5UA_F6ld7uF148_529758_531062.wav,TheRealBlasiann_UCv7N4IPBum628DzUsWfq5UA_F6ld7uF148,529758,531062,1304
TheRealBlasiann_UCv7N4IPBum628DzUsWfq5UA_F6ld7uF148_531374_534198.wav,TheRealBlasiann_UCv7N4IPBum628DzUsWfq5UA_F6ld7uF148,531374,534198,2824
TheRealBlasiann_UCv7N4IPBum628DzUsWfq5UA_F6ld7uF148_534454_538318.wav,TheRealBlasiann_UCv7N4IPBum628DzUsWfq5UA_F6ld7uF148,534454,538318,3864
TheRealBlasiann_UCv7N4IPBum628DzUsWfq5UA_F6ld7uF148_538606_541942.wav,TheRealBlasiann_UCv7N4IPBum628DzUsWfq5UA_F6ld7uF148,538606,541942,3336
TheRealBlasiann_UCv7N4IPBum628DzUsWfq5UA_F6ld7uF148_542438_546136.wav,TheRealBlasiann_UCv7N4IPBum628DzUsWfq5UA_F6ld7uF148,542438,546136,3698
TheRealBlasiann_UCv7N4IPBum628DzUsWfq5UA_F6ld7uF148_546368_550674.wav,TheRealBlasiann_UCv7N4IPBum628DzUsWfq5UA_F6ld7uF148,546368,550674,4306
TheRealBlasiann_UCv7N4IPBum628DzUsWfq5UA_F6ld7uF148_551162_553186.wav,TheRealBlasiann_UCv7N4IPBum628DzUsWfq5UA_F6ld7uF148,551162,553186,2024
TheRealBlasiann_UCv7N4IPBum628DzUsWfq5UA_F6ld7uF148_553506_553978.wav,TheRealBlasiann_UCv7N4IPBum628DzUsWfq5UA_F6ld7uF148,553506,553978,472
TheRealBlasiann_UCv7N4IPBum628DzUsWfq5UA_F6ld7uF148_554354_562650.wav,TheRealBlasiann_UCv7N4IPBum628DzUsWfq5UA_F6ld7uF148,554354,562650,8296
TheRealBlasiann_UCv7N4IPBum628DzUsWfq5UA_F6ld7uF148_562978_563410.wav,TheRealBlasiann_UCv7N4IPBum628DzUsWfq5UA_F6ld7uF148,562978,563410,432
TheRealBlasiann_UCv7N4IPBum628DzUsWfq5UA_F6ld7uF148_563410_568834.wav,TheRealBlasiann_UCv7N4IPBum628DzUsWfq5UA_F6ld7uF148,563410,568834,5424
TheRealBlasiann_UCv7N4IPBum628DzUsWfq5UA_F6ld7uF148_569474_570682.wav,TheRealBlasiann_UCv7N4IPBum628DzUsWfq5UA_F6ld7uF148,569474,570682,1208
TheRealBlasiann_UCv7N4IPBum628DzUsWfq5UA_F6ld7uF148_570938_575186.wav,TheRealBlasiann_UCv7N4IPBum628DzUsWfq5UA_F6ld7uF148,570938,575186,4248
TheRealBlasiann_UCv7N4IPBum628DzUsWfq5UA_F6ld7uF148_575754_579018.wav,TheRealBlasiann_UCv7N4IPBum628DzUsWfq5UA_F6ld7uF148,575754,579018,3264
TheRealBlasiann_UCv7N4IPBum628DzUsWfq5UA_F6ld7uF148_579762_580186.wav,TheRealBlasiann_UCv7N4IPBum628DzUsWfq5UA_F6ld7uF148,579762,580186,424
TheRealBlasiann_UCv7N4IPBum628DzUsWfq5UA_F6ld7uF148_580362_580498.wav,TheRealBlasiann_UCv7N4IPBum628DzUsWfq5UA_F6ld7uF148,580362,580498,136
TheRealBlasiann_UCv7N4IPBum628DzUsWfq5UA_F6ld7uF148_580650_583034.wav,TheRealBlasiann_UCv7N4IPBum628DzUsWfq5UA_F6ld7uF148,580650,583034,2384
TheRealBlasiann_UCv7N4IPBum628DzUsWfq5UA_F6ld7uF148_583186_589458.wav,TheRealBlasiann_UCv7N4IPBum628DzUsWfq5UA_F6ld7uF148,583186,589458,6272
TheRealBlasiann_UCv7N4IPBum628DzUsWfq5UA_F6ld7uF148_589858_595990.wav,TheRealBlasiann_UCv7N4IPBum628DzUsWfq5UA_F6ld7uF148,589858,595990,6132
TheRealBlasiann_UCv7N4IPBum628DzUsWfq5UA_F6ld7uF148_596638_603128.wav,TheRealBlasiann_UCv7N4IPBum628DzUsWfq5UA_F6ld7uF148,596638,603128,6490
TheRealBlasiann_UCv7N4IPBum628DzUsWfq5UA_F6ld7uF148_603312_606090.wav,TheRealBlasiann_UCv7N4IPBum628DzUsWfq5UA_F6ld7uF148,603312,606090,2778
TheRealBlasiann_UCv7N4IPBum628DzUsWfq5UA_F6ld7uF148_606810_612058.wav,TheRealBlasiann_UCv7N4IPBum628DzUsWfq5UA_F6ld7uF148,606810,612058,5248
TheRealBlasiann_UCv7N4IPBum628DzUsWfq5UA_F6ld7uF148_612298_614338.wav,TheRealBlasiann_UCv7N4IPBum628DzUsWfq5UA_F6ld7uF148,612298,614338,2040
TheRealBlasiann_UCv7N4IPBum628DzUsWfq5UA_F6ld7uF148_614706_615058.wav,TheRealBlasiann_UCv7N4IPBum628DzUsWfq5UA_F6ld7uF148,614706,615058,352
TheRealBlasiann_UCv7N4IPBum628DzUsWfq5UA_F6ld7uF148_615682_622490.wav,TheRealBlasiann_UCv7N4IPBum628DzUsWfq5UA_F6ld7uF148,615682,622490,6808
TheRealBlasiann_UCv7N4IPBum628DzUsWfq5UA_F6ld7uF148_622698_627890.wav,TheRealBlasiann_UCv7N4IPBum628DzUsWfq5UA_F6ld7uF148,622698,627890,5192
TheRealBlasiann_UCv7N4IPBum628DzUsWfq5UA_F6ld7uF148_628234_633210.wav,TheRealBlasiann_UCv7N4IPBum628DzUsWfq5UA_F6ld7uF148,628234,633210,4976
TheRealBlasiann_UCv7N4IPBum628DzUsWfq5UA_F6ld7uF148_633722_640202.wav,TheRealBlasiann_UCv7N4IPBum628DzUsWfq5UA_F6ld7uF148,633722,640202,6480
TheRealBlasiann_UCv7N4IPBum628DzUsWfq5UA_F6ld7uF148_640370_641450.wav,TheRealBlasiann_UCv7N4IPBum628DzUsWfq5UA_F6ld7uF148,640370,641450,1080
TheRealBlasiann_UCv7N4IPBum628DzUsWfq5UA_F6ld7uF148_641650_644282.wav,TheRealBlasiann_UCv7N4IPBum628DzUsWfq5UA_F6ld7uF148,641650,644282,2632
TheRealBlasiann_UCv7N4IPBum628DzUsWfq5UA_F6ld7uF148_644594_645258.wav,TheRealBlasiann_UCv7N4IPBum628DzUsWfq5UA_F6ld7uF148,644594,645258,664
TheRealBlasiann_UCv7N4IPBum628DzUsWfq5UA_F6ld7uF148_645562_650062.wav,TheRealBlasiann_UCv7N4IPBum628DzUsWfq5UA_F6ld7uF148,645562,650062,4500
TheRealBlasiann_UCv7N4IPBum628DzUsWfq5UA_F6ld7uF148_650654_650758.wav,TheRealBlasiann_UCv7N4IPBum628DzUsWfq5UA_F6ld7uF148,650654,650758,104
TheRealBlasiann_UCv7N4IPBum628DzUsWfq5UA_F6ld7uF148_650910_652014.wav,TheRealBlasiann_UCv7N4IPBum628DzUsWfq5UA_F6ld7uF148,650910,652014,1104
TheRealBlasiann_UCv7N4IPBum628DzUsWfq5UA_F6ld7uF148_652182_659558.wav,TheRealBlasiann_UCv7N4IPBum628DzUsWfq5UA_F6ld7uF148,652182,659558,7376
TheRealBlasiann_UCv7N4IPBum628DzUsWfq5UA_F6ld7uF148_659806_666950.wav,TheRealBlasiann_UCv7N4IPBum628DzUsWfq5UA_F6ld7uF148,659806,666950,7144
TheRealBlasiann_UCv7N4IPBum628DzUsWfq5UA_F6ld7uF148_667214_672550.wav,TheRealBlasiann_UCv7N4IPBum628DzUsWfq5UA_F6ld7uF148,667214,672550,5336
TheRealBlasiann_UCv7N4IPBum628DzUsWfq5UA_F6ld7uF148_673006_678766.wav,TheRealBlasiann_UCv7N4IPBum628DzUsWfq5UA_F6ld7uF148,673006,678766,5760
TheRealBlasiann_UCv7N4IPBum628DzUsWfq5UA_F6ld7uF148_679030_684030.wav,TheRealBlasiann_UCv7N4IPBum628DzUsWfq5UA_F6ld7uF148,679030,684030,5000
TheRealBlasiann_UCv7N4IPBum628DzUsWfq5UA_F6ld7uF148_684358_684638.wav,TheRealBlasiann_UCv7N4IPBum628DzUsWfq5UA_F6ld7uF148,684358,684638,280
TheRealBlasiann_UCv7N4IPBum628DzUsWfq5UA_F6ld7uF148_684926_690134.wav,TheRealBlasiann_UCv7N4IPBum628DzUsWfq5UA_F6ld7uF148,684926,690134,5208
TheRealBlasiann_UCv7N4IPBum628DzUsWfq5UA_F6ld7uF148_690430_693094.wav,TheRealBlasiann_UCv7N4IPBum628DzUsWfq5UA_F6ld7uF148,690430,693094,2664
TheRealBlasiann_UCv7N4IPBum628DzUsWfq5UA_F6ld7uF148_693798_700134.wav,TheRealBlasiann_UCv7N4IPBum628DzUsWfq5UA_F6ld7uF148,693798,700134,6336
TheRealBlasiann_UCv7N4IPBum628DzUsWfq5UA_F6ld7uF148_700750_710566.wav,TheRealBlasiann_UCv7N4IPBum628DzUsWfq5UA_F6ld7uF148,700750,710566,9816
TheRealBlasiann_UCv7N4IPBum628DzUsWfq5UA_F6ld7uF148_710966_711126.wav,TheRealBlasiann_UCv7N4IPBum628DzUsWfq5UA_F6ld7uF148,710966,711126,160
TheRealBlasiann_UCv7N4IPBum628DzUsWfq5UA_F6ld7uF148_711390_717354.wav,TheRealBlasiann_UCv7N4IPBum628DzUsWfq5UA_F6ld7uF148,711390,717354,5964
TheRealBlasiann_UCv7N4IPBum628DzUsWfq5UA_F6ld7uF148_717602_719662.wav,TheRealBlasiann_UCv7N4IPBum628DzUsWfq5UA_F6ld7uF148,717602,719662,2060
TheRealBlasiann_UCv7N4IPBum628DzUsWfq5UA_F6ld7uF148_720054_721590.wav,TheRealBlasiann_UCv7N4IPBum628DzUsWfq5UA_F6ld7uF148,720054,721590,1536
TheRealBlasiann_UCv7N4IPBum628DzUsWfq5UA_F6ld7uF148_721846_725086.wav,TheRealBlasiann_UCv7N4IPBum628DzUsWfq5UA_F6ld7uF148,721846,725086,3240
TheRealBlasiann_UCv7N4IPBum628DzUsWfq5UA_F6ld7uF148_725254_729542.wav,TheRealBlasiann_UCv7N4IPBum628DzUsWfq5UA_F6ld7uF148,725254,729542,4288
TheRealBlasiann_UCv7N4IPBum628DzUsWfq5UA_F6ld7uF148_729990_732942.wav,TheRealBlasiann_UCv7N4IPBum628DzUsWfq5UA_F6ld7uF148,729990,732942,2952
TheRealBlasiann_UCv7N4IPBum628DzUsWfq5UA_F6ld7uF148_733246_737160.wav,TheRealBlasiann_UCv7N4IPBum628DzUsWfq5UA_F6ld7uF148,733246,737160,3914
TheRealBlasiann_UCv7N4IPBum628DzUsWfq5UA_F6ld7uF148_737424_741176.wav,TheRealBlasiann_UCv7N4IPBum628DzUsWfq5UA_F6ld7uF148,737424,741176,3752
TheRealBlasiann_UCv7N4IPBum628DzUsWfq5UA_F6ld7uF148_741576_747473.wav,TheRealBlasiann_UCv7N4IPBum628DzUsWfq5UA_F6ld7uF148,741576,747473,5897
TheRealBlasiann_UCv7N4IPBum628DzUsWfq5UA_F6ld7uF148_747721_749466.wav,TheRealBlasiann_UCv7N4IPBum628DzUsWfq5UA_F6ld7uF148,747721,749466,1745
TheRealBlasiann_UCv7N4IPBum628DzUsWfq5UA_F6ld7uF148_749738_755970.wav,TheRealBlasiann_UCv7N4IPBum628DzUsWfq5UA_F6ld7uF148,749738,755970,6232
TheRealBlasiann_UCv7N4IPBum628DzUsWfq5UA_F6ld7uF148_756338_758268.wav,TheRealBlasiann_UCv7N4IPBum628DzUsWfq5UA_F6ld7uF148,756338,758268,1930
TheRealBlasiann_UCv7N4IPBum628DzUsWfq5UA_F6ld7uF148_758468_769382.wav,TheRealBlasiann_UCv7N4IPBum628DzUsWfq5UA_F6ld7uF148,758468,769382,10914
TheRealBlasiann_UCv7N4IPBum628DzUsWfq5UA_F6ld7uF148_769590_771170.wav,TheRealBlasiann_UCv7N4IPBum628DzUsWfq5UA_F6ld7uF148,769590,771170,1580
TheRealBlasiann_UCv7N4IPBum628DzUsWfq5UA_F6ld7uF148_772002_776774.wav,TheRealBlasiann_UCv7N4IPBum628DzUsWfq5UA_F6ld7uF148,772002,776774,4772
TheRealBlasiann_UCv7N4IPBum628DzUsWfq5UA_F6ld7uF148_777446_778014.wav,TheRealBlasiann_UCv7N4IPBum628DzUsWfq5UA_F6ld7uF148,777446,778014,568
TheRealBlasiann_UCv7N4IPBum628DzUsWfq5UA_F6ld7uF148_778286_779686.wav,TheRealBlasiann_UCv7N4IPBum628DzUsWfq5UA_F6ld7uF148,778286,779686,1400
TheRealBlasiann_UCv7N4IPBum628DzUsWfq5UA_F6ld7uF148_779990_780110.wav,TheRealBlasiann_UCv7N4IPBum628DzUsWfq5UA_F6ld7uF148,779990,780110,120
TheRealBlasiann_UCv7N4IPBum628DzUsWfq5UA_F6ld7uF148_780502_781320.wav,TheRealBlasiann_UCv7N4IPBum628DzUsWfq5UA_F6ld7uF148,780502,781320,818
TheRealBlasiann_UCv7N4IPBum628DzUsWfq5UA_F6ld7uF148_781528_786784.wav,TheRealBlasiann_UCv7N4IPBum628DzUsWfq5UA_F6ld7uF148,781528,786784,5256
TheRealBlasiann_UCv7N4IPBum628DzUsWfq5UA_F6ld7uF148_787024_789978.wav,TheRealBlasiann_UCv7N4IPBum628DzUsWfq5UA_F6ld7uF148,787024,789978,2954
TheRealBlasiann_UCv7N4IPBum628DzUsWfq5UA_F6ld7uF148_791946_799108.wav,TheRealBlasiann_UCv7N4IPBum628DzUsWfq5UA_F6ld7uF148,791946,799108,7162
TheRealBlasiann_UCv7N4IPBum628DzUsWfq5UA_F6ld7uF148_799364_802828.wav,TheRealBlasiann_UCv7N4IPBum628DzUsWfq5UA_F6ld7uF148,799364,802828,3464
TheRealBlasiann_UCv7N4IPBum628DzUsWfq5UA_F6ld7uF148_803068_805606.wav,TheRealBlasiann_UCv7N4IPBum628DzUsWfq5UA_F6ld7uF148,803068,805606,2538
TheRealBlasiann_UCv7N4IPBum628DzUsWfq5UA_F6ld7uF148_805822_806298.wav,TheRealBlasiann_UCv7N4IPBum628DzUsWfq5UA_F6ld7uF148,805822,806298,476
TheRealBlasiann_UCv7N4IPBum628DzUsWfq5UA_F6ld7uF148_806810_806954.wav,TheRealBlasiann_UCv7N4IPBum628DzUsWfq5UA_F6ld7uF148,806810,806954,144
TheRealBlasiann_UCv7N4IPBum628DzUsWfq5UA_F6ld7uF148_807234_807694.wav,TheRealBlasiann_UCv7N4IPBum628DzUsWfq5UA_F6ld7uF148,807234,807694,460
TheRealBlasiann_UCv7N4IPBum628DzUsWfq5UA_F6ld7uF148_807694_808022.wav,TheRealBlasiann_UCv7N4IPBum628DzUsWfq5UA_F6ld7uF148,807694,808022,328
TheRealBlasiann_UCv7N4IPBum628DzUsWfq5UA_F6ld7uF148_808254_812302.wav,TheRealBlasiann_UCv7N4IPBum628DzUsWfq5UA_F6ld7uF148,808254,812302,4048
TheRealBlasiann_UCv7N4IPBum628DzUsWfq5UA_F6ld7uF148_812430_818238.wav,TheRealBlasiann_UCv7N4IPBum628DzUsWfq5UA_F6ld7uF148,812430,818238,5808
TheRealBlasiann_UCv7N4IPBum628DzUsWfq5UA_F6ld7uF148_818382_824150.wav,TheRealBlasiann_UCv7N4IPBum628DzUsWfq5UA_F6ld7uF148,818382,824150,5768
TheRealBlasiann_UCv7N4IPBum628DzUsWfq5UA_F6ld7uF148_824582_825414.wav,TheRealBlasiann_UCv7N4IPBum628DzUsWfq5UA_F6ld7uF148,824582,825414,832
TheRealBlasiann_UCv7N4IPBum628DzUsWfq5UA_F6ld7uF148_825670_825814.wav,TheRealBlasiann_UCv7N4IPBum628DzUsWfq5UA_F6ld7uF148,825670,825814,144
TheRealBlasiann_UCv7N4IPBum628DzUsWfq5UA_F6ld7uF148_826246_831666.wav,TheRealBlasiann_UCv7N4IPBum628DzUsWfq5UA_F6ld7uF148,826246,831666,5420
TheRealBlasiann_UCv7N4IPBum628DzUsWfq5UA_F6ld7uF148_831930_835410.wav,TheRealBlasiann_UCv7N4IPBum628DzUsWfq5UA_F6ld7uF148,831930,835410,3480
TheRealBlasiann_UCv7N4IPBum628DzUsWfq5UA_F6ld7uF148_835578_837450.wav,TheRealBlasiann_UCv7N4IPBum628DzUsWfq5UA_F6ld7uF148,835578,837450,1872
TheRealBlasiann_UCv7N4IPBum628DzUsWfq5UA_F6ld7uF148_837650_840626.wav,TheRealBlasiann_UCv7N4IPBum628DzUsWfq5UA_F6ld7uF148,837650,840626,2976
TheRealBlasiann_UCv7N4IPBum628DzUsWfq5UA_F6ld7uF148_840778_842458.wav,TheRealBlasiann_UCv7N4IPBum628DzUsWfq5UA_F6ld7uF148,840778,842458,1680
TheRealBlasiann_UCv7N4IPBum628DzUsWfq5UA_F6ld7uF148_842610_845458.wav,TheRealBlasiann_UCv7N4IPBum628DzUsWfq5UA_F6ld7uF148,842610,845458,2848
TheRealBlasiann_UCv7N4IPBum628DzUsWfq5UA_F6ld7uF148_845882_853082.wav,TheRealBlasiann_UCv7N4IPBum628DzUsWfq5UA_F6ld7uF148,845882,853082,7200
TheRealBlasiann_UCv7N4IPBum628DzUsWfq5UA_F6ld7uF148_853362_860786.wav,TheRealBlasiann_UCv7N4IPBum628DzUsWfq5UA_F6ld7uF148,853362,860786,7424
TheRealBlasiann_UCv7N4IPBum628DzUsWfq5UA_F6ld7uF148_861882_866474.wav,TheRealBlasiann_UCv7N4IPBum628DzUsWfq5UA_F6ld7uF148,861882,866474,4592
TheRealBlasiann_UCv7N4IPBum628DzUsWfq5UA_F6ld7uF148_866922_871542.wav,TheRealBlasiann_UCv7N4IPBum628DzUsWfq5UA_F6ld7uF148,866922,871542,4620
TheRealBlasiann_UCv7N4IPBum628DzUsWfq5UA_F6ld7uF148_871806_879262.wav,TheRealBlasiann_UCv7N4IPBum628DzUsWfq5UA_F6ld7uF148,871806,879262,7456
TheRealBlasiann_UCv7N4IPBum628DzUsWfq5UA_F6ld7uF148_879526_884298.wav,TheRealBlasiann_UCv7N4IPBum628DzUsWfq5UA_F6ld7uF148,879526,884298,4772
TheRealBlasiann_UCv7N4IPBum628DzUsWfq5UA_F6ld7uF148_884610_886106.wav,TheRealBlasiann_UCv7N4IPBum628DzUsWfq5UA_F6ld7uF148,884610,886106,1496
TheRealBlasiann_UCv7N4IPBum628DzUsWfq5UA_F6ld7uF148_886450_886930.wav,TheRealBlasiann_UCv7N4IPBum628DzUsWfq5UA_F6ld7uF148,886450,886930,480
TheRealBlasiann_UCv7N4IPBum628DzUsWfq5UA_F6ld7uF148_886930_891410.wav,TheRealBlasiann_UCv7N4IPBum628DzUsWfq5UA_F6ld7uF148,886930,891410,4480
TheRealBlasiann_UCv7N4IPBum628DzUsWfq5UA_F6ld7uF148_891874_893092.wav,TheRealBlasiann_UCv7N4IPBum628DzUsWfq5UA_F6ld7uF148,891874,893092,1218
TheRealBlasiann_UCv7N4IPBum628DzUsWfq5UA_F6ld7uF148_893348_898604.wav,TheRealBlasiann_UCv7N4IPBum628DzUsWfq5UA_F6ld7uF148,893348,898604,5256
TheRealBlasiann_UCv7N4IPBum628DzUsWfq5UA_F6ld7uF148_898812_900310.wav,TheRealBlasiann_UCv7N4IPBum628DzUsWfq5UA_F6ld7uF148,898812,900310,1498
TheRealBlasiann_UCv7N4IPBum628DzUsWfq5UA_F6ld7uF148_900550_900690.wav,TheRealBlasiann_UCv7N4IPBum628DzUsWfq5UA_F6ld7uF148,900550,900690,140
TheRealBlasiann_UCv7N4IPBum628DzUsWfq5UA_F6ld7uF148_901026_902902.wav,TheRealBlasiann_UCv7N4IPBum628DzUsWfq5UA_F6ld7uF148,901026,902902,1876
TheRealBlasiann_UCv7N4IPBum628DzUsWfq5UA_F6ld7uF148_903054_903168.wav,TheRealBlasiann_UCv7N4IPBum628DzUsWfq5UA_F6ld7uF148,903054,903168,114
TheRealBlasiann_UCv7N4IPBum628DzUsWfq5UA_F6ld7uF148_903312_904648.wav,TheRealBlasiann_UCv7N4IPBum628DzUsWfq5UA_F6ld7uF148,903312,904648,1336
TheRealBlasiann_UCv7N4IPBum628DzUsWfq5UA_F6ld7uF148_904776_905656.wav,TheRealBlasiann_UCv7N4IPBum628DzUsWfq5UA_F6ld7uF148,904776,905656,880
TheRealBlasiann_UCv7N4IPBum628DzUsWfq5UA_F6ld7uF148_905784_911953.wav,TheRealBlasiann_UCv7N4IPBum628DzUsWfq5UA_F6ld7uF148,905784,911953,6169
TheRealBlasiann_UCv7N4IPBum628DzUsWfq5UA_F6ld7uF148_912073_915129.wav,TheRealBlasiann_UCv7N4IPBum628DzUsWfq5UA_F6ld7uF148,912073,915129,3056
TheRealBlasiann_UCv7N4IPBum628DzUsWfq5UA_F6ld7uF148_915249_916129.wav,TheRealBlasiann_UCv7N4IPBum628DzUsWfq5UA_F6ld7uF148,915249,916129,880
TheRealBlasiann_UCv7N4IPBum628DzUsWfq5UA_F6ld7uF148_916241_923769.wav,TheRealBlasiann_UCv7N4IPBum628DzUsWfq5UA_F6ld7uF148,916241,923769,7528
TheRealBlasiann_UCv7N4IPBum628DzUsWfq5UA_F6ld7uF148_923873_927897.wav,TheRealBlasiann_UCv7N4IPBum628DzUsWfq5UA_F6ld7uF148,923873,927897,4024
TheRealBlasiann_UCv7N4IPBum628DzUsWfq5UA_F6ld7uF148_928538_931858.wav,TheRealBlasiann_UCv7N4IPBum628DzUsWfq5UA_F6ld7uF148,928538,931858,3320
TheRealBlasiann_UCv7N4IPBum628DzUsWfq5UA_F6ld7uF148_932226_945986.wav,TheRealBlasiann_UCv7N4IPBum628DzUsWfq5UA_F6ld7uF148,932226,945986,13760
TheRealBlasiann_UCv7N4IPBum628DzUsWfq5UA_F6ld7uF148_946538_949226.wav,TheRealBlasiann_UCv7N4IPBum628DzUsWfq5UA_F6ld7uF148,946538,949226,2688
TheRealBlasiann_UCv7N4IPBum628DzUsWfq5UA_F6ld7uF148_949482_955646.wav,TheRealBlasiann_UCv7N4IPBum628DzUsWfq5UA_F6ld7uF148,949482,955646,6164
TheRealBlasiann_UCv7N4IPBum628DzUsWfq5UA_F6ld7uF148_955798_957494.wav,TheRealBlasiann_UCv7N4IPBum628DzUsWfq5UA_F6ld7uF148,955798,957494,1696
TheRealBlasiann_UCv7N4IPBum628DzUsWfq5UA_F6ld7uF148_957654_960056.wav,TheRealBlasiann_UCv7N4IPBum628DzUsWfq5UA_F6ld7uF148,957654,960056,2402
TheRealBlasiann_UCv7N4IPBum628DzUsWfq5UA_F6ld7uF148_960200_968016.wav,TheRealBlasiann_UCv7N4IPBum628DzUsWfq5UA_F6ld7uF148,960200,968016,7816
TheRealBlasiann_UCv7N4IPBum628DzUsWfq5UA_F6ld7uF148_968144_975170.wav,TheRealBlasiann_UCv7N4IPBum628DzUsWfq5UA_F6ld7uF148,968144,975170,7026
TheRealBlasiann_UCv7N4IPBum628DzUsWfq5UA_F6ld7uF148_975530_978258.wav,TheRealBlasiann_UCv7N4IPBum628DzUsWfq5UA_F6ld7uF148,975530,978258,2728
TheRealBlasiann_UCv7N4IPBum628DzUsWfq5UA_F6ld7uF148_978754_980470.wav,TheRealBlasiann_UCv7N4IPBum628DzUsWfq5UA_F6ld7uF148,978754,980470,1716
TheRealBlasiann_UCv7N4IPBum628DzUsWfq5UA_F6ld7uF148_981062_987730.wav,TheRealBlasiann_UCv7N4IPBum628DzUsWfq5UA_F6ld7uF148,981062,987730,6668
TheRealBlasiann_UCv7N4IPBum628DzUsWfq5UA_F6ld7uF148_987986_988572.wav,TheRealBlasiann_UCv7N4IPBum628DzUsWfq5UA_F6ld7uF148,987986,988572,586
TheRealBlasiann_UCv7N4IPBum628DzUsWfq5UA_F6ld7uF148_988572_994720.wav,TheRealBlasiann_UCv7N4IPBum628DzUsWfq5UA_F6ld7uF148,988572,994720,6148
TheRealBlasiann_UCv7N4IPBum628DzUsWfq5UA_F6ld7uF148_994928_1000196.wav,TheRealBlasiann_UCv7N4IPBum628DzUsWfq5UA_F6ld7uF148,994928,1000196,5268
TheRealBlasiann_UCv7N4IPBum628DzUsWfq5UA_F6ld7uF148_1000460_1004446.wav,TheRealBlasiann_UCv7N4IPBum628DzUsWfq5UA_F6ld7uF148,1000460,1004446,3986
TheRealBlasiann_UCv7N4IPBum628DzUsWfq5UA_F6ld7uF148_1004974_1005687.wav,TheRealBlasiann_UCv7N4IPBum628DzUsWfq5UA_F6ld7uF148,1004974,1005687,713
TheRealBlasiann_UCv7N4IPBum628DzUsWfq5UA_F6ld7uF148_1005879_1007447.wav,TheRealBlasiann_UCv7N4IPBum628DzUsWfq5UA_F6ld7uF148,1005879,1007447,1568
TheRealBlasiann_UCv7N4IPBum628DzUsWfq5UA_F6ld7uF148_1007599_1012039.wav,TheRealBlasiann_UCv7N4IPBum628DzUsWfq5UA_F6ld7uF148,1007599,1012039,4440
TheRealBlasiann_UCv7N4IPBum628DzUsWfq5UA_F6ld7uF148_1012215_1015288.wav,TheRealBlasiann_UCv7N4IPBum628DzUsWfq5UA_F6ld7uF148,1012215,1015288,3073
TheRealBlasiann_UCv7N4IPBum628DzUsWfq5UA_F6ld7uF148_1016130_1018946.wav,TheRealBlasiann_UCv7N4IPBum628DzUsWfq5UA_F6ld7uF148,1016130,1018946,2816
TheRealBlasiann_UCv7N4IPBum628DzUsWfq5UA_F6ld7uF148_1019402_1028342.wav,TheRealBlasiann_UCv7N4IPBum628DzUsWfq5UA_F6ld7uF148,1019402,1028342,8940
TheRealBlasiann_UCv7N4IPBum628DzUsWfq5UA_F6ld7uF148_1028854_1029326.wav,TheRealBlasiann_UCv7N4IPBum628DzUsWfq5UA_F6ld7uF148,1028854,1029326,472
TheRealBlasiann_UCv7N4IPBum628DzUsWfq5UA_F6ld7uF148_1029670_1035678.wav,TheRealBlasiann_UCv7N4IPBum628DzUsWfq5UA_F6ld7uF148,1029670,1035678,6008
TheRealBlasiann_UCv7N4IPBum628DzUsWfq5UA_F6ld7uF148_1036070_1037498.wav,TheRealBlasiann_UCv7N4IPBum628DzUsWfq5UA_F6ld7uF148,1036070,1037498,1428
TheRealBlasiann_UCv7N4IPBum628DzUsWfq5UA_F6ld7uF148_1037834_1041122.wav,TheRealBlasiann_UCv7N4IPBum628DzUsWfq5UA_F6ld7uF148,1037834,1041122,3288
TheRealBlasiann_UCv7N4IPBum628DzUsWfq5UA_F6ld7uF148_1041378_1042498.wav,TheRealBlasiann_UCv7N4IPBum628DzUsWfq5UA_F6ld7uF148,1041378,1042498,1120
TheRealBlasiann_UCv7N4IPBum628DzUsWfq5UA_F6ld7uF148_1043450_1047822.wav,TheRealBlasiann_UCv7N4IPBum628DzUsWfq5UA_F6ld7uF148,1043450,1047822,4372
TheRealBlasiann_UCv7N4IPBum628DzUsWfq5UA_F6ld7uF148_1047990_1057802.wav,TheRealBlasiann_UCv7N4IPBum628DzUsWfq5UA_F6ld7uF148,1047990,1057802,9812
TheRealBlasiann_UCv7N4IPBum628DzUsWfq5UA_F6ld7uF148_1058186_1062234.wav,TheRealBlasiann_UCv7N4IPBum628DzUsWfq5UA_F6ld7uF148,1058186,1062234,4048
TheRealBlasiann_UCv7N4IPBum628DzUsWfq5UA_F6ld7uF148_1062610_1067690.wav,TheRealBlasiann_UCv7N4IPBum628DzUsWfq5UA_F6ld7uF148,1062610,1067690,5080
TheRealBlasiann_UCv7N4IPBum628DzUsWfq5UA_F6ld7uF148_1068170_1071386.wav,TheRealBlasiann_UCv7N4IPBum628DzUsWfq5UA_F6ld7uF148,1068170,1071386,3216
TheRealBlasiann_UCv7N4IPBum628DzUsWfq5UA_F6ld7uF148_1071866_1078082.wav,TheRealBlasiann_UCv7N4IPBum628DzUsWfq5UA_F6ld7uF148,1071866,1078082,6216
TheRealBlasiann_UCv7N4IPBum628DzUsWfq5UA_F6ld7uF148_1078386_1078590.wav,TheRealBlasiann_UCv7N4IPBum628DzUsWfq5UA_F6ld7uF148,1078386,1078590,204
TheRealBlasiann_UCv7N4IPBum628DzUsWfq5UA_F6ld7uF148_1078750_1080414.wav,TheRealBlasiann_UCv7N4IPBum628DzUsWfq5UA_F6ld7uF148,1078750,1080414,1664
TheRealBlasiann_UCv7N4IPBum628DzUsWfq5UA_F6ld7uF148_1080574_1087488.wav,TheRealBlasiann_UCv7N4IPBum628DzUsWfq5UA_F6ld7uF148,1080574,1087488,6914
TheRealBlasiann_UCv7N4IPBum628DzUsWfq5UA_F6ld7uF148_1087880_1089178.wav,TheRealBlasiann_UCv7N4IPBum628DzUsWfq5UA_F6ld7uF148,1087880,1089178,1298
TheRealBlasiann_UCv7N4IPBum628DzUsWfq5UA_F6ld7uF148_1089386_1093186.wav,TheRealBlasiann_UCv7N4IPBum628DzUsWfq5UA_F6ld7uF148,1089386,1093186,3800
TheRealBlasiann_UCv7N4IPBum628DzUsWfq5UA_F6ld7uF148_1093546_1095106.wav,TheRealBlasiann_UCv7N4IPBum628DzUsWfq5UA_F6ld7uF148,1093546,1095106,1560
TheRealBlasiann_UCv7N4IPBum628DzUsWfq5UA_F6ld7uF148_1095386_1095862.wav,TheRealBlasiann_UCv7N4IPBum628DzUsWfq5UA_F6ld7uF148,1095386,1095862,476
TheRealBlasiann_UCv7N4IPBum628DzUsWfq5UA_F6ld7uF148_1095862_1096046.wav,TheRealBlasiann_UCv7N4IPBum628DzUsWfq5UA_F6ld7uF148,1095862,1096046,184
TheRealBlasiann_UCv7N4IPBum628DzUsWfq5UA_F6ld7uF148_1096534_1101266.wav,TheRealBlasiann_UCv7N4IPBum628DzUsWfq5UA_F6ld7uF148,1096534,1101266,4732
TheRealBlasiann_UCv7N4IPBum628DzUsWfq5UA_F6ld7uF148_1101658_1103622.wav,TheRealBlasiann_UCv7N4IPBum628DzUsWfq5UA_F6ld7uF148,1101658,1103622,1964
TheRealBlasiann_UCv7N4IPBum628DzUsWfq5UA_F6ld7uF148_1103886_1108890.wav,TheRealBlasiann_UCv7N4IPBum628DzUsWfq5UA_F6ld7uF148,1103886,1108890,5004
TheRealBlasiann_UCv7N4IPBum628DzUsWfq5UA_F6ld7uF148_1109226_1110990.wav,TheRealBlasiann_UCv7N4IPBum628DzUsWfq5UA_F6ld7uF148,1109226,1110990,1764
TheRealBlasiann_UCv7N4IPBum628DzUsWfq5UA_F6ld7uF148_1111350_1113030.wav,TheRealBlasiann_UCv7N4IPBum628DzUsWfq5UA_F6ld7uF148,1111350,1113030,1680
TheRealBlasiann_UCv7N4IPBum628DzUsWfq5UA_F6ld7uF148_1114298_1118914.wav,TheRealBlasiann_UCv7N4IPBum628DzUsWfq5UA_F6ld7uF148,1114298,1118914,4616
TheRealBlasiann_UCv7N4IPBum628DzUsWfq5UA_F6ld7uF148_1119402_1123918.wav,TheRealBlasiann_UCv7N4IPBum628DzUsWfq5UA_F6ld7uF148,1119402,1123918,4516
TheRealBlasiann_UCv7N4IPBum628DzUsWfq5UA_F6ld7uF148_1124070_1129738.wav,TheRealBlasiann_UCv7N4IPBum628DzUsWfq5UA_F6ld7uF148,1124070,1129738,5668
TheRealBlasiann_UCv7N4IPBum628DzUsWfq5UA_F6ld7uF148_1130090_1132746.wav,TheRealBlasiann_UCv7N4IPBum628DzUsWfq5UA_F6ld7uF148,1130090,1132746,2656
TheRealBlasiann_UCv7N4IPBum628DzUsWfq5UA_F6ld7uF148_1133266_1135098.wav,TheRealBlasiann_UCv7N4IPBum628DzUsWfq5UA_F6ld7uF148,1133266,1135098,1832
TheRealBlasiann_UCv7N4IPBum628DzUsWfq5UA_F6ld7uF148_1135306_1141354.wav,TheRealBlasiann_UCv7N4IPBum628DzUsWfq5UA_F6ld7uF148,1135306,1141354,6048
TheRealBlasiann_UCv7N4IPBum628DzUsWfq5UA_F6ld7uF148_1142186_1142746.wav,TheRealBlasiann_UCv7N4IPBum628DzUsWfq5UA_F6ld7uF148,1142186,1142746,560
TheRealBlasiann_UCv7N4IPBum628DzUsWfq5UA_F6ld7uF148_1143570_1143890.wav,TheRealBlasiann_UCv7N4IPBum628DzUsWfq5UA_F6ld7uF148,1143570,1143890,320
TheRealBlasiann_UCv7N4IPBum628DzUsWfq5UA_F6ld7uF148_1144186_1148306.wav,TheRealBlasiann_UCv7N4IPBum628DzUsWfq5UA_F6ld7uF148,1144186,1148306,4120
TheRealBlasiann_UCv7N4IPBum628DzUsWfq5UA_F6ld7uF148_1148658_1152042.wav,TheRealBlasiann_UCv7N4IPBum628DzUsWfq5UA_F6ld7uF148,1148658,1152042,3384
TheRealBlasiann_UCv7N4IPBum628DzUsWfq5UA_F6ld7uF148_1152250_1152458.wav,TheRealBlasiann_UCv7N4IPBum628DzUsWfq5UA_F6ld7uF148,1152250,1152458,208
TheRealBlasiann_UCv7N4IPBum628DzUsWfq5UA_F6ld7uF148_1152458_1158402.wav,TheRealBlasiann_UCv7N4IPBum628DzUsWfq5UA_F6ld7uF148,1152458,1158402,5944
TheRealBlasiann_UCv7N4IPBum628DzUsWfq5UA_F6ld7uF148_1158618_1162930.wav,TheRealBlasiann_UCv7N4IPBum628DzUsWfq5UA_F6ld7uF148,1158618,1162930,4312
TheRealBlasiann_UCv7N4IPBum628DzUsWfq5UA_F6ld7uF148_1163154_1163426.wav,TheRealBlasiann_UCv7N4IPBum628DzUsWfq5UA_F6ld7uF148,1163154,1163426,272
TheRealBlasiann_UCv7N4IPBum628DzUsWfq5UA_F6ld7uF148_1164282_1165066.wav,TheRealBlasiann_UCv7N4IPBum628DzUsWfq5UA_F6ld7uF148,1164282,1165066,784
TheRealBlasiann_UCv7N4IPBum628DzUsWfq5UA_F6ld7uF148_1166082_1168834.wav,TheRealBlasiann_UCv7N4IPBum628DzUsWfq5UA_F6ld7uF148,1166082,1168834,2752
TheRealBlasiann_UCv7N4IPBum628DzUsWfq5UA_F6ld7uF148_1169418_1170282.wav,TheRealBlasiann_UCv7N4IPBum628DzUsWfq5UA_F6ld7uF148,1169418,1170282,864
TheRealBlasiann_UCv7N4IPBum628DzUsWfq5UA_F6ld7uF148_1170650_1172074.wav,TheRealBlasiann_UCv7N4IPBum628DzUsWfq5UA_F6ld7uF148,1170650,1172074,1424
TheRealBlasiann_UCv7N4IPBum628DzUsWfq5UA_F6ld7uF148_1172690_1173922.wav,TheRealBlasiann_UCv7N4IPBum628DzUsWfq5UA_F6ld7uF148,1172690,1173922,1232
TheRealBlasiann_UCv7N4IPBum628DzUsWfq5UA_F6ld7uF148_1174546_1176074.wav,TheRealBlasiann_UCv7N4IPBum628DzUsWfq5UA_F6ld7uF148,1174546,1176074,1528
TheRealBlasiann_UCv7N4IPBum628DzUsWfq5UA_F6ld7uF148_1176250_1183874.wav,TheRealBlasiann_UCv7N4IPBum628DzUsWfq5UA_F6ld7uF148,1176250,1183874,7624
TheRealBlasiann_UCv7N4IPBum628DzUsWfq5UA_F6ld7uF148_1184570_1184986.wav,TheRealBlasiann_UCv7N4IPBum628DzUsWfq5UA_F6ld7uF148,1184570,1184986,416
TheRealBlasiann_UCv7N4IPBum628DzUsWfq5UA_F6ld7uF148_1185474_1186802.wav,TheRealBlasiann_UCv7N4IPBum628DzUsWfq5UA_F6ld7uF148,1185474,1186802,1328
TheRealBlasiann_UCv7N4IPBum628DzUsWfq5UA_F6ld7uF148_1186994_1194906.wav,TheRealBlasiann_UCv7N4IPBum628DzUsWfq5UA_F6ld7uF148,1186994,1194906,7912
TheRealBlasiann_UCv7N4IPBum628DzUsWfq5UA_F6ld7uF148_1195170_1196202.wav,TheRealBlasiann_UCv7N4IPBum628DzUsWfq5UA_F6ld7uF148,1195170,1196202,1032
TheRealBlasiann_UCv7N4IPBum628DzUsWfq5UA_F6ld7uF148_1196898_1199922.wav,TheRealBlasiann_UCv7N4IPBum628DzUsWfq5UA_F6ld7uF148,1196898,1199922,3024
TheRealBlasiann_UCv7N4IPBum628DzUsWfq5UA_F6ld7uF148_1200250_1200378.wav,TheRealBlasiann_UCv7N4IPBum628DzUsWfq5UA_F6ld7uF148,1200250,1200378,128
TheRealBlasiann_UCv7N4IPBum628DzUsWfq5UA_F6ld7uF148_1200706_1201182.wav,TheRealBlasiann_UCv7N4IPBum628DzUsWfq5UA_F6ld7uF148,1200706,1201182,476
TheRealBlasiann_UCv7N4IPBum628DzUsWfq5UA_F6ld7uF148_1201182_1201374.wav,TheRealBlasiann_UCv7N4IPBum628DzUsWfq5UA_F6ld7uF148,1201182,1201374,192
TheRealBlasiann_UCv7N4IPBum628DzUsWfq5UA_F6ld7uF148_1201870_1208174.wav,TheRealBlasiann_UCv7N4IPBum628DzUsWfq5UA_F6ld7uF148,1201870,1208174,6304
TheRealBlasiann_UCv7N4IPBum628DzUsWfq5UA_F6ld7uF148_1208470_1216728.wav,TheRealBlasiann_UCv7N4IPBum628DzUsWfq5UA_F6ld7uF148,1208470,1216728,8258
TheRealBlasiann_UCv7N4IPBum628DzUsWfq5UA_F6ld7uF148_1216880_1217666.wav,TheRealBlasiann_UCv7N4IPBum628DzUsWfq5UA_F6ld7uF148,1216880,1217666,786
TheRealBlasiann_UCv7N4IPBum628DzUsWfq5UA_F6ld7uF148_1217874_1218434.wav,TheRealBlasiann_UCv7N4IPBum628DzUsWfq5UA_F6ld7uF148,1217874,1218434,560
TheRealBlasiann_UCv7N4IPBum628DzUsWfq5UA_F6ld7uF148_1218658_1222742.wav,TheRealBlasiann_UCv7N4IPBum628DzUsWfq5UA_F6ld7uF148,1218658,1222742,4084
TheRealBlasiann_UCv7N4IPBum628DzUsWfq5UA_F6ld7uF148_1223286_1225770.wav,TheRealBlasiann_UCv7N4IPBum628DzUsWfq5UA_F6ld7uF148,1223286,1225770,2484
TheRealBlasiann_UCv7N4IPBum628DzUsWfq5UA_F6ld7uF148_1226538_1228650.wav,TheRealBlasiann_UCv7N4IPBum628DzUsWfq5UA_F6ld7uF148,1226538,1228650,2112
TheRealBlasiann_UCv7N4IPBum628DzUsWfq5UA_F6ld7uF148_1228882_1234726.wav,TheRealBlasiann_UCv7N4IPBum628DzUsWfq5UA_F6ld7uF148,1228882,1234726,5844
TheRealBlasiann_UCv7N4IPBum628DzUsWfq5UA_F6ld7uF148_1235166_1249983.wav,TheRealBlasiann_UCv7N4IPBum628DzUsWfq5UA_F6ld7uF148,1235166,1249983,14817
TheRealBlasiann_UCv7N4IPBum628DzUsWfq5UA_F6ld7uF148_1250151_1250952.wav,TheRealBlasiann_UCv7N4IPBum628DzUsWfq5UA_F6ld7uF148,1250151,1250952,801
TheRealBlasiann_UCv7N4IPBum628DzUsWfq5UA_F6ld7uF148_1251488_1257520.wav,TheRealBlasiann_UCv7N4IPBum628DzUsWfq5UA_F6ld7uF148,1251488,1257520,6032
TheRealBlasiann_UCv7N4IPBum628DzUsWfq5UA_F6ld7uF148_1257656_1261712.wav,TheRealBlasiann_UCv7N4IPBum628DzUsWfq5UA_F6ld7uF148,1257656,1261712,4056
TheRealBlasiann_UCv7N4IPBum628DzUsWfq5UA_F6ld7uF148_1261864_1264785.wav,TheRealBlasiann_UCv7N4IPBum628DzUsWfq5UA_F6ld7uF148,1261864,1264785,2921
TheRealBlasiann_UCv7N4IPBum628DzUsWfq5UA_F6ld7uF148_1264945_1269618.wav,TheRealBlasiann_UCv7N4IPBum628DzUsWfq5UA_F6ld7uF148,1264945,1269618,4673
TheRealBlasiann_UCv7N4IPBum628DzUsWfq5UA_F6ld7uF148_1269842_1273314.wav,TheRealBlasiann_UCv7N4IPBum628DzUsWfq5UA_F6ld7uF148,1269842,1273314,3472
TheRealBlasiann_UCv7N4IPBum628DzUsWfq5UA_F6ld7uF148_1273522_1274122.wav,TheRealBlasiann_UCv7N4IPBum628DzUsWfq5UA_F6ld7uF148,1273522,1274122,600
TheRealBlasiann_UCv7N4IPBum628DzUsWfq5UA_F6ld7uF148_1274514_1278010.wav,TheRealBlasiann_UCv7N4IPBum628DzUsWfq5UA_F6ld7uF148,1274514,1278010,3496
TheRealBlasiann_UCv7N4IPBum628DzUsWfq5UA_F6ld7uF148_1278314_1280362.wav,TheRealBlasiann_UCv7N4IPBum628DzUsWfq5UA_F6ld7uF148,1278314,1280362,2048
TheRealBlasiann_UCv7N4IPBum628DzUsWfq5UA_F6ld7uF148_1280906_1281258.wav,TheRealBlasiann_UCv7N4IPBum628DzUsWfq5UA_F6ld7uF148,1280906,1281258,352
TheRealBlasiann_UCv7N4IPBum628DzUsWfq5UA_F6ld7uF148_1281578_1282554.wav,TheRealBlasiann_UCv7N4IPBum628DzUsWfq5UA_F6ld7uF148,1281578,1282554,976
TheRealBlasiann_UCv7N4IPBum628DzUsWfq5UA_F6ld7uF148_1284306_1284634.wav,TheRealBlasiann_UCv7N4IPBum628DzUsWfq5UA_F6ld7uF148,1284306,1284634,328
TheRealBlasiann_UCv7N4IPBum628DzUsWfq5UA_F6ld7uF148_1285786_1288126.wav,TheRealBlasiann_UCv7N4IPBum628DzUsWfq5UA_F6ld7uF148,1285786,1288126,2340
TheRealBlasiann_UCv7N4IPBum628DzUsWfq5UA_F6ld7uF148_1288742_1293546.wav,TheRealBlasiann_UCv7N4IPBum628DzUsWfq5UA_F6ld7uF148,1288742,1293546,4804
TheRealBlasiann_UCv7N4IPBum628DzUsWfq5UA_F6ld7uF148_1294042_1300226.wav,TheRealBlasiann_UCv7N4IPBum628DzUsWfq5UA_F6ld7uF148,1294042,1300226,6184
TheRealBlasiann_UCv7N4IPBum628DzUsWfq5UA_F6ld7uF148_1300434_1305179.wav,TheRealBlasiann_UCv7N4IPBum628DzUsWfq5UA_F6ld7uF148,1300434,1305179,4745
TheRealBlasiann_UCv7N4IPBum628DzUsWfq5UA_F6ld7uF148_1305419_1307235.wav,TheRealBlasiann_UCv7N4IPBum628DzUsWfq5UA_F6ld7uF148,1305419,1307235,1816
TheRealBlasiann_UCv7N4IPBum628DzUsWfq5UA_F6ld7uF148_1307451_1310203.wav,TheRealBlasiann_UCv7N4IPBum628DzUsWfq5UA_F6ld7uF148,1307451,1310203,2752
TheRealBlasiann_UCv7N4IPBum628DzUsWfq5UA_F6ld7uF148_1310403_1315012.wav,TheRealBlasiann_UCv7N4IPBum628DzUsWfq5UA_F6ld7uF148,1310403,1315012,4609
TheRealBlasiann_UCv7N4IPBum628DzUsWfq5UA_F6ld7uF148_1315332_1317140.wav,TheRealBlasiann_UCv7N4IPBum628DzUsWfq5UA_F6ld7uF148,1315332,1317140,1808
TheRealBlasiann_UCv7N4IPBum628DzUsWfq5UA_F6ld7uF148_1317862_1319646.wav,TheRealBlasiann_UCv7N4IPBum628DzUsWfq5UA_F6ld7uF148,1317862,1319646,1784
TheRealBlasiann_UCv7N4IPBum628DzUsWfq5UA_F6ld7uF148_1319934_1323270.wav,TheRealBlasiann_UCv7N4IPBum628DzUsWfq5UA_F6ld7uF148,1319934,1323270,3336
TheRealBlasiann_UCv7N4IPBum628DzUsWfq5UA_F6ld7uF148_1323622_1329298.wav,TheRealBlasiann_UCv7N4IPBum628DzUsWfq5UA_F6ld7uF148,1323622,1329298,5676
TheRealBlasiann_UCv7N4IPBum628DzUsWfq5UA_F6ld7uF148_1329618_1334226.wav,TheRealBlasiann_UCv7N4IPBum628DzUsWfq5UA_F6ld7uF148,1329618,1334226,4608
TheRealBlasiann_UCv7N4IPBum628DzUsWfq5UA_F6ld7uF148_1334498_1341562.wav,TheRealBlasiann_UCv7N4IPBum628DzUsWfq5UA_F6ld7uF148,1334498,1341562,7064
TheRealBlasiann_UCv7N4IPBum628DzUsWfq5UA_F6ld7uF148_1341786_1343938.wav,TheRealBlasiann_UCv7N4IPBum628DzUsWfq5UA_F6ld7uF148,1341786,1343938,2152
TheRealBlasiann_UCv7N4IPBum628DzUsWfq5UA_F6ld7uF148_1344346_1347746.wav,TheRealBlasiann_UCv7N4IPBum628DzUsWfq5UA_F6ld7uF148,1344346,1347746,3400
TheRealBlasiann_UCv7N4IPBum628DzUsWfq5UA_F6ld7uF148_1348082_1348194.wav,TheRealBlasiann_UCv7N4IPBum628DzUsWfq5UA_F6ld7uF148,1348082,1348194,112
TheRealBlasiann_UCv7N4IPBum628DzUsWfq5UA_F6ld7uF148_1348522_1348822.wav,TheRealBlasiann_UCv7N4IPBum628DzUsWfq5UA_F6ld7uF148,1348522,1348822,300
TheRealBlasiann_UCv7N4IPBum628DzUsWfq5UA_F6ld7uF148_1349446_1349760.wav,TheRealBlasiann_UCv7N4IPBum628DzUsWfq5UA_F6ld7uF148,1349446,1349760,314
TheRealBlasiann_UCv7N4IPBum628DzUsWfq5UA_F6ld7uF148_1350016_1350488.wav,TheRealBlasiann_UCv7N4IPBum628DzUsWfq5UA_F6ld7uF148,1350016,1350488,472
TheRealBlasiann_UCv7N4IPBum628DzUsWfq5UA_F6ld7uF148_1350832_1353112.wav,TheRealBlasiann_UCv7N4IPBum628DzUsWfq5UA_F6ld7uF148,1350832,1353112,2280
TheRealBlasiann_UCv7N4IPBum628DzUsWfq5UA_F6ld7uF148_1353280_1353904.wav,TheRealBlasiann_UCv7N4IPBum628DzUsWfq5UA_F6ld7uF148,1353280,1353904,624
TheRealBlasiann_UCv7N4IPBum628DzUsWfq5UA_F6ld7uF148_1354320_1358298.wav,TheRealBlasiann_UCv7N4IPBum628DzUsWfq5UA_F6ld7uF148,1354320,1358298,3978
TheRealBlasiann_UCv7N4IPBum628DzUsWfq5UA_F6ld7uF148_1358482_1358590.wav,TheRealBlasiann_UCv7N4IPBum628DzUsWfq5UA_F6ld7uF148,1358482,1358590,108
TheRealBlasiann_UCv7N4IPBum628DzUsWfq5UA_F6ld7uF148_1359062_1359928.wav,TheRealBlasiann_UCv7N4IPBum628DzUsWfq5UA_F6ld7uF148,1359062,1359928,866
TheRealBlasiann_UCv7N4IPBum628DzUsWfq5UA_F6ld7uF148_1360264_1363552.wav,TheRealBlasiann_UCv7N4IPBum628DzUsWfq5UA_F6ld7uF148,1360264,1363552,3288
TheRealBlasiann_UCv7N4IPBum628DzUsWfq5UA_F6ld7uF148_1364080_1367296.wav,TheRealBlasiann_UCv7N4IPBum628DzUsWfq5UA_F6ld7uF148,1364080,1367296,3216
TheRealBlasiann_UCv7N4IPBum628DzUsWfq5UA_F6ld7uF148_1367680_1370200.wav,TheRealBlasiann_UCv7N4IPBum628DzUsWfq5UA_F6ld7uF148,1367680,1370200,2520
TheRealBlasiann_UCv7N4IPBum628DzUsWfq5UA_F6ld7uF148_1370352_1373416.wav,TheRealBlasiann_UCv7N4IPBum628DzUsWfq5UA_F6ld7uF148,1370352,1373416,3064
TheRealBlasiann_UCv7N4IPBum628DzUsWfq5UA_F6ld7uF148_1373584_1380369.wav,TheRealBlasiann_UCv7N4IPBum628DzUsWfq5UA_F6ld7uF148,1373584,1380369,6785
TheRealBlasiann_UCv7N4IPBum628DzUsWfq5UA_F6ld7uF148_1380593_1381458.wav,TheRealBlasiann_UCv7N4IPBum628DzUsWfq5UA_F6ld7uF148,1380593,1381458,865
TheRealBlasiann_UCv7N4IPBum628DzUsWfq5UA_F6ld7uF148_1382026_1388938.wav,TheRealBlasiann_UCv7N4IPBum628DzUsWfq5UA_F6ld7uF148,1382026,1388938,6912
TheRealBlasiann_UCv7N4IPBum628DzUsWfq5UA_F6ld7uF148_1389554_1396322.wav,TheRealBlasiann_UCv7N4IPBum628DzUsWfq5UA_F6ld7uF148,1389554,1396322,6768
TheRealBlasiann_UCv7N4IPBum628DzUsWfq5UA_F6ld7uF148_1396546_1401722.wav,TheRealBlasiann_UCv7N4IPBum628DzUsWfq5UA_F6ld7uF148,1396546,1401722,5176
TheRealBlasiann_UCv7N4IPBum628DzUsWfq5UA_F6ld7uF148_1402098_1403966.wav,TheRealBlasiann_UCv7N4IPBum628DzUsWfq5UA_F6ld7uF148,1402098,1403966,1868
TheRealBlasiann_UCv7N4IPBum628DzUsWfq5UA_F6ld7uF148_1404326_1408230.wav,TheRealBlasiann_UCv7N4IPBum628DzUsWfq5UA_F6ld7uF148,1404326,1408230,3904
TheRealBlasiann_UCv7N4IPBum628DzUsWfq5UA_F6ld7uF148_1408510_1412374.wav,TheRealBlasiann_UCv7N4IPBum628DzUsWfq5UA_F6ld7uF148,1408510,1412374,3864
TheRealBlasiann_UCv7N4IPBum628DzUsWfq5UA_F6ld7uF148_1413066_1420138.wav,TheRealBlasiann_UCv7N4IPBum628DzUsWfq5UA_F6ld7uF148,1413066,1420138,7072
TheRealBlasiann_UCv7N4IPBum628DzUsWfq5UA_F6ld7uF148_1420434_1420618.wav,TheRealBlasiann_UCv7N4IPBum628DzUsWfq5UA_F6ld7uF148,1420434,1420618,184
TheRealBlasiann_UCv7N4IPBum628DzUsWfq5UA_F6ld7uF148_1420906_1425154.wav,TheRealBlasiann_UCv7N4IPBum628DzUsWfq5UA_F6ld7uF148,1420906,1425154,4248
TheRealBlasiann_UCv7N4IPBum628DzUsWfq5UA_F6ld7uF148_1425570_1430130.wav,TheRealBlasiann_UCv7N4IPBum628DzUsWfq5UA_F6ld7uF148,1425570,1430130,4560
TheRealBlasiann_UCv7N4IPBum628DzUsWfq5UA_F6ld7uF148_1430522_1433466.wav,TheRealBlasiann_UCv7N4IPBum628DzUsWfq5UA_F6ld7uF148,1430522,1433466,2944
TheRealBlasiann_UCv7N4IPBum628DzUsWfq5UA_F6ld7uF148_1433762_1438514.wav,TheRealBlasiann_UCv7N4IPBum628DzUsWfq5UA_F6ld7uF148,1433762,1438514,4752
TheRealBlasiann_UCv7N4IPBum628DzUsWfq5UA_F6ld7uF148_1438778_1442170.wav,TheRealBlasiann_UCv7N4IPBum628DzUsWfq5UA_F6ld7uF148,1438778,1442170,3392
TheRealBlasiann_UCv7N4IPBum628DzUsWfq5UA_F6ld7uF148_1442602_1443742.wav,TheRealBlasiann_UCv7N4IPBum628DzUsWfq5UA_F6ld7uF148,1442602,1443742,1140
TheRealBlasiann_UCv7N4IPBum628DzUsWfq5UA_F6ld7uF148_1444094_1451006.wav,TheRealBlasiann_UCv7N4IPBum628DzUsWfq5UA_F6ld7uF148,1444094,1451006,6912
TheRealBlasiann_UCv7N4IPBum628DzUsWfq5UA_F6ld7uF148_1451446_1457024.wav,TheRealBlasiann_UCv7N4IPBum628DzUsWfq5UA_F6ld7uF148,1451446,1457024,5578
TheRealBlasiann_UCv7N4IPBum628DzUsWfq5UA_F6ld7uF148_1457264_1458962.wav,TheRealBlasiann_UCv7N4IPBum628DzUsWfq5UA_F6ld7uF148,1457264,1458962,1698
TheRealBlasiann_UCv7N4IPBum628DzUsWfq5UA_F6ld7uF148_1459690_1461754.wav,TheRealBlasiann_UCv7N4IPBum628DzUsWfq5UA_F6ld7uF148,1459690,1461754,2064
TheRealBlasiann_UCv7N4IPBum628DzUsWfq5UA_F6ld7uF148_1462082_1465962.wav,TheRealBlasiann_UCv7N4IPBum628DzUsWfq5UA_F6ld7uF148,1462082,1465962,3880
TheRealBlasiann_UCv7N4IPBum628DzUsWfq5UA_F6ld7uF148_1466370_1467690.wav,TheRealBlasiann_UCv7N4IPBum628DzUsWfq5UA_F6ld7uF148,1466370,1467690,1320
TheRealBlasiann_UCv7N4IPBum628DzUsWfq5UA_F6ld7uF148_1467978_1480508.wav,TheRealBlasiann_UCv7N4IPBum628DzUsWfq5UA_F6ld7uF148,1467978,1480508,12530
TheRealBlasiann_UCv7N4IPBum628DzUsWfq5UA_F6ld7uF148_1480756_1484036.wav,TheRealBlasiann_UCv7N4IPBum628DzUsWfq5UA_F6ld7uF148,1480756,1484036,3280
TheRealBlasiann_UCv7N4IPBum628DzUsWfq5UA_F6ld7uF148_1485378_1485562.wav,TheRealBlasiann_UCv7N4IPBum628DzUsWfq5UA_F6ld7uF148,1485378,1485562,184
TheRealBlasiann_UCv7N4IPBum628DzUsWfq5UA_F6ld7uF148_1486946_1487770.wav,TheRealBlasiann_UCv7N4IPBum628DzUsWfq5UA_F6ld7uF148,1486946,1487770,824
TheRealBlasiann_UCv7N4IPBum628DzUsWfq5UA_F6ld7uF148_1488146_1497546.wav,TheRealBlasiann_UCv7N4IPBum628DzUsWfq5UA_F6ld7uF148,1488146,1497546,9400
TheRealBlasiann_UCv7N4IPBum628DzUsWfq5UA_F6ld7uF148_1498282_1501730.wav,TheRealBlasiann_UCv7N4IPBum628DzUsWfq5UA_F6ld7uF148,1498282,1501730,3448
TheRealBlasiann_UCv7N4IPBum628DzUsWfq5UA_F6ld7uF148_1502354_1503058.wav,TheRealBlasiann_UCv7N4IPBum628DzUsWfq5UA_F6ld7uF148,1502354,1503058,704
TheRealBlasiann_UCv7N4IPBum628DzUsWfq5UA_F6ld7uF148_1503394_1505850.wav,TheRealBlasiann_UCv7N4IPBum628DzUsWfq5UA_F6ld7uF148,1503394,1505850,2456
TheRealBlasiann_UCv7N4IPBum628DzUsWfq5UA_F6ld7uF148_1506346_1507602.wav,TheRealBlasiann_UCv7N4IPBum628DzUsWfq5UA_F6ld7uF148,1506346,1507602,1256
TheRealBlasiann_UCv7N4IPBum628DzUsWfq5UA_F6ld7uF148_1508082_1511650.wav,TheRealBlasiann_UCv7N4IPBum628DzUsWfq5UA_F6ld7uF148,1508082,1511650,3568
TheRealBlasiann_UCv7N4IPBum628DzUsWfq5UA_F6ld7uF148_1512170_1514210.wav,TheRealBlasiann_UCv7N4IPBum628DzUsWfq5UA_F6ld7uF148,1512170,1514210,2040
TheRealBlasiann_UCv7N4IPBum628DzUsWfq5UA_F6ld7uF148_1514418_1521330.wav,TheRealBlasiann_UCv7N4IPBum628DzUsWfq5UA_F6ld7uF148,1514418,1521330,6912
TheRealBlasiann_UCv7N4IPBum628DzUsWfq5UA_F6ld7uF148_1521610_1524610.wav,TheRealBlasiann_UCv7N4IPBum628DzUsWfq5UA_F6ld7uF148,1521610,1524610,3000
TheRealBlasiann_UCv7N4IPBum628DzUsWfq5UA_F6ld7uF148_1525002_1530738.wav,TheRealBlasiann_UCv7N4IPBum628DzUsWfq5UA_F6ld7uF148,1525002,1530738,5736
TheRealBlasiann_UCv7N4IPBum628DzUsWfq5UA_F6ld7uF148_1531034_1533002.wav,TheRealBlasiann_UCv7N4IPBum628DzUsWfq5UA_F6ld7uF148,1531034,1533002,1968
TheRealBlasiann_UCv7N4IPBum628DzUsWfq5UA_F6ld7uF148_1533338_1536258.wav,TheRealBlasiann_UCv7N4IPBum628DzUsWfq5UA_F6ld7uF148,1533338,1536258,2920
TheRealBlasiann_UCv7N4IPBum628DzUsWfq5UA_F6ld7uF148_1536578_1543658.wav,TheRealBlasiann_UCv7N4IPBum628DzUsWfq5UA_F6ld7uF148,1536578,1543658,7080
TheRealBlasiann_UCv7N4IPBum628DzUsWfq5UA_F6ld7uF148_1543938_1549226.wav,TheRealBlasiann_UCv7N4IPBum628DzUsWfq5UA_F6ld7uF148,1543938,1549226,5288
TheRealBlasiann_UCv7N4IPBum628DzUsWfq5UA_F6ld7uF148_1549498_1554714.wav,TheRealBlasiann_UCv7N4IPBum628DzUsWfq5UA_F6ld7uF148,1549498,1554714,5216
TheRealBlasiann_UCv7N4IPBum628DzUsWfq5UA_F6ld7uF148_1555010_1555870.wav,TheRealBlasiann_UCv7N4IPBum628DzUsWfq5UA_F6ld7uF148,1555010,1555870,860
TheRealBlasiann_UCv7N4IPBum628DzUsWfq5UA_F6ld7uF148_1556038_1559080.wav,TheRealBlasiann_UCv7N4IPBum628DzUsWfq5UA_F6ld7uF148,1556038,1559080,3042
TheRealBlasiann_UCv7N4IPBum628DzUsWfq5UA_F6ld7uF148_1559208_1568282.wav,TheRealBlasiann_UCv7N4IPBum628DzUsWfq5UA_F6ld7uF148,1559208,1568282,9074
TheRealBlasiann_UCv7N4IPBum628DzUsWfq5UA_F6ld7uF148_1568442_1569674.wav,TheRealBlasiann_UCv7N4IPBum628DzUsWfq5UA_F6ld7uF148,1568442,1569674,1232
TheRealBlasiann_UCv7N4IPBum628DzUsWfq5UA_F6ld7uF148_1570298_1575002.wav,TheRealBlasiann_UCv7N4IPBum628DzUsWfq5UA_F6ld7uF148,1570298,1575002,4704
TheRealBlasiann_UCv7N4IPBum628DzUsWfq5UA_F6ld7uF148_1575362_1579898.wav,TheRealBlasiann_UCv7N4IPBum628DzUsWfq5UA_F6ld7uF148,1575362,1579898,4536
TheRealBlasiann_UCv7N4IPBum628DzUsWfq5UA_F6ld7uF148_1580458_1585562.wav,TheRealBlasiann_UCv7N4IPBum628DzUsWfq5UA_F6ld7uF148,1580458,1585562,5104
TheRealBlasiann_UCv7N4IPBum628DzUsWfq5UA_F6ld7uF148_1586186_1591842.wav,TheRealBlasiann_UCv7N4IPBum628DzUsWfq5UA_F6ld7uF148,1586186,1591842,5656
TheRealBlasiann_UCv7N4IPBum628DzUsWfq5UA_F6ld7uF148_1591994_1593634.wav,TheRealBlasiann_UCv7N4IPBum628DzUsWfq5UA_F6ld7uF148,1591994,1593634,1640
TheRealBlasiann_UCv7N4IPBum628DzUsWfq5UA_F6ld7uF148_1593818_1596042.wav,TheRealBlasiann_UCv7N4IPBum628DzUsWfq5UA_F6ld7uF148,1593818,1596042,2224
TheRealBlasiann_UCv7N4IPBum628DzUsWfq5UA_F6ld7uF148_1596538_1597514.wav,TheRealBlasiann_UCv7N4IPBum628DzUsWfq5UA_F6ld7uF148,1596538,1597514,976
TheRealBlasiann_UCv7N4IPBum628DzUsWfq5UA_F6ld7uF148_1597850_1602354.wav,TheRealBlasiann_UCv7N4IPBum628DzUsWfq5UA_F6ld7uF148,1597850,1602354,4504
TheRealBlasiann_UCv7N4IPBum628DzUsWfq5UA_F6ld7uF148_1603650_1604282.wav,TheRealBlasiann_UCv7N4IPBum628DzUsWfq5UA_F6ld7uF148,1603650,1604282,632
TheRealBlasiann_UCv7N4IPBum628DzUsWfq5UA_F6ld7uF148_1605018_1606642.wav,TheRealBlasiann_UCv7N4IPBum628DzUsWfq5UA_F6ld7uF148,1605018,1606642,1624
TheRealBlasiann_UCv7N4IPBum628DzUsWfq5UA_F6ld7uF148_1607058_1619338.wav,TheRealBlasiann_UCv7N4IPBum628DzUsWfq5UA_F6ld7uF148,1607058,1619338,12280
TheRealBlasiann_UCv7N4IPBum628DzUsWfq5UA_F6ld7uF148_1619842_1620060.wav,TheRealBlasiann_UCv7N4IPBum628DzUsWfq5UA_F6ld7uF148,1619842,1620060,218
TheRealBlasiann_UCv7N4IPBum628DzUsWfq5UA_F6ld7uF148_1620060_1629356.wav,TheRealBlasiann_UCv7N4IPBum628DzUsWfq5UA_F6ld7uF148,1620060,1629356,9296
TheRealBlasiann_UCv7N4IPBum628DzUsWfq5UA_F6ld7uF148_1629500_1631908.wav,TheRealBlasiann_UCv7N4IPBum628DzUsWfq5UA_F6ld7uF148,1629500,1631908,2408
TheRealBlasiann_UCv7N4IPBum628DzUsWfq5UA_F6ld7uF148_1632661_1639990.wav,TheRealBlasiann_UCv7N4IPBum628DzUsWfq5UA_F6ld7uF148,1632661,1639990,7329
TheRealBlasiann_UCv7N4IPBum628DzUsWfq5UA_F6ld7uF148_1640222_1645546.wav,TheRealBlasiann_UCv7N4IPBum628DzUsWfq5UA_F6ld7uF148,1640222,1645546,5324
TheRealBlasiann_UCv7N4IPBum628DzUsWfq5UA_F6ld7uF148_1645882_1647370.wav,TheRealBlasiann_UCv7N4IPBum628DzUsWfq5UA_F6ld7uF148,1645882,1647370,1488
TheRealBlasiann_UCv7N4IPBum628DzUsWfq5UA_F6ld7uF148_1647730_1647850.wav,TheRealBlasiann_UCv7N4IPBum628DzUsWfq5UA_F6ld7uF148,1647730,1647850,120
TheRealBlasiann_UCv7N4IPBum628DzUsWfq5UA_F6ld7uF148_1648162_1651146.wav,TheRealBlasiann_UCv7N4IPBum628DzUsWfq5UA_F6ld7uF148,1648162,1651146,2984
TheRealBlasiann_UCv7N4IPBum628DzUsWfq5UA_F6ld7uF148_1651418_1655298.wav,TheRealBlasiann_UCv7N4IPBum628DzUsWfq5UA_F6ld7uF148,1651418,1655298,3880
TheRealBlasiann_UCv7N4IPBum628DzUsWfq5UA_F6ld7uF148_1655506_1660754.wav,TheRealBlasiann_UCv7N4IPBum628DzUsWfq5UA_F6ld7uF148,1655506,1660754,5248
TheRealBlasiann_UCv7N4IPBum628DzUsWfq5UA_F6ld7uF148_1660978_1669570.wav,TheRealBlasiann_UCv7N4IPBum628DzUsWfq5UA_F6ld7uF148,1660978,1669570,8592
TheRealBlasiann_UCv7N4IPBum628DzUsWfq5UA_F6ld7uF148_1670131_1670979.wav,TheRealBlasiann_UCv7N4IPBum628DzUsWfq5UA_F6ld7uF148,1670131,1670979,848
TheRealBlasiann_UCv7N4IPBum628DzUsWfq5UA_F6ld7uF148_1671179_1681228.wav,TheRealBlasiann_UCv7N4IPBum628DzUsWfq5UA_F6ld7uF148,1671179,1681228,10049
TheRealBlasiann_UCv7N4IPBum628DzUsWfq5UA_F6ld7uF148_1681436_1685328.wav,TheRealBlasiann_UCv7N4IPBum628DzUsWfq5UA_F6ld7uF148,1681436,1685328,3892
TheRealBlasiann_UCv7N4IPBum628DzUsWfq5UA_F6ld7uF148_1685496_1689508.wav,TheRealBlasiann_UCv7N4IPBum628DzUsWfq5UA_F6ld7uF148,1685496,1689508,4012
TheRealBlasiann_UCv7N4IPBum628DzUsWfq5UA_F6ld7uF148_1689740_1692924.wav,TheRealBlasiann_UCv7N4IPBum628DzUsWfq5UA_F6ld7uF148,1689740,1692924,3184
TheRealBlasiann_UCv7N4IPBum628DzUsWfq5UA_F6ld7uF148_1693300_1693788.wav,TheRealBlasiann_UCv7N4IPBum628DzUsWfq5UA_F6ld7uF148,1693300,1693788,488
TheRealBlasiann_UCv7N4IPBum628DzUsWfq5UA_F6ld7uF148_1694124_1694764.wav,TheRealBlasiann_UCv7N4IPBum628DzUsWfq5UA_F6ld7uF148,1694124,1694764,640
TheRealBlasiann_UCv7N4IPBum628DzUsWfq5UA_F6ld7uF148_1695284_1696780.wav,TheRealBlasiann_UCv7N4IPBum628DzUsWfq5UA_F6ld7uF148,1695284,1696780,1496
TheRealBlasiann_UCv7N4IPBum628DzUsWfq5UA_F6ld7uF148_1697116_1710892.wav,TheRealBlasiann_UCv7N4IPBum628DzUsWfq5UA_F6ld7uF148,1697116,1710892,13776
