filename,video_id,start_time,end_time,duration
TheRealBlasiann_UCv7N4IPBum628DzUsWfq5UA_F6ld7uF148_0_5921.wav,TheRealBlasiann_UCv7N4IPBum628DzUsWfq5UA_F6ld7uF148,0,5921,5921
TheRealBlasiann_UCv7N4IPBum628DzUsWfq5UA_F6ld7uF148_6105_8089.wav,TheRealBlasiann_UCv7N4IPBum628DzUsWfq5UA_F6ld7uF148,6105,8089,1984
TheRealBlasiann_UCv7N4IPBum628DzUsWfq5UA_F6ld7uF148_8965_10421.wav,TheRealBlasiann_UCv7N4IPBum628DzUsWfq5UA_F6ld7uF148,8965,10421,1456
TheRealBlasiann_UCv7N4IPBum628DzUsWfq5UA_F6ld7uF148_10693_12645.wav,TheRealBlasiann_UCv7N4IPBum628DzUsWfq5UA_F6ld7uF148,10693,12645,1952
TheRealBlasiann_UCv7N4IPBum628DzUsWfq5UA_F6ld7uF148_13045_16781.wav,TheRealBlasiann_UCv7N4IPBum628DzUsWfq5UA_F6ld7uF148,13045,16781,3736
TheRealBlasiann_UCv7N4IPBum628DzUsWfq5UA_F6ld7uF148_17213_19429.wav,TheRealBlasiann_UCv7N4IPBum628DzUsWfq5UA_F6ld7uF148,17213,19429,2216
TheRealBlasiann_UCv7N4IPBum628DzUsWfq5UA_F6ld7uF148_19653_26029.wav,TheRealBlasiann_UCv7N4IPBum628DzUsWfq5UA_F6ld7uF148,19653,26029,6376
TheRealBlasiann_UCv7N4IPBum628DzUsWfq5UA_F6ld7uF148_26133_29926.wav,TheRealBlasiann_UCv7N4IPBum628DzUsWfq5UA_F6ld7uF148,26133,29926,3793
TheRealBlasiann_UCv7N4IPBum628DzUsWfq5UA_F6ld7uF148_30182_30351.wav,TheRealBlasiann_UCv7N4IPBum628DzUsWfq5UA_F6ld7uF148,30182,30351,169
TheRealBlasiann_UCv7N4IPBum628DzUsWfq5UA_F6ld7uF148_31039_31433.wav,TheRealBlasiann_UCv7N4IPBum628DzUsWfq5UA_F6ld7uF148,31039,31433,394
TheRealBlasiann_UCv7N4IPBum628DzUsWfq5UA_F6ld7uF148_31601_36225.wav,TheRealBlasiann_UCv7N4IPBum628DzUsWfq5UA_F6ld7uF148,31601,36225,4624
TheRealBlasiann_UCv7N4IPBum628DzUsWfq5UA_F6ld7uF148_36841_43361.wav,TheRealBlasiann_UCv7N4IPBum628DzUsWfq5UA_F6ld7uF148,36841,43361,6520
TheRealBlasiann_UCv7N4IPBum628DzUsWfq5UA_F6ld7uF148_43593_48401.wav,TheRealBlasiann_UCv7N4IPBum628DzUsWfq5UA_F6ld7uF148,43593,48401,4808
TheRealBlasiann_UCv7N4IPBum628DzUsWfq5UA_F6ld7uF148_48857_58177.wav,TheRealBlasiann_UCv7N4IPBum628DzUsWfq5UA_F6ld7uF148,48857,58177,9320
TheRealBlasiann_UCv7N4IPBum628DzUsWfq5UA_F6ld7uF148_59030_59358.wav,TheRealBlasiann_UCv7N4IPBum628DzUsWfq5UA_F6ld7uF148,59030,59358,328
TheRealBlasiann_UCv7N4IPBum628DzUsWfq5UA_F6ld7uF148_59958_60294.wav,TheRealBlasiann_UCv7N4IPBum628DzUsWfq5UA_F6ld7uF148,59958,60294,336
TheRealBlasiann_UCv7N4IPBum628DzUsWfq5UA_F6ld7uF148_60654_65566.wav,TheRealBlasiann_UCv7N4IPBum628DzUsWfq5UA_F6ld7uF148,60654,65566,4912
TheRealBlasiann_UCv7N4IPBum628DzUsWfq5UA_F6ld7uF148_65790_69802.wav,TheRealBlasiann_UCv7N4IPBum628DzUsWfq5UA_F6ld7uF148,65790,69802,4012
TheRealBlasiann_UCv7N4IPBum628DzUsWfq5UA_F6ld7uF148_70002_73786.wav,TheRealBlasiann_UCv7N4IPBum628DzUsWfq5UA_F6ld7uF148,70002,73786,3784
TheRealBlasiann_UCv7N4IPBum628DzUsWfq5UA_F6ld7uF148_74170_77714.wav,TheRealBlasiann_UCv7N4IPBum628DzUsWfq5UA_F6ld7uF148,74170,77714,3544
TheRealBlasiann_UCv7N4IPBum628DzUsWfq5UA_F6ld7uF148_78222_82328.wav,TheRealBlasiann_UCv7N4IPBum628DzUsWfq5UA_F6ld7uF148,78222,82328,4106
TheRealBlasiann_UCv7N4IPBum628DzUsWfq5UA_F6ld7uF148_82648_89080.wav,TheRealBlasiann_UCv7N4IPBum628DzUsWfq5UA_F6ld7uF148,82648,89080,6432
TheRealBlasiann_UCv7N4IPBum628DzUsWfq5UA_F6ld7uF148_89408_92698.wav,TheRealBlasiann_UCv7N4IPBum628DzUsWfq5UA_F6ld7uF148,89408,92698,3290
TheRealBlasiann_UCv7N4IPBum628DzUsWfq5UA_F6ld7uF148_93162_96334.wav,TheRealBlasiann_UCv7N4IPBum628DzUsWfq5UA_F6ld7uF148,93162,96334,3172
TheRealBlasiann_UCv7N4IPBum628DzUsWfq5UA_F6ld7uF148_96494_98070.wav,TheRealBlasiann_UCv7N4IPBum628DzUsWfq5UA_F6ld7uF148,96494,98070,1576
TheRealBlasiann_UCv7N4IPBum628DzUsWfq5UA_F6ld7uF148_98398_99990.wav,TheRealBlasiann_UCv7N4IPBum628DzUsWfq5UA_F6ld7uF148,98398,99990,1592
TheRealBlasiann_UCv7N4IPBum628DzUsWfq5UA_F6ld7uF148_100142_103710.wav,TheRealBlasiann_UCv7N4IPBum628DzUsWfq5UA_F6ld7uF148,100142,103710,3568
TheRealBlasiann_UCv7N4IPBum628DzUsWfq5UA_F6ld7uF148_103910_111790.wav,TheRealBlasiann_UCv7N4IPBum628DzUsWfq5UA_F6ld7uF148,103910,111790,7880
TheRealBlasiann_UCv7N4IPBum628DzUsWfq5UA_F6ld7uF148_112350_115198.wav,TheRealBlasiann_UCv7N4IPBum628DzUsWfq5UA_F6ld7uF148,112350,115198,2848
TheRealBlasiann_UCv7N4IPBum628DzUsWfq5UA_F6ld7uF148_115398_116390.wav,TheRealBlasiann_UCv7N4IPBum628DzUsWfq5UA_F6ld7uF148,115398,116390,992
TheRealBlasiann_UCv7N4IPBum628DzUsWfq5UA_F6ld7uF148_116886_117846.wav,TheRealBlasiann_UCv7N4IPBum628DzUsWfq5UA_F6ld7uF148,116886,117846,960
TheRealBlasiann_UCv7N4IPBum628DzUsWfq5UA_F6ld7uF148_118078_125006.wav,TheRealBlasiann_UCv7N4IPBum628DzUsWfq5UA_F6ld7uF148,118078,125006,6928
TheRealBlasiann_UCv7N4IPBum628DzUsWfq5UA_F6ld7uF148_125270_127750.wav,TheRealBlasiann_UCv7N4IPBum628DzUsWfq5UA_F6ld7uF148,125270,127750,2480
TheRealBlasiann_UCv7N4IPBum628DzUsWfq5UA_F6ld7uF148_127918_129670.wav,TheRealBlasiann_UCv7N4IPBum628DzUsWfq5UA_F6ld7uF148,127918,129670,1752
TheRealBlasiann_UCv7N4IPBum628DzUsWfq5UA_F6ld7uF148_129926_131950.wav,TheRealBlasiann_UCv7N4IPBum628DzUsWfq5UA_F6ld7uF148,129926,131950,2024
TheRealBlasiann_UCv7N4IPBum628DzUsWfq5UA_F6ld7uF148_132142_133602.wav,TheRealBlasiann_UCv7N4IPBum628DzUsWfq5UA_F6ld7uF148,132142,133602,1460
TheRealBlasiann_UCv7N4IPBum628DzUsWfq5UA_F6ld7uF148_133882_140298.wav,TheRealBlasiann_UCv7N4IPBum628DzUsWfq5UA_F6ld7uF148,133882,140298,6416
TheRealBlasiann_UCv7N4IPBum628DzUsWfq5UA_F6ld7uF148_140602_144090.wav,TheRealBlasiann_UCv7N4IPBum628DzUsWfq5UA_F6ld7uF148,140602,144090,3488
TheRealBlasiann_UCv7N4IPBum628DzUsWfq5UA_F6ld7uF148_144370_146924.wav,TheRealBlasiann_UCv7N4IPBum628DzUsWfq5UA_F6ld7uF148,144370,146924,2554
TheRealBlasiann_UCv7N4IPBum628DzUsWfq5UA_F6ld7uF148_147268_156382.wav,TheRealBlasiann_UCv7N4IPBum628DzUsWfq5UA_F6ld7uF148,147268,156382,9114
TheRealBlasiann_UCv7N4IPBum628DzUsWfq5UA_F6ld7uF148_156662_158802.wav,TheRealBlasiann_UCv7N4IPBum628DzUsWfq5UA_F6ld7uF148,156662,158802,2140
TheRealBlasiann_UCv7N4IPBum628DzUsWfq5UA_F6ld7uF148_159422_160118.wav,TheRealBlasiann_UCv7N4IPBum628DzUsWfq5UA_F6ld7uF148,159422,160118,696
TheRealBlasiann_UCv7N4IPBum628DzUsWfq5UA_F6ld7uF148_160342_164534.wav,TheRealBlasiann_UCv7N4IPBum628DzUsWfq5UA_F6ld7uF148,160342,164534,4192
TheRealBlasiann_UCv7N4IPBum628DzUsWfq5UA_F6ld7uF148_164742_172766.wav,TheRealBlasiann_UCv7N4IPBum628DzUsWfq5UA_F6ld7uF148,164742,172766,8024
TheRealBlasiann_UCv7N4IPBum628DzUsWfq5UA_F6ld7uF148_172918_174870.wav,TheRealBlasiann_UCv7N4IPBum628DzUsWfq5UA_F6ld7uF148,172918,174870,1952
TheRealBlasiann_UCv7N4IPBum628DzUsWfq5UA_F6ld7uF148_175206_175966.wav,TheRealBlasiann_UCv7N4IPBum628DzUsWfq5UA_F6ld7uF148,175206,175966,760
TheRealBlasiann_UCv7N4IPBum628DzUsWfq5UA_F6ld7uF148_176134_176398.wav,TheRealBlasiann_UCv7N4IPBum628DzUsWfq5UA_F6ld7uF148,176134,176398,264
TheRealBlasiann_UCv7N4IPBum628DzUsWfq5UA_F6ld7uF148_176998_181910.wav,TheRealBlasiann_UCv7N4IPBum628DzUsWfq5UA_F6ld7uF148,176998,181910,4912
TheRealBlasiann_UCv7N4IPBum628DzUsWfq5UA_F6ld7uF148_183046_190742.wav,TheRealBlasiann_UCv7N4IPBum628DzUsWfq5UA_F6ld7uF148,183046,190742,7696
TheRealBlasiann_UCv7N4IPBum628DzUsWfq5UA_F6ld7uF148_190910_191206.wav,TheRealBlasiann_UCv7N4IPBum628DzUsWfq5UA_F6ld7uF148,190910,191206,296
TheRealBlasiann_UCv7N4IPBum628DzUsWfq5UA_F6ld7uF148_191374_193654.wav,TheRealBlasiann_UCv7N4IPBum628DzUsWfq5UA_F6ld7uF148,191374,193654,2280
TheRealBlasiann_UCv7N4IPBum628DzUsWfq5UA_F6ld7uF148_193822_196726.wav,TheRealBlasiann_UCv7N4IPBum628DzUsWfq5UA_F6ld7uF148,193822,196726,2904
TheRealBlasiann_UCv7N4IPBum628DzUsWfq5UA_F6ld7uF148_196982_197126.wav,TheRealBlasiann_UCv7N4IPBum628DzUsWfq5UA_F6ld7uF148,196982,197126,144
TheRealBlasiann_UCv7N4IPBum628DzUsWfq5UA_F6ld7uF148_197358_204038.wav,TheRealBlasiann_UCv7N4IPBum628DzUsWfq5UA_F6ld7uF148,197358,204038,6680
TheRealBlasiann_UCv7N4IPBum628DzUsWfq5UA_F6ld7uF148_204366_205294.wav,TheRealBlasiann_UCv7N4IPBum628DzUsWfq5UA_F6ld7uF148,204366,205294,928
TheRealBlasiann_UCv7N4IPBum628DzUsWfq5UA_F6ld7uF148_205454_206038.wav,TheRealBlasiann_UCv7N4IPBum628DzUsWfq5UA_F6ld7uF148,205454,206038,584
TheRealBlasiann_UCv7N4IPBum628DzUsWfq5UA_F6ld7uF148_206254_209062.wav,TheRealBlasiann_UCv7N4IPBum628DzUsWfq5UA_F6ld7uF148,206254,209062,2808
TheRealBlasiann_UCv7N4IPBum628DzUsWfq5UA_F6ld7uF148_209406_209694.wav,TheRealBlasiann_UCv7N4IPBum628DzUsWfq5UA_F6ld7uF148,209406,209694,288
TheRealBlasiann_UCv7N4IPBum628DzUsWfq5UA_F6ld7uF148_210062_210566.wav,TheRealBlasiann_UCv7N4IPBum628DzUsWfq5UA_F6ld7uF148,210062,210566,504
TheRealBlasiann_UCv7N4IPBum628DzUsWfq5UA_F6ld7uF148_210894_211558.wav,TheRealBlasiann_UCv7N4IPBum628DzUsWfq5UA_F6ld7uF148,210894,211558,664
TheRealBlasiann_UCv7N4IPBum628DzUsWfq5UA_F6ld7uF148_211806_220230.wav,TheRealBlasiann_UCv7N4IPBum628DzUsWfq5UA_F6ld7uF148,211806,220230,8424
TheRealBlasiann_UCv7N4IPBum628DzUsWfq5UA_F6ld7uF148_220446_220758.wav,TheRealBlasiann_UCv7N4IPBum628DzUsWfq5UA_F6ld7uF148,220446,220758,312
TheRealBlasiann_UCv7N4IPBum628DzUsWfq5UA_F6ld7uF148_221126_223374.wav,TheRealBlasiann_UCv7N4IPBum628DzUsWfq5UA_F6ld7uF148,221126,223374,2248
TheRealBlasiann_UCv7N4IPBum628DzUsWfq5UA_F6ld7uF148_223614_229054.wav,TheRealBlasiann_UCv7N4IPBum628DzUsWfq5UA_F6ld7uF148,223614,229054,5440
TheRealBlasiann_UCv7N4IPBum628DzUsWfq5UA_F6ld7uF148_229334_235478.wav,TheRealBlasiann_UCv7N4IPBum628DzUsWfq5UA_F6ld7uF148,229334,235478,6144
TheRealBlasiann_UCv7N4IPBum628DzUsWfq5UA_F6ld7uF148_235790_236286.wav,TheRealBlasiann_UCv7N4IPBum628DzUsWfq5UA_F6ld7uF148,235790,236286,496
TheRealBlasiann_UCv7N4IPBum628DzUsWfq5UA_F6ld7uF148_236678_243790.wav,TheRealBlasiann_UCv7N4IPBum628DzUsWfq5UA_F6ld7uF148,236678,243790,7112
TheRealBlasiann_UCv7N4IPBum628DzUsWfq5UA_F6ld7uF148_244558_246150.wav,TheRealBlasiann_UCv7N4IPBum628DzUsWfq5UA_F6ld7uF148,244558,246150,1592
TheRealBlasiann_UCv7N4IPBum628DzUsWfq5UA_F6ld7uF148_246302_248246.wav,TheRealBlasiann_UCv7N4IPBum628DzUsWfq5UA_F6ld7uF148,246302,248246,1944
TheRealBlasiann_UCv7N4IPBum628DzUsWfq5UA_F6ld7uF148_248398_255302.wav,TheRealBlasiann_UCv7N4IPBum628DzUsWfq5UA_F6ld7uF148,248398,255302,6904
TheRealBlasiann_UCv7N4IPBum628DzUsWfq5UA_F6ld7uF148_255574_257178.wav,TheRealBlasiann_UCv7N4IPBum628DzUsWfq5UA_F6ld7uF148,255574,257178,1604
TheRealBlasiann_UCv7N4IPBum628DzUsWfq5UA_F6ld7uF148_257450_262546.wav,TheRealBlasiann_UCv7N4IPBum628DzUsWfq5UA_F6ld7uF148,257450,262546,5096
TheRealBlasiann_UCv7N4IPBum628DzUsWfq5UA_F6ld7uF148_263074_269322.wav,TheRealBlasiann_UCv7N4IPBum628DzUsWfq5UA_F6ld7uF148,263074,269322,6248
TheRealBlasiann_UCv7N4IPBum628DzUsWfq5UA_F6ld7uF148_269506_272170.wav,TheRealBlasiann_UCv7N4IPBum628DzUsWfq5UA_F6ld7uF148,269506,272170,2664
TheRealBlasiann_UCv7N4IPBum628DzUsWfq5UA_F6ld7uF148_272274_274066.wav,TheRealBlasiann_UCv7N4IPBum628DzUsWfq5UA_F6ld7uF148,272274,274066,1792
TheRealBlasiann_UCv7N4IPBum628DzUsWfq5UA_F6ld7uF148_274330_277714.wav,TheRealBlasiann_UCv7N4IPBum628DzUsWfq5UA_F6ld7uF148,274330,277714,3384
TheRealBlasiann_UCv7N4IPBum628DzUsWfq5UA_F6ld7uF148_277874_282794.wav,TheRealBlasiann_UCv7N4IPBum628DzUsWfq5UA_F6ld7uF148,277874,282794,4920
TheRealBlasiann_UCv7N4IPBum628DzUsWfq5UA_F6ld7uF148_283570_286738.wav,TheRealBlasiann_UCv7N4IPBum628DzUsWfq5UA_F6ld7uF148,283570,286738,3168
TheRealBlasiann_UCv7N4IPBum628DzUsWfq5UA_F6ld7uF148_286890_289442.wav,TheRealBlasiann_UCv7N4IPBum628DzUsWfq5UA_F6ld7uF148,286890,289442,2552
TheRealBlasiann_UCv7N4IPBum628DzUsWfq5UA_F6ld7uF148_289738_291834.wav,TheRealBlasiann_UCv7N4IPBum628DzUsWfq5UA_F6ld7uF148,289738,291834,2096
TheRealBlasiann_UCv7N4IPBum628DzUsWfq5UA_F6ld7uF148_291994_292634.wav,TheRealBlasiann_UCv7N4IPBum628DzUsWfq5UA_F6ld7uF148,291994,292634,640
TheRealBlasiann_UCv7N4IPBum628DzUsWfq5UA_F6ld7uF148_292786_293842.wav,TheRealBlasiann_UCv7N4IPBum628DzUsWfq5UA_F6ld7uF148,292786,293842,1056
TheRealBlasiann_UCv7N4IPBum628DzUsWfq5UA_F6ld7uF148_294130_295050.wav,TheRealBlasiann_UCv7N4IPBum628DzUsWfq5UA_F6ld7uF148,294130,295050,920
TheRealBlasiann_UCv7N4IPBum628DzUsWfq5UA_F6ld7uF148_296002_297682.wav,TheRealBlasiann_UCv7N4IPBum628DzUsWfq5UA_F6ld7uF148,296002,297682,1680
TheRealBlasiann_UCv7N4IPBum628DzUsWfq5UA_F6ld7uF148_297986_303234.wav,TheRealBlasiann_UCv7N4IPBum628DzUsWfq5UA_F6ld7uF148,297986,303234,5248
TheRealBlasiann_UCv7N4IPBum628DzUsWfq5UA_F6ld7uF148_303418_306962.wav,TheRealBlasiann_UCv7N4IPBum628DzUsWfq5UA_F6ld7uF148,303418,306962,3544
TheRealBlasiann_UCv7N4IPBum628DzUsWfq5UA_F6ld7uF148_307322_308810.wav,TheRealBlasiann_UCv7N4IPBum628DzUsWfq5UA_F6ld7uF148,307322,308810,1488
TheRealBlasiann_UCv7N4IPBum628DzUsWfq5UA_F6ld7uF148_308954_309314.wav,TheRealBlasiann_UCv7N4IPBum628DzUsWfq5UA_F6ld7uF148,308954,309314,360
TheRealBlasiann_UCv7N4IPBum628DzUsWfq5UA_F6ld7uF148_309426_311082.wav,TheRealBlasiann_UCv7N4IPBum628DzUsWfq5UA_F6ld7uF148,309426,311082,1656
TheRealBlasiann_UCv7N4IPBum628DzUsWfq5UA_F6ld7uF148_311250_311970.wav,TheRealBlasiann_UCv7N4IPBum628DzUsWfq5UA_F6ld7uF148,311250,311970,720
TheRealBlasiann_UCv7N4IPBum628DzUsWfq5UA_F6ld7uF148_312242_314122.wav,TheRealBlasiann_UCv7N4IPBum628DzUsWfq5UA_F6ld7uF148,312242,314122,1880
TheRealBlasiann_UCv7N4IPBum628DzUsWfq5UA_F6ld7uF148_314418_316362.wav,TheRealBlasiann_UCv7N4IPBum628DzUsWfq5UA_F6ld7uF148,314418,316362,1944
TheRealBlasiann_UCv7N4IPBum628DzUsWfq5UA_F6ld7uF148_316586_319242.wav,TheRealBlasiann_UCv7N4IPBum628DzUsWfq5UA_F6ld7uF148,316586,319242,2656
TheRealBlasiann_UCv7N4IPBum628DzUsWfq5UA_F6ld7uF148_319346_319922.wav,TheRealBlasiann_UCv7N4IPBum628DzUsWfq5UA_F6ld7uF148,319346,319922,576
TheRealBlasiann_UCv7N4IPBum628DzUsWfq5UA_F6ld7uF148_320034_326930.wav,TheRealBlasiann_UCv7N4IPBum628DzUsWfq5UA_F6ld7uF148,320034,326930,6896
TheRealBlasiann_UCv7N4IPBum628DzUsWfq5UA_F6ld7uF148_327418_329018.wav,TheRealBlasiann_UCv7N4IPBum628DzUsWfq5UA_F6ld7uF148,327418,329018,1600
TheRealBlasiann_UCv7N4IPBum628DzUsWfq5UA_F6ld7uF148_329258_329514.wav,TheRealBlasiann_UCv7N4IPBum628DzUsWfq5UA_F6ld7uF148,329258,329514,256
TheRealBlasiann_UCv7N4IPBum628DzUsWfq5UA_F6ld7uF148_329730_336522.wav,TheRealBlasiann_UCv7N4IPBum628DzUsWfq5UA_F6ld7uF148,329730,336522,6792
TheRealBlasiann_UCv7N4IPBum628DzUsWfq5UA_F6ld7uF148_336642_342346.wav,TheRealBlasiann_UCv7N4IPBum628DzUsWfq5UA_F6ld7uF148,336642,342346,5704
TheRealBlasiann_UCv7N4IPBum628DzUsWfq5UA_F6ld7uF148_342586_349234.wav,TheRealBlasiann_UCv7N4IPBum628DzUsWfq5UA_F6ld7uF148,342586,349234,6648
TheRealBlasiann_UCv7N4IPBum628DzUsWfq5UA_F6ld7uF148_349730_351570.wav,TheRealBlasiann_UCv7N4IPBum628DzUsWfq5UA_F6ld7uF148,349730,351570,1840
TheRealBlasiann_UCv7N4IPBum628DzUsWfq5UA_F6ld7uF148_351938_358378.wav,TheRealBlasiann_UCv7N4IPBum628DzUsWfq5UA_F6ld7uF148,351938,358378,6440
TheRealBlasiann_UCv7N4IPBum628DzUsWfq5UA_F6ld7uF148_358682_362314.wav,TheRealBlasiann_UCv7N4IPBum628DzUsWfq5UA_F6ld7uF148,358682,362314,3632
TheRealBlasiann_UCv7N4IPBum628DzUsWfq5UA_F6ld7uF148_362538_363066.wav,TheRealBlasiann_UCv7N4IPBum628DzUsWfq5UA_F6ld7uF148,362538,363066,528
TheRealBlasiann_UCv7N4IPBum628DzUsWfq5UA_F6ld7uF148_363234_364618.wav,TheRealBlasiann_UCv7N4IPBum628DzUsWfq5UA_F6ld7uF148,363234,364618,1384
TheRealBlasiann_UCv7N4IPBum628DzUsWfq5UA_F6ld7uF148_364842_368026.wav,TheRealBlasiann_UCv7N4IPBum628DzUsWfq5UA_F6ld7uF148,364842,368026,3184
TheRealBlasiann_UCv7N4IPBum628DzUsWfq5UA_F6ld7uF148_368314_370334.wav,TheRealBlasiann_UCv7N4IPBum628DzUsWfq5UA_F6ld7uF148,368314,370334,2020
TheRealBlasiann_UCv7N4IPBum628DzUsWfq5UA_F6ld7uF148_370486_378410.wav,TheRealBlasiann_UCv7N4IPBum628DzUsWfq5UA_F6ld7uF148,370486,378410,7924
TheRealBlasiann_UCv7N4IPBum628DzUsWfq5UA_F6ld7uF148_378802_383122.wav,TheRealBlasiann_UCv7N4IPBum628DzUsWfq5UA_F6ld7uF148,378802,383122,4320
TheRealBlasiann_UCv7N4IPBum628DzUsWfq5UA_F6ld7uF148_383450_384154.wav,TheRealBlasiann_UCv7N4IPBum628DzUsWfq5UA_F6ld7uF148,383450,384154,704
TheRealBlasiann_UCv7N4IPBum628DzUsWfq5UA_F6ld7uF148_384474_390234.wav,TheRealBlasiann_UCv7N4IPBum628DzUsWfq5UA_F6ld7uF148,384474,390234,5760
TheRealBlasiann_UCv7N4IPBum628DzUsWfq5UA_F6ld7uF148_390554_393502.wav,TheRealBlasiann_UCv7N4IPBum628DzUsWfq5UA_F6ld7uF148,390554,393502,2948
TheRealBlasiann_UCv7N4IPBum628DzUsWfq5UA_F6ld7uF148_393726_398998.wav,TheRealBlasiann_UCv7N4IPBum628DzUsWfq5UA_F6ld7uF148,393726,398998,5272
TheRealBlasiann_UCv7N4IPBum628DzUsWfq5UA_F6ld7uF148_399150_404454.wav,TheRealBlasiann_UCv7N4IPBum628DzUsWfq5UA_F6ld7uF148,399150,404454,5304
TheRealBlasiann_UCv7N4IPBum628DzUsWfq5UA_F6ld7uF148_404646_410054.wav,TheRealBlasiann_UCv7N4IPBum628DzUsWfq5UA_F6ld7uF148,404646,410054,5408
TheRealBlasiann_UCv7N4IPBum628DzUsWfq5UA_F6ld7uF148_410838_412894.wav,TheRealBlasiann_UCv7N4IPBum628DzUsWfq5UA_F6ld7uF148,410838,412894,2056
TheRealBlasiann_UCv7N4IPBum628DzUsWfq5UA_F6ld7uF148_413190_421350.wav,TheRealBlasiann_UCv7N4IPBum628DzUsWfq5UA_F6ld7uF148,413190,421350,8160
TheRealBlasiann_UCv7N4IPBum628DzUsWfq5UA_F6ld7uF148_422054_427066.wav,TheRealBlasiann_UCv7N4IPBum628DzUsWfq5UA_F6ld7uF148,422054,427066,5012
TheRealBlasiann_UCv7N4IPBum628DzUsWfq5UA_F6ld7uF148_427706_430842.wav,TheRealBlasiann_UCv7N4IPBum628DzUsWfq5UA_F6ld7uF148,427706,430842,3136
TheRealBlasiann_UCv7N4IPBum628DzUsWfq5UA_F6ld7uF148_431034_434514.wav,TheRealBlasiann_UCv7N4IPBum628DzUsWfq5UA_F6ld7uF148,431034,434514,3480
TheRealBlasiann_UCv7N4IPBum628DzUsWfq5UA_F6ld7uF148_434626_437698.wav,TheRealBlasiann_UCv7N4IPBum628DzUsWfq5UA_F6ld7uF148,434626,437698,3072
TheRealBlasiann_UCv7N4IPBum628DzUsWfq5UA_F6ld7uF148_437802_444314.wav,TheRealBlasiann_UCv7N4IPBum628DzUsWfq5UA_F6ld7uF148,437802,444314,6512
TheRealBlasiann_UCv7N4IPBum628DzUsWfq5UA_F6ld7uF148_444562_446970.wav,TheRealBlasiann_UCv7N4IPBum628DzUsWfq5UA_F6ld7uF148,444562,446970,2408
TheRealBlasiann_UCv7N4IPBum628DzUsWfq5UA_F6ld7uF148_447082_447906.wav,TheRealBlasiann_UCv7N4IPBum628DzUsWfq5UA_F6ld7uF148,447082,447906,824
TheRealBlasiann_UCv7N4IPBum628DzUsWfq5UA_F6ld7uF148_448250_448690.wav,TheRealBlasiann_UCv7N4IPBum628DzUsWfq5UA_F6ld7uF148,448250,448690,440
TheRealBlasiann_UCv7N4IPBum628DzUsWfq5UA_F6ld7uF148_448802_449250.wav,TheRealBlasiann_UCv7N4IPBum628DzUsWfq5UA_F6ld7uF148,448802,449250,448
TheRealBlasiann_UCv7N4IPBum628DzUsWfq5UA_F6ld7uF148_449730_449914.wav,TheRealBlasiann_UCv7N4IPBum628DzUsWfq5UA_F6ld7uF148,449730,449914,184
TheRealBlasiann_UCv7N4IPBum628DzUsWfq5UA_F6ld7uF148_450114_450442.wav,TheRealBlasiann_UCv7N4IPBum628DzUsWfq5UA_F6ld7uF148,450114,450442,328
TheRealBlasiann_UCv7N4IPBum628DzUsWfq5UA_F6ld7uF148_450634_450850.wav,TheRealBlasiann_UCv7N4IPBum628DzUsWfq5UA_F6ld7uF148,450634,450850,216
TheRealBlasiann_UCv7N4IPBum628DzUsWfq5UA_F6ld7uF148_451226_458050.wav,TheRealBlasiann_UCv7N4IPBum628DzUsWfq5UA_F6ld7uF148,451226,458050,6824
TheRealBlasiann_UCv7N4IPBum628DzUsWfq5UA_F6ld7uF148_458610_459786.wav,TheRealBlasiann_UCv7N4IPBum628DzUsWfq5UA_F6ld7uF148,458610,459786,1176
TheRealBlasiann_UCv7N4IPBum628DzUsWfq5UA_F6ld7uF148_460386_467754.wav,TheRealBlasiann_UCv7N4IPBum628DzUsWfq5UA_F6ld7uF148,460386,467754,7368
TheRealBlasiann_UCv7N4IPBum628DzUsWfq5UA_F6ld7uF148_468082_472786.wav,TheRealBlasiann_UCv7N4IPBum628DzUsWfq5UA_F6ld7uF148,468082,472786,4704
TheRealBlasiann_UCv7N4IPBum628DzUsWfq5UA_F6ld7uF148_473050_475578.wav,TheRealBlasiann_UCv7N4IPBum628DzUsWfq5UA_F6ld7uF148,473050,475578,2528
TheRealBlasiann_UCv7N4IPBum628DzUsWfq5UA_F6ld7uF148_475930_484274.wav,TheRealBlasiann_UCv7N4IPBum628DzUsWfq5UA_F6ld7uF148,475930,484274,8344
TheRealBlasiann_UCv7N4IPBum628DzUsWfq5UA_F6ld7uF148_484658_486218.wav,TheRealBlasiann_UCv7N4IPBum628DzUsWfq5UA_F6ld7uF148,484658,486218,1560
TheRealBlasiann_UCv7N4IPBum628DzUsWfq5UA_F6ld7uF148_486498_486842.wav,TheRealBlasiann_UCv7N4IPBum628DzUsWfq5UA_F6ld7uF148,486498,486842,344
TheRealBlasiann_UCv7N4IPBum628DzUsWfq5UA_F6ld7uF148_486954_487746.wav,TheRealBlasiann_UCv7N4IPBum628DzUsWfq5UA_F6ld7uF148,486954,487746,792
TheRealBlasiann_UCv7N4IPBum628DzUsWfq5UA_F6ld7uF148_487890_488322.wav,TheRealBlasiann_UCv7N4IPBum628DzUsWfq5UA_F6ld7uF148,487890,488322,432
TheRealBlasiann_UCv7N4IPBum628DzUsWfq5UA_F6ld7uF148_488434_489258.wav,TheRealBlasiann_UCv7N4IPBum628DzUsWfq5UA_F6ld7uF148,488434,489258,824
TheRealBlasiann_UCv7N4IPBum628DzUsWfq5UA_F6ld7uF148_489410_489818.wav,TheRealBlasiann_UCv7N4IPBum628DzUsWfq5UA_F6ld7uF148,489410,489818,408
TheRealBlasiann_UCv7N4IPBum628DzUsWfq5UA_F6ld7uF148_490042_492138.wav,TheRealBlasiann_UCv7N4IPBum628DzUsWfq5UA_F6ld7uF148,490042,492138,2096
TheRealBlasiann_UCv7N4IPBum628DzUsWfq5UA_F6ld7uF148_492498_493770.wav,TheRealBlasiann_UCv7N4IPBum628DzUsWfq5UA_F6ld7uF148,492498,493770,1272
TheRealBlasiann_UCv7N4IPBum628DzUsWfq5UA_F6ld7uF148_493882_495338.wav,TheRealBlasiann_UCv7N4IPBum628DzUsWfq5UA_F6ld7uF148,493882,495338,1456
TheRealBlasiann_UCv7N4IPBum628DzUsWfq5UA_F6ld7uF148_495466_500146.wav,TheRealBlasiann_UCv7N4IPBum628DzUsWfq5UA_F6ld7uF148,495466,500146,4680
TheRealBlasiann_UCv7N4IPBum628DzUsWfq5UA_F6ld7uF148_500466_506226.wav,TheRealBlasiann_UCv7N4IPBum628DzUsWfq5UA_F6ld7uF148,500466,506226,5760
TheRealBlasiann_UCv7N4IPBum628DzUsWfq5UA_F6ld7uF148_506354_506906.wav,TheRealBlasiann_UCv7N4IPBum628DzUsWfq5UA_F6ld7uF148,506354,506906,552
TheRealBlasiann_UCv7N4IPBum628DzUsWfq5UA_F6ld7uF148_507154_508930.wav,TheRealBlasiann_UCv7N4IPBum628DzUsWfq5UA_F6ld7uF148,507154,508930,1776
TheRealBlasiann_UCv7N4IPBum628DzUsWfq5UA_F6ld7uF148_509114_515978.wav,TheRealBlasiann_UCv7N4IPBum628DzUsWfq5UA_F6ld7uF148,509114,515978,6864
TheRealBlasiann_UCv7N4IPBum628DzUsWfq5UA_F6ld7uF148_516114_520762.wav,TheRealBlasiann_UCv7N4IPBum628DzUsWfq5UA_F6ld7uF148,516114,520762,4648
TheRealBlasiann_UCv7N4IPBum628DzUsWfq5UA_F6ld7uF148_520906_525946.wav,TheRealBlasiann_UCv7N4IPBum628DzUsWfq5UA_F6ld7uF148,520906,525946,5040
TheRealBlasiann_UCv7N4IPBum628DzUsWfq5UA_F6ld7uF148_526122_528058.wav,TheRealBlasiann_UCv7N4IPBum628DzUsWfq5UA_F6ld7uF148,526122,528058,1936
TheRealBlasiann_UCv7N4IPBum628DzUsWfq5UA_F6ld7uF148_528850_531098.wav,TheRealBlasiann_UCv7N4IPBum628DzUsWfq5UA_F6ld7uF148,528850,531098,2248
TheRealBlasiann_UCv7N4IPBum628DzUsWfq5UA_F6ld7uF148_531218_534234.wav,TheRealBlasiann_UCv7N4IPBum628DzUsWfq5UA_F6ld7uF148,531218,534234,3016
TheRealBlasiann_UCv7N4IPBum628DzUsWfq5UA_F6ld7uF148_534450_542994.wav,TheRealBlasiann_UCv7N4IPBum628DzUsWfq5UA_F6ld7uF148,534450,542994,8544
TheRealBlasiann_UCv7N4IPBum628DzUsWfq5UA_F6ld7uF148_543114_550674.wav,TheRealBlasiann_UCv7N4IPBum628DzUsWfq5UA_F6ld7uF148,543114,550674,7560
TheRealBlasiann_UCv7N4IPBum628DzUsWfq5UA_F6ld7uF148_551162_553186.wav,TheRealBlasiann_UCv7N4IPBum628DzUsWfq5UA_F6ld7uF148,551162,553186,2024
TheRealBlasiann_UCv7N4IPBum628DzUsWfq5UA_F6ld7uF148_553506_553978.wav,TheRealBlasiann_UCv7N4IPBum628DzUsWfq5UA_F6ld7uF148,553506,553978,472
TheRealBlasiann_UCv7N4IPBum628DzUsWfq5UA_F6ld7uF148_554354_562650.wav,TheRealBlasiann_UCv7N4IPBum628DzUsWfq5UA_F6ld7uF148,554354,562650,8296
TheRealBlasiann_UCv7N4IPBum628DzUsWfq5UA_F6ld7uF148_563410_568834.wav,TheRealBlasiann_UCv7N4IPBum628DzUsWfq5UA_F6ld7uF148,563410,568834,5424
TheRealBlasiann_UCv7N4IPBum628DzUsWfq5UA_F6ld7uF148_569474_570682.wav,TheRealBlasiann_UCv7N4IPBum628DzUsWfq5UA_F6ld7uF148,569474,570682,1208
TheRealBlasiann_UCv7N4IPBum628DzUsWfq5UA_F6ld7uF148_570938_580210.wav,TheRealBlasiann_UCv7N4IPBum628DzUsWfq5UA_F6ld7uF148,570938,580210,9272
TheRealBlasiann_UCv7N4IPBum628DzUsWfq5UA_F6ld7uF148_580362_589458.wav,TheRealBlasiann_UCv7N4IPBum628DzUsWfq5UA_F6ld7uF148,580362,589458,9096
TheRealBlasiann_UCv7N4IPBum628DzUsWfq5UA_F6ld7uF148_589858_591330.wav,TheRealBlasiann_UCv7N4IPBum628DzUsWfq5UA_F6ld7uF148,589858,591330,1472
TheRealBlasiann_UCv7N4IPBum628DzUsWfq5UA_F6ld7uF148_591458_596026.wav,TheRealBlasiann_UCv7N4IPBum628DzUsWfq5UA_F6ld7uF148,591458,596026,4568
TheRealBlasiann_UCv7N4IPBum628DzUsWfq5UA_F6ld7uF148_596226_606090.wav,TheRealBlasiann_UCv7N4IPBum628DzUsWfq5UA_F6ld7uF148,596226,606090,9864
TheRealBlasiann_UCv7N4IPBum628DzUsWfq5UA_F6ld7uF148_606810_612058.wav,TheRealBlasiann_UCv7N4IPBum628DzUsWfq5UA_F6ld7uF148,606810,612058,5248
TheRealBlasiann_UCv7N4IPBum628DzUsWfq5UA_F6ld7uF148_612298_613130.wav,TheRealBlasiann_UCv7N4IPBum628DzUsWfq5UA_F6ld7uF148,612298,613130,832
TheRealBlasiann_UCv7N4IPBum628DzUsWfq5UA_F6ld7uF148_613234_614338.wav,TheRealBlasiann_UCv7N4IPBum628DzUsWfq5UA_F6ld7uF148,613234,614338,1104
TheRealBlasiann_UCv7N4IPBum628DzUsWfq5UA_F6ld7uF148_614706_615058.wav,TheRealBlasiann_UCv7N4IPBum628DzUsWfq5UA_F6ld7uF148,614706,615058,352
TheRealBlasiann_UCv7N4IPBum628DzUsWfq5UA_F6ld7uF148_615682_616946.wav,TheRealBlasiann_UCv7N4IPBum628DzUsWfq5UA_F6ld7uF148,615682,616946,1264
TheRealBlasiann_UCv7N4IPBum628DzUsWfq5UA_F6ld7uF148_617106_618690.wav,TheRealBlasiann_UCv7N4IPBum628DzUsWfq5UA_F6ld7uF148,617106,618690,1584
TheRealBlasiann_UCv7N4IPBum628DzUsWfq5UA_F6ld7uF148_618850_620738.wav,TheRealBlasiann_UCv7N4IPBum628DzUsWfq5UA_F6ld7uF148,618850,620738,1888
TheRealBlasiann_UCv7N4IPBum628DzUsWfq5UA_F6ld7uF148_620842_621954.wav,TheRealBlasiann_UCv7N4IPBum628DzUsWfq5UA_F6ld7uF148,620842,621954,1112
TheRealBlasiann_UCv7N4IPBum628DzUsWfq5UA_F6ld7uF148_622090_622490.wav,TheRealBlasiann_UCv7N4IPBum628DzUsWfq5UA_F6ld7uF148,622090,622490,400
TheRealBlasiann_UCv7N4IPBum628DzUsWfq5UA_F6ld7uF148_622698_627890.wav,TheRealBlasiann_UCv7N4IPBum628DzUsWfq5UA_F6ld7uF148,622698,627890,5192
TheRealBlasiann_UCv7N4IPBum628DzUsWfq5UA_F6ld7uF148_628234_629306.wav,TheRealBlasiann_UCv7N4IPBum628DzUsWfq5UA_F6ld7uF148,628234,629306,1072
TheRealBlasiann_UCv7N4IPBum628DzUsWfq5UA_F6ld7uF148_629458_633198.wav,TheRealBlasiann_UCv7N4IPBum628DzUsWfq5UA_F6ld7uF148,629458,633198,3740
TheRealBlasiann_UCv7N4IPBum628DzUsWfq5UA_F6ld7uF148_633726_640214.wav,TheRealBlasiann_UCv7N4IPBum628DzUsWfq5UA_F6ld7uF148,633726,640214,6488
TheRealBlasiann_UCv7N4IPBum628DzUsWfq5UA_F6ld7uF148_640366_641530.wav,TheRealBlasiann_UCv7N4IPBum628DzUsWfq5UA_F6ld7uF148,640366,641530,1164
TheRealBlasiann_UCv7N4IPBum628DzUsWfq5UA_F6ld7uF148_641650_645258.wav,TheRealBlasiann_UCv7N4IPBum628DzUsWfq5UA_F6ld7uF148,641650,645258,3608
TheRealBlasiann_UCv7N4IPBum628DzUsWfq5UA_F6ld7uF148_645562_645806.wav,TheRealBlasiann_UCv7N4IPBum628DzUsWfq5UA_F6ld7uF148,645562,645806,244
TheRealBlasiann_UCv7N4IPBum628DzUsWfq5UA_F6ld7uF148_646022_646406.wav,TheRealBlasiann_UCv7N4IPBum628DzUsWfq5UA_F6ld7uF148,646022,646406,384
TheRealBlasiann_UCv7N4IPBum628DzUsWfq5UA_F6ld7uF148_646534_649542.wav,TheRealBlasiann_UCv7N4IPBum628DzUsWfq5UA_F6ld7uF148,646534,649542,3008
TheRealBlasiann_UCv7N4IPBum628DzUsWfq5UA_F6ld7uF148_649766_650062.wav,TheRealBlasiann_UCv7N4IPBum628DzUsWfq5UA_F6ld7uF148,649766,650062,296
TheRealBlasiann_UCv7N4IPBum628DzUsWfq5UA_F6ld7uF148_650654_652606.wav,TheRealBlasiann_UCv7N4IPBum628DzUsWfq5UA_F6ld7uF148,650654,652606,1952
TheRealBlasiann_UCv7N4IPBum628DzUsWfq5UA_F6ld7uF148_652734_659566.wav,TheRealBlasiann_UCv7N4IPBum628DzUsWfq5UA_F6ld7uF148,652734,659566,6832
TheRealBlasiann_UCv7N4IPBum628DzUsWfq5UA_F6ld7uF148_659806_661638.wav,TheRealBlasiann_UCv7N4IPBum628DzUsWfq5UA_F6ld7uF148,659806,661638,1832
TheRealBlasiann_UCv7N4IPBum628DzUsWfq5UA_F6ld7uF148_661782_665638.wav,TheRealBlasiann_UCv7N4IPBum628DzUsWfq5UA_F6ld7uF148,661782,665638,3856
TheRealBlasiann_UCv7N4IPBum628DzUsWfq5UA_F6ld7uF148_665750_666950.wav,TheRealBlasiann_UCv7N4IPBum628DzUsWfq5UA_F6ld7uF148,665750,666950,1200
TheRealBlasiann_UCv7N4IPBum628DzUsWfq5UA_F6ld7uF148_667214_672550.wav,TheRealBlasiann_UCv7N4IPBum628DzUsWfq5UA_F6ld7uF148,667214,672550,5336
TheRealBlasiann_UCv7N4IPBum628DzUsWfq5UA_F6ld7uF148_673006_673390.wav,TheRealBlasiann_UCv7N4IPBum628DzUsWfq5UA_F6ld7uF148,673006,673390,384
TheRealBlasiann_UCv7N4IPBum628DzUsWfq5UA_F6ld7uF148_673526_678766.wav,TheRealBlasiann_UCv7N4IPBum628DzUsWfq5UA_F6ld7uF148,673526,678766,5240
TheRealBlasiann_UCv7N4IPBum628DzUsWfq5UA_F6ld7uF148_679030_684030.wav,TheRealBlasiann_UCv7N4IPBum628DzUsWfq5UA_F6ld7uF148,679030,684030,5000
TheRealBlasiann_UCv7N4IPBum628DzUsWfq5UA_F6ld7uF148_684358_684638.wav,TheRealBlasiann_UCv7N4IPBum628DzUsWfq5UA_F6ld7uF148,684358,684638,280
TheRealBlasiann_UCv7N4IPBum628DzUsWfq5UA_F6ld7uF148_684926_686246.wav,TheRealBlasiann_UCv7N4IPBum628DzUsWfq5UA_F6ld7uF148,684926,686246,1320
TheRealBlasiann_UCv7N4IPBum628DzUsWfq5UA_F6ld7uF148_686382_687358.wav,TheRealBlasiann_UCv7N4IPBum628DzUsWfq5UA_F6ld7uF148,686382,687358,976
TheRealBlasiann_UCv7N4IPBum628DzUsWfq5UA_F6ld7uF148_687478_689574.wav,TheRealBlasiann_UCv7N4IPBum628DzUsWfq5UA_F6ld7uF148,687478,689574,2096
TheRealBlasiann_UCv7N4IPBum628DzUsWfq5UA_F6ld7uF148_689694_690134.wav,TheRealBlasiann_UCv7N4IPBum628DzUsWfq5UA_F6ld7uF148,689694,690134,440
TheRealBlasiann_UCv7N4IPBum628DzUsWfq5UA_F6ld7uF148_690430_691246.wav,TheRealBlasiann_UCv7N4IPBum628DzUsWfq5UA_F6ld7uF148,690430,691246,816
TheRealBlasiann_UCv7N4IPBum628DzUsWfq5UA_F6ld7uF148_691358_693094.wav,TheRealBlasiann_UCv7N4IPBum628DzUsWfq5UA_F6ld7uF148,691358,693094,1736
TheRealBlasiann_UCv7N4IPBum628DzUsWfq5UA_F6ld7uF148_693798_700134.wav,TheRealBlasiann_UCv7N4IPBum628DzUsWfq5UA_F6ld7uF148,693798,700134,6336
TheRealBlasiann_UCv7N4IPBum628DzUsWfq5UA_F6ld7uF148_700750_710566.wav,TheRealBlasiann_UCv7N4IPBum628DzUsWfq5UA_F6ld7uF148,700750,710566,9816
TheRealBlasiann_UCv7N4IPBum628DzUsWfq5UA_F6ld7uF148_710966_711126.wav,TheRealBlasiann_UCv7N4IPBum628DzUsWfq5UA_F6ld7uF148,710966,711126,160
TheRealBlasiann_UCv7N4IPBum628DzUsWfq5UA_F6ld7uF148_711390_717366.wav,TheRealBlasiann_UCv7N4IPBum628DzUsWfq5UA_F6ld7uF148,711390,717366,5976
TheRealBlasiann_UCv7N4IPBum628DzUsWfq5UA_F6ld7uF148_717598_719662.wav,TheRealBlasiann_UCv7N4IPBum628DzUsWfq5UA_F6ld7uF148,717598,719662,2064
TheRealBlasiann_UCv7N4IPBum628DzUsWfq5UA_F6ld7uF148_720054_721590.wav,TheRealBlasiann_UCv7N4IPBum628DzUsWfq5UA_F6ld7uF148,720054,721590,1536
TheRealBlasiann_UCv7N4IPBum628DzUsWfq5UA_F6ld7uF148_721846_725094.wav,TheRealBlasiann_UCv7N4IPBum628DzUsWfq5UA_F6ld7uF148,721846,725094,3248
TheRealBlasiann_UCv7N4IPBum628DzUsWfq5UA_F6ld7uF148_725254_726702.wav,TheRealBlasiann_UCv7N4IPBum628DzUsWfq5UA_F6ld7uF148,725254,726702,1448
TheRealBlasiann_UCv7N4IPBum628DzUsWfq5UA_F6ld7uF148_726814_729542.wav,TheRealBlasiann_UCv7N4IPBum628DzUsWfq5UA_F6ld7uF148,726814,729542,2728
TheRealBlasiann_UCv7N4IPBum628DzUsWfq5UA_F6ld7uF148_729990_732942.wav,TheRealBlasiann_UCv7N4IPBum628DzUsWfq5UA_F6ld7uF148,729990,732942,2952
TheRealBlasiann_UCv7N4IPBum628DzUsWfq5UA_F6ld7uF148_733246_736630.wav,TheRealBlasiann_UCv7N4IPBum628DzUsWfq5UA_F6ld7uF148,733246,736630,3384
TheRealBlasiann_UCv7N4IPBum628DzUsWfq5UA_F6ld7uF148_736750_737270.wav,TheRealBlasiann_UCv7N4IPBum628DzUsWfq5UA_F6ld7uF148,736750,737270,520
TheRealBlasiann_UCv7N4IPBum628DzUsWfq5UA_F6ld7uF148_737422_739470.wav,TheRealBlasiann_UCv7N4IPBum628DzUsWfq5UA_F6ld7uF148,737422,739470,2048
TheRealBlasiann_UCv7N4IPBum628DzUsWfq5UA_F6ld7uF148_739630_741382.wav,TheRealBlasiann_UCv7N4IPBum628DzUsWfq5UA_F6ld7uF148,739630,741382,1752
TheRealBlasiann_UCv7N4IPBum628DzUsWfq5UA_F6ld7uF148_741574_747478.wav,TheRealBlasiann_UCv7N4IPBum628DzUsWfq5UA_F6ld7uF148,741574,747478,5904
TheRealBlasiann_UCv7N4IPBum628DzUsWfq5UA_F6ld7uF148_747718_749466.wav,TheRealBlasiann_UCv7N4IPBum628DzUsWfq5UA_F6ld7uF148,747718,749466,1748
TheRealBlasiann_UCv7N4IPBum628DzUsWfq5UA_F6ld7uF148_749738_755970.wav,TheRealBlasiann_UCv7N4IPBum628DzUsWfq5UA_F6ld7uF148,749738,755970,6232
TheRealBlasiann_UCv7N4IPBum628DzUsWfq5UA_F6ld7uF148_756338_758286.wav,TheRealBlasiann_UCv7N4IPBum628DzUsWfq5UA_F6ld7uF148,756338,758286,1948
TheRealBlasiann_UCv7N4IPBum628DzUsWfq5UA_F6ld7uF148_758462_765166.wav,TheRealBlasiann_UCv7N4IPBum628DzUsWfq5UA_F6ld7uF148,758462,765166,6704
TheRealBlasiann_UCv7N4IPBum628DzUsWfq5UA_F6ld7uF148_765318_768342.wav,TheRealBlasiann_UCv7N4IPBum628DzUsWfq5UA_F6ld7uF148,765318,768342,3024
TheRealBlasiann_UCv7N4IPBum628DzUsWfq5UA_F6ld7uF148_768510_769382.wav,TheRealBlasiann_UCv7N4IPBum628DzUsWfq5UA_F6ld7uF148,768510,769382,872
TheRealBlasiann_UCv7N4IPBum628DzUsWfq5UA_F6ld7uF148_769590_771170.wav,TheRealBlasiann_UCv7N4IPBum628DzUsWfq5UA_F6ld7uF148,769590,771170,1580
TheRealBlasiann_UCv7N4IPBum628DzUsWfq5UA_F6ld7uF148_772002_772726.wav,TheRealBlasiann_UCv7N4IPBum628DzUsWfq5UA_F6ld7uF148,772002,772726,724
TheRealBlasiann_UCv7N4IPBum628DzUsWfq5UA_F6ld7uF148_772838_776774.wav,TheRealBlasiann_UCv7N4IPBum628DzUsWfq5UA_F6ld7uF148,772838,776774,3936
TheRealBlasiann_UCv7N4IPBum628DzUsWfq5UA_F6ld7uF148_777446_777710.wav,TheRealBlasiann_UCv7N4IPBum628DzUsWfq5UA_F6ld7uF148,777446,777710,264
TheRealBlasiann_UCv7N4IPBum628DzUsWfq5UA_F6ld7uF148_777894_778014.wav,TheRealBlasiann_UCv7N4IPBum628DzUsWfq5UA_F6ld7uF148,777894,778014,120
TheRealBlasiann_UCv7N4IPBum628DzUsWfq5UA_F6ld7uF148_778286_778542.wav,TheRealBlasiann_UCv7N4IPBum628DzUsWfq5UA_F6ld7uF148,778286,778542,256
TheRealBlasiann_UCv7N4IPBum628DzUsWfq5UA_F6ld7uF148_778646_779686.wav,TheRealBlasiann_UCv7N4IPBum628DzUsWfq5UA_F6ld7uF148,778646,779686,1040
TheRealBlasiann_UCv7N4IPBum628DzUsWfq5UA_F6ld7uF148_779990_780110.wav,TheRealBlasiann_UCv7N4IPBum628DzUsWfq5UA_F6ld7uF148,779990,780110,120
TheRealBlasiann_UCv7N4IPBum628DzUsWfq5UA_F6ld7uF148_780502_789978.wav,TheRealBlasiann_UCv7N4IPBum628DzUsWfq5UA_F6ld7uF148,780502,789978,9476
TheRealBlasiann_UCv7N4IPBum628DzUsWfq5UA_F6ld7uF148_791946_801454.wav,TheRealBlasiann_UCv7N4IPBum628DzUsWfq5UA_F6ld7uF148,791946,801454,9508
TheRealBlasiann_UCv7N4IPBum628DzUsWfq5UA_F6ld7uF148_801638_805606.wav,TheRealBlasiann_UCv7N4IPBum628DzUsWfq5UA_F6ld7uF148,801638,805606,3968
TheRealBlasiann_UCv7N4IPBum628DzUsWfq5UA_F6ld7uF148_805822_806298.wav,TheRealBlasiann_UCv7N4IPBum628DzUsWfq5UA_F6ld7uF148,805822,806298,476
TheRealBlasiann_UCv7N4IPBum628DzUsWfq5UA_F6ld7uF148_806810_806954.wav,TheRealBlasiann_UCv7N4IPBum628DzUsWfq5UA_F6ld7uF148,806810,806954,144
TheRealBlasiann_UCv7N4IPBum628DzUsWfq5UA_F6ld7uF148_807694_808118.wav,TheRealBlasiann_UCv7N4IPBum628DzUsWfq5UA_F6ld7uF148,807694,808118,424
TheRealBlasiann_UCv7N4IPBum628DzUsWfq5UA_F6ld7uF148_808254_812254.wav,TheRealBlasiann_UCv7N4IPBum628DzUsWfq5UA_F6ld7uF148,808254,812254,4000
TheRealBlasiann_UCv7N4IPBum628DzUsWfq5UA_F6ld7uF148_812430_815678.wav,TheRealBlasiann_UCv7N4IPBum628DzUsWfq5UA_F6ld7uF148,812430,815678,3248
TheRealBlasiann_UCv7N4IPBum628DzUsWfq5UA_F6ld7uF148_815854_818270.wav,TheRealBlasiann_UCv7N4IPBum628DzUsWfq5UA_F6ld7uF148,815854,818270,2416
TheRealBlasiann_UCv7N4IPBum628DzUsWfq5UA_F6ld7uF148_818374_824150.wav,TheRealBlasiann_UCv7N4IPBum628DzUsWfq5UA_F6ld7uF148,818374,824150,5776
TheRealBlasiann_UCv7N4IPBum628DzUsWfq5UA_F6ld7uF148_824582_825414.wav,TheRealBlasiann_UCv7N4IPBum628DzUsWfq5UA_F6ld7uF148,824582,825414,832
TheRealBlasiann_UCv7N4IPBum628DzUsWfq5UA_F6ld7uF148_825670_825814.wav,TheRealBlasiann_UCv7N4IPBum628DzUsWfq5UA_F6ld7uF148,825670,825814,144
TheRealBlasiann_UCv7N4IPBum628DzUsWfq5UA_F6ld7uF148_826246_831666.wav,TheRealBlasiann_UCv7N4IPBum628DzUsWfq5UA_F6ld7uF148,826246,831666,5420
TheRealBlasiann_UCv7N4IPBum628DzUsWfq5UA_F6ld7uF148_831930_840634.wav,TheRealBlasiann_UCv7N4IPBum628DzUsWfq5UA_F6ld7uF148,831930,840634,8704
TheRealBlasiann_UCv7N4IPBum628DzUsWfq5UA_F6ld7uF148_840762_842458.wav,TheRealBlasiann_UCv7N4IPBum628DzUsWfq5UA_F6ld7uF148,840762,842458,1696
TheRealBlasiann_UCv7N4IPBum628DzUsWfq5UA_F6ld7uF148_842610_845458.wav,TheRealBlasiann_UCv7N4IPBum628DzUsWfq5UA_F6ld7uF148,842610,845458,2848
TheRealBlasiann_UCv7N4IPBum628DzUsWfq5UA_F6ld7uF148_845882_853082.wav,TheRealBlasiann_UCv7N4IPBum628DzUsWfq5UA_F6ld7uF148,845882,853082,7200
TheRealBlasiann_UCv7N4IPBum628DzUsWfq5UA_F6ld7uF148_853362_860786.wav,TheRealBlasiann_UCv7N4IPBum628DzUsWfq5UA_F6ld7uF148,853362,860786,7424
TheRealBlasiann_UCv7N4IPBum628DzUsWfq5UA_F6ld7uF148_861882_866474.wav,TheRealBlasiann_UCv7N4IPBum628DzUsWfq5UA_F6ld7uF148,861882,866474,4592
TheRealBlasiann_UCv7N4IPBum628DzUsWfq5UA_F6ld7uF148_866922_871542.wav,TheRealBlasiann_UCv7N4IPBum628DzUsWfq5UA_F6ld7uF148,866922,871542,4620
TheRealBlasiann_UCv7N4IPBum628DzUsWfq5UA_F6ld7uF148_871806_875702.wav,TheRealBlasiann_UCv7N4IPBum628DzUsWfq5UA_F6ld7uF148,871806,875702,3896
TheRealBlasiann_UCv7N4IPBum628DzUsWfq5UA_F6ld7uF148_875822_879262.wav,TheRealBlasiann_UCv7N4IPBum628DzUsWfq5UA_F6ld7uF148,875822,879262,3440
TheRealBlasiann_UCv7N4IPBum628DzUsWfq5UA_F6ld7uF148_879526_880278.wav,TheRealBlasiann_UCv7N4IPBum628DzUsWfq5UA_F6ld7uF148,879526,880278,752
TheRealBlasiann_UCv7N4IPBum628DzUsWfq5UA_F6ld7uF148_880454_884298.wav,TheRealBlasiann_UCv7N4IPBum628DzUsWfq5UA_F6ld7uF148,880454,884298,3844
TheRealBlasiann_UCv7N4IPBum628DzUsWfq5UA_F6ld7uF148_884610_886106.wav,TheRealBlasiann_UCv7N4IPBum628DzUsWfq5UA_F6ld7uF148,884610,886106,1496
TheRealBlasiann_UCv7N4IPBum628DzUsWfq5UA_F6ld7uF148_886930_887450.wav,TheRealBlasiann_UCv7N4IPBum628DzUsWfq5UA_F6ld7uF148,886930,887450,520
TheRealBlasiann_UCv7N4IPBum628DzUsWfq5UA_F6ld7uF148_887610_891410.wav,TheRealBlasiann_UCv7N4IPBum628DzUsWfq5UA_F6ld7uF148,887610,891410,3800
TheRealBlasiann_UCv7N4IPBum628DzUsWfq5UA_F6ld7uF148_891874_898634.wav,TheRealBlasiann_UCv7N4IPBum628DzUsWfq5UA_F6ld7uF148,891874,898634,6760
TheRealBlasiann_UCv7N4IPBum628DzUsWfq5UA_F6ld7uF148_898786_900306.wav,TheRealBlasiann_UCv7N4IPBum628DzUsWfq5UA_F6ld7uF148,898786,900306,1520
TheRealBlasiann_UCv7N4IPBum628DzUsWfq5UA_F6ld7uF148_900546_900690.wav,TheRealBlasiann_UCv7N4IPBum628DzUsWfq5UA_F6ld7uF148,900546,900690,144
TheRealBlasiann_UCv7N4IPBum628DzUsWfq5UA_F6ld7uF148_901026_902906.wav,TheRealBlasiann_UCv7N4IPBum628DzUsWfq5UA_F6ld7uF148,901026,902906,1880
TheRealBlasiann_UCv7N4IPBum628DzUsWfq5UA_F6ld7uF148_903050_903170.wav,TheRealBlasiann_UCv7N4IPBum628DzUsWfq5UA_F6ld7uF148,903050,903170,120
TheRealBlasiann_UCv7N4IPBum628DzUsWfq5UA_F6ld7uF148_903314_904650.wav,TheRealBlasiann_UCv7N4IPBum628DzUsWfq5UA_F6ld7uF148,903314,904650,1336
TheRealBlasiann_UCv7N4IPBum628DzUsWfq5UA_F6ld7uF148_904778_905638.wav,TheRealBlasiann_UCv7N4IPBum628DzUsWfq5UA_F6ld7uF148,904778,905638,860
TheRealBlasiann_UCv7N4IPBum628DzUsWfq5UA_F6ld7uF148_905790_911712.wav,TheRealBlasiann_UCv7N4IPBum628DzUsWfq5UA_F6ld7uF148,905790,911712,5922
TheRealBlasiann_UCv7N4IPBum628DzUsWfq5UA_F6ld7uF148_912072_915904.wav,TheRealBlasiann_UCv7N4IPBum628DzUsWfq5UA_F6ld7uF148,912072,915904,3832
TheRealBlasiann_UCv7N4IPBum628DzUsWfq5UA_F6ld7uF148_916264_923536.wav,TheRealBlasiann_UCv7N4IPBum628DzUsWfq5UA_F6ld7uF148,916264,923536,7272
TheRealBlasiann_UCv7N4IPBum628DzUsWfq5UA_F6ld7uF148_923880_925432.wav,TheRealBlasiann_UCv7N4IPBum628DzUsWfq5UA_F6ld7uF148,923880,925432,1552
TheRealBlasiann_UCv7N4IPBum628DzUsWfq5UA_F6ld7uF148_925736_927848.wav,TheRealBlasiann_UCv7N4IPBum628DzUsWfq5UA_F6ld7uF148,925736,927848,2112
TheRealBlasiann_UCv7N4IPBum628DzUsWfq5UA_F6ld7uF148_928538_931858.wav,TheRealBlasiann_UCv7N4IPBum628DzUsWfq5UA_F6ld7uF148,928538,931858,3320
TheRealBlasiann_UCv7N4IPBum628DzUsWfq5UA_F6ld7uF148_932770_933330.wav,TheRealBlasiann_UCv7N4IPBum628DzUsWfq5UA_F6ld7uF148,932770,933330,560
TheRealBlasiann_UCv7N4IPBum628DzUsWfq5UA_F6ld7uF148_933434_934954.wav,TheRealBlasiann_UCv7N4IPBum628DzUsWfq5UA_F6ld7uF148,933434,934954,1520
TheRealBlasiann_UCv7N4IPBum628DzUsWfq5UA_F6ld7uF148_935114_937578.wav,TheRealBlasiann_UCv7N4IPBum628DzUsWfq5UA_F6ld7uF148,935114,937578,2464
TheRealBlasiann_UCv7N4IPBum628DzUsWfq5UA_F6ld7uF148_937722_939306.wav,TheRealBlasiann_UCv7N4IPBum628DzUsWfq5UA_F6ld7uF148,937722,939306,1584
TheRealBlasiann_UCv7N4IPBum628DzUsWfq5UA_F6ld7uF148_939426_942322.wav,TheRealBlasiann_UCv7N4IPBum628DzUsWfq5UA_F6ld7uF148,939426,942322,2896
TheRealBlasiann_UCv7N4IPBum628DzUsWfq5UA_F6ld7uF148_942698_945314.wav,TheRealBlasiann_UCv7N4IPBum628DzUsWfq5UA_F6ld7uF148,942698,945314,2616
TheRealBlasiann_UCv7N4IPBum628DzUsWfq5UA_F6ld7uF148_945434_945986.wav,TheRealBlasiann_UCv7N4IPBum628DzUsWfq5UA_F6ld7uF148,945434,945986,552
TheRealBlasiann_UCv7N4IPBum628DzUsWfq5UA_F6ld7uF148_946538_949226.wav,TheRealBlasiann_UCv7N4IPBum628DzUsWfq5UA_F6ld7uF148,946538,949226,2688
TheRealBlasiann_UCv7N4IPBum628DzUsWfq5UA_F6ld7uF148_949482_955646.wav,TheRealBlasiann_UCv7N4IPBum628DzUsWfq5UA_F6ld7uF148,949482,955646,6164
TheRealBlasiann_UCv7N4IPBum628DzUsWfq5UA_F6ld7uF148_955798_956350.wav,TheRealBlasiann_UCv7N4IPBum628DzUsWfq5UA_F6ld7uF148,955798,956350,552
TheRealBlasiann_UCv7N4IPBum628DzUsWfq5UA_F6ld7uF148_956494_957494.wav,TheRealBlasiann_UCv7N4IPBum628DzUsWfq5UA_F6ld7uF148,956494,957494,1000
TheRealBlasiann_UCv7N4IPBum628DzUsWfq5UA_F6ld7uF148_957654_960062.wav,TheRealBlasiann_UCv7N4IPBum628DzUsWfq5UA_F6ld7uF148,957654,960062,2408
TheRealBlasiann_UCv7N4IPBum628DzUsWfq5UA_F6ld7uF148_960198_968014.wav,TheRealBlasiann_UCv7N4IPBum628DzUsWfq5UA_F6ld7uF148,960198,968014,7816
TheRealBlasiann_UCv7N4IPBum628DzUsWfq5UA_F6ld7uF148_968142_975170.wav,TheRealBlasiann_UCv7N4IPBum628DzUsWfq5UA_F6ld7uF148,968142,975170,7028
TheRealBlasiann_UCv7N4IPBum628DzUsWfq5UA_F6ld7uF148_975530_978258.wav,TheRealBlasiann_UCv7N4IPBum628DzUsWfq5UA_F6ld7uF148,975530,978258,2728
TheRealBlasiann_UCv7N4IPBum628DzUsWfq5UA_F6ld7uF148_978754_987730.wav,TheRealBlasiann_UCv7N4IPBum628DzUsWfq5UA_F6ld7uF148,978754,987730,8976
TheRealBlasiann_UCv7N4IPBum628DzUsWfq5UA_F6ld7uF148_987986_988294.wav,TheRealBlasiann_UCv7N4IPBum628DzUsWfq5UA_F6ld7uF148,987986,988294,308
TheRealBlasiann_UCv7N4IPBum628DzUsWfq5UA_F6ld7uF148_988446_994750.wav,TheRealBlasiann_UCv7N4IPBum628DzUsWfq5UA_F6ld7uF148,988446,994750,6304
TheRealBlasiann_UCv7N4IPBum628DzUsWfq5UA_F6ld7uF148_994910_1000310.wav,TheRealBlasiann_UCv7N4IPBum628DzUsWfq5UA_F6ld7uF148,994910,1000310,5400
TheRealBlasiann_UCv7N4IPBum628DzUsWfq5UA_F6ld7uF148_1000454_1004446.wav,TheRealBlasiann_UCv7N4IPBum628DzUsWfq5UA_F6ld7uF148,1000454,1004446,3992
TheRealBlasiann_UCv7N4IPBum628DzUsWfq5UA_F6ld7uF148_1004974_1005694.wav,TheRealBlasiann_UCv7N4IPBum628DzUsWfq5UA_F6ld7uF148,1004974,1005694,720
TheRealBlasiann_UCv7N4IPBum628DzUsWfq5UA_F6ld7uF148_1005878_1007470.wav,TheRealBlasiann_UCv7N4IPBum628DzUsWfq5UA_F6ld7uF148,1005878,1007470,1592
TheRealBlasiann_UCv7N4IPBum628DzUsWfq5UA_F6ld7uF148_1007598_1015302.wav,TheRealBlasiann_UCv7N4IPBum628DzUsWfq5UA_F6ld7uF148,1007598,1015302,7704
TheRealBlasiann_UCv7N4IPBum628DzUsWfq5UA_F6ld7uF148_1016130_1018946.wav,TheRealBlasiann_UCv7N4IPBum628DzUsWfq5UA_F6ld7uF148,1016130,1018946,2816
TheRealBlasiann_UCv7N4IPBum628DzUsWfq5UA_F6ld7uF148_1019402_1028342.wav,TheRealBlasiann_UCv7N4IPBum628DzUsWfq5UA_F6ld7uF148,1019402,1028342,8940
TheRealBlasiann_UCv7N4IPBum628DzUsWfq5UA_F6ld7uF148_1028854_1029326.wav,TheRealBlasiann_UCv7N4IPBum628DzUsWfq5UA_F6ld7uF148,1028854,1029326,472
TheRealBlasiann_UCv7N4IPBum628DzUsWfq5UA_F6ld7uF148_1029670_1030222.wav,TheRealBlasiann_UCv7N4IPBum628DzUsWfq5UA_F6ld7uF148,1029670,1030222,552
TheRealBlasiann_UCv7N4IPBum628DzUsWfq5UA_F6ld7uF148_1030350_1035678.wav,TheRealBlasiann_UCv7N4IPBum628DzUsWfq5UA_F6ld7uF148,1030350,1035678,5328
TheRealBlasiann_UCv7N4IPBum628DzUsWfq5UA_F6ld7uF148_1036070_1036830.wav,TheRealBlasiann_UCv7N4IPBum628DzUsWfq5UA_F6ld7uF148,1036070,1036830,760
TheRealBlasiann_UCv7N4IPBum628DzUsWfq5UA_F6ld7uF148_1036942_1037498.wav,TheRealBlasiann_UCv7N4IPBum628DzUsWfq5UA_F6ld7uF148,1036942,1037498,556
TheRealBlasiann_UCv7N4IPBum628DzUsWfq5UA_F6ld7uF148_1037834_1041122.wav,TheRealBlasiann_UCv7N4IPBum628DzUsWfq5UA_F6ld7uF148,1037834,1041122,3288
TheRealBlasiann_UCv7N4IPBum628DzUsWfq5UA_F6ld7uF148_1041378_1041682.wav,TheRealBlasiann_UCv7N4IPBum628DzUsWfq5UA_F6ld7uF148,1041378,1041682,304
TheRealBlasiann_UCv7N4IPBum628DzUsWfq5UA_F6ld7uF148_1041858_1042498.wav,TheRealBlasiann_UCv7N4IPBum628DzUsWfq5UA_F6ld7uF148,1041858,1042498,640
TheRealBlasiann_UCv7N4IPBum628DzUsWfq5UA_F6ld7uF148_1043450_1047798.wav,TheRealBlasiann_UCv7N4IPBum628DzUsWfq5UA_F6ld7uF148,1043450,1047798,4348
TheRealBlasiann_UCv7N4IPBum628DzUsWfq5UA_F6ld7uF148_1047990_1056106.wav,TheRealBlasiann_UCv7N4IPBum628DzUsWfq5UA_F6ld7uF148,1047990,1056106,8116
TheRealBlasiann_UCv7N4IPBum628DzUsWfq5UA_F6ld7uF148_1056234_1057802.wav,TheRealBlasiann_UCv7N4IPBum628DzUsWfq5UA_F6ld7uF148,1056234,1057802,1568
TheRealBlasiann_UCv7N4IPBum628DzUsWfq5UA_F6ld7uF148_1058186_1062234.wav,TheRealBlasiann_UCv7N4IPBum628DzUsWfq5UA_F6ld7uF148,1058186,1062234,4048
TheRealBlasiann_UCv7N4IPBum628DzUsWfq5UA_F6ld7uF148_1062610_1067690.wav,TheRealBlasiann_UCv7N4IPBum628DzUsWfq5UA_F6ld7uF148,1062610,1067690,5080
TheRealBlasiann_UCv7N4IPBum628DzUsWfq5UA_F6ld7uF148_1068170_1078082.wav,TheRealBlasiann_UCv7N4IPBum628DzUsWfq5UA_F6ld7uF148,1068170,1078082,9912
TheRealBlasiann_UCv7N4IPBum628DzUsWfq5UA_F6ld7uF148_1078386_1078586.wav,TheRealBlasiann_UCv7N4IPBum628DzUsWfq5UA_F6ld7uF148,1078386,1078586,200
TheRealBlasiann_UCv7N4IPBum628DzUsWfq5UA_F6ld7uF148_1078698_1080418.wav,TheRealBlasiann_UCv7N4IPBum628DzUsWfq5UA_F6ld7uF148,1078698,1080418,1720
TheRealBlasiann_UCv7N4IPBum628DzUsWfq5UA_F6ld7uF148_1080578_1089178.wav,TheRealBlasiann_UCv7N4IPBum628DzUsWfq5UA_F6ld7uF148,1080578,1089178,8600
TheRealBlasiann_UCv7N4IPBum628DzUsWfq5UA_F6ld7uF148_1089386_1093186.wav,TheRealBlasiann_UCv7N4IPBum628DzUsWfq5UA_F6ld7uF148,1089386,1093186,3800
TheRealBlasiann_UCv7N4IPBum628DzUsWfq5UA_F6ld7uF148_1093546_1095106.wav,TheRealBlasiann_UCv7N4IPBum628DzUsWfq5UA_F6ld7uF148,1093546,1095106,1560
TheRealBlasiann_UCv7N4IPBum628DzUsWfq5UA_F6ld7uF148_1095862_1096046.wav,TheRealBlasiann_UCv7N4IPBum628DzUsWfq5UA_F6ld7uF148,1095862,1096046,184
TheRealBlasiann_UCv7N4IPBum628DzUsWfq5UA_F6ld7uF148_1096534_1102958.wav,TheRealBlasiann_UCv7N4IPBum628DzUsWfq5UA_F6ld7uF148,1096534,1102958,6424
TheRealBlasiann_UCv7N4IPBum628DzUsWfq5UA_F6ld7uF148_1103102_1103622.wav,TheRealBlasiann_UCv7N4IPBum628DzUsWfq5UA_F6ld7uF148,1103102,1103622,520
TheRealBlasiann_UCv7N4IPBum628DzUsWfq5UA_F6ld7uF148_1103886_1104862.wav,TheRealBlasiann_UCv7N4IPBum628DzUsWfq5UA_F6ld7uF148,1103886,1104862,976
TheRealBlasiann_UCv7N4IPBum628DzUsWfq5UA_F6ld7uF148_1104990_1110990.wav,TheRealBlasiann_UCv7N4IPBum628DzUsWfq5UA_F6ld7uF148,1104990,1110990,6000
TheRealBlasiann_UCv7N4IPBum628DzUsWfq5UA_F6ld7uF148_1111350_1112190.wav,TheRealBlasiann_UCv7N4IPBum628DzUsWfq5UA_F6ld7uF148,1111350,1112190,840
TheRealBlasiann_UCv7N4IPBum628DzUsWfq5UA_F6ld7uF148_1112374_1113030.wav,TheRealBlasiann_UCv7N4IPBum628DzUsWfq5UA_F6ld7uF148,1112374,1113030,656
TheRealBlasiann_UCv7N4IPBum628DzUsWfq5UA_F6ld7uF148_1114298_1118914.wav,TheRealBlasiann_UCv7N4IPBum628DzUsWfq5UA_F6ld7uF148,1114298,1118914,4616
TheRealBlasiann_UCv7N4IPBum628DzUsWfq5UA_F6ld7uF148_1119402_1121710.wav,TheRealBlasiann_UCv7N4IPBum628DzUsWfq5UA_F6ld7uF148,1119402,1121710,2308
TheRealBlasiann_UCv7N4IPBum628DzUsWfq5UA_F6ld7uF148_1121830_1123918.wav,TheRealBlasiann_UCv7N4IPBum628DzUsWfq5UA_F6ld7uF148,1121830,1123918,2088
TheRealBlasiann_UCv7N4IPBum628DzUsWfq5UA_F6ld7uF148_1124070_1129738.wav,TheRealBlasiann_UCv7N4IPBum628DzUsWfq5UA_F6ld7uF148,1124070,1129738,5668
TheRealBlasiann_UCv7N4IPBum628DzUsWfq5UA_F6ld7uF148_1130090_1132746.wav,TheRealBlasiann_UCv7N4IPBum628DzUsWfq5UA_F6ld7uF148,1130090,1132746,2656
TheRealBlasiann_UCv7N4IPBum628DzUsWfq5UA_F6ld7uF148_1133266_1135106.wav,TheRealBlasiann_UCv7N4IPBum628DzUsWfq5UA_F6ld7uF148,1133266,1135106,1840
TheRealBlasiann_UCv7N4IPBum628DzUsWfq5UA_F6ld7uF148_1135298_1141946.wav,TheRealBlasiann_UCv7N4IPBum628DzUsWfq5UA_F6ld7uF148,1135298,1141946,6648
TheRealBlasiann_UCv7N4IPBum628DzUsWfq5UA_F6ld7uF148_1142178_1142746.wav,TheRealBlasiann_UCv7N4IPBum628DzUsWfq5UA_F6ld7uF148,1142178,1142746,568
TheRealBlasiann_UCv7N4IPBum628DzUsWfq5UA_F6ld7uF148_1143570_1143762.wav,TheRealBlasiann_UCv7N4IPBum628DzUsWfq5UA_F6ld7uF148,1143570,1143762,192
TheRealBlasiann_UCv7N4IPBum628DzUsWfq5UA_F6ld7uF148_1144162_1144594.wav,TheRealBlasiann_UCv7N4IPBum628DzUsWfq5UA_F6ld7uF148,1144162,1144594,432
TheRealBlasiann_UCv7N4IPBum628DzUsWfq5UA_F6ld7uF148_1144746_1148306.wav,TheRealBlasiann_UCv7N4IPBum628DzUsWfq5UA_F6ld7uF148,1144746,1148306,3560
TheRealBlasiann_UCv7N4IPBum628DzUsWfq5UA_F6ld7uF148_1148554_1152066.wav,TheRealBlasiann_UCv7N4IPBum628DzUsWfq5UA_F6ld7uF148,1148554,1152066,3512
TheRealBlasiann_UCv7N4IPBum628DzUsWfq5UA_F6ld7uF148_1152466_1158386.wav,TheRealBlasiann_UCv7N4IPBum628DzUsWfq5UA_F6ld7uF148,1152466,1158386,5920
TheRealBlasiann_UCv7N4IPBum628DzUsWfq5UA_F6ld7uF148_1158914_1162954.wav,TheRealBlasiann_UCv7N4IPBum628DzUsWfq5UA_F6ld7uF148,1158914,1162954,4040
TheRealBlasiann_UCv7N4IPBum628DzUsWfq5UA_F6ld7uF148_1163138_1163426.wav,TheRealBlasiann_UCv7N4IPBum628DzUsWfq5UA_F6ld7uF148,1163138,1163426,288
TheRealBlasiann_UCv7N4IPBum628DzUsWfq5UA_F6ld7uF148_1164282_1165066.wav,TheRealBlasiann_UCv7N4IPBum628DzUsWfq5UA_F6ld7uF148,1164282,1165066,784
TheRealBlasiann_UCv7N4IPBum628DzUsWfq5UA_F6ld7uF148_1166082_1168834.wav,TheRealBlasiann_UCv7N4IPBum628DzUsWfq5UA_F6ld7uF148,1166082,1168834,2752
TheRealBlasiann_UCv7N4IPBum628DzUsWfq5UA_F6ld7uF148_1169418_1170282.wav,TheRealBlasiann_UCv7N4IPBum628DzUsWfq5UA_F6ld7uF148,1169418,1170282,864
TheRealBlasiann_UCv7N4IPBum628DzUsWfq5UA_F6ld7uF148_1170650_1172074.wav,TheRealBlasiann_UCv7N4IPBum628DzUsWfq5UA_F6ld7uF148,1170650,1172074,1424
TheRealBlasiann_UCv7N4IPBum628DzUsWfq5UA_F6ld7uF148_1172690_1173922.wav,TheRealBlasiann_UCv7N4IPBum628DzUsWfq5UA_F6ld7uF148,1172690,1173922,1232
TheRealBlasiann_UCv7N4IPBum628DzUsWfq5UA_F6ld7uF148_1174546_1183874.wav,TheRealBlasiann_UCv7N4IPBum628DzUsWfq5UA_F6ld7uF148,1174546,1183874,9328
TheRealBlasiann_UCv7N4IPBum628DzUsWfq5UA_F6ld7uF148_1184570_1184986.wav,TheRealBlasiann_UCv7N4IPBum628DzUsWfq5UA_F6ld7uF148,1184570,1184986,416
TheRealBlasiann_UCv7N4IPBum628DzUsWfq5UA_F6ld7uF148_1185474_1186802.wav,TheRealBlasiann_UCv7N4IPBum628DzUsWfq5UA_F6ld7uF148,1185474,1186802,1328
TheRealBlasiann_UCv7N4IPBum628DzUsWfq5UA_F6ld7uF148_1186994_1194914.wav,TheRealBlasiann_UCv7N4IPBum628DzUsWfq5UA_F6ld7uF148,1186994,1194914,7920
TheRealBlasiann_UCv7N4IPBum628DzUsWfq5UA_F6ld7uF148_1195042_1196202.wav,TheRealBlasiann_UCv7N4IPBum628DzUsWfq5UA_F6ld7uF148,1195042,1196202,1160
TheRealBlasiann_UCv7N4IPBum628DzUsWfq5UA_F6ld7uF148_1196898_1199922.wav,TheRealBlasiann_UCv7N4IPBum628DzUsWfq5UA_F6ld7uF148,1196898,1199922,3024
TheRealBlasiann_UCv7N4IPBum628DzUsWfq5UA_F6ld7uF148_1200250_1200378.wav,TheRealBlasiann_UCv7N4IPBum628DzUsWfq5UA_F6ld7uF148,1200250,1200378,128
TheRealBlasiann_UCv7N4IPBum628DzUsWfq5UA_F6ld7uF148_1201182_1201374.wav,TheRealBlasiann_UCv7N4IPBum628DzUsWfq5UA_F6ld7uF148,1201182,1201374,192
TheRealBlasiann_UCv7N4IPBum628DzUsWfq5UA_F6ld7uF148_1201870_1204734.wav,TheRealBlasiann_UCv7N4IPBum628DzUsWfq5UA_F6ld7uF148,1201870,1204734,2864
TheRealBlasiann_UCv7N4IPBum628DzUsWfq5UA_F6ld7uF148_1204862_1205374.wav,TheRealBlasiann_UCv7N4IPBum628DzUsWfq5UA_F6ld7uF148,1204862,1205374,512
TheRealBlasiann_UCv7N4IPBum628DzUsWfq5UA_F6ld7uF148_1205550_1208174.wav,TheRealBlasiann_UCv7N4IPBum628DzUsWfq5UA_F6ld7uF148,1205550,1208174,2624
TheRealBlasiann_UCv7N4IPBum628DzUsWfq5UA_F6ld7uF148_1208470_1211662.wav,TheRealBlasiann_UCv7N4IPBum628DzUsWfq5UA_F6ld7uF148,1208470,1211662,3192
TheRealBlasiann_UCv7N4IPBum628DzUsWfq5UA_F6ld7uF148_1211798_1213254.wav,TheRealBlasiann_UCv7N4IPBum628DzUsWfq5UA_F6ld7uF148,1211798,1213254,1456
TheRealBlasiann_UCv7N4IPBum628DzUsWfq5UA_F6ld7uF148_1213374_1216750.wav,TheRealBlasiann_UCv7N4IPBum628DzUsWfq5UA_F6ld7uF148,1213374,1216750,3376
TheRealBlasiann_UCv7N4IPBum628DzUsWfq5UA_F6ld7uF148_1216878_1217678.wav,TheRealBlasiann_UCv7N4IPBum628DzUsWfq5UA_F6ld7uF148,1216878,1217678,800
TheRealBlasiann_UCv7N4IPBum628DzUsWfq5UA_F6ld7uF148_1217790_1218446.wav,TheRealBlasiann_UCv7N4IPBum628DzUsWfq5UA_F6ld7uF148,1217790,1218446,656
TheRealBlasiann_UCv7N4IPBum628DzUsWfq5UA_F6ld7uF148_1218654_1222742.wav,TheRealBlasiann_UCv7N4IPBum628DzUsWfq5UA_F6ld7uF148,1218654,1222742,4088
TheRealBlasiann_UCv7N4IPBum628DzUsWfq5UA_F6ld7uF148_1223286_1225770.wav,TheRealBlasiann_UCv7N4IPBum628DzUsWfq5UA_F6ld7uF148,1223286,1225770,2484
TheRealBlasiann_UCv7N4IPBum628DzUsWfq5UA_F6ld7uF148_1226538_1228650.wav,TheRealBlasiann_UCv7N4IPBum628DzUsWfq5UA_F6ld7uF148,1226538,1228650,2112
TheRealBlasiann_UCv7N4IPBum628DzUsWfq5UA_F6ld7uF148_1228882_1234726.wav,TheRealBlasiann_UCv7N4IPBum628DzUsWfq5UA_F6ld7uF148,1228882,1234726,5844
TheRealBlasiann_UCv7N4IPBum628DzUsWfq5UA_F6ld7uF148_1235166_1236366.wav,TheRealBlasiann_UCv7N4IPBum628DzUsWfq5UA_F6ld7uF148,1235166,1236366,1200
TheRealBlasiann_UCv7N4IPBum628DzUsWfq5UA_F6ld7uF148_1236750_1246150.wav,TheRealBlasiann_UCv7N4IPBum628DzUsWfq5UA_F6ld7uF148,1236750,1246150,9400
TheRealBlasiann_UCv7N4IPBum628DzUsWfq5UA_F6ld7uF148_1246526_1249950.wav,TheRealBlasiann_UCv7N4IPBum628DzUsWfq5UA_F6ld7uF148,1246526,1249950,3424
TheRealBlasiann_UCv7N4IPBum628DzUsWfq5UA_F6ld7uF148_1250158_1250942.wav,TheRealBlasiann_UCv7N4IPBum628DzUsWfq5UA_F6ld7uF148,1250158,1250942,784
TheRealBlasiann_UCv7N4IPBum628DzUsWfq5UA_F6ld7uF148_1251486_1259880.wav,TheRealBlasiann_UCv7N4IPBum628DzUsWfq5UA_F6ld7uF148,1251486,1259880,8394
TheRealBlasiann_UCv7N4IPBum628DzUsWfq5UA_F6ld7uF148_1260096_1261464.wav,TheRealBlasiann_UCv7N4IPBum628DzUsWfq5UA_F6ld7uF148,1260096,1261464,1368
TheRealBlasiann_UCv7N4IPBum628DzUsWfq5UA_F6ld7uF148_1261858_1269618.wav,TheRealBlasiann_UCv7N4IPBum628DzUsWfq5UA_F6ld7uF148,1261858,1269618,7760
TheRealBlasiann_UCv7N4IPBum628DzUsWfq5UA_F6ld7uF148_1269842_1270194.wav,TheRealBlasiann_UCv7N4IPBum628DzUsWfq5UA_F6ld7uF148,1269842,1270194,352
TheRealBlasiann_UCv7N4IPBum628DzUsWfq5UA_F6ld7uF148_1270378_1273314.wav,TheRealBlasiann_UCv7N4IPBum628DzUsWfq5UA_F6ld7uF148,1270378,1273314,2936
TheRealBlasiann_UCv7N4IPBum628DzUsWfq5UA_F6ld7uF148_1273522_1273946.wav,TheRealBlasiann_UCv7N4IPBum628DzUsWfq5UA_F6ld7uF148,1273522,1273946,424
TheRealBlasiann_UCv7N4IPBum628DzUsWfq5UA_F6ld7uF148_1274514_1278010.wav,TheRealBlasiann_UCv7N4IPBum628DzUsWfq5UA_F6ld7uF148,1274514,1278010,3496
TheRealBlasiann_UCv7N4IPBum628DzUsWfq5UA_F6ld7uF148_1278314_1280362.wav,TheRealBlasiann_UCv7N4IPBum628DzUsWfq5UA_F6ld7uF148,1278314,1280362,2048
TheRealBlasiann_UCv7N4IPBum628DzUsWfq5UA_F6ld7uF148_1280906_1281258.wav,TheRealBlasiann_UCv7N4IPBum628DzUsWfq5UA_F6ld7uF148,1280906,1281258,352
TheRealBlasiann_UCv7N4IPBum628DzUsWfq5UA_F6ld7uF148_1281578_1282554.wav,TheRealBlasiann_UCv7N4IPBum628DzUsWfq5UA_F6ld7uF148,1281578,1282554,976
TheRealBlasiann_UCv7N4IPBum628DzUsWfq5UA_F6ld7uF148_1284306_1284634.wav,TheRealBlasiann_UCv7N4IPBum628DzUsWfq5UA_F6ld7uF148,1284306,1284634,328
TheRealBlasiann_UCv7N4IPBum628DzUsWfq5UA_F6ld7uF148_1285786_1288126.wav,TheRealBlasiann_UCv7N4IPBum628DzUsWfq5UA_F6ld7uF148,1285786,1288126,2340
TheRealBlasiann_UCv7N4IPBum628DzUsWfq5UA_F6ld7uF148_1288742_1293590.wav,TheRealBlasiann_UCv7N4IPBum628DzUsWfq5UA_F6ld7uF148,1288742,1293590,4848
TheRealBlasiann_UCv7N4IPBum628DzUsWfq5UA_F6ld7uF148_1293694_1293854.wav,TheRealBlasiann_UCv7N4IPBum628DzUsWfq5UA_F6ld7uF148,1293694,1293854,160
TheRealBlasiann_UCv7N4IPBum628DzUsWfq5UA_F6ld7uF148_1294046_1300326.wav,TheRealBlasiann_UCv7N4IPBum628DzUsWfq5UA_F6ld7uF148,1294046,1300326,6280
TheRealBlasiann_UCv7N4IPBum628DzUsWfq5UA_F6ld7uF148_1300430_1305246.wav,TheRealBlasiann_UCv7N4IPBum628DzUsWfq5UA_F6ld7uF148,1300430,1305246,4816
TheRealBlasiann_UCv7N4IPBum628DzUsWfq5UA_F6ld7uF148_1305414_1310238.wav,TheRealBlasiann_UCv7N4IPBum628DzUsWfq5UA_F6ld7uF148,1305414,1310238,4824
TheRealBlasiann_UCv7N4IPBum628DzUsWfq5UA_F6ld7uF148_1310374_1317582.wav,TheRealBlasiann_UCv7N4IPBum628DzUsWfq5UA_F6ld7uF148,1310374,1317582,7208
TheRealBlasiann_UCv7N4IPBum628DzUsWfq5UA_F6ld7uF148_1317862_1319366.wav,TheRealBlasiann_UCv7N4IPBum628DzUsWfq5UA_F6ld7uF148,1317862,1319366,1504
TheRealBlasiann_UCv7N4IPBum628DzUsWfq5UA_F6ld7uF148_1319470_1319646.wav,TheRealBlasiann_UCv7N4IPBum628DzUsWfq5UA_F6ld7uF148,1319470,1319646,176
TheRealBlasiann_UCv7N4IPBum628DzUsWfq5UA_F6ld7uF148_1319934_1323270.wav,TheRealBlasiann_UCv7N4IPBum628DzUsWfq5UA_F6ld7uF148,1319934,1323270,3336
TheRealBlasiann_UCv7N4IPBum628DzUsWfq5UA_F6ld7uF148_1323622_1327414.wav,TheRealBlasiann_UCv7N4IPBum628DzUsWfq5UA_F6ld7uF148,1323622,1327414,3792
TheRealBlasiann_UCv7N4IPBum628DzUsWfq5UA_F6ld7uF148_1327518_1328734.wav,TheRealBlasiann_UCv7N4IPBum628DzUsWfq5UA_F6ld7uF148,1327518,1328734,1216
TheRealBlasiann_UCv7N4IPBum628DzUsWfq5UA_F6ld7uF148_1328942_1329298.wav,TheRealBlasiann_UCv7N4IPBum628DzUsWfq5UA_F6ld7uF148,1328942,1329298,356
TheRealBlasiann_UCv7N4IPBum628DzUsWfq5UA_F6ld7uF148_1329618_1334226.wav,TheRealBlasiann_UCv7N4IPBum628DzUsWfq5UA_F6ld7uF148,1329618,1334226,4608
TheRealBlasiann_UCv7N4IPBum628DzUsWfq5UA_F6ld7uF148_1334498_1343938.wav,TheRealBlasiann_UCv7N4IPBum628DzUsWfq5UA_F6ld7uF148,1334498,1343938,9440
TheRealBlasiann_UCv7N4IPBum628DzUsWfq5UA_F6ld7uF148_1344346_1347746.wav,TheRealBlasiann_UCv7N4IPBum628DzUsWfq5UA_F6ld7uF148,1344346,1347746,3400
TheRealBlasiann_UCv7N4IPBum628DzUsWfq5UA_F6ld7uF148_1348082_1348194.wav,TheRealBlasiann_UCv7N4IPBum628DzUsWfq5UA_F6ld7uF148,1348082,1348194,112
TheRealBlasiann_UCv7N4IPBum628DzUsWfq5UA_F6ld7uF148_1348522_1348822.wav,TheRealBlasiann_UCv7N4IPBum628DzUsWfq5UA_F6ld7uF148,1348522,1348822,300
TheRealBlasiann_UCv7N4IPBum628DzUsWfq5UA_F6ld7uF148_1349446_1353126.wav,TheRealBlasiann_UCv7N4IPBum628DzUsWfq5UA_F6ld7uF148,1349446,1353126,3680
TheRealBlasiann_UCv7N4IPBum628DzUsWfq5UA_F6ld7uF148_1353270_1358262.wav,TheRealBlasiann_UCv7N4IPBum628DzUsWfq5UA_F6ld7uF148,1353270,1358262,4992
TheRealBlasiann_UCv7N4IPBum628DzUsWfq5UA_F6ld7uF148_1358486_1358590.wav,TheRealBlasiann_UCv7N4IPBum628DzUsWfq5UA_F6ld7uF148,1358486,1358590,104
TheRealBlasiann_UCv7N4IPBum628DzUsWfq5UA_F6ld7uF148_1359062_1360054.wav,TheRealBlasiann_UCv7N4IPBum628DzUsWfq5UA_F6ld7uF148,1359062,1360054,992
TheRealBlasiann_UCv7N4IPBum628DzUsWfq5UA_F6ld7uF148_1360262_1363846.wav,TheRealBlasiann_UCv7N4IPBum628DzUsWfq5UA_F6ld7uF148,1360262,1363846,3584
TheRealBlasiann_UCv7N4IPBum628DzUsWfq5UA_F6ld7uF148_1364078_1367566.wav,TheRealBlasiann_UCv7N4IPBum628DzUsWfq5UA_F6ld7uF148,1364078,1367566,3488
TheRealBlasiann_UCv7N4IPBum628DzUsWfq5UA_F6ld7uF148_1367670_1370222.wav,TheRealBlasiann_UCv7N4IPBum628DzUsWfq5UA_F6ld7uF148,1367670,1370222,2552
TheRealBlasiann_UCv7N4IPBum628DzUsWfq5UA_F6ld7uF148_1370350_1373446.wav,TheRealBlasiann_UCv7N4IPBum628DzUsWfq5UA_F6ld7uF148,1370350,1373446,3096
TheRealBlasiann_UCv7N4IPBum628DzUsWfq5UA_F6ld7uF148_1373582_1381458.wav,TheRealBlasiann_UCv7N4IPBum628DzUsWfq5UA_F6ld7uF148,1373582,1381458,7876
TheRealBlasiann_UCv7N4IPBum628DzUsWfq5UA_F6ld7uF148_1382026_1388938.wav,TheRealBlasiann_UCv7N4IPBum628DzUsWfq5UA_F6ld7uF148,1382026,1388938,6912
TheRealBlasiann_UCv7N4IPBum628DzUsWfq5UA_F6ld7uF148_1389554_1396322.wav,TheRealBlasiann_UCv7N4IPBum628DzUsWfq5UA_F6ld7uF148,1389554,1396322,6768
TheRealBlasiann_UCv7N4IPBum628DzUsWfq5UA_F6ld7uF148_1396546_1401122.wav,TheRealBlasiann_UCv7N4IPBum628DzUsWfq5UA_F6ld7uF148,1396546,1401122,4576
TheRealBlasiann_UCv7N4IPBum628DzUsWfq5UA_F6ld7uF148_1401274_1401722.wav,TheRealBlasiann_UCv7N4IPBum628DzUsWfq5UA_F6ld7uF148,1401274,1401722,448
TheRealBlasiann_UCv7N4IPBum628DzUsWfq5UA_F6ld7uF148_1402098_1403966.wav,TheRealBlasiann_UCv7N4IPBum628DzUsWfq5UA_F6ld7uF148,1402098,1403966,1868
TheRealBlasiann_UCv7N4IPBum628DzUsWfq5UA_F6ld7uF148_1404326_1404478.wav,TheRealBlasiann_UCv7N4IPBum628DzUsWfq5UA_F6ld7uF148,1404326,1404478,152
TheRealBlasiann_UCv7N4IPBum628DzUsWfq5UA_F6ld7uF148_1404646_1405446.wav,TheRealBlasiann_UCv7N4IPBum628DzUsWfq5UA_F6ld7uF148,1404646,1405446,800
TheRealBlasiann_UCv7N4IPBum628DzUsWfq5UA_F6ld7uF148_1405606_1408230.wav,TheRealBlasiann_UCv7N4IPBum628DzUsWfq5UA_F6ld7uF148,1405606,1408230,2624
TheRealBlasiann_UCv7N4IPBum628DzUsWfq5UA_F6ld7uF148_1408510_1411222.wav,TheRealBlasiann_UCv7N4IPBum628DzUsWfq5UA_F6ld7uF148,1408510,1411222,2712
TheRealBlasiann_UCv7N4IPBum628DzUsWfq5UA_F6ld7uF148_1411398_1412374.wav,TheRealBlasiann_UCv7N4IPBum628DzUsWfq5UA_F6ld7uF148,1411398,1412374,976
TheRealBlasiann_UCv7N4IPBum628DzUsWfq5UA_F6ld7uF148_1413066_1420138.wav,TheRealBlasiann_UCv7N4IPBum628DzUsWfq5UA_F6ld7uF148,1413066,1420138,7072
TheRealBlasiann_UCv7N4IPBum628DzUsWfq5UA_F6ld7uF148_1420434_1420618.wav,TheRealBlasiann_UCv7N4IPBum628DzUsWfq5UA_F6ld7uF148,1420434,1420618,184
TheRealBlasiann_UCv7N4IPBum628DzUsWfq5UA_F6ld7uF148_1420906_1423578.wav,TheRealBlasiann_UCv7N4IPBum628DzUsWfq5UA_F6ld7uF148,1420906,1423578,2672
TheRealBlasiann_UCv7N4IPBum628DzUsWfq5UA_F6ld7uF148_1423682_1425154.wav,TheRealBlasiann_UCv7N4IPBum628DzUsWfq5UA_F6ld7uF148,1423682,1425154,1472
TheRealBlasiann_UCv7N4IPBum628DzUsWfq5UA_F6ld7uF148_1425570_1428514.wav,TheRealBlasiann_UCv7N4IPBum628DzUsWfq5UA_F6ld7uF148,1425570,1428514,2944
TheRealBlasiann_UCv7N4IPBum628DzUsWfq5UA_F6ld7uF148_1428730_1430130.wav,TheRealBlasiann_UCv7N4IPBum628DzUsWfq5UA_F6ld7uF148,1428730,1430130,1400
TheRealBlasiann_UCv7N4IPBum628DzUsWfq5UA_F6ld7uF148_1430522_1433466.wav,TheRealBlasiann_UCv7N4IPBum628DzUsWfq5UA_F6ld7uF148,1430522,1433466,2944
TheRealBlasiann_UCv7N4IPBum628DzUsWfq5UA_F6ld7uF148_1433762_1435330.wav,TheRealBlasiann_UCv7N4IPBum628DzUsWfq5UA_F6ld7uF148,1433762,1435330,1568
TheRealBlasiann_UCv7N4IPBum628DzUsWfq5UA_F6ld7uF148_1435530_1436890.wav,TheRealBlasiann_UCv7N4IPBum628DzUsWfq5UA_F6ld7uF148,1435530,1436890,1360
TheRealBlasiann_UCv7N4IPBum628DzUsWfq5UA_F6ld7uF148_1437002_1438514.wav,TheRealBlasiann_UCv7N4IPBum628DzUsWfq5UA_F6ld7uF148,1437002,1438514,1512
TheRealBlasiann_UCv7N4IPBum628DzUsWfq5UA_F6ld7uF148_1438778_1442170.wav,TheRealBlasiann_UCv7N4IPBum628DzUsWfq5UA_F6ld7uF148,1438778,1442170,3392
TheRealBlasiann_UCv7N4IPBum628DzUsWfq5UA_F6ld7uF148_1442602_1443742.wav,TheRealBlasiann_UCv7N4IPBum628DzUsWfq5UA_F6ld7uF148,1442602,1443742,1140
TheRealBlasiann_UCv7N4IPBum628DzUsWfq5UA_F6ld7uF148_1444094_1445510.wav,TheRealBlasiann_UCv7N4IPBum628DzUsWfq5UA_F6ld7uF148,1444094,1445510,1416
TheRealBlasiann_UCv7N4IPBum628DzUsWfq5UA_F6ld7uF148_1445630_1445750.wav,TheRealBlasiann_UCv7N4IPBum628DzUsWfq5UA_F6ld7uF148,1445630,1445750,120
TheRealBlasiann_UCv7N4IPBum628DzUsWfq5UA_F6ld7uF148_1445894_1451006.wav,TheRealBlasiann_UCv7N4IPBum628DzUsWfq5UA_F6ld7uF148,1445894,1451006,5112
TheRealBlasiann_UCv7N4IPBum628DzUsWfq5UA_F6ld7uF148_1451446_1457110.wav,TheRealBlasiann_UCv7N4IPBum628DzUsWfq5UA_F6ld7uF148,1451446,1457110,5664
TheRealBlasiann_UCv7N4IPBum628DzUsWfq5UA_F6ld7uF148_1457262_1459094.wav,TheRealBlasiann_UCv7N4IPBum628DzUsWfq5UA_F6ld7uF148,1457262,1459094,1832
TheRealBlasiann_UCv7N4IPBum628DzUsWfq5UA_F6ld7uF148_1459690_1461754.wav,TheRealBlasiann_UCv7N4IPBum628DzUsWfq5UA_F6ld7uF148,1459690,1461754,2064
TheRealBlasiann_UCv7N4IPBum628DzUsWfq5UA_F6ld7uF148_1462082_1466210.wav,TheRealBlasiann_UCv7N4IPBum628DzUsWfq5UA_F6ld7uF148,1462082,1466210,4128
TheRealBlasiann_UCv7N4IPBum628DzUsWfq5UA_F6ld7uF148_1466362_1467682.wav,TheRealBlasiann_UCv7N4IPBum628DzUsWfq5UA_F6ld7uF148,1466362,1467682,1320
TheRealBlasiann_UCv7N4IPBum628DzUsWfq5UA_F6ld7uF148_1467986_1474636.wav,TheRealBlasiann_UCv7N4IPBum628DzUsWfq5UA_F6ld7uF148,1467986,1474636,6650
TheRealBlasiann_UCv7N4IPBum628DzUsWfq5UA_F6ld7uF148_1475060_1480180.wav,TheRealBlasiann_UCv7N4IPBum628DzUsWfq5UA_F6ld7uF148,1475060,1480180,5120
TheRealBlasiann_UCv7N4IPBum628DzUsWfq5UA_F6ld7uF148_1480758_1484278.wav,TheRealBlasiann_UCv7N4IPBum628DzUsWfq5UA_F6ld7uF148,1480758,1484278,3520
TheRealBlasiann_UCv7N4IPBum628DzUsWfq5UA_F6ld7uF148_1485378_1485562.wav,TheRealBlasiann_UCv7N4IPBum628DzUsWfq5UA_F6ld7uF148,1485378,1485562,184
TheRealBlasiann_UCv7N4IPBum628DzUsWfq5UA_F6ld7uF148_1486946_1487770.wav,TheRealBlasiann_UCv7N4IPBum628DzUsWfq5UA_F6ld7uF148,1486946,1487770,824
TheRealBlasiann_UCv7N4IPBum628DzUsWfq5UA_F6ld7uF148_1488146_1497546.wav,TheRealBlasiann_UCv7N4IPBum628DzUsWfq5UA_F6ld7uF148,1488146,1497546,9400
TheRealBlasiann_UCv7N4IPBum628DzUsWfq5UA_F6ld7uF148_1498282_1501730.wav,TheRealBlasiann_UCv7N4IPBum628DzUsWfq5UA_F6ld7uF148,1498282,1501730,3448
TheRealBlasiann_UCv7N4IPBum628DzUsWfq5UA_F6ld7uF148_1502354_1503058.wav,TheRealBlasiann_UCv7N4IPBum628DzUsWfq5UA_F6ld7uF148,1502354,1503058,704
TheRealBlasiann_UCv7N4IPBum628DzUsWfq5UA_F6ld7uF148_1503394_1505850.wav,TheRealBlasiann_UCv7N4IPBum628DzUsWfq5UA_F6ld7uF148,1503394,1505850,2456
TheRealBlasiann_UCv7N4IPBum628DzUsWfq5UA_F6ld7uF148_1506346_1507602.wav,TheRealBlasiann_UCv7N4IPBum628DzUsWfq5UA_F6ld7uF148,1506346,1507602,1256
TheRealBlasiann_UCv7N4IPBum628DzUsWfq5UA_F6ld7uF148_1508082_1511650.wav,TheRealBlasiann_UCv7N4IPBum628DzUsWfq5UA_F6ld7uF148,1508082,1511650,3568
TheRealBlasiann_UCv7N4IPBum628DzUsWfq5UA_F6ld7uF148_1512170_1514210.wav,TheRealBlasiann_UCv7N4IPBum628DzUsWfq5UA_F6ld7uF148,1512170,1514210,2040
TheRealBlasiann_UCv7N4IPBum628DzUsWfq5UA_F6ld7uF148_1514418_1521330.wav,TheRealBlasiann_UCv7N4IPBum628DzUsWfq5UA_F6ld7uF148,1514418,1521330,6912
TheRealBlasiann_UCv7N4IPBum628DzUsWfq5UA_F6ld7uF148_1521610_1524698.wav,TheRealBlasiann_UCv7N4IPBum628DzUsWfq5UA_F6ld7uF148,1521610,1524698,3088
TheRealBlasiann_UCv7N4IPBum628DzUsWfq5UA_F6ld7uF148_1524826_1530738.wav,TheRealBlasiann_UCv7N4IPBum628DzUsWfq5UA_F6ld7uF148,1524826,1530738,5912
TheRealBlasiann_UCv7N4IPBum628DzUsWfq5UA_F6ld7uF148_1531034_1533002.wav,TheRealBlasiann_UCv7N4IPBum628DzUsWfq5UA_F6ld7uF148,1531034,1533002,1968
TheRealBlasiann_UCv7N4IPBum628DzUsWfq5UA_F6ld7uF148_1533338_1536258.wav,TheRealBlasiann_UCv7N4IPBum628DzUsWfq5UA_F6ld7uF148,1533338,1536258,2920
TheRealBlasiann_UCv7N4IPBum628DzUsWfq5UA_F6ld7uF148_1536578_1543658.wav,TheRealBlasiann_UCv7N4IPBum628DzUsWfq5UA_F6ld7uF148,1536578,1543658,7080
TheRealBlasiann_UCv7N4IPBum628DzUsWfq5UA_F6ld7uF148_1543938_1547970.wav,TheRealBlasiann_UCv7N4IPBum628DzUsWfq5UA_F6ld7uF148,1543938,1547970,4032
TheRealBlasiann_UCv7N4IPBum628DzUsWfq5UA_F6ld7uF148_1548090_1549226.wav,TheRealBlasiann_UCv7N4IPBum628DzUsWfq5UA_F6ld7uF148,1548090,1549226,1136
TheRealBlasiann_UCv7N4IPBum628DzUsWfq5UA_F6ld7uF148_1549498_1552890.wav,TheRealBlasiann_UCv7N4IPBum628DzUsWfq5UA_F6ld7uF148,1549498,1552890,3392
TheRealBlasiann_UCv7N4IPBum628DzUsWfq5UA_F6ld7uF148_1553130_1554714.wav,TheRealBlasiann_UCv7N4IPBum628DzUsWfq5UA_F6ld7uF148,1553130,1554714,1584
TheRealBlasiann_UCv7N4IPBum628DzUsWfq5UA_F6ld7uF148_1555010_1559098.wav,TheRealBlasiann_UCv7N4IPBum628DzUsWfq5UA_F6ld7uF148,1555010,1559098,4088
TheRealBlasiann_UCv7N4IPBum628DzUsWfq5UA_F6ld7uF148_1559202_1568282.wav,TheRealBlasiann_UCv7N4IPBum628DzUsWfq5UA_F6ld7uF148,1559202,1568282,9080
TheRealBlasiann_UCv7N4IPBum628DzUsWfq5UA_F6ld7uF148_1568442_1569674.wav,TheRealBlasiann_UCv7N4IPBum628DzUsWfq5UA_F6ld7uF148,1568442,1569674,1232
TheRealBlasiann_UCv7N4IPBum628DzUsWfq5UA_F6ld7uF148_1570298_1575002.wav,TheRealBlasiann_UCv7N4IPBum628DzUsWfq5UA_F6ld7uF148,1570298,1575002,4704
TheRealBlasiann_UCv7N4IPBum628DzUsWfq5UA_F6ld7uF148_1575362_1579898.wav,TheRealBlasiann_UCv7N4IPBum628DzUsWfq5UA_F6ld7uF148,1575362,1579898,4536
TheRealBlasiann_UCv7N4IPBum628DzUsWfq5UA_F6ld7uF148_1580458_1583818.wav,TheRealBlasiann_UCv7N4IPBum628DzUsWfq5UA_F6ld7uF148,1580458,1583818,3360
TheRealBlasiann_UCv7N4IPBum628DzUsWfq5UA_F6ld7uF148_1584050_1585562.wav,TheRealBlasiann_UCv7N4IPBum628DzUsWfq5UA_F6ld7uF148,1584050,1585562,1512
TheRealBlasiann_UCv7N4IPBum628DzUsWfq5UA_F6ld7uF148_1586186_1591866.wav,TheRealBlasiann_UCv7N4IPBum628DzUsWfq5UA_F6ld7uF148,1586186,1591866,5680
TheRealBlasiann_UCv7N4IPBum628DzUsWfq5UA_F6ld7uF148_1591994_1593642.wav,TheRealBlasiann_UCv7N4IPBum628DzUsWfq5UA_F6ld7uF148,1591994,1593642,1648
TheRealBlasiann_UCv7N4IPBum628DzUsWfq5UA_F6ld7uF148_1593818_1602386.wav,TheRealBlasiann_UCv7N4IPBum628DzUsWfq5UA_F6ld7uF148,1593818,1602386,8568
TheRealBlasiann_UCv7N4IPBum628DzUsWfq5UA_F6ld7uF148_1603650_1604282.wav,TheRealBlasiann_UCv7N4IPBum628DzUsWfq5UA_F6ld7uF148,1603650,1604282,632
TheRealBlasiann_UCv7N4IPBum628DzUsWfq5UA_F6ld7uF148_1605018_1606642.wav,TheRealBlasiann_UCv7N4IPBum628DzUsWfq5UA_F6ld7uF148,1605018,1606642,1624
TheRealBlasiann_UCv7N4IPBum628DzUsWfq5UA_F6ld7uF148_1607058_1608714.wav,TheRealBlasiann_UCv7N4IPBum628DzUsWfq5UA_F6ld7uF148,1607058,1608714,1656
TheRealBlasiann_UCv7N4IPBum628DzUsWfq5UA_F6ld7uF148_1608818_1614082.wav,TheRealBlasiann_UCv7N4IPBum628DzUsWfq5UA_F6ld7uF148,1608818,1614082,5264
TheRealBlasiann_UCv7N4IPBum628DzUsWfq5UA_F6ld7uF148_1614306_1614498.wav,TheRealBlasiann_UCv7N4IPBum628DzUsWfq5UA_F6ld7uF148,1614306,1614498,192
TheRealBlasiann_UCv7N4IPBum628DzUsWfq5UA_F6ld7uF148_1614610_1618410.wav,TheRealBlasiann_UCv7N4IPBum628DzUsWfq5UA_F6ld7uF148,1614610,1618410,3800
TheRealBlasiann_UCv7N4IPBum628DzUsWfq5UA_F6ld7uF148_1618570_1619338.wav,TheRealBlasiann_UCv7N4IPBum628DzUsWfq5UA_F6ld7uF148,1618570,1619338,768
TheRealBlasiann_UCv7N4IPBum628DzUsWfq5UA_F6ld7uF148_1619842_1619942.wav,TheRealBlasiann_UCv7N4IPBum628DzUsWfq5UA_F6ld7uF148,1619842,1619942,100
TheRealBlasiann_UCv7N4IPBum628DzUsWfq5UA_F6ld7uF148_1620054_1629374.wav,TheRealBlasiann_UCv7N4IPBum628DzUsWfq5UA_F6ld7uF148,1620054,1629374,9320
TheRealBlasiann_UCv7N4IPBum628DzUsWfq5UA_F6ld7uF148_1629494_1632166.wav,TheRealBlasiann_UCv7N4IPBum628DzUsWfq5UA_F6ld7uF148,1629494,1632166,2672
TheRealBlasiann_UCv7N4IPBum628DzUsWfq5UA_F6ld7uF148_1632286_1632774.wav,TheRealBlasiann_UCv7N4IPBum628DzUsWfq5UA_F6ld7uF148,1632286,1632774,488
TheRealBlasiann_UCv7N4IPBum628DzUsWfq5UA_F6ld7uF148_1632958_1634694.wav,TheRealBlasiann_UCv7N4IPBum628DzUsWfq5UA_F6ld7uF148,1632958,1634694,1736
TheRealBlasiann_UCv7N4IPBum628DzUsWfq5UA_F6ld7uF148_1634814_1636478.wav,TheRealBlasiann_UCv7N4IPBum628DzUsWfq5UA_F6ld7uF148,1634814,1636478,1664
TheRealBlasiann_UCv7N4IPBum628DzUsWfq5UA_F6ld7uF148_1636606_1639990.wav,TheRealBlasiann_UCv7N4IPBum628DzUsWfq5UA_F6ld7uF148,1636606,1639990,3384
TheRealBlasiann_UCv7N4IPBum628DzUsWfq5UA_F6ld7uF148_1640222_1645546.wav,TheRealBlasiann_UCv7N4IPBum628DzUsWfq5UA_F6ld7uF148,1640222,1645546,5324
TheRealBlasiann_UCv7N4IPBum628DzUsWfq5UA_F6ld7uF148_1645882_1647370.wav,TheRealBlasiann_UCv7N4IPBum628DzUsWfq5UA_F6ld7uF148,1645882,1647370,1488
TheRealBlasiann_UCv7N4IPBum628DzUsWfq5UA_F6ld7uF148_1647730_1647850.wav,TheRealBlasiann_UCv7N4IPBum628DzUsWfq5UA_F6ld7uF148,1647730,1647850,120
TheRealBlasiann_UCv7N4IPBum628DzUsWfq5UA_F6ld7uF148_1648162_1651146.wav,TheRealBlasiann_UCv7N4IPBum628DzUsWfq5UA_F6ld7uF148,1648162,1651146,2984
TheRealBlasiann_UCv7N4IPBum628DzUsWfq5UA_F6ld7uF148_1651418_1655347.wav,TheRealBlasiann_UCv7N4IPBum628DzUsWfq5UA_F6ld7uF148,1651418,1655347,3929
TheRealBlasiann_UCv7N4IPBum628DzUsWfq5UA_F6ld7uF148_1655499_1660767.wav,TheRealBlasiann_UCv7N4IPBum628DzUsWfq5UA_F6ld7uF148,1655499,1660767,5268
TheRealBlasiann_UCv7N4IPBum628DzUsWfq5UA_F6ld7uF148_1660975_1669647.wav,TheRealBlasiann_UCv7N4IPBum628DzUsWfq5UA_F6ld7uF148,1660975,1669647,8672
TheRealBlasiann_UCv7N4IPBum628DzUsWfq5UA_F6ld7uF148_1670131_1670979.wav,TheRealBlasiann_UCv7N4IPBum628DzUsWfq5UA_F6ld7uF148,1670131,1670979,848
TheRealBlasiann_UCv7N4IPBum628DzUsWfq5UA_F6ld7uF148_1671179_1677263.wav,TheRealBlasiann_UCv7N4IPBum628DzUsWfq5UA_F6ld7uF148,1671179,1677263,6084
TheRealBlasiann_UCv7N4IPBum628DzUsWfq5UA_F6ld7uF148_1677431_1680815.wav,TheRealBlasiann_UCv7N4IPBum628DzUsWfq5UA_F6ld7uF148,1677431,1680815,3384
TheRealBlasiann_UCv7N4IPBum628DzUsWfq5UA_F6ld7uF148_1681427_1689587.wav,TheRealBlasiann_UCv7N4IPBum628DzUsWfq5UA_F6ld7uF148,1681427,1689587,8160
TheRealBlasiann_UCv7N4IPBum628DzUsWfq5UA_F6ld7uF148_1689731_1696947.wav,TheRealBlasiann_UCv7N4IPBum628DzUsWfq5UA_F6ld7uF148,1689731,1696947,7216
TheRealBlasiann_UCv7N4IPBum628DzUsWfq5UA_F6ld7uF148_1697115_1699115.wav,TheRealBlasiann_UCv7N4IPBum628DzUsWfq5UA_F6ld7uF148,1697115,1699115,2000
TheRealBlasiann_UCv7N4IPBum628DzUsWfq5UA_F6ld7uF148_1701491_1701603.wav,TheRealBlasiann_UCv7N4IPBum628DzUsWfq5UA_F6ld7uF148,1701491,1701603,112
TheRealBlasiann_UCv7N4IPBum628DzUsWfq5UA_F6ld7uF148_1702115_1710779.wav,TheRealBlasiann_UCv7N4IPBum628DzUsWfq5UA_F6ld7uF148,1702115,1710779,8664
