filename,video_id,start_time,end_time,duration
tanhoney_UCODHhz23ZKnSDdmu55rObug_8iwI0bXYpvQ_0_176.wav,tanhoney_UCODHhz23ZKnSDdmu55rObug_8iwI0bXYpvQ,0,176,176
tanhoney_UCODHhz23ZKnSDdmu55rObug_8iwI0bXYpvQ_176_1968.wav,tanhoney_UCODHhz23ZKnSDdmu55rObug_8iwI0bXYpvQ,176,1968,1792
tanhoney_UCODHhz23ZKnSDdmu55rObug_8iwI0bXYpvQ_2176_2504.wav,tanhoney_UCODHhz23ZKnSDdmu55rObug_8iwI0bXYpvQ,2176,2504,328
tanhoney_UCODHhz23ZKnSDdmu55rObug_8iwI0bXYpvQ_2760_7824.wav,tanhoney_UCODHhz23ZKnSDdmu55rObug_8iwI0bXYpvQ,2760,7824,5064
tanhoney_UCODHhz23ZKnSDdmu55rObug_8iwI0bXYpvQ_8080_13032.wav,tanhoney_UCODHhz23ZKnSDdmu55rObug_8iwI0bXYpvQ,8080,13032,4952
tanhoney_UCODHhz23ZKnSDdmu55rObug_8iwI0bXYpvQ_13216_16592.wav,tanhoney_UCODHhz23ZKnSDdmu55rObug_8iwI0bXYpvQ,13216,16592,3376
tanhoney_UCODHhz23ZKnSDdmu55rObug_8iwI0bXYpvQ_16824_17280.wav,tanhoney_UCODHhz23ZKnSDdmu55rObug_8iwI0bXYpvQ,16824,17280,456
tanhoney_UCODHhz23ZKnSDdmu55rObug_8iwI0bXYpvQ_17416_21496.wav,tanhoney_UCODHhz23ZKnSDdmu55rObug_8iwI0bXYpvQ,17416,21496,4080
tanhoney_UCODHhz23ZKnSDdmu55rObug_8iwI0bXYpvQ_21624_23312.wav,tanhoney_UCODHhz23ZKnSDdmu55rObug_8iwI0bXYpvQ,21624,23312,1688
tanhoney_UCODHhz23ZKnSDdmu55rObug_8iwI0bXYpvQ_23680_28704.wav,tanhoney_UCODHhz23ZKnSDdmu55rObug_8iwI0bXYpvQ,23680,28704,5024
tanhoney_UCODHhz23ZKnSDdmu55rObug_8iwI0bXYpvQ_28992_29320.wav,tanhoney_UCODHhz23ZKnSDdmu55rObug_8iwI0bXYpvQ,28992,29320,328
tanhoney_UCODHhz23ZKnSDdmu55rObug_8iwI0bXYpvQ_29616_38088.wav,tanhoney_UCODHhz23ZKnSDdmu55rObug_8iwI0bXYpvQ,29616,38088,8472
tanhoney_UCODHhz23ZKnSDdmu55rObug_8iwI0bXYpvQ_38408_46432.wav,tanhoney_UCODHhz23ZKnSDdmu55rObug_8iwI0bXYpvQ,38408,46432,8024
tanhoney_UCODHhz23ZKnSDdmu55rObug_8iwI0bXYpvQ_46632_58201.wav,tanhoney_UCODHhz23ZKnSDdmu55rObug_8iwI0bXYpvQ,46632,58201,11569
tanhoney_UCODHhz23ZKnSDdmu55rObug_8iwI0bXYpvQ_58353_61257.wav,tanhoney_UCODHhz23ZKnSDdmu55rObug_8iwI0bXYpvQ,58353,61257,2904
tanhoney_UCODHhz23ZKnSDdmu55rObug_8iwI0bXYpvQ_62361_63554.wav,tanhoney_UCODHhz23ZKnSDdmu55rObug_8iwI0bXYpvQ,62361,63554,1193
tanhoney_UCODHhz23ZKnSDdmu55rObug_8iwI0bXYpvQ_63634_75002.wav,tanhoney_UCODHhz23ZKnSDdmu55rObug_8iwI0bXYpvQ,63634,75002,11368
tanhoney_UCODHhz23ZKnSDdmu55rObug_8iwI0bXYpvQ_75082_80530.wav,tanhoney_UCODHhz23ZKnSDdmu55rObug_8iwI0bXYpvQ,75082,80530,5448
tanhoney_UCODHhz23ZKnSDdmu55rObug_8iwI0bXYpvQ_80666_81714.wav,tanhoney_UCODHhz23ZKnSDdmu55rObug_8iwI0bXYpvQ,80666,81714,1048
tanhoney_UCODHhz23ZKnSDdmu55rObug_8iwI0bXYpvQ_81874_95870.wav,tanhoney_UCODHhz23ZKnSDdmu55rObug_8iwI0bXYpvQ,81874,95870,13996
tanhoney_UCODHhz23ZKnSDdmu55rObug_8iwI0bXYpvQ_95998_96254.wav,tanhoney_UCODHhz23ZKnSDdmu55rObug_8iwI0bXYpvQ,95998,96254,256
tanhoney_UCODHhz23ZKnSDdmu55rObug_8iwI0bXYpvQ_96358_99494.wav,tanhoney_UCODHhz23ZKnSDdmu55rObug_8iwI0bXYpvQ,96358,99494,3136
tanhoney_UCODHhz23ZKnSDdmu55rObug_8iwI0bXYpvQ_99574_102062.wav,tanhoney_UCODHhz23ZKnSDdmu55rObug_8iwI0bXYpvQ,99574,102062,2488
tanhoney_UCODHhz23ZKnSDdmu55rObug_8iwI0bXYpvQ_102142_106182.wav,tanhoney_UCODHhz23ZKnSDdmu55rObug_8iwI0bXYpvQ,102142,106182,4040
tanhoney_UCODHhz23ZKnSDdmu55rObug_8iwI0bXYpvQ_106262_106894.wav,tanhoney_UCODHhz23ZKnSDdmu55rObug_8iwI0bXYpvQ,106262,106894,632
tanhoney_UCODHhz23ZKnSDdmu55rObug_8iwI0bXYpvQ_106982_108286.wav,tanhoney_UCODHhz23ZKnSDdmu55rObug_8iwI0bXYpvQ,106982,108286,1304
tanhoney_UCODHhz23ZKnSDdmu55rObug_8iwI0bXYpvQ_108366_122526.wav,tanhoney_UCODHhz23ZKnSDdmu55rObug_8iwI0bXYpvQ,108366,122526,14160
tanhoney_UCODHhz23ZKnSDdmu55rObug_8iwI0bXYpvQ_122630_126078.wav,tanhoney_UCODHhz23ZKnSDdmu55rObug_8iwI0bXYpvQ,122630,126078,3448
tanhoney_UCODHhz23ZKnSDdmu55rObug_8iwI0bXYpvQ_126158_132038.wav,tanhoney_UCODHhz23ZKnSDdmu55rObug_8iwI0bXYpvQ,126158,132038,5880
tanhoney_UCODHhz23ZKnSDdmu55rObug_8iwI0bXYpvQ_132118_143150.wav,tanhoney_UCODHhz23ZKnSDdmu55rObug_8iwI0bXYpvQ,132118,143150,11032
tanhoney_UCODHhz23ZKnSDdmu55rObug_8iwI0bXYpvQ_143262_153278.wav,tanhoney_UCODHhz23ZKnSDdmu55rObug_8iwI0bXYpvQ,143262,153278,10016
tanhoney_UCODHhz23ZKnSDdmu55rObug_8iwI0bXYpvQ_153422_154783.wav,tanhoney_UCODHhz23ZKnSDdmu55rObug_8iwI0bXYpvQ,153422,154783,1361
tanhoney_UCODHhz23ZKnSDdmu55rObug_8iwI0bXYpvQ_154871_168632.wav,tanhoney_UCODHhz23ZKnSDdmu55rObug_8iwI0bXYpvQ,154871,168632,13761
tanhoney_UCODHhz23ZKnSDdmu55rObug_8iwI0bXYpvQ_168768_176826.wav,tanhoney_UCODHhz23ZKnSDdmu55rObug_8iwI0bXYpvQ,168768,176826,8058
tanhoney_UCODHhz23ZKnSDdmu55rObug_8iwI0bXYpvQ_176994_177802.wav,tanhoney_UCODHhz23ZKnSDdmu55rObug_8iwI0bXYpvQ,176994,177802,808
tanhoney_UCODHhz23ZKnSDdmu55rObug_8iwI0bXYpvQ_177994_179202.wav,tanhoney_UCODHhz23ZKnSDdmu55rObug_8iwI0bXYpvQ,177994,179202,1208
tanhoney_UCODHhz23ZKnSDdmu55rObug_8iwI0bXYpvQ_179330_188698.wav,tanhoney_UCODHhz23ZKnSDdmu55rObug_8iwI0bXYpvQ,179330,188698,9368
tanhoney_UCODHhz23ZKnSDdmu55rObug_8iwI0bXYpvQ_188866_198267.wav,tanhoney_UCODHhz23ZKnSDdmu55rObug_8iwI0bXYpvQ,188866,198267,9401
tanhoney_UCODHhz23ZKnSDdmu55rObug_8iwI0bXYpvQ_198395_210491.wav,tanhoney_UCODHhz23ZKnSDdmu55rObug_8iwI0bXYpvQ,198395,210491,12096
tanhoney_UCODHhz23ZKnSDdmu55rObug_8iwI0bXYpvQ_210699_221693.wav,tanhoney_UCODHhz23ZKnSDdmu55rObug_8iwI0bXYpvQ,210699,221693,10994
tanhoney_UCODHhz23ZKnSDdmu55rObug_8iwI0bXYpvQ_221917_223489.wav,tanhoney_UCODHhz23ZKnSDdmu55rObug_8iwI0bXYpvQ,221917,223489,1572
tanhoney_UCODHhz23ZKnSDdmu55rObug_8iwI0bXYpvQ_223865_232865.wav,tanhoney_UCODHhz23ZKnSDdmu55rObug_8iwI0bXYpvQ,223865,232865,9000
tanhoney_UCODHhz23ZKnSDdmu55rObug_8iwI0bXYpvQ_233145_233889.wav,tanhoney_UCODHhz23ZKnSDdmu55rObug_8iwI0bXYpvQ,233145,233889,744
tanhoney_UCODHhz23ZKnSDdmu55rObug_8iwI0bXYpvQ_234313_236057.wav,tanhoney_UCODHhz23ZKnSDdmu55rObug_8iwI0bXYpvQ,234313,236057,1744
tanhoney_UCODHhz23ZKnSDdmu55rObug_8iwI0bXYpvQ_236161_241037.wav,tanhoney_UCODHhz23ZKnSDdmu55rObug_8iwI0bXYpvQ,236161,241037,4876
tanhoney_UCODHhz23ZKnSDdmu55rObug_8iwI0bXYpvQ_241141_248271.wav,tanhoney_UCODHhz23ZKnSDdmu55rObug_8iwI0bXYpvQ,241141,248271,7130
tanhoney_UCODHhz23ZKnSDdmu55rObug_8iwI0bXYpvQ_248351_256673.wav,tanhoney_UCODHhz23ZKnSDdmu55rObug_8iwI0bXYpvQ,248351,256673,8322
tanhoney_UCODHhz23ZKnSDdmu55rObug_8iwI0bXYpvQ_256777_260201.wav,tanhoney_UCODHhz23ZKnSDdmu55rObug_8iwI0bXYpvQ,256777,260201,3424
tanhoney_UCODHhz23ZKnSDdmu55rObug_8iwI0bXYpvQ_260553_263329.wav,tanhoney_UCODHhz23ZKnSDdmu55rObug_8iwI0bXYpvQ,260553,263329,2776
tanhoney_UCODHhz23ZKnSDdmu55rObug_8iwI0bXYpvQ_263641_270265.wav,tanhoney_UCODHhz23ZKnSDdmu55rObug_8iwI0bXYpvQ,263641,270265,6624
tanhoney_UCODHhz23ZKnSDdmu55rObug_8iwI0bXYpvQ_270753_277529.wav,tanhoney_UCODHhz23ZKnSDdmu55rObug_8iwI0bXYpvQ,270753,277529,6776
tanhoney_UCODHhz23ZKnSDdmu55rObug_8iwI0bXYpvQ_277809_278761.wav,tanhoney_UCODHhz23ZKnSDdmu55rObug_8iwI0bXYpvQ,277809,278761,952
tanhoney_UCODHhz23ZKnSDdmu55rObug_8iwI0bXYpvQ_278865_287829.wav,tanhoney_UCODHhz23ZKnSDdmu55rObug_8iwI0bXYpvQ,278865,287829,8964
tanhoney_UCODHhz23ZKnSDdmu55rObug_8iwI0bXYpvQ_287933_296169.wav,tanhoney_UCODHhz23ZKnSDdmu55rObug_8iwI0bXYpvQ,287933,296169,8236
tanhoney_UCODHhz23ZKnSDdmu55rObug_8iwI0bXYpvQ_296545_299689.wav,tanhoney_UCODHhz23ZKnSDdmu55rObug_8iwI0bXYpvQ,296545,299689,3144
tanhoney_UCODHhz23ZKnSDdmu55rObug_8iwI0bXYpvQ_299873_310841.wav,tanhoney_UCODHhz23ZKnSDdmu55rObug_8iwI0bXYpvQ,299873,310841,10968
tanhoney_UCODHhz23ZKnSDdmu55rObug_8iwI0bXYpvQ_310969_315725.wav,tanhoney_UCODHhz23ZKnSDdmu55rObug_8iwI0bXYpvQ,310969,315725,4756
tanhoney_UCODHhz23ZKnSDdmu55rObug_8iwI0bXYpvQ_315861_323241.wav,tanhoney_UCODHhz23ZKnSDdmu55rObug_8iwI0bXYpvQ,315861,323241,7380
tanhoney_UCODHhz23ZKnSDdmu55rObug_8iwI0bXYpvQ_323649_328241.wav,tanhoney_UCODHhz23ZKnSDdmu55rObug_8iwI0bXYpvQ,323649,328241,4592
tanhoney_UCODHhz23ZKnSDdmu55rObug_8iwI0bXYpvQ_328521_332517.wav,tanhoney_UCODHhz23ZKnSDdmu55rObug_8iwI0bXYpvQ,328521,332517,3996
tanhoney_UCODHhz23ZKnSDdmu55rObug_8iwI0bXYpvQ_332677_336201.wav,tanhoney_UCODHhz23ZKnSDdmu55rObug_8iwI0bXYpvQ,332677,336201,3524
tanhoney_UCODHhz23ZKnSDdmu55rObug_8iwI0bXYpvQ_336481_339723.wav,tanhoney_UCODHhz23ZKnSDdmu55rObug_8iwI0bXYpvQ,336481,339723,3242
tanhoney_UCODHhz23ZKnSDdmu55rObug_8iwI0bXYpvQ_339827_351787.wav,tanhoney_UCODHhz23ZKnSDdmu55rObug_8iwI0bXYpvQ,339827,351787,11960
tanhoney_UCODHhz23ZKnSDdmu55rObug_8iwI0bXYpvQ_351899_356157.wav,tanhoney_UCODHhz23ZKnSDdmu55rObug_8iwI0bXYpvQ,351899,356157,4258
tanhoney_UCODHhz23ZKnSDdmu55rObug_8iwI0bXYpvQ_356269_357625.wav,tanhoney_UCODHhz23ZKnSDdmu55rObug_8iwI0bXYpvQ,356269,357625,1356
tanhoney_UCODHhz23ZKnSDdmu55rObug_8iwI0bXYpvQ_357937_368321.wav,tanhoney_UCODHhz23ZKnSDdmu55rObug_8iwI0bXYpvQ,357937,368321,10384
tanhoney_UCODHhz23ZKnSDdmu55rObug_8iwI0bXYpvQ_368481_371539.wav,tanhoney_UCODHhz23ZKnSDdmu55rObug_8iwI0bXYpvQ,368481,371539,3058
tanhoney_UCODHhz23ZKnSDdmu55rObug_8iwI0bXYpvQ_371683_375532.wav,tanhoney_UCODHhz23ZKnSDdmu55rObug_8iwI0bXYpvQ,371683,375532,3849
tanhoney_UCODHhz23ZKnSDdmu55rObug_8iwI0bXYpvQ_375644_384004.wav,tanhoney_UCODHhz23ZKnSDdmu55rObug_8iwI0bXYpvQ,375644,384004,8360
tanhoney_UCODHhz23ZKnSDdmu55rObug_8iwI0bXYpvQ_384124_390428.wav,tanhoney_UCODHhz23ZKnSDdmu55rObug_8iwI0bXYpvQ,384124,390428,6304
tanhoney_UCODHhz23ZKnSDdmu55rObug_8iwI0bXYpvQ_390548_396013.wav,tanhoney_UCODHhz23ZKnSDdmu55rObug_8iwI0bXYpvQ,390548,396013,5465
tanhoney_UCODHhz23ZKnSDdmu55rObug_8iwI0bXYpvQ_396165_409246.wav,tanhoney_UCODHhz23ZKnSDdmu55rObug_8iwI0bXYpvQ,396165,409246,13081
tanhoney_UCODHhz23ZKnSDdmu55rObug_8iwI0bXYpvQ_409366_411214.wav,tanhoney_UCODHhz23ZKnSDdmu55rObug_8iwI0bXYpvQ,409366,411214,1848
tanhoney_UCODHhz23ZKnSDdmu55rObug_8iwI0bXYpvQ_411326_422702.wav,tanhoney_UCODHhz23ZKnSDdmu55rObug_8iwI0bXYpvQ,411326,422702,11376
tanhoney_UCODHhz23ZKnSDdmu55rObug_8iwI0bXYpvQ_422806_426239.wav,tanhoney_UCODHhz23ZKnSDdmu55rObug_8iwI0bXYpvQ,422806,426239,3433
tanhoney_UCODHhz23ZKnSDdmu55rObug_8iwI0bXYpvQ_426367_433833.wav,tanhoney_UCODHhz23ZKnSDdmu55rObug_8iwI0bXYpvQ,426367,433833,7466
tanhoney_UCODHhz23ZKnSDdmu55rObug_8iwI0bXYpvQ_434289_437033.wav,tanhoney_UCODHhz23ZKnSDdmu55rObug_8iwI0bXYpvQ,434289,437033,2744
tanhoney_UCODHhz23ZKnSDdmu55rObug_8iwI0bXYpvQ_437545_437993.wav,tanhoney_UCODHhz23ZKnSDdmu55rObug_8iwI0bXYpvQ,437545,437993,448
tanhoney_UCODHhz23ZKnSDdmu55rObug_8iwI0bXYpvQ_438177_451793.wav,tanhoney_UCODHhz23ZKnSDdmu55rObug_8iwI0bXYpvQ,438177,451793,13616
tanhoney_UCODHhz23ZKnSDdmu55rObug_8iwI0bXYpvQ_451993_454009.wav,tanhoney_UCODHhz23ZKnSDdmu55rObug_8iwI0bXYpvQ,451993,454009,2016
tanhoney_UCODHhz23ZKnSDdmu55rObug_8iwI0bXYpvQ_454169_455585.wav,tanhoney_UCODHhz23ZKnSDdmu55rObug_8iwI0bXYpvQ,454169,455585,1416
tanhoney_UCODHhz23ZKnSDdmu55rObug_8iwI0bXYpvQ_455769_464465.wav,tanhoney_UCODHhz23ZKnSDdmu55rObug_8iwI0bXYpvQ,455769,464465,8696
tanhoney_UCODHhz23ZKnSDdmu55rObug_8iwI0bXYpvQ_464625_469593.wav,tanhoney_UCODHhz23ZKnSDdmu55rObug_8iwI0bXYpvQ,464625,469593,4968
tanhoney_UCODHhz23ZKnSDdmu55rObug_8iwI0bXYpvQ_469849_480593.wav,tanhoney_UCODHhz23ZKnSDdmu55rObug_8iwI0bXYpvQ,469849,480593,10744
tanhoney_UCODHhz23ZKnSDdmu55rObug_8iwI0bXYpvQ_480745_483977.wav,tanhoney_UCODHhz23ZKnSDdmu55rObug_8iwI0bXYpvQ,480745,483977,3232
tanhoney_UCODHhz23ZKnSDdmu55rObug_8iwI0bXYpvQ_484153_495485.wav,tanhoney_UCODHhz23ZKnSDdmu55rObug_8iwI0bXYpvQ,484153,495485,11332
tanhoney_UCODHhz23ZKnSDdmu55rObug_8iwI0bXYpvQ_495613_499887.wav,tanhoney_UCODHhz23ZKnSDdmu55rObug_8iwI0bXYpvQ,495613,499887,4274
tanhoney_UCODHhz23ZKnSDdmu55rObug_8iwI0bXYpvQ_500159_505111.wav,tanhoney_UCODHhz23ZKnSDdmu55rObug_8iwI0bXYpvQ,500159,505111,4952
tanhoney_UCODHhz23ZKnSDdmu55rObug_8iwI0bXYpvQ_505439_506191.wav,tanhoney_UCODHhz23ZKnSDdmu55rObug_8iwI0bXYpvQ,505439,506191,752
tanhoney_UCODHhz23ZKnSDdmu55rObug_8iwI0bXYpvQ_506351_507943.wav,tanhoney_UCODHhz23ZKnSDdmu55rObug_8iwI0bXYpvQ,506351,507943,1592
tanhoney_UCODHhz23ZKnSDdmu55rObug_8iwI0bXYpvQ_508303_515551.wav,tanhoney_UCODHhz23ZKnSDdmu55rObug_8iwI0bXYpvQ,508303,515551,7248
tanhoney_UCODHhz23ZKnSDdmu55rObug_8iwI0bXYpvQ_515703_518519.wav,tanhoney_UCODHhz23ZKnSDdmu55rObug_8iwI0bXYpvQ,515703,518519,2816
tanhoney_UCODHhz23ZKnSDdmu55rObug_8iwI0bXYpvQ_518655_518759.wav,tanhoney_UCODHhz23ZKnSDdmu55rObug_8iwI0bXYpvQ,518655,518759,104
tanhoney_UCODHhz23ZKnSDdmu55rObug_8iwI0bXYpvQ_518887_526017.wav,tanhoney_UCODHhz23ZKnSDdmu55rObug_8iwI0bXYpvQ,518887,526017,7130
tanhoney_UCODHhz23ZKnSDdmu55rObug_8iwI0bXYpvQ_526169_527401.wav,tanhoney_UCODHhz23ZKnSDdmu55rObug_8iwI0bXYpvQ,526169,527401,1232
tanhoney_UCODHhz23ZKnSDdmu55rObug_8iwI0bXYpvQ_527561_528161.wav,tanhoney_UCODHhz23ZKnSDdmu55rObug_8iwI0bXYpvQ,527561,528161,600
tanhoney_UCODHhz23ZKnSDdmu55rObug_8iwI0bXYpvQ_528345_529129.wav,tanhoney_UCODHhz23ZKnSDdmu55rObug_8iwI0bXYpvQ,528345,529129,784
tanhoney_UCODHhz23ZKnSDdmu55rObug_8iwI0bXYpvQ_529321_535037.wav,tanhoney_UCODHhz23ZKnSDdmu55rObug_8iwI0bXYpvQ,529321,535037,5716
tanhoney_UCODHhz23ZKnSDdmu55rObug_8iwI0bXYpvQ_535181_542413.wav,tanhoney_UCODHhz23ZKnSDdmu55rObug_8iwI0bXYpvQ,535181,542413,7232
tanhoney_UCODHhz23ZKnSDdmu55rObug_8iwI0bXYpvQ_542541_543277.wav,tanhoney_UCODHhz23ZKnSDdmu55rObug_8iwI0bXYpvQ,542541,543277,736
tanhoney_UCODHhz23ZKnSDdmu55rObug_8iwI0bXYpvQ_543461_549465.wav,tanhoney_UCODHhz23ZKnSDdmu55rObug_8iwI0bXYpvQ,543461,549465,6004
tanhoney_UCODHhz23ZKnSDdmu55rObug_8iwI0bXYpvQ_549713_556545.wav,tanhoney_UCODHhz23ZKnSDdmu55rObug_8iwI0bXYpvQ,549713,556545,6832
tanhoney_UCODHhz23ZKnSDdmu55rObug_8iwI0bXYpvQ_556849_558873.wav,tanhoney_UCODHhz23ZKnSDdmu55rObug_8iwI0bXYpvQ,556849,558873,2024
tanhoney_UCODHhz23ZKnSDdmu55rObug_8iwI0bXYpvQ_559057_561425.wav,tanhoney_UCODHhz23ZKnSDdmu55rObug_8iwI0bXYpvQ,559057,561425,2368
tanhoney_UCODHhz23ZKnSDdmu55rObug_8iwI0bXYpvQ_561665_566889.wav,tanhoney_UCODHhz23ZKnSDdmu55rObug_8iwI0bXYpvQ,561665,566889,5224
tanhoney_UCODHhz23ZKnSDdmu55rObug_8iwI0bXYpvQ_567121_568569.wav,tanhoney_UCODHhz23ZKnSDdmu55rObug_8iwI0bXYpvQ,567121,568569,1448
tanhoney_UCODHhz23ZKnSDdmu55rObug_8iwI0bXYpvQ_568729_572025.wav,tanhoney_UCODHhz23ZKnSDdmu55rObug_8iwI0bXYpvQ,568729,572025,3296
tanhoney_UCODHhz23ZKnSDdmu55rObug_8iwI0bXYpvQ_572257_572369.wav,tanhoney_UCODHhz23ZKnSDdmu55rObug_8iwI0bXYpvQ,572257,572369,112
tanhoney_UCODHhz23ZKnSDdmu55rObug_8iwI0bXYpvQ_572609_581977.wav,tanhoney_UCODHhz23ZKnSDdmu55rObug_8iwI0bXYpvQ,572609,581977,9368
