filename,video_id,start_time,end_time,duration
WeylieHoang_UCz5ppm1BYc7tgUYIel3EWJw_sA76bEliuA_0_1185.wav,WeylieHoang_UCz5ppm1BYc7tgUYIel3EWJw_sA76bEliuA,0,1185,1185
WeylieHoang_UCz5ppm1BYc7tgUYIel3EWJw_sA76bEliuA_1833_6857.wav,WeylieHoang_UCz5ppm1BYc7tgUYIel3EWJw_sA76bEliuA,1833,6857,5024
WeylieHoang_UCz5ppm1BYc7tgUYIel3EWJw_sA76bEliuA_7641_9425.wav,WeylieHoang_UCz5ppm1BYc7tgUYIel3EWJw_sA76bEliuA,7641,9425,1784
WeylieHoang_UCz5ppm1BYc7tgUYIel3EWJw_sA76bEliuA_10169_10361.wav,WeylieHoang_UCz5ppm1BYc7tgUYIel3EWJw_sA76bEliuA,10169,10361,192
WeylieHoang_UCz5ppm1BYc7tgUYIel3EWJw_sA76bEliuA_10761_11145.wav,WeylieHoang_UCz5ppm1BYc7tgUYIel3EWJw_sA76bEliuA,10761,11145,384
WeylieHoang_UCz5ppm1BYc7tgUYIel3EWJw_sA76bEliuA_11778_19834.wav,WeylieHoang_UCz5ppm1BYc7tgUYIel3EWJw_sA76bEliuA,11778,19834,8056
WeylieHoang_UCz5ppm1BYc7tgUYIel3EWJw_sA76bEliuA_20234_23371.wav,WeylieHoang_UCz5ppm1BYc7tgUYIel3EWJw_sA76bEliuA,20234,23371,3137
WeylieHoang_UCz5ppm1BYc7tgUYIel3EWJw_sA76bEliuA_23595_32771.wav,WeylieHoang_UCz5ppm1BYc7tgUYIel3EWJw_sA76bEliuA,23595,32771,9176
WeylieHoang_UCz5ppm1BYc7tgUYIel3EWJw_sA76bEliuA_33107_36867.wav,WeylieHoang_UCz5ppm1BYc7tgUYIel3EWJw_sA76bEliuA,33107,36867,3760
WeylieHoang_UCz5ppm1BYc7tgUYIel3EWJw_sA76bEliuA_37091_37509.wav,WeylieHoang_UCz5ppm1BYc7tgUYIel3EWJw_sA76bEliuA,37091,37509,418
WeylieHoang_UCz5ppm1BYc7tgUYIel3EWJw_sA76bEliuA_37661_43717.wav,WeylieHoang_UCz5ppm1BYc7tgUYIel3EWJw_sA76bEliuA,37661,43717,6056
WeylieHoang_UCz5ppm1BYc7tgUYIel3EWJw_sA76bEliuA_43901_51053.wav,WeylieHoang_UCz5ppm1BYc7tgUYIel3EWJw_sA76bEliuA,43901,51053,7152
WeylieHoang_UCz5ppm1BYc7tgUYIel3EWJw_sA76bEliuA_51301_54269.wav,WeylieHoang_UCz5ppm1BYc7tgUYIel3EWJw_sA76bEliuA,51301,54269,2968
WeylieHoang_UCz5ppm1BYc7tgUYIel3EWJw_sA76bEliuA_54517_59053.wav,WeylieHoang_UCz5ppm1BYc7tgUYIel3EWJw_sA76bEliuA,54517,59053,4536
WeylieHoang_UCz5ppm1BYc7tgUYIel3EWJw_sA76bEliuA_59205_59625.wav,WeylieHoang_UCz5ppm1BYc7tgUYIel3EWJw_sA76bEliuA,59205,59625,420
WeylieHoang_UCz5ppm1BYc7tgUYIel3EWJw_sA76bEliuA_59881_66073.wav,WeylieHoang_UCz5ppm1BYc7tgUYIel3EWJw_sA76bEliuA,59881,66073,6192
WeylieHoang_UCz5ppm1BYc7tgUYIel3EWJw_sA76bEliuA_66185_72017.wav,WeylieHoang_UCz5ppm1BYc7tgUYIel3EWJw_sA76bEliuA,66185,72017,5832
WeylieHoang_UCz5ppm1BYc7tgUYIel3EWJw_sA76bEliuA_72281_80779.wav,WeylieHoang_UCz5ppm1BYc7tgUYIel3EWJw_sA76bEliuA,72281,80779,8498
WeylieHoang_UCz5ppm1BYc7tgUYIel3EWJw_sA76bEliuA_81163_90085.wav,WeylieHoang_UCz5ppm1BYc7tgUYIel3EWJw_sA76bEliuA,81163,90085,8922
WeylieHoang_UCz5ppm1BYc7tgUYIel3EWJw_sA76bEliuA_90197_90965.wav,WeylieHoang_UCz5ppm1BYc7tgUYIel3EWJw_sA76bEliuA,90197,90965,768
WeylieHoang_UCz5ppm1BYc7tgUYIel3EWJw_sA76bEliuA_91101_95421.wav,WeylieHoang_UCz5ppm1BYc7tgUYIel3EWJw_sA76bEliuA,91101,95421,4320
WeylieHoang_UCz5ppm1BYc7tgUYIel3EWJw_sA76bEliuA_95805_96021.wav,WeylieHoang_UCz5ppm1BYc7tgUYIel3EWJw_sA76bEliuA,95805,96021,216
WeylieHoang_UCz5ppm1BYc7tgUYIel3EWJw_sA76bEliuA_96389_99437.wav,WeylieHoang_UCz5ppm1BYc7tgUYIel3EWJw_sA76bEliuA,96389,99437,3048
WeylieHoang_UCz5ppm1BYc7tgUYIel3EWJw_sA76bEliuA_100045_104285.wav,WeylieHoang_UCz5ppm1BYc7tgUYIel3EWJw_sA76bEliuA,100045,104285,4240
WeylieHoang_UCz5ppm1BYc7tgUYIel3EWJw_sA76bEliuA_104485_111269.wav,WeylieHoang_UCz5ppm1BYc7tgUYIel3EWJw_sA76bEliuA,104485,111269,6784
WeylieHoang_UCz5ppm1BYc7tgUYIel3EWJw_sA76bEliuA_111413_112247.wav,WeylieHoang_UCz5ppm1BYc7tgUYIel3EWJw_sA76bEliuA,111413,112247,834
WeylieHoang_UCz5ppm1BYc7tgUYIel3EWJw_sA76bEliuA_112407_121496.wav,WeylieHoang_UCz5ppm1BYc7tgUYIel3EWJw_sA76bEliuA,112407,121496,9089
WeylieHoang_UCz5ppm1BYc7tgUYIel3EWJw_sA76bEliuA_121760_127385.wav,WeylieHoang_UCz5ppm1BYc7tgUYIel3EWJw_sA76bEliuA,121760,127385,5625
WeylieHoang_UCz5ppm1BYc7tgUYIel3EWJw_sA76bEliuA_127713_137385.wav,WeylieHoang_UCz5ppm1BYc7tgUYIel3EWJw_sA76bEliuA,127713,137385,9672
WeylieHoang_UCz5ppm1BYc7tgUYIel3EWJw_sA76bEliuA_137817_147721.wav,WeylieHoang_UCz5ppm1BYc7tgUYIel3EWJw_sA76bEliuA,137817,147721,9904
WeylieHoang_UCz5ppm1BYc7tgUYIel3EWJw_sA76bEliuA_148385_150449.wav,WeylieHoang_UCz5ppm1BYc7tgUYIel3EWJw_sA76bEliuA,148385,150449,2064
WeylieHoang_UCz5ppm1BYc7tgUYIel3EWJw_sA76bEliuA_150945_153917.wav,WeylieHoang_UCz5ppm1BYc7tgUYIel3EWJw_sA76bEliuA,150945,153917,2972
WeylieHoang_UCz5ppm1BYc7tgUYIel3EWJw_sA76bEliuA_154021_155197.wav,WeylieHoang_UCz5ppm1BYc7tgUYIel3EWJw_sA76bEliuA,154021,155197,1176
WeylieHoang_UCz5ppm1BYc7tgUYIel3EWJw_sA76bEliuA_155357_162249.wav,WeylieHoang_UCz5ppm1BYc7tgUYIel3EWJw_sA76bEliuA,155357,162249,6892
WeylieHoang_UCz5ppm1BYc7tgUYIel3EWJw_sA76bEliuA_162593_163981.wav,WeylieHoang_UCz5ppm1BYc7tgUYIel3EWJw_sA76bEliuA,162593,163981,1388
WeylieHoang_UCz5ppm1BYc7tgUYIel3EWJw_sA76bEliuA_164149_167605.wav,WeylieHoang_UCz5ppm1BYc7tgUYIel3EWJw_sA76bEliuA,164149,167605,3456
WeylieHoang_UCz5ppm1BYc7tgUYIel3EWJw_sA76bEliuA_167757_177469.wav,WeylieHoang_UCz5ppm1BYc7tgUYIel3EWJw_sA76bEliuA,167757,177469,9712
WeylieHoang_UCz5ppm1BYc7tgUYIel3EWJw_sA76bEliuA_177645_179309.wav,WeylieHoang_UCz5ppm1BYc7tgUYIel3EWJw_sA76bEliuA,177645,179309,1664
WeylieHoang_UCz5ppm1BYc7tgUYIel3EWJw_sA76bEliuA_179437_181141.wav,WeylieHoang_UCz5ppm1BYc7tgUYIel3EWJw_sA76bEliuA,179437,181141,1704
WeylieHoang_UCz5ppm1BYc7tgUYIel3EWJw_sA76bEliuA_181309_182053.wav,WeylieHoang_UCz5ppm1BYc7tgUYIel3EWJw_sA76bEliuA,181309,182053,744
WeylieHoang_UCz5ppm1BYc7tgUYIel3EWJw_sA76bEliuA_182189_185213.wav,WeylieHoang_UCz5ppm1BYc7tgUYIel3EWJw_sA76bEliuA,182189,185213,3024
WeylieHoang_UCz5ppm1BYc7tgUYIel3EWJw_sA76bEliuA_185445_188621.wav,WeylieHoang_UCz5ppm1BYc7tgUYIel3EWJw_sA76bEliuA,185445,188621,3176
WeylieHoang_UCz5ppm1BYc7tgUYIel3EWJw_sA76bEliuA_188813_193710.wav,WeylieHoang_UCz5ppm1BYc7tgUYIel3EWJw_sA76bEliuA,188813,193710,4897
WeylieHoang_UCz5ppm1BYc7tgUYIel3EWJw_sA76bEliuA_193990_202999.wav,WeylieHoang_UCz5ppm1BYc7tgUYIel3EWJw_sA76bEliuA,193990,202999,9009
WeylieHoang_UCz5ppm1BYc7tgUYIel3EWJw_sA76bEliuA_203199_212177.wav,WeylieHoang_UCz5ppm1BYc7tgUYIel3EWJw_sA76bEliuA,203199,212177,8978
WeylieHoang_UCz5ppm1BYc7tgUYIel3EWJw_sA76bEliuA_212433_213757.wav,WeylieHoang_UCz5ppm1BYc7tgUYIel3EWJw_sA76bEliuA,212433,213757,1324
WeylieHoang_UCz5ppm1BYc7tgUYIel3EWJw_sA76bEliuA_213941_214509.wav,WeylieHoang_UCz5ppm1BYc7tgUYIel3EWJw_sA76bEliuA,213941,214509,568
WeylieHoang_UCz5ppm1BYc7tgUYIel3EWJw_sA76bEliuA_214661_224461.wav,WeylieHoang_UCz5ppm1BYc7tgUYIel3EWJw_sA76bEliuA,214661,224461,9800
WeylieHoang_UCz5ppm1BYc7tgUYIel3EWJw_sA76bEliuA_224565_229581.wav,WeylieHoang_UCz5ppm1BYc7tgUYIel3EWJw_sA76bEliuA,224565,229581,5016
WeylieHoang_UCz5ppm1BYc7tgUYIel3EWJw_sA76bEliuA_229765_235685.wav,WeylieHoang_UCz5ppm1BYc7tgUYIel3EWJw_sA76bEliuA,229765,235685,5920
WeylieHoang_UCz5ppm1BYc7tgUYIel3EWJw_sA76bEliuA_235805_236417.wav,WeylieHoang_UCz5ppm1BYc7tgUYIel3EWJw_sA76bEliuA,235805,236417,612
WeylieHoang_UCz5ppm1BYc7tgUYIel3EWJw_sA76bEliuA_236681_241009.wav,WeylieHoang_UCz5ppm1BYc7tgUYIel3EWJw_sA76bEliuA,236681,241009,4328
WeylieHoang_UCz5ppm1BYc7tgUYIel3EWJw_sA76bEliuA_241169_242265.wav,WeylieHoang_UCz5ppm1BYc7tgUYIel3EWJw_sA76bEliuA,241169,242265,1096
WeylieHoang_UCz5ppm1BYc7tgUYIel3EWJw_sA76bEliuA_242369_246529.wav,WeylieHoang_UCz5ppm1BYc7tgUYIel3EWJw_sA76bEliuA,242369,246529,4160
WeylieHoang_UCz5ppm1BYc7tgUYIel3EWJw_sA76bEliuA_246673_255353.wav,WeylieHoang_UCz5ppm1BYc7tgUYIel3EWJw_sA76bEliuA,246673,255353,8680
WeylieHoang_UCz5ppm1BYc7tgUYIel3EWJw_sA76bEliuA_255817_257961.wav,WeylieHoang_UCz5ppm1BYc7tgUYIel3EWJw_sA76bEliuA,255817,257961,2144
WeylieHoang_UCz5ppm1BYc7tgUYIel3EWJw_sA76bEliuA_258121_263977.wav,WeylieHoang_UCz5ppm1BYc7tgUYIel3EWJw_sA76bEliuA,258121,263977,5856
WeylieHoang_UCz5ppm1BYc7tgUYIel3EWJw_sA76bEliuA_264737_267569.wav,WeylieHoang_UCz5ppm1BYc7tgUYIel3EWJw_sA76bEliuA,264737,267569,2832
WeylieHoang_UCz5ppm1BYc7tgUYIel3EWJw_sA76bEliuA_267969_270257.wav,WeylieHoang_UCz5ppm1BYc7tgUYIel3EWJw_sA76bEliuA,267969,270257,2288
WeylieHoang_UCz5ppm1BYc7tgUYIel3EWJw_sA76bEliuA_270729_278193.wav,WeylieHoang_UCz5ppm1BYc7tgUYIel3EWJw_sA76bEliuA,270729,278193,7464
WeylieHoang_UCz5ppm1BYc7tgUYIel3EWJw_sA76bEliuA_278537_285977.wav,WeylieHoang_UCz5ppm1BYc7tgUYIel3EWJw_sA76bEliuA,278537,285977,7440
WeylieHoang_UCz5ppm1BYc7tgUYIel3EWJw_sA76bEliuA_286673_291057.wav,WeylieHoang_UCz5ppm1BYc7tgUYIel3EWJw_sA76bEliuA,286673,291057,4384
WeylieHoang_UCz5ppm1BYc7tgUYIel3EWJw_sA76bEliuA_291161_300877.wav,WeylieHoang_UCz5ppm1BYc7tgUYIel3EWJw_sA76bEliuA,291161,300877,9716
WeylieHoang_UCz5ppm1BYc7tgUYIel3EWJw_sA76bEliuA_301141_307745.wav,WeylieHoang_UCz5ppm1BYc7tgUYIel3EWJw_sA76bEliuA,301141,307745,6604
WeylieHoang_UCz5ppm1BYc7tgUYIel3EWJw_sA76bEliuA_307993_312297.wav,WeylieHoang_UCz5ppm1BYc7tgUYIel3EWJw_sA76bEliuA,307993,312297,4304
WeylieHoang_UCz5ppm1BYc7tgUYIel3EWJw_sA76bEliuA_312553_319721.wav,WeylieHoang_UCz5ppm1BYc7tgUYIel3EWJw_sA76bEliuA,312553,319721,7168
WeylieHoang_UCz5ppm1BYc7tgUYIel3EWJw_sA76bEliuA_319913_320313.wav,WeylieHoang_UCz5ppm1BYc7tgUYIel3EWJw_sA76bEliuA,319913,320313,400
WeylieHoang_UCz5ppm1BYc7tgUYIel3EWJw_sA76bEliuA_320553_320777.wav,WeylieHoang_UCz5ppm1BYc7tgUYIel3EWJw_sA76bEliuA,320553,320777,224
WeylieHoang_UCz5ppm1BYc7tgUYIel3EWJw_sA76bEliuA_320961_323667.wav,WeylieHoang_UCz5ppm1BYc7tgUYIel3EWJw_sA76bEliuA,320961,323667,2706
WeylieHoang_UCz5ppm1BYc7tgUYIel3EWJw_sA76bEliuA_323939_332557.wav,WeylieHoang_UCz5ppm1BYc7tgUYIel3EWJw_sA76bEliuA,323939,332557,8618
WeylieHoang_UCz5ppm1BYc7tgUYIel3EWJw_sA76bEliuA_332709_342297.wav,WeylieHoang_UCz5ppm1BYc7tgUYIel3EWJw_sA76bEliuA,332709,342297,9588
WeylieHoang_UCz5ppm1BYc7tgUYIel3EWJw_sA76bEliuA_342409_349137.wav,WeylieHoang_UCz5ppm1BYc7tgUYIel3EWJw_sA76bEliuA,342409,349137,6728
WeylieHoang_UCz5ppm1BYc7tgUYIel3EWJw_sA76bEliuA_349273_352353.wav,WeylieHoang_UCz5ppm1BYc7tgUYIel3EWJw_sA76bEliuA,349273,352353,3080
WeylieHoang_UCz5ppm1BYc7tgUYIel3EWJw_sA76bEliuA_352953_359989.wav,WeylieHoang_UCz5ppm1BYc7tgUYIel3EWJw_sA76bEliuA,352953,359989,7036
WeylieHoang_UCz5ppm1BYc7tgUYIel3EWJw_sA76bEliuA_360141_365669.wav,WeylieHoang_UCz5ppm1BYc7tgUYIel3EWJw_sA76bEliuA,360141,365669,5528
WeylieHoang_UCz5ppm1BYc7tgUYIel3EWJw_sA76bEliuA_365909_369421.wav,WeylieHoang_UCz5ppm1BYc7tgUYIel3EWJw_sA76bEliuA,365909,369421,3512
WeylieHoang_UCz5ppm1BYc7tgUYIel3EWJw_sA76bEliuA_369717_370589.wav,WeylieHoang_UCz5ppm1BYc7tgUYIel3EWJw_sA76bEliuA,369717,370589,872
WeylieHoang_UCz5ppm1BYc7tgUYIel3EWJw_sA76bEliuA_370749_373541.wav,WeylieHoang_UCz5ppm1BYc7tgUYIel3EWJw_sA76bEliuA,370749,373541,2792
WeylieHoang_UCz5ppm1BYc7tgUYIel3EWJw_sA76bEliuA_373693_377225.wav,WeylieHoang_UCz5ppm1BYc7tgUYIel3EWJw_sA76bEliuA,373693,377225,3532
WeylieHoang_UCz5ppm1BYc7tgUYIel3EWJw_sA76bEliuA_377353_384973.wav,WeylieHoang_UCz5ppm1BYc7tgUYIel3EWJw_sA76bEliuA,377353,384973,7620
WeylieHoang_UCz5ppm1BYc7tgUYIel3EWJw_sA76bEliuA_385141_390137.wav,WeylieHoang_UCz5ppm1BYc7tgUYIel3EWJw_sA76bEliuA,385141,390137,4996
WeylieHoang_UCz5ppm1BYc7tgUYIel3EWJw_sA76bEliuA_390257_391857.wav,WeylieHoang_UCz5ppm1BYc7tgUYIel3EWJw_sA76bEliuA,390257,391857,1600
WeylieHoang_UCz5ppm1BYc7tgUYIel3EWJw_sA76bEliuA_391985_395753.wav,WeylieHoang_UCz5ppm1BYc7tgUYIel3EWJw_sA76bEliuA,391985,395753,3768
WeylieHoang_UCz5ppm1BYc7tgUYIel3EWJw_sA76bEliuA_395977_398785.wav,WeylieHoang_UCz5ppm1BYc7tgUYIel3EWJw_sA76bEliuA,395977,398785,2808
WeylieHoang_UCz5ppm1BYc7tgUYIel3EWJw_sA76bEliuA_399017_407185.wav,WeylieHoang_UCz5ppm1BYc7tgUYIel3EWJw_sA76bEliuA,399017,407185,8168
WeylieHoang_UCz5ppm1BYc7tgUYIel3EWJw_sA76bEliuA_407345_408273.wav,WeylieHoang_UCz5ppm1BYc7tgUYIel3EWJw_sA76bEliuA,407345,408273,928
WeylieHoang_UCz5ppm1BYc7tgUYIel3EWJw_sA76bEliuA_408529_411273.wav,WeylieHoang_UCz5ppm1BYc7tgUYIel3EWJw_sA76bEliuA,408529,411273,2744
WeylieHoang_UCz5ppm1BYc7tgUYIel3EWJw_sA76bEliuA_411417_412213.wav,WeylieHoang_UCz5ppm1BYc7tgUYIel3EWJw_sA76bEliuA,411417,412213,796
WeylieHoang_UCz5ppm1BYc7tgUYIel3EWJw_sA76bEliuA_412365_414239.wav,WeylieHoang_UCz5ppm1BYc7tgUYIel3EWJw_sA76bEliuA,412365,414239,1874
WeylieHoang_UCz5ppm1BYc7tgUYIel3EWJw_sA76bEliuA_414759_416535.wav,WeylieHoang_UCz5ppm1BYc7tgUYIel3EWJw_sA76bEliuA,414759,416535,1776
WeylieHoang_UCz5ppm1BYc7tgUYIel3EWJw_sA76bEliuA_416999_424729.wav,WeylieHoang_UCz5ppm1BYc7tgUYIel3EWJw_sA76bEliuA,416999,424729,7730
WeylieHoang_UCz5ppm1BYc7tgUYIel3EWJw_sA76bEliuA_424921_433881.wav,WeylieHoang_UCz5ppm1BYc7tgUYIel3EWJw_sA76bEliuA,424921,433881,8960
WeylieHoang_UCz5ppm1BYc7tgUYIel3EWJw_sA76bEliuA_433985_438129.wav,WeylieHoang_UCz5ppm1BYc7tgUYIel3EWJw_sA76bEliuA,433985,438129,4144
WeylieHoang_UCz5ppm1BYc7tgUYIel3EWJw_sA76bEliuA_438713_442097.wav,WeylieHoang_UCz5ppm1BYc7tgUYIel3EWJw_sA76bEliuA,438713,442097,3384
WeylieHoang_UCz5ppm1BYc7tgUYIel3EWJw_sA76bEliuA_442289_446817.wav,WeylieHoang_UCz5ppm1BYc7tgUYIel3EWJw_sA76bEliuA,442289,446817,4528
WeylieHoang_UCz5ppm1BYc7tgUYIel3EWJw_sA76bEliuA_446969_452515.wav,WeylieHoang_UCz5ppm1BYc7tgUYIel3EWJw_sA76bEliuA,446969,452515,5546
WeylieHoang_UCz5ppm1BYc7tgUYIel3EWJw_sA76bEliuA_452755_456227.wav,WeylieHoang_UCz5ppm1BYc7tgUYIel3EWJw_sA76bEliuA,452755,456227,3472
WeylieHoang_UCz5ppm1BYc7tgUYIel3EWJw_sA76bEliuA_456443_465525.wav,WeylieHoang_UCz5ppm1BYc7tgUYIel3EWJw_sA76bEliuA,456443,465525,9082
WeylieHoang_UCz5ppm1BYc7tgUYIel3EWJw_sA76bEliuA_465701_467857.wav,WeylieHoang_UCz5ppm1BYc7tgUYIel3EWJw_sA76bEliuA,465701,467857,2156
WeylieHoang_UCz5ppm1BYc7tgUYIel3EWJw_sA76bEliuA_467961_468233.wav,WeylieHoang_UCz5ppm1BYc7tgUYIel3EWJw_sA76bEliuA,467961,468233,272
WeylieHoang_UCz5ppm1BYc7tgUYIel3EWJw_sA76bEliuA_468801_475385.wav,WeylieHoang_UCz5ppm1BYc7tgUYIel3EWJw_sA76bEliuA,468801,475385,6584
WeylieHoang_UCz5ppm1BYc7tgUYIel3EWJw_sA76bEliuA_475489_484441.wav,WeylieHoang_UCz5ppm1BYc7tgUYIel3EWJw_sA76bEliuA,475489,484441,8952
WeylieHoang_UCz5ppm1BYc7tgUYIel3EWJw_sA76bEliuA_484593_493105.wav,WeylieHoang_UCz5ppm1BYc7tgUYIel3EWJw_sA76bEliuA,484593,493105,8512
WeylieHoang_UCz5ppm1BYc7tgUYIel3EWJw_sA76bEliuA_493561_497705.wav,WeylieHoang_UCz5ppm1BYc7tgUYIel3EWJw_sA76bEliuA,493561,497705,4144
WeylieHoang_UCz5ppm1BYc7tgUYIel3EWJw_sA76bEliuA_497873_501385.wav,WeylieHoang_UCz5ppm1BYc7tgUYIel3EWJw_sA76bEliuA,497873,501385,3512
WeylieHoang_UCz5ppm1BYc7tgUYIel3EWJw_sA76bEliuA_501537_501889.wav,WeylieHoang_UCz5ppm1BYc7tgUYIel3EWJw_sA76bEliuA,501537,501889,352
WeylieHoang_UCz5ppm1BYc7tgUYIel3EWJw_sA76bEliuA_502129_505361.wav,WeylieHoang_UCz5ppm1BYc7tgUYIel3EWJw_sA76bEliuA,502129,505361,3232
WeylieHoang_UCz5ppm1BYc7tgUYIel3EWJw_sA76bEliuA_505521_512913.wav,WeylieHoang_UCz5ppm1BYc7tgUYIel3EWJw_sA76bEliuA,505521,512913,7392
WeylieHoang_UCz5ppm1BYc7tgUYIel3EWJw_sA76bEliuA_513129_516977.wav,WeylieHoang_UCz5ppm1BYc7tgUYIel3EWJw_sA76bEliuA,513129,516977,3848
WeylieHoang_UCz5ppm1BYc7tgUYIel3EWJw_sA76bEliuA_517129_519165.wav,WeylieHoang_UCz5ppm1BYc7tgUYIel3EWJw_sA76bEliuA,517129,519165,2036
WeylieHoang_UCz5ppm1BYc7tgUYIel3EWJw_sA76bEliuA_519397_525573.wav,WeylieHoang_UCz5ppm1BYc7tgUYIel3EWJw_sA76bEliuA,519397,525573,6176
WeylieHoang_UCz5ppm1BYc7tgUYIel3EWJw_sA76bEliuA_525773_533437.wav,WeylieHoang_UCz5ppm1BYc7tgUYIel3EWJw_sA76bEliuA,525773,533437,7664
WeylieHoang_UCz5ppm1BYc7tgUYIel3EWJw_sA76bEliuA_533801_534985.wav,WeylieHoang_UCz5ppm1BYc7tgUYIel3EWJw_sA76bEliuA,533801,534985,1184
WeylieHoang_UCz5ppm1BYc7tgUYIel3EWJw_sA76bEliuA_535241_541225.wav,WeylieHoang_UCz5ppm1BYc7tgUYIel3EWJw_sA76bEliuA,535241,541225,5984
WeylieHoang_UCz5ppm1BYc7tgUYIel3EWJw_sA76bEliuA_541513_543889.wav,WeylieHoang_UCz5ppm1BYc7tgUYIel3EWJw_sA76bEliuA,541513,543889,2376
WeylieHoang_UCz5ppm1BYc7tgUYIel3EWJw_sA76bEliuA_544401_550585.wav,WeylieHoang_UCz5ppm1BYc7tgUYIel3EWJw_sA76bEliuA,544401,550585,6184
WeylieHoang_UCz5ppm1BYc7tgUYIel3EWJw_sA76bEliuA_550705_552461.wav,WeylieHoang_UCz5ppm1BYc7tgUYIel3EWJw_sA76bEliuA,550705,552461,1756
WeylieHoang_UCz5ppm1BYc7tgUYIel3EWJw_sA76bEliuA_552781_560237.wav,WeylieHoang_UCz5ppm1BYc7tgUYIel3EWJw_sA76bEliuA,552781,560237,7456
WeylieHoang_UCz5ppm1BYc7tgUYIel3EWJw_sA76bEliuA_560533_569085.wav,WeylieHoang_UCz5ppm1BYc7tgUYIel3EWJw_sA76bEliuA,560533,569085,8552
WeylieHoang_UCz5ppm1BYc7tgUYIel3EWJw_sA76bEliuA_569589_575321.wav,WeylieHoang_UCz5ppm1BYc7tgUYIel3EWJw_sA76bEliuA,569589,575321,5732
WeylieHoang_UCz5ppm1BYc7tgUYIel3EWJw_sA76bEliuA_575433_575689.wav,WeylieHoang_UCz5ppm1BYc7tgUYIel3EWJw_sA76bEliuA,575433,575689,256
WeylieHoang_UCz5ppm1BYc7tgUYIel3EWJw_sA76bEliuA_576145_581493.wav,WeylieHoang_UCz5ppm1BYc7tgUYIel3EWJw_sA76bEliuA,576145,581493,5348
WeylieHoang_UCz5ppm1BYc7tgUYIel3EWJw_sA76bEliuA_581693_582661.wav,WeylieHoang_UCz5ppm1BYc7tgUYIel3EWJw_sA76bEliuA,581693,582661,968
WeylieHoang_UCz5ppm1BYc7tgUYIel3EWJw_sA76bEliuA_583021_589389.wav,WeylieHoang_UCz5ppm1BYc7tgUYIel3EWJw_sA76bEliuA,583021,589389,6368
WeylieHoang_UCz5ppm1BYc7tgUYIel3EWJw_sA76bEliuA_589525_593765.wav,WeylieHoang_UCz5ppm1BYc7tgUYIel3EWJw_sA76bEliuA,589525,593765,4240
WeylieHoang_UCz5ppm1BYc7tgUYIel3EWJw_sA76bEliuA_593917_596197.wav,WeylieHoang_UCz5ppm1BYc7tgUYIel3EWJw_sA76bEliuA,593917,596197,2280
WeylieHoang_UCz5ppm1BYc7tgUYIel3EWJw_sA76bEliuA_596333_598617.wav,WeylieHoang_UCz5ppm1BYc7tgUYIel3EWJw_sA76bEliuA,596333,598617,2284
WeylieHoang_UCz5ppm1BYc7tgUYIel3EWJw_sA76bEliuA_598769_599811.wav,WeylieHoang_UCz5ppm1BYc7tgUYIel3EWJw_sA76bEliuA,598769,599811,1042
WeylieHoang_UCz5ppm1BYc7tgUYIel3EWJw_sA76bEliuA_600043_600300.wav,WeylieHoang_UCz5ppm1BYc7tgUYIel3EWJw_sA76bEliuA,600043,600300,257
WeylieHoang_UCz5ppm1BYc7tgUYIel3EWJw_sA76bEliuA_600564_601532.wav,WeylieHoang_UCz5ppm1BYc7tgUYIel3EWJw_sA76bEliuA,600564,601532,968
WeylieHoang_UCz5ppm1BYc7tgUYIel3EWJw_sA76bEliuA_601820_610325.wav,WeylieHoang_UCz5ppm1BYc7tgUYIel3EWJw_sA76bEliuA,601820,610325,8505
WeylieHoang_UCz5ppm1BYc7tgUYIel3EWJw_sA76bEliuA_610461_614677.wav,WeylieHoang_UCz5ppm1BYc7tgUYIel3EWJw_sA76bEliuA,610461,614677,4216
WeylieHoang_UCz5ppm1BYc7tgUYIel3EWJw_sA76bEliuA_614885_620941.wav,WeylieHoang_UCz5ppm1BYc7tgUYIel3EWJw_sA76bEliuA,614885,620941,6056
WeylieHoang_UCz5ppm1BYc7tgUYIel3EWJw_sA76bEliuA_621141_627649.wav,WeylieHoang_UCz5ppm1BYc7tgUYIel3EWJw_sA76bEliuA,621141,627649,6508
WeylieHoang_UCz5ppm1BYc7tgUYIel3EWJw_sA76bEliuA_627873_633411.wav,WeylieHoang_UCz5ppm1BYc7tgUYIel3EWJw_sA76bEliuA,627873,633411,5538
WeylieHoang_UCz5ppm1BYc7tgUYIel3EWJw_sA76bEliuA_633747_638555.wav,WeylieHoang_UCz5ppm1BYc7tgUYIel3EWJw_sA76bEliuA,633747,638555,4808
WeylieHoang_UCz5ppm1BYc7tgUYIel3EWJw_sA76bEliuA_638875_642261.wav,WeylieHoang_UCz5ppm1BYc7tgUYIel3EWJw_sA76bEliuA,638875,642261,3386
WeylieHoang_UCz5ppm1BYc7tgUYIel3EWJw_sA76bEliuA_642485_643671.wav,WeylieHoang_UCz5ppm1BYc7tgUYIel3EWJw_sA76bEliuA,642485,643671,1186
WeylieHoang_UCz5ppm1BYc7tgUYIel3EWJw_sA76bEliuA_643991_644367.wav,WeylieHoang_UCz5ppm1BYc7tgUYIel3EWJw_sA76bEliuA,643991,644367,376
WeylieHoang_UCz5ppm1BYc7tgUYIel3EWJw_sA76bEliuA_644703_646935.wav,WeylieHoang_UCz5ppm1BYc7tgUYIel3EWJw_sA76bEliuA,644703,646935,2232
WeylieHoang_UCz5ppm1BYc7tgUYIel3EWJw_sA76bEliuA_647191_652737.wav,WeylieHoang_UCz5ppm1BYc7tgUYIel3EWJw_sA76bEliuA,647191,652737,5546
WeylieHoang_UCz5ppm1BYc7tgUYIel3EWJw_sA76bEliuA_652953_659213.wav,WeylieHoang_UCz5ppm1BYc7tgUYIel3EWJw_sA76bEliuA,652953,659213,6260
WeylieHoang_UCz5ppm1BYc7tgUYIel3EWJw_sA76bEliuA_659381_662297.wav,WeylieHoang_UCz5ppm1BYc7tgUYIel3EWJw_sA76bEliuA,659381,662297,2916
WeylieHoang_UCz5ppm1BYc7tgUYIel3EWJw_sA76bEliuA_662553_665757.wav,WeylieHoang_UCz5ppm1BYc7tgUYIel3EWJw_sA76bEliuA,662553,665757,3204
WeylieHoang_UCz5ppm1BYc7tgUYIel3EWJw_sA76bEliuA_665869_666469.wav,WeylieHoang_UCz5ppm1BYc7tgUYIel3EWJw_sA76bEliuA,665869,666469,600
WeylieHoang_UCz5ppm1BYc7tgUYIel3EWJw_sA76bEliuA_666629_669693.wav,WeylieHoang_UCz5ppm1BYc7tgUYIel3EWJw_sA76bEliuA,666629,669693,3064
WeylieHoang_UCz5ppm1BYc7tgUYIel3EWJw_sA76bEliuA_669989_670253.wav,WeylieHoang_UCz5ppm1BYc7tgUYIel3EWJw_sA76bEliuA,669989,670253,264
WeylieHoang_UCz5ppm1BYc7tgUYIel3EWJw_sA76bEliuA_670405_675941.wav,WeylieHoang_UCz5ppm1BYc7tgUYIel3EWJw_sA76bEliuA,670405,675941,5536
WeylieHoang_UCz5ppm1BYc7tgUYIel3EWJw_sA76bEliuA_676045_676721.wav,WeylieHoang_UCz5ppm1BYc7tgUYIel3EWJw_sA76bEliuA,676045,676721,676
WeylieHoang_UCz5ppm1BYc7tgUYIel3EWJw_sA76bEliuA_676961_682338.wav,WeylieHoang_UCz5ppm1BYc7tgUYIel3EWJw_sA76bEliuA,676961,682338,5377
WeylieHoang_UCz5ppm1BYc7tgUYIel3EWJw_sA76bEliuA_682618_688746.wav,WeylieHoang_UCz5ppm1BYc7tgUYIel3EWJw_sA76bEliuA,682618,688746,6128
WeylieHoang_UCz5ppm1BYc7tgUYIel3EWJw_sA76bEliuA_689170_689290.wav,WeylieHoang_UCz5ppm1BYc7tgUYIel3EWJw_sA76bEliuA,689170,689290,120
WeylieHoang_UCz5ppm1BYc7tgUYIel3EWJw_sA76bEliuA_689698_699019.wav,WeylieHoang_UCz5ppm1BYc7tgUYIel3EWJw_sA76bEliuA,689698,699019,9321
WeylieHoang_UCz5ppm1BYc7tgUYIel3EWJw_sA76bEliuA_699243_703563.wav,WeylieHoang_UCz5ppm1BYc7tgUYIel3EWJw_sA76bEliuA,699243,703563,4320
WeylieHoang_UCz5ppm1BYc7tgUYIel3EWJw_sA76bEliuA_703691_705963.wav,WeylieHoang_UCz5ppm1BYc7tgUYIel3EWJw_sA76bEliuA,703691,705963,2272
WeylieHoang_UCz5ppm1BYc7tgUYIel3EWJw_sA76bEliuA_706187_706611.wav,WeylieHoang_UCz5ppm1BYc7tgUYIel3EWJw_sA76bEliuA,706187,706611,424
WeylieHoang_UCz5ppm1BYc7tgUYIel3EWJw_sA76bEliuA_707267_716379.wav,WeylieHoang_UCz5ppm1BYc7tgUYIel3EWJw_sA76bEliuA,707267,716379,9112
WeylieHoang_UCz5ppm1BYc7tgUYIel3EWJw_sA76bEliuA_716675_721349.wav,WeylieHoang_UCz5ppm1BYc7tgUYIel3EWJw_sA76bEliuA,716675,721349,4674
WeylieHoang_UCz5ppm1BYc7tgUYIel3EWJw_sA76bEliuA_721525_722909.wav,WeylieHoang_UCz5ppm1BYc7tgUYIel3EWJw_sA76bEliuA,721525,722909,1384
WeylieHoang_UCz5ppm1BYc7tgUYIel3EWJw_sA76bEliuA_723053_730525.wav,WeylieHoang_UCz5ppm1BYc7tgUYIel3EWJw_sA76bEliuA,723053,730525,7472
WeylieHoang_UCz5ppm1BYc7tgUYIel3EWJw_sA76bEliuA_730725_732533.wav,WeylieHoang_UCz5ppm1BYc7tgUYIel3EWJw_sA76bEliuA,730725,732533,1808
WeylieHoang_UCz5ppm1BYc7tgUYIel3EWJw_sA76bEliuA_732749_737057.wav,WeylieHoang_UCz5ppm1BYc7tgUYIel3EWJw_sA76bEliuA,732749,737057,4308
WeylieHoang_UCz5ppm1BYc7tgUYIel3EWJw_sA76bEliuA_737345_742417.wav,WeylieHoang_UCz5ppm1BYc7tgUYIel3EWJw_sA76bEliuA,737345,742417,5072
WeylieHoang_UCz5ppm1BYc7tgUYIel3EWJw_sA76bEliuA_742817_745345.wav,WeylieHoang_UCz5ppm1BYc7tgUYIel3EWJw_sA76bEliuA,742817,745345,2528
WeylieHoang_UCz5ppm1BYc7tgUYIel3EWJw_sA76bEliuA_745449_745705.wav,WeylieHoang_UCz5ppm1BYc7tgUYIel3EWJw_sA76bEliuA,745449,745705,256
WeylieHoang_UCz5ppm1BYc7tgUYIel3EWJw_sA76bEliuA_745841_754073.wav,WeylieHoang_UCz5ppm1BYc7tgUYIel3EWJw_sA76bEliuA,745841,754073,8232
WeylieHoang_UCz5ppm1BYc7tgUYIel3EWJw_sA76bEliuA_754473_759585.wav,WeylieHoang_UCz5ppm1BYc7tgUYIel3EWJw_sA76bEliuA,754473,759585,5112
WeylieHoang_UCz5ppm1BYc7tgUYIel3EWJw_sA76bEliuA_760065_760993.wav,WeylieHoang_UCz5ppm1BYc7tgUYIel3EWJw_sA76bEliuA,760065,760993,928
WeylieHoang_UCz5ppm1BYc7tgUYIel3EWJw_sA76bEliuA_761097_770233.wav,WeylieHoang_UCz5ppm1BYc7tgUYIel3EWJw_sA76bEliuA,761097,770233,9136
WeylieHoang_UCz5ppm1BYc7tgUYIel3EWJw_sA76bEliuA_770569_772977.wav,WeylieHoang_UCz5ppm1BYc7tgUYIel3EWJw_sA76bEliuA,770569,772977,2408
WeylieHoang_UCz5ppm1BYc7tgUYIel3EWJw_sA76bEliuA_773417_774273.wav,WeylieHoang_UCz5ppm1BYc7tgUYIel3EWJw_sA76bEliuA,773417,774273,856
WeylieHoang_UCz5ppm1BYc7tgUYIel3EWJw_sA76bEliuA_774481_781977.wav,WeylieHoang_UCz5ppm1BYc7tgUYIel3EWJw_sA76bEliuA,774481,781977,7496
WeylieHoang_UCz5ppm1BYc7tgUYIel3EWJw_sA76bEliuA_782225_789073.wav,WeylieHoang_UCz5ppm1BYc7tgUYIel3EWJw_sA76bEliuA,782225,789073,6848
WeylieHoang_UCz5ppm1BYc7tgUYIel3EWJw_sA76bEliuA_789281_789469.wav,WeylieHoang_UCz5ppm1BYc7tgUYIel3EWJw_sA76bEliuA,789281,789469,188
WeylieHoang_UCz5ppm1BYc7tgUYIel3EWJw_sA76bEliuA_789717_797693.wav,WeylieHoang_UCz5ppm1BYc7tgUYIel3EWJw_sA76bEliuA,789717,797693,7976
WeylieHoang_UCz5ppm1BYc7tgUYIel3EWJw_sA76bEliuA_798093_802085.wav,WeylieHoang_UCz5ppm1BYc7tgUYIel3EWJw_sA76bEliuA,798093,802085,3992
WeylieHoang_UCz5ppm1BYc7tgUYIel3EWJw_sA76bEliuA_802505_806337.wav,WeylieHoang_UCz5ppm1BYc7tgUYIel3EWJw_sA76bEliuA,802505,806337,3832
WeylieHoang_UCz5ppm1BYc7tgUYIel3EWJw_sA76bEliuA_806513_815033.wav,WeylieHoang_UCz5ppm1BYc7tgUYIel3EWJw_sA76bEliuA,806513,815033,8520
WeylieHoang_UCz5ppm1BYc7tgUYIel3EWJw_sA76bEliuA_815169_816705.wav,WeylieHoang_UCz5ppm1BYc7tgUYIel3EWJw_sA76bEliuA,815169,816705,1536
WeylieHoang_UCz5ppm1BYc7tgUYIel3EWJw_sA76bEliuA_817321_820753.wav,WeylieHoang_UCz5ppm1BYc7tgUYIel3EWJw_sA76bEliuA,817321,820753,3432
WeylieHoang_UCz5ppm1BYc7tgUYIel3EWJw_sA76bEliuA_820913_821473.wav,WeylieHoang_UCz5ppm1BYc7tgUYIel3EWJw_sA76bEliuA,820913,821473,560
WeylieHoang_UCz5ppm1BYc7tgUYIel3EWJw_sA76bEliuA_821577_826641.wav,WeylieHoang_UCz5ppm1BYc7tgUYIel3EWJw_sA76bEliuA,821577,826641,5064
WeylieHoang_UCz5ppm1BYc7tgUYIel3EWJw_sA76bEliuA_826769_829633.wav,WeylieHoang_UCz5ppm1BYc7tgUYIel3EWJw_sA76bEliuA,826769,829633,2864
WeylieHoang_UCz5ppm1BYc7tgUYIel3EWJw_sA76bEliuA_830049_831757.wav,WeylieHoang_UCz5ppm1BYc7tgUYIel3EWJw_sA76bEliuA,830049,831757,1708
WeylieHoang_UCz5ppm1BYc7tgUYIel3EWJw_sA76bEliuA_831861_833181.wav,WeylieHoang_UCz5ppm1BYc7tgUYIel3EWJw_sA76bEliuA,831861,833181,1320
WeylieHoang_UCz5ppm1BYc7tgUYIel3EWJw_sA76bEliuA_833301_834189.wav,WeylieHoang_UCz5ppm1BYc7tgUYIel3EWJw_sA76bEliuA,833301,834189,888
WeylieHoang_UCz5ppm1BYc7tgUYIel3EWJw_sA76bEliuA_834381_836493.wav,WeylieHoang_UCz5ppm1BYc7tgUYIel3EWJw_sA76bEliuA,834381,836493,2112
WeylieHoang_UCz5ppm1BYc7tgUYIel3EWJw_sA76bEliuA_836693_841349.wav,WeylieHoang_UCz5ppm1BYc7tgUYIel3EWJw_sA76bEliuA,836693,841349,4656
WeylieHoang_UCz5ppm1BYc7tgUYIel3EWJw_sA76bEliuA_841565_850637.wav,WeylieHoang_UCz5ppm1BYc7tgUYIel3EWJw_sA76bEliuA,841565,850637,9072
WeylieHoang_UCz5ppm1BYc7tgUYIel3EWJw_sA76bEliuA_850749_850941.wav,WeylieHoang_UCz5ppm1BYc7tgUYIel3EWJw_sA76bEliuA,850749,850941,192
WeylieHoang_UCz5ppm1BYc7tgUYIel3EWJw_sA76bEliuA_851189_857517.wav,WeylieHoang_UCz5ppm1BYc7tgUYIel3EWJw_sA76bEliuA,851189,857517,6328
WeylieHoang_UCz5ppm1BYc7tgUYIel3EWJw_sA76bEliuA_857629_866449.wav,WeylieHoang_UCz5ppm1BYc7tgUYIel3EWJw_sA76bEliuA,857629,866449,8820
WeylieHoang_UCz5ppm1BYc7tgUYIel3EWJw_sA76bEliuA_866625_874227.wav,WeylieHoang_UCz5ppm1BYc7tgUYIel3EWJw_sA76bEliuA,866625,874227,7602
WeylieHoang_UCz5ppm1BYc7tgUYIel3EWJw_sA76bEliuA_874491_882116.wav,WeylieHoang_UCz5ppm1BYc7tgUYIel3EWJw_sA76bEliuA,874491,882116,7625
WeylieHoang_UCz5ppm1BYc7tgUYIel3EWJw_sA76bEliuA_882412_889261.wav,WeylieHoang_UCz5ppm1BYc7tgUYIel3EWJw_sA76bEliuA,882412,889261,6849
WeylieHoang_UCz5ppm1BYc7tgUYIel3EWJw_sA76bEliuA_889389_890481.wav,WeylieHoang_UCz5ppm1BYc7tgUYIel3EWJw_sA76bEliuA,889389,890481,1092
WeylieHoang_UCz5ppm1BYc7tgUYIel3EWJw_sA76bEliuA_891089_896521.wav,WeylieHoang_UCz5ppm1BYc7tgUYIel3EWJw_sA76bEliuA,891089,896521,5432
WeylieHoang_UCz5ppm1BYc7tgUYIel3EWJw_sA76bEliuA_896625_899209.wav,WeylieHoang_UCz5ppm1BYc7tgUYIel3EWJw_sA76bEliuA,896625,899209,2584
WeylieHoang_UCz5ppm1BYc7tgUYIel3EWJw_sA76bEliuA_899313_901797.wav,WeylieHoang_UCz5ppm1BYc7tgUYIel3EWJw_sA76bEliuA,899313,901797,2484
WeylieHoang_UCz5ppm1BYc7tgUYIel3EWJw_sA76bEliuA_901973_904695.wav,WeylieHoang_UCz5ppm1BYc7tgUYIel3EWJw_sA76bEliuA,901973,904695,2722
WeylieHoang_UCz5ppm1BYc7tgUYIel3EWJw_sA76bEliuA_905039_906255.wav,WeylieHoang_UCz5ppm1BYc7tgUYIel3EWJw_sA76bEliuA,905039,906255,1216
WeylieHoang_UCz5ppm1BYc7tgUYIel3EWJw_sA76bEliuA_906615_916255.wav,WeylieHoang_UCz5ppm1BYc7tgUYIel3EWJw_sA76bEliuA,906615,916255,9640
WeylieHoang_UCz5ppm1BYc7tgUYIel3EWJw_sA76bEliuA_916761_925289.wav,WeylieHoang_UCz5ppm1BYc7tgUYIel3EWJw_sA76bEliuA,916761,925289,8528
WeylieHoang_UCz5ppm1BYc7tgUYIel3EWJw_sA76bEliuA_925521_931705.wav,WeylieHoang_UCz5ppm1BYc7tgUYIel3EWJw_sA76bEliuA,925521,931705,6184
WeylieHoang_UCz5ppm1BYc7tgUYIel3EWJw_sA76bEliuA_932001_938053.wav,WeylieHoang_UCz5ppm1BYc7tgUYIel3EWJw_sA76bEliuA,932001,938053,6052
WeylieHoang_UCz5ppm1BYc7tgUYIel3EWJw_sA76bEliuA_938245_945513.wav,WeylieHoang_UCz5ppm1BYc7tgUYIel3EWJw_sA76bEliuA,938245,945513,7268
WeylieHoang_UCz5ppm1BYc7tgUYIel3EWJw_sA76bEliuA_945689_948305.wav,WeylieHoang_UCz5ppm1BYc7tgUYIel3EWJw_sA76bEliuA,945689,948305,2616
WeylieHoang_UCz5ppm1BYc7tgUYIel3EWJw_sA76bEliuA_948433_951889.wav,WeylieHoang_UCz5ppm1BYc7tgUYIel3EWJw_sA76bEliuA,948433,951889,3456
WeylieHoang_UCz5ppm1BYc7tgUYIel3EWJw_sA76bEliuA_952089_960525.wav,WeylieHoang_UCz5ppm1BYc7tgUYIel3EWJw_sA76bEliuA,952089,960525,8436
WeylieHoang_UCz5ppm1BYc7tgUYIel3EWJw_sA76bEliuA_960949_962601.wav,WeylieHoang_UCz5ppm1BYc7tgUYIel3EWJw_sA76bEliuA,960949,962601,1652
WeylieHoang_UCz5ppm1BYc7tgUYIel3EWJw_sA76bEliuA_962897_965513.wav,WeylieHoang_UCz5ppm1BYc7tgUYIel3EWJw_sA76bEliuA,962897,965513,2616
WeylieHoang_UCz5ppm1BYc7tgUYIel3EWJw_sA76bEliuA_965665_972889.wav,WeylieHoang_UCz5ppm1BYc7tgUYIel3EWJw_sA76bEliuA,965665,972889,7224
WeylieHoang_UCz5ppm1BYc7tgUYIel3EWJw_sA76bEliuA_973049_974049.wav,WeylieHoang_UCz5ppm1BYc7tgUYIel3EWJw_sA76bEliuA,973049,974049,1000
WeylieHoang_UCz5ppm1BYc7tgUYIel3EWJw_sA76bEliuA_974329_978193.wav,WeylieHoang_UCz5ppm1BYc7tgUYIel3EWJw_sA76bEliuA,974329,978193,3864
WeylieHoang_UCz5ppm1BYc7tgUYIel3EWJw_sA76bEliuA_978649_980241.wav,WeylieHoang_UCz5ppm1BYc7tgUYIel3EWJw_sA76bEliuA,978649,980241,1592
WeylieHoang_UCz5ppm1BYc7tgUYIel3EWJw_sA76bEliuA_980345_985009.wav,WeylieHoang_UCz5ppm1BYc7tgUYIel3EWJw_sA76bEliuA,980345,985009,4664
WeylieHoang_UCz5ppm1BYc7tgUYIel3EWJw_sA76bEliuA_985121_993609.wav,WeylieHoang_UCz5ppm1BYc7tgUYIel3EWJw_sA76bEliuA,985121,993609,8488
WeylieHoang_UCz5ppm1BYc7tgUYIel3EWJw_sA76bEliuA_993921_995161.wav,WeylieHoang_UCz5ppm1BYc7tgUYIel3EWJw_sA76bEliuA,993921,995161,1240
WeylieHoang_UCz5ppm1BYc7tgUYIel3EWJw_sA76bEliuA_995385_995937.wav,WeylieHoang_UCz5ppm1BYc7tgUYIel3EWJw_sA76bEliuA,995385,995937,552
WeylieHoang_UCz5ppm1BYc7tgUYIel3EWJw_sA76bEliuA_996105_998105.wav,WeylieHoang_UCz5ppm1BYc7tgUYIel3EWJw_sA76bEliuA,996105,998105,2000
WeylieHoang_UCz5ppm1BYc7tgUYIel3EWJw_sA76bEliuA_998321_1000009.wav,WeylieHoang_UCz5ppm1BYc7tgUYIel3EWJw_sA76bEliuA,998321,1000009,1688
WeylieHoang_UCz5ppm1BYc7tgUYIel3EWJw_sA76bEliuA_1000585_1003949.wav,WeylieHoang_UCz5ppm1BYc7tgUYIel3EWJw_sA76bEliuA,1000585,1003949,3364
WeylieHoang_UCz5ppm1BYc7tgUYIel3EWJw_sA76bEliuA_1004085_1004781.wav,WeylieHoang_UCz5ppm1BYc7tgUYIel3EWJw_sA76bEliuA,1004085,1004781,696
WeylieHoang_UCz5ppm1BYc7tgUYIel3EWJw_sA76bEliuA_1004941_1011581.wav,WeylieHoang_UCz5ppm1BYc7tgUYIel3EWJw_sA76bEliuA,1004941,1011581,6640
WeylieHoang_UCz5ppm1BYc7tgUYIel3EWJw_sA76bEliuA_1011741_1012183.wav,WeylieHoang_UCz5ppm1BYc7tgUYIel3EWJw_sA76bEliuA,1011741,1012183,442
WeylieHoang_UCz5ppm1BYc7tgUYIel3EWJw_sA76bEliuA_1012367_1022144.wav,WeylieHoang_UCz5ppm1BYc7tgUYIel3EWJw_sA76bEliuA,1012367,1022144,9777
WeylieHoang_UCz5ppm1BYc7tgUYIel3EWJw_sA76bEliuA_1022352_1031561.wav,WeylieHoang_UCz5ppm1BYc7tgUYIel3EWJw_sA76bEliuA,1022352,1031561,9209
WeylieHoang_UCz5ppm1BYc7tgUYIel3EWJw_sA76bEliuA_1031841_1032457.wav,WeylieHoang_UCz5ppm1BYc7tgUYIel3EWJw_sA76bEliuA,1031841,1032457,616
WeylieHoang_UCz5ppm1BYc7tgUYIel3EWJw_sA76bEliuA_1032753_1036089.wav,WeylieHoang_UCz5ppm1BYc7tgUYIel3EWJw_sA76bEliuA,1032753,1036089,3336
WeylieHoang_UCz5ppm1BYc7tgUYIel3EWJw_sA76bEliuA_1036537_1037049.wav,WeylieHoang_UCz5ppm1BYc7tgUYIel3EWJw_sA76bEliuA,1036537,1037049,512
WeylieHoang_UCz5ppm1BYc7tgUYIel3EWJw_sA76bEliuA_1038161_1038649.wav,WeylieHoang_UCz5ppm1BYc7tgUYIel3EWJw_sA76bEliuA,1038161,1038649,488
WeylieHoang_UCz5ppm1BYc7tgUYIel3EWJw_sA76bEliuA_1039489_1040145.wav,WeylieHoang_UCz5ppm1BYc7tgUYIel3EWJw_sA76bEliuA,1039489,1040145,656
WeylieHoang_UCz5ppm1BYc7tgUYIel3EWJw_sA76bEliuA_1040417_1049553.wav,WeylieHoang_UCz5ppm1BYc7tgUYIel3EWJw_sA76bEliuA,1040417,1049553,9136
WeylieHoang_UCz5ppm1BYc7tgUYIel3EWJw_sA76bEliuA_1049969_1056401.wav,WeylieHoang_UCz5ppm1BYc7tgUYIel3EWJw_sA76bEliuA,1049969,1056401,6432
WeylieHoang_UCz5ppm1BYc7tgUYIel3EWJw_sA76bEliuA_1056681_1057457.wav,WeylieHoang_UCz5ppm1BYc7tgUYIel3EWJw_sA76bEliuA,1056681,1057457,776
WeylieHoang_UCz5ppm1BYc7tgUYIel3EWJw_sA76bEliuA_1057697_1064333.wav,WeylieHoang_UCz5ppm1BYc7tgUYIel3EWJw_sA76bEliuA,1057697,1064333,6636
WeylieHoang_UCz5ppm1BYc7tgUYIel3EWJw_sA76bEliuA_1064565_1073521.wav,WeylieHoang_UCz5ppm1BYc7tgUYIel3EWJw_sA76bEliuA,1064565,1073521,8956
WeylieHoang_UCz5ppm1BYc7tgUYIel3EWJw_sA76bEliuA_1073665_1080337.wav,WeylieHoang_UCz5ppm1BYc7tgUYIel3EWJw_sA76bEliuA,1073665,1080337,6672
WeylieHoang_UCz5ppm1BYc7tgUYIel3EWJw_sA76bEliuA_1080441_1089465.wav,WeylieHoang_UCz5ppm1BYc7tgUYIel3EWJw_sA76bEliuA,1080441,1089465,9024
WeylieHoang_UCz5ppm1BYc7tgUYIel3EWJw_sA76bEliuA_1089617_1091705.wav,WeylieHoang_UCz5ppm1BYc7tgUYIel3EWJw_sA76bEliuA,1089617,1091705,2088
WeylieHoang_UCz5ppm1BYc7tgUYIel3EWJw_sA76bEliuA_1092305_1097145.wav,WeylieHoang_UCz5ppm1BYc7tgUYIel3EWJw_sA76bEliuA,1092305,1097145,4840
WeylieHoang_UCz5ppm1BYc7tgUYIel3EWJw_sA76bEliuA_1097681_1105001.wav,WeylieHoang_UCz5ppm1BYc7tgUYIel3EWJw_sA76bEliuA,1097681,1105001,7320
WeylieHoang_UCz5ppm1BYc7tgUYIel3EWJw_sA76bEliuA_1105441_1115273.wav,WeylieHoang_UCz5ppm1BYc7tgUYIel3EWJw_sA76bEliuA,1105441,1115273,9832
WeylieHoang_UCz5ppm1BYc7tgUYIel3EWJw_sA76bEliuA_1116137_1117073.wav,WeylieHoang_UCz5ppm1BYc7tgUYIel3EWJw_sA76bEliuA,1116137,1117073,936
WeylieHoang_UCz5ppm1BYc7tgUYIel3EWJw_sA76bEliuA_1117193_1124769.wav,WeylieHoang_UCz5ppm1BYc7tgUYIel3EWJw_sA76bEliuA,1117193,1124769,7576
WeylieHoang_UCz5ppm1BYc7tgUYIel3EWJw_sA76bEliuA_1124929_1127913.wav,WeylieHoang_UCz5ppm1BYc7tgUYIel3EWJw_sA76bEliuA,1124929,1127913,2984
WeylieHoang_UCz5ppm1BYc7tgUYIel3EWJw_sA76bEliuA_1128073_1133369.wav,WeylieHoang_UCz5ppm1BYc7tgUYIel3EWJw_sA76bEliuA,1128073,1133369,5296
WeylieHoang_UCz5ppm1BYc7tgUYIel3EWJw_sA76bEliuA_1133681_1137737.wav,WeylieHoang_UCz5ppm1BYc7tgUYIel3EWJw_sA76bEliuA,1133681,1137737,4056
WeylieHoang_UCz5ppm1BYc7tgUYIel3EWJw_sA76bEliuA_1138049_1139537.wav,WeylieHoang_UCz5ppm1BYc7tgUYIel3EWJw_sA76bEliuA,1138049,1139537,1488
WeylieHoang_UCz5ppm1BYc7tgUYIel3EWJw_sA76bEliuA_1139897_1148195.wav,WeylieHoang_UCz5ppm1BYc7tgUYIel3EWJw_sA76bEliuA,1139897,1148195,8298
WeylieHoang_UCz5ppm1BYc7tgUYIel3EWJw_sA76bEliuA_1148507_1156677.wav,WeylieHoang_UCz5ppm1BYc7tgUYIel3EWJw_sA76bEliuA,1148507,1156677,8170
WeylieHoang_UCz5ppm1BYc7tgUYIel3EWJw_sA76bEliuA_1156837_1162089.wav,WeylieHoang_UCz5ppm1BYc7tgUYIel3EWJw_sA76bEliuA,1156837,1162089,5252
WeylieHoang_UCz5ppm1BYc7tgUYIel3EWJw_sA76bEliuA_1162241_1171509.wav,WeylieHoang_UCz5ppm1BYc7tgUYIel3EWJw_sA76bEliuA,1162241,1171509,9268
WeylieHoang_UCz5ppm1BYc7tgUYIel3EWJw_sA76bEliuA_1171733_1180623.wav,WeylieHoang_UCz5ppm1BYc7tgUYIel3EWJw_sA76bEliuA,1171733,1180623,8890
WeylieHoang_UCz5ppm1BYc7tgUYIel3EWJw_sA76bEliuA_1180823_1183655.wav,WeylieHoang_UCz5ppm1BYc7tgUYIel3EWJw_sA76bEliuA,1180823,1183655,2832
WeylieHoang_UCz5ppm1BYc7tgUYIel3EWJw_sA76bEliuA_1183815_1187281.wav,WeylieHoang_UCz5ppm1BYc7tgUYIel3EWJw_sA76bEliuA,1183815,1187281,3466
WeylieHoang_UCz5ppm1BYc7tgUYIel3EWJw_sA76bEliuA_1187897_1189025.wav,WeylieHoang_UCz5ppm1BYc7tgUYIel3EWJw_sA76bEliuA,1187897,1189025,1128
WeylieHoang_UCz5ppm1BYc7tgUYIel3EWJw_sA76bEliuA_1189457_1191169.wav,WeylieHoang_UCz5ppm1BYc7tgUYIel3EWJw_sA76bEliuA,1189457,1191169,1712
WeylieHoang_UCz5ppm1BYc7tgUYIel3EWJw_sA76bEliuA_1191585_1191817.wav,WeylieHoang_UCz5ppm1BYc7tgUYIel3EWJw_sA76bEliuA,1191585,1191817,232
WeylieHoang_UCz5ppm1BYc7tgUYIel3EWJw_sA76bEliuA_1192257_1196225.wav,WeylieHoang_UCz5ppm1BYc7tgUYIel3EWJw_sA76bEliuA,1192257,1196225,3968
WeylieHoang_UCz5ppm1BYc7tgUYIel3EWJw_sA76bEliuA_1197105_1197545.wav,WeylieHoang_UCz5ppm1BYc7tgUYIel3EWJw_sA76bEliuA,1197105,1197545,440
WeylieHoang_UCz5ppm1BYc7tgUYIel3EWJw_sA76bEliuA_1197889_1205257.wav,WeylieHoang_UCz5ppm1BYc7tgUYIel3EWJw_sA76bEliuA,1197889,1205257,7368
WeylieHoang_UCz5ppm1BYc7tgUYIel3EWJw_sA76bEliuA_1206281_1207409.wav,WeylieHoang_UCz5ppm1BYc7tgUYIel3EWJw_sA76bEliuA,1206281,1207409,1128
WeylieHoang_UCz5ppm1BYc7tgUYIel3EWJw_sA76bEliuA_1207601_1216557.wav,WeylieHoang_UCz5ppm1BYc7tgUYIel3EWJw_sA76bEliuA,1207601,1216557,8956
WeylieHoang_UCz5ppm1BYc7tgUYIel3EWJw_sA76bEliuA_1216781_1221961.wav,WeylieHoang_UCz5ppm1BYc7tgUYIel3EWJw_sA76bEliuA,1216781,1221961,5180
WeylieHoang_UCz5ppm1BYc7tgUYIel3EWJw_sA76bEliuA_1222097_1225697.wav,WeylieHoang_UCz5ppm1BYc7tgUYIel3EWJw_sA76bEliuA,1222097,1225697,3600
WeylieHoang_UCz5ppm1BYc7tgUYIel3EWJw_sA76bEliuA_1226057_1234377.wav,WeylieHoang_UCz5ppm1BYc7tgUYIel3EWJw_sA76bEliuA,1226057,1234377,8320
WeylieHoang_UCz5ppm1BYc7tgUYIel3EWJw_sA76bEliuA_1235041_1238801.wav,WeylieHoang_UCz5ppm1BYc7tgUYIel3EWJw_sA76bEliuA,1235041,1238801,3760
WeylieHoang_UCz5ppm1BYc7tgUYIel3EWJw_sA76bEliuA_1239017_1239457.wav,WeylieHoang_UCz5ppm1BYc7tgUYIel3EWJw_sA76bEliuA,1239017,1239457,440
WeylieHoang_UCz5ppm1BYc7tgUYIel3EWJw_sA76bEliuA_1239665_1247249.wav,WeylieHoang_UCz5ppm1BYc7tgUYIel3EWJw_sA76bEliuA,1239665,1247249,7584
WeylieHoang_UCz5ppm1BYc7tgUYIel3EWJw_sA76bEliuA_1247529_1255321.wav,WeylieHoang_UCz5ppm1BYc7tgUYIel3EWJw_sA76bEliuA,1247529,1255321,7792
WeylieHoang_UCz5ppm1BYc7tgUYIel3EWJw_sA76bEliuA_1255457_1259945.wav,WeylieHoang_UCz5ppm1BYc7tgUYIel3EWJw_sA76bEliuA,1255457,1259945,4488
WeylieHoang_UCz5ppm1BYc7tgUYIel3EWJw_sA76bEliuA_1260217_1261857.wav,WeylieHoang_UCz5ppm1BYc7tgUYIel3EWJw_sA76bEliuA,1260217,1261857,1640
WeylieHoang_UCz5ppm1BYc7tgUYIel3EWJw_sA76bEliuA_1262153_1269697.wav,WeylieHoang_UCz5ppm1BYc7tgUYIel3EWJw_sA76bEliuA,1262153,1269697,7544
WeylieHoang_UCz5ppm1BYc7tgUYIel3EWJw_sA76bEliuA_1270145_1279569.wav,WeylieHoang_UCz5ppm1BYc7tgUYIel3EWJw_sA76bEliuA,1270145,1279569,9424
WeylieHoang_UCz5ppm1BYc7tgUYIel3EWJw_sA76bEliuA_1279705_1288345.wav,WeylieHoang_UCz5ppm1BYc7tgUYIel3EWJw_sA76bEliuA,1279705,1288345,8640
WeylieHoang_UCz5ppm1BYc7tgUYIel3EWJw_sA76bEliuA_1288465_1290273.wav,WeylieHoang_UCz5ppm1BYc7tgUYIel3EWJw_sA76bEliuA,1288465,1290273,1808
WeylieHoang_UCz5ppm1BYc7tgUYIel3EWJw_sA76bEliuA_1290393_1298073.wav,WeylieHoang_UCz5ppm1BYc7tgUYIel3EWJw_sA76bEliuA,1290393,1298073,7680
WeylieHoang_UCz5ppm1BYc7tgUYIel3EWJw_sA76bEliuA_1298225_1298817.wav,WeylieHoang_UCz5ppm1BYc7tgUYIel3EWJw_sA76bEliuA,1298225,1298817,592
WeylieHoang_UCz5ppm1BYc7tgUYIel3EWJw_sA76bEliuA_1299001_1299985.wav,WeylieHoang_UCz5ppm1BYc7tgUYIel3EWJw_sA76bEliuA,1299001,1299985,984
WeylieHoang_UCz5ppm1BYc7tgUYIel3EWJw_sA76bEliuA_1300633_1305657.wav,WeylieHoang_UCz5ppm1BYc7tgUYIel3EWJw_sA76bEliuA,1300633,1305657,5024
WeylieHoang_UCz5ppm1BYc7tgUYIel3EWJw_sA76bEliuA_1306433_1308217.wav,WeylieHoang_UCz5ppm1BYc7tgUYIel3EWJw_sA76bEliuA,1306433,1308217,1784
WeylieHoang_UCz5ppm1BYc7tgUYIel3EWJw_sA76bEliuA_1308969_1309161.wav,WeylieHoang_UCz5ppm1BYc7tgUYIel3EWJw_sA76bEliuA,1308969,1309161,192
WeylieHoang_UCz5ppm1BYc7tgUYIel3EWJw_sA76bEliuA_1309561_1310001.wav,WeylieHoang_UCz5ppm1BYc7tgUYIel3EWJw_sA76bEliuA,1309561,1310001,440
WeylieHoang_UCz5ppm1BYc7tgUYIel3EWJw_sA76bEliuA_1310265_1310849.wav,WeylieHoang_UCz5ppm1BYc7tgUYIel3EWJw_sA76bEliuA,1310265,1310849,584
WeylieHoang_UCz5ppm1BYc7tgUYIel3EWJw_sA76bEliuA_1311177_1316297.wav,WeylieHoang_UCz5ppm1BYc7tgUYIel3EWJw_sA76bEliuA,1311177,1316297,5120
WeylieHoang_UCz5ppm1BYc7tgUYIel3EWJw_sA76bEliuA_1316617_1319361.wav,WeylieHoang_UCz5ppm1BYc7tgUYIel3EWJw_sA76bEliuA,1316617,1319361,2744
WeylieHoang_UCz5ppm1BYc7tgUYIel3EWJw_sA76bEliuA_1319513_1323329.wav,WeylieHoang_UCz5ppm1BYc7tgUYIel3EWJw_sA76bEliuA,1319513,1323329,3816
WeylieHoang_UCz5ppm1BYc7tgUYIel3EWJw_sA76bEliuA_1323457_1327657.wav,WeylieHoang_UCz5ppm1BYc7tgUYIel3EWJw_sA76bEliuA,1323457,1327657,4200
WeylieHoang_UCz5ppm1BYc7tgUYIel3EWJw_sA76bEliuA_1328033_1331873.wav,WeylieHoang_UCz5ppm1BYc7tgUYIel3EWJw_sA76bEliuA,1328033,1331873,3840
WeylieHoang_UCz5ppm1BYc7tgUYIel3EWJw_sA76bEliuA_1332241_1338186.wav,WeylieHoang_UCz5ppm1BYc7tgUYIel3EWJw_sA76bEliuA,1332241,1338186,5945
WeylieHoang_UCz5ppm1BYc7tgUYIel3EWJw_sA76bEliuA_1338402_1340138.wav,WeylieHoang_UCz5ppm1BYc7tgUYIel3EWJw_sA76bEliuA,1338402,1340138,1736
WeylieHoang_UCz5ppm1BYc7tgUYIel3EWJw_sA76bEliuA_1340426_1342859.wav,WeylieHoang_UCz5ppm1BYc7tgUYIel3EWJw_sA76bEliuA,1340426,1342859,2433
WeylieHoang_UCz5ppm1BYc7tgUYIel3EWJw_sA76bEliuA_1343011_1343683.wav,WeylieHoang_UCz5ppm1BYc7tgUYIel3EWJw_sA76bEliuA,1343011,1343683,672
WeylieHoang_UCz5ppm1BYc7tgUYIel3EWJw_sA76bEliuA_1343965_1347413.wav,WeylieHoang_UCz5ppm1BYc7tgUYIel3EWJw_sA76bEliuA,1343965,1347413,3448
WeylieHoang_UCz5ppm1BYc7tgUYIel3EWJw_sA76bEliuA_1347573_1348981.wav,WeylieHoang_UCz5ppm1BYc7tgUYIel3EWJw_sA76bEliuA,1347573,1348981,1408
WeylieHoang_UCz5ppm1BYc7tgUYIel3EWJw_sA76bEliuA_1349205_1357321.wav,WeylieHoang_UCz5ppm1BYc7tgUYIel3EWJw_sA76bEliuA,1349205,1357321,8116
WeylieHoang_UCz5ppm1BYc7tgUYIel3EWJw_sA76bEliuA_1357809_1360433.wav,WeylieHoang_UCz5ppm1BYc7tgUYIel3EWJw_sA76bEliuA,1357809,1360433,2624
WeylieHoang_UCz5ppm1BYc7tgUYIel3EWJw_sA76bEliuA_1360537_1362897.wav,WeylieHoang_UCz5ppm1BYc7tgUYIel3EWJw_sA76bEliuA,1360537,1362897,2360
WeylieHoang_UCz5ppm1BYc7tgUYIel3EWJw_sA76bEliuA_1363025_1363521.wav,WeylieHoang_UCz5ppm1BYc7tgUYIel3EWJw_sA76bEliuA,1363025,1363521,496
WeylieHoang_UCz5ppm1BYc7tgUYIel3EWJw_sA76bEliuA_1363641_1364433.wav,WeylieHoang_UCz5ppm1BYc7tgUYIel3EWJw_sA76bEliuA,1363641,1364433,792
WeylieHoang_UCz5ppm1BYc7tgUYIel3EWJw_sA76bEliuA_1364585_1367289.wav,WeylieHoang_UCz5ppm1BYc7tgUYIel3EWJw_sA76bEliuA,1364585,1367289,2704
WeylieHoang_UCz5ppm1BYc7tgUYIel3EWJw_sA76bEliuA_1367449_1375673.wav,WeylieHoang_UCz5ppm1BYc7tgUYIel3EWJw_sA76bEliuA,1367449,1375673,8224
WeylieHoang_UCz5ppm1BYc7tgUYIel3EWJw_sA76bEliuA_1376241_1379857.wav,WeylieHoang_UCz5ppm1BYc7tgUYIel3EWJw_sA76bEliuA,1376241,1379857,3616
WeylieHoang_UCz5ppm1BYc7tgUYIel3EWJw_sA76bEliuA_1380129_1380721.wav,WeylieHoang_UCz5ppm1BYc7tgUYIel3EWJw_sA76bEliuA,1380129,1380721,592
WeylieHoang_UCz5ppm1BYc7tgUYIel3EWJw_sA76bEliuA_1381065_1386937.wav,WeylieHoang_UCz5ppm1BYc7tgUYIel3EWJw_sA76bEliuA,1381065,1386937,5872
WeylieHoang_UCz5ppm1BYc7tgUYIel3EWJw_sA76bEliuA_1387089_1391969.wav,WeylieHoang_UCz5ppm1BYc7tgUYIel3EWJw_sA76bEliuA,1387089,1391969,4880
WeylieHoang_UCz5ppm1BYc7tgUYIel3EWJw_sA76bEliuA_1392153_1400961.wav,WeylieHoang_UCz5ppm1BYc7tgUYIel3EWJw_sA76bEliuA,1392153,1400961,8808
WeylieHoang_UCz5ppm1BYc7tgUYIel3EWJw_sA76bEliuA_1401113_1401745.wav,WeylieHoang_UCz5ppm1BYc7tgUYIel3EWJw_sA76bEliuA,1401113,1401745,632
WeylieHoang_UCz5ppm1BYc7tgUYIel3EWJw_sA76bEliuA_1402209_1404153.wav,WeylieHoang_UCz5ppm1BYc7tgUYIel3EWJw_sA76bEliuA,1402209,1404153,1944
WeylieHoang_UCz5ppm1BYc7tgUYIel3EWJw_sA76bEliuA_1404473_1409381.wav,WeylieHoang_UCz5ppm1BYc7tgUYIel3EWJw_sA76bEliuA,1404473,1409381,4908
WeylieHoang_UCz5ppm1BYc7tgUYIel3EWJw_sA76bEliuA_1409549_1415365.wav,WeylieHoang_UCz5ppm1BYc7tgUYIel3EWJw_sA76bEliuA,1409549,1415365,5816
WeylieHoang_UCz5ppm1BYc7tgUYIel3EWJw_sA76bEliuA_1415469_1422961.wav,WeylieHoang_UCz5ppm1BYc7tgUYIel3EWJw_sA76bEliuA,1415469,1422961,7492
WeylieHoang_UCz5ppm1BYc7tgUYIel3EWJw_sA76bEliuA_1423321_1427585.wav,WeylieHoang_UCz5ppm1BYc7tgUYIel3EWJw_sA76bEliuA,1423321,1427585,4264
WeylieHoang_UCz5ppm1BYc7tgUYIel3EWJw_sA76bEliuA_1427889_1437425.wav,WeylieHoang_UCz5ppm1BYc7tgUYIel3EWJw_sA76bEliuA,1427889,1437425,9536
WeylieHoang_UCz5ppm1BYc7tgUYIel3EWJw_sA76bEliuA_1437641_1440345.wav,WeylieHoang_UCz5ppm1BYc7tgUYIel3EWJw_sA76bEliuA,1437641,1440345,2704
WeylieHoang_UCz5ppm1BYc7tgUYIel3EWJw_sA76bEliuA_1440449_1448401.wav,WeylieHoang_UCz5ppm1BYc7tgUYIel3EWJw_sA76bEliuA,1440449,1448401,7952
WeylieHoang_UCz5ppm1BYc7tgUYIel3EWJw_sA76bEliuA_1448585_1456779.wav,WeylieHoang_UCz5ppm1BYc7tgUYIel3EWJw_sA76bEliuA,1448585,1456779,8194
WeylieHoang_UCz5ppm1BYc7tgUYIel3EWJw_sA76bEliuA_1457211_1463533.wav,WeylieHoang_UCz5ppm1BYc7tgUYIel3EWJw_sA76bEliuA,1457211,1463533,6322
WeylieHoang_UCz5ppm1BYc7tgUYIel3EWJw_sA76bEliuA_1463789_1464897.wav,WeylieHoang_UCz5ppm1BYc7tgUYIel3EWJw_sA76bEliuA,1463789,1464897,1108
WeylieHoang_UCz5ppm1BYc7tgUYIel3EWJw_sA76bEliuA_1465393_1470853.wav,WeylieHoang_UCz5ppm1BYc7tgUYIel3EWJw_sA76bEliuA,1465393,1470853,5460
WeylieHoang_UCz5ppm1BYc7tgUYIel3EWJw_sA76bEliuA_1471349_1476289.wav,WeylieHoang_UCz5ppm1BYc7tgUYIel3EWJw_sA76bEliuA,1471349,1476289,4940
WeylieHoang_UCz5ppm1BYc7tgUYIel3EWJw_sA76bEliuA_1476593_1478825.wav,WeylieHoang_UCz5ppm1BYc7tgUYIel3EWJw_sA76bEliuA,1476593,1478825,2232
WeylieHoang_UCz5ppm1BYc7tgUYIel3EWJw_sA76bEliuA_1479001_1479505.wav,WeylieHoang_UCz5ppm1BYc7tgUYIel3EWJw_sA76bEliuA,1479001,1479505,504
WeylieHoang_UCz5ppm1BYc7tgUYIel3EWJw_sA76bEliuA_1479737_1481289.wav,WeylieHoang_UCz5ppm1BYc7tgUYIel3EWJw_sA76bEliuA,1479737,1481289,1552
WeylieHoang_UCz5ppm1BYc7tgUYIel3EWJw_sA76bEliuA_1481481_1491081.wav,WeylieHoang_UCz5ppm1BYc7tgUYIel3EWJw_sA76bEliuA,1481481,1491081,9600
WeylieHoang_UCz5ppm1BYc7tgUYIel3EWJw_sA76bEliuA_1491273_1494009.wav,WeylieHoang_UCz5ppm1BYc7tgUYIel3EWJw_sA76bEliuA,1491273,1494009,2736
WeylieHoang_UCz5ppm1BYc7tgUYIel3EWJw_sA76bEliuA_1494177_1500305.wav,WeylieHoang_UCz5ppm1BYc7tgUYIel3EWJw_sA76bEliuA,1494177,1500305,6128
WeylieHoang_UCz5ppm1BYc7tgUYIel3EWJw_sA76bEliuA_1500753_1505425.wav,WeylieHoang_UCz5ppm1BYc7tgUYIel3EWJw_sA76bEliuA,1500753,1505425,4672
WeylieHoang_UCz5ppm1BYc7tgUYIel3EWJw_sA76bEliuA_1505673_1507585.wav,WeylieHoang_UCz5ppm1BYc7tgUYIel3EWJw_sA76bEliuA,1505673,1507585,1912
WeylieHoang_UCz5ppm1BYc7tgUYIel3EWJw_sA76bEliuA_1507785_1516517.wav,WeylieHoang_UCz5ppm1BYc7tgUYIel3EWJw_sA76bEliuA,1507785,1516517,8732
WeylieHoang_UCz5ppm1BYc7tgUYIel3EWJw_sA76bEliuA_1516701_1522013.wav,WeylieHoang_UCz5ppm1BYc7tgUYIel3EWJw_sA76bEliuA,1516701,1522013,5312
WeylieHoang_UCz5ppm1BYc7tgUYIel3EWJw_sA76bEliuA_1522373_1530829.wav,WeylieHoang_UCz5ppm1BYc7tgUYIel3EWJw_sA76bEliuA,1522373,1530829,8456
WeylieHoang_UCz5ppm1BYc7tgUYIel3EWJw_sA76bEliuA_1531185_1533505.wav,WeylieHoang_UCz5ppm1BYc7tgUYIel3EWJw_sA76bEliuA,1531185,1533505,2320
WeylieHoang_UCz5ppm1BYc7tgUYIel3EWJw_sA76bEliuA_1534233_1535091.wav,WeylieHoang_UCz5ppm1BYc7tgUYIel3EWJw_sA76bEliuA,1534233,1535091,858
WeylieHoang_UCz5ppm1BYc7tgUYIel3EWJw_sA76bEliuA_1535259_1544789.wav,WeylieHoang_UCz5ppm1BYc7tgUYIel3EWJw_sA76bEliuA,1535259,1544789,9530
WeylieHoang_UCz5ppm1BYc7tgUYIel3EWJw_sA76bEliuA_1544933_1554053.wav,WeylieHoang_UCz5ppm1BYc7tgUYIel3EWJw_sA76bEliuA,1544933,1554053,9120
WeylieHoang_UCz5ppm1BYc7tgUYIel3EWJw_sA76bEliuA_1554205_1558469.wav,WeylieHoang_UCz5ppm1BYc7tgUYIel3EWJw_sA76bEliuA,1554205,1558469,4264
WeylieHoang_UCz5ppm1BYc7tgUYIel3EWJw_sA76bEliuA_1558637_1564693.wav,WeylieHoang_UCz5ppm1BYc7tgUYIel3EWJw_sA76bEliuA,1558637,1564693,6056
WeylieHoang_UCz5ppm1BYc7tgUYIel3EWJw_sA76bEliuA_1564797_1565349.wav,WeylieHoang_UCz5ppm1BYc7tgUYIel3EWJw_sA76bEliuA,1564797,1565349,552
WeylieHoang_UCz5ppm1BYc7tgUYIel3EWJw_sA76bEliuA_1565661_1566053.wav,WeylieHoang_UCz5ppm1BYc7tgUYIel3EWJw_sA76bEliuA,1565661,1566053,392
WeylieHoang_UCz5ppm1BYc7tgUYIel3EWJw_sA76bEliuA_1566197_1575901.wav,WeylieHoang_UCz5ppm1BYc7tgUYIel3EWJw_sA76bEliuA,1566197,1575901,9704
WeylieHoang_UCz5ppm1BYc7tgUYIel3EWJw_sA76bEliuA_1576069_1580653.wav,WeylieHoang_UCz5ppm1BYc7tgUYIel3EWJw_sA76bEliuA,1576069,1580653,4584
WeylieHoang_UCz5ppm1BYc7tgUYIel3EWJw_sA76bEliuA_1580821_1583309.wav,WeylieHoang_UCz5ppm1BYc7tgUYIel3EWJw_sA76bEliuA,1580821,1583309,2488
WeylieHoang_UCz5ppm1BYc7tgUYIel3EWJw_sA76bEliuA_1583565_1589517.wav,WeylieHoang_UCz5ppm1BYc7tgUYIel3EWJw_sA76bEliuA,1583565,1589517,5952
WeylieHoang_UCz5ppm1BYc7tgUYIel3EWJw_sA76bEliuA_1589805_1590777.wav,WeylieHoang_UCz5ppm1BYc7tgUYIel3EWJw_sA76bEliuA,1589805,1590777,972
WeylieHoang_UCz5ppm1BYc7tgUYIel3EWJw_sA76bEliuA_1591361_1593785.wav,WeylieHoang_UCz5ppm1BYc7tgUYIel3EWJw_sA76bEliuA,1591361,1593785,2424
WeylieHoang_UCz5ppm1BYc7tgUYIel3EWJw_sA76bEliuA_1593913_1600225.wav,WeylieHoang_UCz5ppm1BYc7tgUYIel3EWJw_sA76bEliuA,1593913,1600225,6312
WeylieHoang_UCz5ppm1BYc7tgUYIel3EWJw_sA76bEliuA_1600393_1610073.wav,WeylieHoang_UCz5ppm1BYc7tgUYIel3EWJw_sA76bEliuA,1600393,1610073,9680
WeylieHoang_UCz5ppm1BYc7tgUYIel3EWJw_sA76bEliuA_1610257_1612785.wav,WeylieHoang_UCz5ppm1BYc7tgUYIel3EWJw_sA76bEliuA,1610257,1612785,2528
WeylieHoang_UCz5ppm1BYc7tgUYIel3EWJw_sA76bEliuA_1613433_1614739.wav,WeylieHoang_UCz5ppm1BYc7tgUYIel3EWJw_sA76bEliuA,1613433,1614739,1306
WeylieHoang_UCz5ppm1BYc7tgUYIel3EWJw_sA76bEliuA_1615003_1619967.wav,WeylieHoang_UCz5ppm1BYc7tgUYIel3EWJw_sA76bEliuA,1615003,1619967,4964
WeylieHoang_UCz5ppm1BYc7tgUYIel3EWJw_sA76bEliuA_1620319_1627155.wav,WeylieHoang_UCz5ppm1BYc7tgUYIel3EWJw_sA76bEliuA,1620319,1627155,6836
WeylieHoang_UCz5ppm1BYc7tgUYIel3EWJw_sA76bEliuA_1627331_1631243.wav,WeylieHoang_UCz5ppm1BYc7tgUYIel3EWJw_sA76bEliuA,1627331,1631243,3912
WeylieHoang_UCz5ppm1BYc7tgUYIel3EWJw_sA76bEliuA_1631411_1631981.wav,WeylieHoang_UCz5ppm1BYc7tgUYIel3EWJw_sA76bEliuA,1631411,1631981,570
WeylieHoang_UCz5ppm1BYc7tgUYIel3EWJw_sA76bEliuA_1632181_1636125.wav,WeylieHoang_UCz5ppm1BYc7tgUYIel3EWJw_sA76bEliuA,1632181,1636125,3944
WeylieHoang_UCz5ppm1BYc7tgUYIel3EWJw_sA76bEliuA_1636317_1638853.wav,WeylieHoang_UCz5ppm1BYc7tgUYIel3EWJw_sA76bEliuA,1636317,1638853,2536
WeylieHoang_UCz5ppm1BYc7tgUYIel3EWJw_sA76bEliuA_1639141_1645749.wav,WeylieHoang_UCz5ppm1BYc7tgUYIel3EWJw_sA76bEliuA,1639141,1645749,6608
WeylieHoang_UCz5ppm1BYc7tgUYIel3EWJw_sA76bEliuA_1646029_1647174.wav,WeylieHoang_UCz5ppm1BYc7tgUYIel3EWJw_sA76bEliuA,1646029,1647174,1145
WeylieHoang_UCz5ppm1BYc7tgUYIel3EWJw_sA76bEliuA_1647422_1652638.wav,WeylieHoang_UCz5ppm1BYc7tgUYIel3EWJw_sA76bEliuA,1647422,1652638,5216
WeylieHoang_UCz5ppm1BYc7tgUYIel3EWJw_sA76bEliuA_1653039_1657671.wav,WeylieHoang_UCz5ppm1BYc7tgUYIel3EWJw_sA76bEliuA,1653039,1657671,4632
