filename,video_id,start_time,end_time,duration
WeylieHoang_UCz5ppm1BYc7tgUYIel3EWJw_sA76bEliuA_0_1185.wav,WeylieHoang_UCz5ppm1BYc7tgUYIel3EWJw_sA76bEliuA,0,1185,1185
WeylieHoang_UCz5ppm1BYc7tgUYIel3EWJw_sA76bEliuA_1833_6857.wav,WeylieHoang_UCz5ppm1BYc7tgUYIel3EWJw_sA76bEliuA,1833,6857,5024
WeylieHoang_UCz5ppm1BYc7tgUYIel3EWJw_sA76bEliuA_7641_9425.wav,WeylieHoang_UCz5ppm1BYc7tgUYIel3EWJw_sA76bEliuA,7641,9425,1784
WeylieHoang_UCz5ppm1BYc7tgUYIel3EWJw_sA76bEliuA_10169_10361.wav,WeylieHoang_UCz5ppm1BYc7tgUYIel3EWJw_sA76bEliuA,10169,10361,192
WeylieHoang_UCz5ppm1BYc7tgUYIel3EWJw_sA76bEliuA_10761_11145.wav,WeylieHoang_UCz5ppm1BYc7tgUYIel3EWJw_sA76bEliuA,10761,11145,384
WeylieHoang_UCz5ppm1BYc7tgUYIel3EWJw_sA76bEliuA_11473_11634.wav,WeylieHoang_UCz5ppm1BYc7tgUYIel3EWJw_sA76bEliuA,11473,11634,161
WeylieHoang_UCz5ppm1BYc7tgUYIel3EWJw_sA76bEliuA_11634_11770.wav,WeylieHoang_UCz5ppm1BYc7tgUYIel3EWJw_sA76bEliuA,11634,11770,136
WeylieHoang_UCz5ppm1BYc7tgUYIel3EWJw_sA76bEliuA_11770_12818.wav,WeylieHoang_UCz5ppm1BYc7tgUYIel3EWJw_sA76bEliuA,11770,12818,1048
WeylieHoang_UCz5ppm1BYc7tgUYIel3EWJw_sA76bEliuA_12946_20082.wav,WeylieHoang_UCz5ppm1BYc7tgUYIel3EWJw_sA76bEliuA,12946,20082,7136
WeylieHoang_UCz5ppm1BYc7tgUYIel3EWJw_sA76bEliuA_20226_23370.wav,WeylieHoang_UCz5ppm1BYc7tgUYIel3EWJw_sA76bEliuA,20226,23370,3144
WeylieHoang_UCz5ppm1BYc7tgUYIel3EWJw_sA76bEliuA_23594_25770.wav,WeylieHoang_UCz5ppm1BYc7tgUYIel3EWJw_sA76bEliuA,23594,25770,2176
WeylieHoang_UCz5ppm1BYc7tgUYIel3EWJw_sA76bEliuA_25938_32914.wav,WeylieHoang_UCz5ppm1BYc7tgUYIel3EWJw_sA76bEliuA,25938,32914,6976
WeylieHoang_UCz5ppm1BYc7tgUYIel3EWJw_sA76bEliuA_33098_36898.wav,WeylieHoang_UCz5ppm1BYc7tgUYIel3EWJw_sA76bEliuA,33098,36898,3800
WeylieHoang_UCz5ppm1BYc7tgUYIel3EWJw_sA76bEliuA_37090_37395.wav,WeylieHoang_UCz5ppm1BYc7tgUYIel3EWJw_sA76bEliuA,37090,37395,305
WeylieHoang_UCz5ppm1BYc7tgUYIel3EWJw_sA76bEliuA_37667_43724.wav,WeylieHoang_UCz5ppm1BYc7tgUYIel3EWJw_sA76bEliuA,37667,43724,6057
WeylieHoang_UCz5ppm1BYc7tgUYIel3EWJw_sA76bEliuA_43900_51053.wav,WeylieHoang_UCz5ppm1BYc7tgUYIel3EWJw_sA76bEliuA,43900,51053,7153
WeylieHoang_UCz5ppm1BYc7tgUYIel3EWJw_sA76bEliuA_51301_54269.wav,WeylieHoang_UCz5ppm1BYc7tgUYIel3EWJw_sA76bEliuA,51301,54269,2968
WeylieHoang_UCz5ppm1BYc7tgUYIel3EWJw_sA76bEliuA_54517_59625.wav,WeylieHoang_UCz5ppm1BYc7tgUYIel3EWJw_sA76bEliuA,54517,59625,5108
WeylieHoang_UCz5ppm1BYc7tgUYIel3EWJw_sA76bEliuA_59881_72017.wav,WeylieHoang_UCz5ppm1BYc7tgUYIel3EWJw_sA76bEliuA,59881,72017,12136
WeylieHoang_UCz5ppm1BYc7tgUYIel3EWJw_sA76bEliuA_72281_74851.wav,WeylieHoang_UCz5ppm1BYc7tgUYIel3EWJw_sA76bEliuA,72281,74851,2570
WeylieHoang_UCz5ppm1BYc7tgUYIel3EWJw_sA76bEliuA_74995_81083.wav,WeylieHoang_UCz5ppm1BYc7tgUYIel3EWJw_sA76bEliuA,74995,81083,6088
WeylieHoang_UCz5ppm1BYc7tgUYIel3EWJw_sA76bEliuA_81163_85867.wav,WeylieHoang_UCz5ppm1BYc7tgUYIel3EWJw_sA76bEliuA,81163,85867,4704
WeylieHoang_UCz5ppm1BYc7tgUYIel3EWJw_sA76bEliuA_85947_90084.wav,WeylieHoang_UCz5ppm1BYc7tgUYIel3EWJw_sA76bEliuA,85947,90084,4137
WeylieHoang_UCz5ppm1BYc7tgUYIel3EWJw_sA76bEliuA_90196_90965.wav,WeylieHoang_UCz5ppm1BYc7tgUYIel3EWJw_sA76bEliuA,90196,90965,769
WeylieHoang_UCz5ppm1BYc7tgUYIel3EWJw_sA76bEliuA_91101_96293.wav,WeylieHoang_UCz5ppm1BYc7tgUYIel3EWJw_sA76bEliuA,91101,96293,5192
WeylieHoang_UCz5ppm1BYc7tgUYIel3EWJw_sA76bEliuA_96373_110621.wav,WeylieHoang_UCz5ppm1BYc7tgUYIel3EWJw_sA76bEliuA,96373,110621,14248
WeylieHoang_UCz5ppm1BYc7tgUYIel3EWJw_sA76bEliuA_110717_111269.wav,WeylieHoang_UCz5ppm1BYc7tgUYIel3EWJw_sA76bEliuA,110717,111269,552
WeylieHoang_UCz5ppm1BYc7tgUYIel3EWJw_sA76bEliuA_111413_113774.wav,WeylieHoang_UCz5ppm1BYc7tgUYIel3EWJw_sA76bEliuA,111413,113774,2361
WeylieHoang_UCz5ppm1BYc7tgUYIel3EWJw_sA76bEliuA_113854_124494.wav,WeylieHoang_UCz5ppm1BYc7tgUYIel3EWJw_sA76bEliuA,113854,124494,10640
WeylieHoang_UCz5ppm1BYc7tgUYIel3EWJw_sA76bEliuA_124574_127399.wav,WeylieHoang_UCz5ppm1BYc7tgUYIel3EWJw_sA76bEliuA,124574,127399,2825
WeylieHoang_UCz5ppm1BYc7tgUYIel3EWJw_sA76bEliuA_127711_141745.wav,WeylieHoang_UCz5ppm1BYc7tgUYIel3EWJw_sA76bEliuA,127711,141745,14034
WeylieHoang_UCz5ppm1BYc7tgUYIel3EWJw_sA76bEliuA_141929_147721.wav,WeylieHoang_UCz5ppm1BYc7tgUYIel3EWJw_sA76bEliuA,141929,147721,5792
WeylieHoang_UCz5ppm1BYc7tgUYIel3EWJw_sA76bEliuA_148385_150449.wav,WeylieHoang_UCz5ppm1BYc7tgUYIel3EWJw_sA76bEliuA,148385,150449,2064
WeylieHoang_UCz5ppm1BYc7tgUYIel3EWJw_sA76bEliuA_150945_162249.wav,WeylieHoang_UCz5ppm1BYc7tgUYIel3EWJw_sA76bEliuA,150945,162249,11304
WeylieHoang_UCz5ppm1BYc7tgUYIel3EWJw_sA76bEliuA_162593_163987.wav,WeylieHoang_UCz5ppm1BYc7tgUYIel3EWJw_sA76bEliuA,162593,163987,1394
WeylieHoang_UCz5ppm1BYc7tgUYIel3EWJw_sA76bEliuA_164147_167611.wav,WeylieHoang_UCz5ppm1BYc7tgUYIel3EWJw_sA76bEliuA,164147,167611,3464
WeylieHoang_UCz5ppm1BYc7tgUYIel3EWJw_sA76bEliuA_167747_177467.wav,WeylieHoang_UCz5ppm1BYc7tgUYIel3EWJw_sA76bEliuA,167747,177467,9720
WeylieHoang_UCz5ppm1BYc7tgUYIel3EWJw_sA76bEliuA_177651_181155.wav,WeylieHoang_UCz5ppm1BYc7tgUYIel3EWJw_sA76bEliuA,177651,181155,3504
WeylieHoang_UCz5ppm1BYc7tgUYIel3EWJw_sA76bEliuA_181307_185213.wav,WeylieHoang_UCz5ppm1BYc7tgUYIel3EWJw_sA76bEliuA,181307,185213,3906
WeylieHoang_UCz5ppm1BYc7tgUYIel3EWJw_sA76bEliuA_185445_188599.wav,WeylieHoang_UCz5ppm1BYc7tgUYIel3EWJw_sA76bEliuA,185445,188599,3154
WeylieHoang_UCz5ppm1BYc7tgUYIel3EWJw_sA76bEliuA_188823_203056.wav,WeylieHoang_UCz5ppm1BYc7tgUYIel3EWJw_sA76bEliuA,188823,203056,14233
WeylieHoang_UCz5ppm1BYc7tgUYIel3EWJw_sA76bEliuA_203200_212177.wav,WeylieHoang_UCz5ppm1BYc7tgUYIel3EWJw_sA76bEliuA,203200,212177,8977
WeylieHoang_UCz5ppm1BYc7tgUYIel3EWJw_sA76bEliuA_212433_213757.wav,WeylieHoang_UCz5ppm1BYc7tgUYIel3EWJw_sA76bEliuA,212433,213757,1324
WeylieHoang_UCz5ppm1BYc7tgUYIel3EWJw_sA76bEliuA_213941_224454.wav,WeylieHoang_UCz5ppm1BYc7tgUYIel3EWJw_sA76bEliuA,213941,224454,10513
WeylieHoang_UCz5ppm1BYc7tgUYIel3EWJw_sA76bEliuA_224566_235591.wav,WeylieHoang_UCz5ppm1BYc7tgUYIel3EWJw_sA76bEliuA,224566,235591,11025
WeylieHoang_UCz5ppm1BYc7tgUYIel3EWJw_sA76bEliuA_235799_236417.wav,WeylieHoang_UCz5ppm1BYc7tgUYIel3EWJw_sA76bEliuA,235799,236417,618
WeylieHoang_UCz5ppm1BYc7tgUYIel3EWJw_sA76bEliuA_236681_241009.wav,WeylieHoang_UCz5ppm1BYc7tgUYIel3EWJw_sA76bEliuA,236681,241009,4328
WeylieHoang_UCz5ppm1BYc7tgUYIel3EWJw_sA76bEliuA_241169_246529.wav,WeylieHoang_UCz5ppm1BYc7tgUYIel3EWJw_sA76bEliuA,241169,246529,5360
WeylieHoang_UCz5ppm1BYc7tgUYIel3EWJw_sA76bEliuA_246673_257965.wav,WeylieHoang_UCz5ppm1BYc7tgUYIel3EWJw_sA76bEliuA,246673,257965,11292
WeylieHoang_UCz5ppm1BYc7tgUYIel3EWJw_sA76bEliuA_258117_263977.wav,WeylieHoang_UCz5ppm1BYc7tgUYIel3EWJw_sA76bEliuA,258117,263977,5860
WeylieHoang_UCz5ppm1BYc7tgUYIel3EWJw_sA76bEliuA_264737_267569.wav,WeylieHoang_UCz5ppm1BYc7tgUYIel3EWJw_sA76bEliuA,264737,267569,2832
WeylieHoang_UCz5ppm1BYc7tgUYIel3EWJw_sA76bEliuA_267969_270257.wav,WeylieHoang_UCz5ppm1BYc7tgUYIel3EWJw_sA76bEliuA,267969,270257,2288
WeylieHoang_UCz5ppm1BYc7tgUYIel3EWJw_sA76bEliuA_270729_278193.wav,WeylieHoang_UCz5ppm1BYc7tgUYIel3EWJw_sA76bEliuA,270729,278193,7464
WeylieHoang_UCz5ppm1BYc7tgUYIel3EWJw_sA76bEliuA_278537_285977.wav,WeylieHoang_UCz5ppm1BYc7tgUYIel3EWJw_sA76bEliuA,278537,285977,7440
WeylieHoang_UCz5ppm1BYc7tgUYIel3EWJw_sA76bEliuA_286673_290189.wav,WeylieHoang_UCz5ppm1BYc7tgUYIel3EWJw_sA76bEliuA,286673,290189,3516
WeylieHoang_UCz5ppm1BYc7tgUYIel3EWJw_sA76bEliuA_290293_291045.wav,WeylieHoang_UCz5ppm1BYc7tgUYIel3EWJw_sA76bEliuA,290293,291045,752
WeylieHoang_UCz5ppm1BYc7tgUYIel3EWJw_sA76bEliuA_291157_292175.wav,WeylieHoang_UCz5ppm1BYc7tgUYIel3EWJw_sA76bEliuA,291157,292175,1018
WeylieHoang_UCz5ppm1BYc7tgUYIel3EWJw_sA76bEliuA_292263_307745.wav,WeylieHoang_UCz5ppm1BYc7tgUYIel3EWJw_sA76bEliuA,292263,307745,15482
WeylieHoang_UCz5ppm1BYc7tgUYIel3EWJw_sA76bEliuA_307993_319713.wav,WeylieHoang_UCz5ppm1BYc7tgUYIel3EWJw_sA76bEliuA,307993,319713,11720
WeylieHoang_UCz5ppm1BYc7tgUYIel3EWJw_sA76bEliuA_319921_320313.wav,WeylieHoang_UCz5ppm1BYc7tgUYIel3EWJw_sA76bEliuA,319921,320313,392
WeylieHoang_UCz5ppm1BYc7tgUYIel3EWJw_sA76bEliuA_320553_320769.wav,WeylieHoang_UCz5ppm1BYc7tgUYIel3EWJw_sA76bEliuA,320553,320769,216
WeylieHoang_UCz5ppm1BYc7tgUYIel3EWJw_sA76bEliuA_320961_336658.wav,WeylieHoang_UCz5ppm1BYc7tgUYIel3EWJw_sA76bEliuA,320961,336658,15697
WeylieHoang_UCz5ppm1BYc7tgUYIel3EWJw_sA76bEliuA_336754_342299.wav,WeylieHoang_UCz5ppm1BYc7tgUYIel3EWJw_sA76bEliuA,336754,342299,5545
WeylieHoang_UCz5ppm1BYc7tgUYIel3EWJw_sA76bEliuA_342411_348147.wav,WeylieHoang_UCz5ppm1BYc7tgUYIel3EWJw_sA76bEliuA,342411,348147,5736
WeylieHoang_UCz5ppm1BYc7tgUYIel3EWJw_sA76bEliuA_348251_349133.wav,WeylieHoang_UCz5ppm1BYc7tgUYIel3EWJw_sA76bEliuA,348251,349133,882
WeylieHoang_UCz5ppm1BYc7tgUYIel3EWJw_sA76bEliuA_349277_352353.wav,WeylieHoang_UCz5ppm1BYc7tgUYIel3EWJw_sA76bEliuA,349277,352353,3076
WeylieHoang_UCz5ppm1BYc7tgUYIel3EWJw_sA76bEliuA_352953_372005.wav,WeylieHoang_UCz5ppm1BYc7tgUYIel3EWJw_sA76bEliuA,352953,372005,19052
WeylieHoang_UCz5ppm1BYc7tgUYIel3EWJw_sA76bEliuA_372109_377225.wav,WeylieHoang_UCz5ppm1BYc7tgUYIel3EWJw_sA76bEliuA,372109,377225,5116
WeylieHoang_UCz5ppm1BYc7tgUYIel3EWJw_sA76bEliuA_377353_391857.wav,WeylieHoang_UCz5ppm1BYc7tgUYIel3EWJw_sA76bEliuA,377353,391857,14504
WeylieHoang_UCz5ppm1BYc7tgUYIel3EWJw_sA76bEliuA_391985_395753.wav,WeylieHoang_UCz5ppm1BYc7tgUYIel3EWJw_sA76bEliuA,391985,395753,3768
WeylieHoang_UCz5ppm1BYc7tgUYIel3EWJw_sA76bEliuA_395977_408273.wav,WeylieHoang_UCz5ppm1BYc7tgUYIel3EWJw_sA76bEliuA,395977,408273,12296
WeylieHoang_UCz5ppm1BYc7tgUYIel3EWJw_sA76bEliuA_408529_411277.wav,WeylieHoang_UCz5ppm1BYc7tgUYIel3EWJw_sA76bEliuA,408529,411277,2748
WeylieHoang_UCz5ppm1BYc7tgUYIel3EWJw_sA76bEliuA_411421_424729.wav,WeylieHoang_UCz5ppm1BYc7tgUYIel3EWJw_sA76bEliuA,411421,424729,13308
WeylieHoang_UCz5ppm1BYc7tgUYIel3EWJw_sA76bEliuA_424921_438129.wav,WeylieHoang_UCz5ppm1BYc7tgUYIel3EWJw_sA76bEliuA,424921,438129,13208
WeylieHoang_UCz5ppm1BYc7tgUYIel3EWJw_sA76bEliuA_438713_442097.wav,WeylieHoang_UCz5ppm1BYc7tgUYIel3EWJw_sA76bEliuA,438713,442097,3384
WeylieHoang_UCz5ppm1BYc7tgUYIel3EWJw_sA76bEliuA_442289_446817.wav,WeylieHoang_UCz5ppm1BYc7tgUYIel3EWJw_sA76bEliuA,442289,446817,4528
WeylieHoang_UCz5ppm1BYc7tgUYIel3EWJw_sA76bEliuA_446969_453339.wav,WeylieHoang_UCz5ppm1BYc7tgUYIel3EWJw_sA76bEliuA,446969,453339,6370
WeylieHoang_UCz5ppm1BYc7tgUYIel3EWJw_sA76bEliuA_453443_456315.wav,WeylieHoang_UCz5ppm1BYc7tgUYIel3EWJw_sA76bEliuA,453443,456315,2872
WeylieHoang_UCz5ppm1BYc7tgUYIel3EWJw_sA76bEliuA_456435_465579.wav,WeylieHoang_UCz5ppm1BYc7tgUYIel3EWJw_sA76bEliuA,456435,465579,9144
WeylieHoang_UCz5ppm1BYc7tgUYIel3EWJw_sA76bEliuA_465699_467837.wav,WeylieHoang_UCz5ppm1BYc7tgUYIel3EWJw_sA76bEliuA,465699,467837,2138
WeylieHoang_UCz5ppm1BYc7tgUYIel3EWJw_sA76bEliuA_467965_468233.wav,WeylieHoang_UCz5ppm1BYc7tgUYIel3EWJw_sA76bEliuA,467965,468233,268
WeylieHoang_UCz5ppm1BYc7tgUYIel3EWJw_sA76bEliuA_468801_475377.wav,WeylieHoang_UCz5ppm1BYc7tgUYIel3EWJw_sA76bEliuA,468801,475377,6576
WeylieHoang_UCz5ppm1BYc7tgUYIel3EWJw_sA76bEliuA_475489_484441.wav,WeylieHoang_UCz5ppm1BYc7tgUYIel3EWJw_sA76bEliuA,475489,484441,8952
WeylieHoang_UCz5ppm1BYc7tgUYIel3EWJw_sA76bEliuA_484593_493105.wav,WeylieHoang_UCz5ppm1BYc7tgUYIel3EWJw_sA76bEliuA,484593,493105,8512
WeylieHoang_UCz5ppm1BYc7tgUYIel3EWJw_sA76bEliuA_493561_505361.wav,WeylieHoang_UCz5ppm1BYc7tgUYIel3EWJw_sA76bEliuA,493561,505361,11800
WeylieHoang_UCz5ppm1BYc7tgUYIel3EWJw_sA76bEliuA_505521_516977.wav,WeylieHoang_UCz5ppm1BYc7tgUYIel3EWJw_sA76bEliuA,505521,516977,11456
WeylieHoang_UCz5ppm1BYc7tgUYIel3EWJw_sA76bEliuA_517129_525661.wav,WeylieHoang_UCz5ppm1BYc7tgUYIel3EWJw_sA76bEliuA,517129,525661,8532
WeylieHoang_UCz5ppm1BYc7tgUYIel3EWJw_sA76bEliuA_525765_533641.wav,WeylieHoang_UCz5ppm1BYc7tgUYIel3EWJw_sA76bEliuA,525765,533641,7876
WeylieHoang_UCz5ppm1BYc7tgUYIel3EWJw_sA76bEliuA_533801_534985.wav,WeylieHoang_UCz5ppm1BYc7tgUYIel3EWJw_sA76bEliuA,533801,534985,1184
WeylieHoang_UCz5ppm1BYc7tgUYIel3EWJw_sA76bEliuA_535241_541225.wav,WeylieHoang_UCz5ppm1BYc7tgUYIel3EWJw_sA76bEliuA,535241,541225,5984
WeylieHoang_UCz5ppm1BYc7tgUYIel3EWJw_sA76bEliuA_541513_543889.wav,WeylieHoang_UCz5ppm1BYc7tgUYIel3EWJw_sA76bEliuA,541513,543889,2376
WeylieHoang_UCz5ppm1BYc7tgUYIel3EWJw_sA76bEliuA_544401_550585.wav,WeylieHoang_UCz5ppm1BYc7tgUYIel3EWJw_sA76bEliuA,544401,550585,6184
WeylieHoang_UCz5ppm1BYc7tgUYIel3EWJw_sA76bEliuA_550705_559405.wav,WeylieHoang_UCz5ppm1BYc7tgUYIel3EWJw_sA76bEliuA,550705,559405,8700
WeylieHoang_UCz5ppm1BYc7tgUYIel3EWJw_sA76bEliuA_559493_574013.wav,WeylieHoang_UCz5ppm1BYc7tgUYIel3EWJw_sA76bEliuA,559493,574013,14520
WeylieHoang_UCz5ppm1BYc7tgUYIel3EWJw_sA76bEliuA_574101_575321.wav,WeylieHoang_UCz5ppm1BYc7tgUYIel3EWJw_sA76bEliuA,574101,575321,1220
WeylieHoang_UCz5ppm1BYc7tgUYIel3EWJw_sA76bEliuA_575433_575689.wav,WeylieHoang_UCz5ppm1BYc7tgUYIel3EWJw_sA76bEliuA,575433,575689,256
WeylieHoang_UCz5ppm1BYc7tgUYIel3EWJw_sA76bEliuA_576145_582661.wav,WeylieHoang_UCz5ppm1BYc7tgUYIel3EWJw_sA76bEliuA,576145,582661,6516
WeylieHoang_UCz5ppm1BYc7tgUYIel3EWJw_sA76bEliuA_583021_589397.wav,WeylieHoang_UCz5ppm1BYc7tgUYIel3EWJw_sA76bEliuA,583021,589397,6376
WeylieHoang_UCz5ppm1BYc7tgUYIel3EWJw_sA76bEliuA_589525_593766.wav,WeylieHoang_UCz5ppm1BYc7tgUYIel3EWJw_sA76bEliuA,589525,593766,4241
WeylieHoang_UCz5ppm1BYc7tgUYIel3EWJw_sA76bEliuA_593918_596190.wav,WeylieHoang_UCz5ppm1BYc7tgUYIel3EWJw_sA76bEliuA,593918,596190,2272
WeylieHoang_UCz5ppm1BYc7tgUYIel3EWJw_sA76bEliuA_596334_610302.wav,WeylieHoang_UCz5ppm1BYc7tgUYIel3EWJw_sA76bEliuA,596334,610302,13968
WeylieHoang_UCz5ppm1BYc7tgUYIel3EWJw_sA76bEliuA_610462_611814.wav,WeylieHoang_UCz5ppm1BYc7tgUYIel3EWJw_sA76bEliuA,610462,611814,1352
WeylieHoang_UCz5ppm1BYc7tgUYIel3EWJw_sA76bEliuA_611974_614431.wav,WeylieHoang_UCz5ppm1BYc7tgUYIel3EWJw_sA76bEliuA,611974,614431,2457
WeylieHoang_UCz5ppm1BYc7tgUYIel3EWJw_sA76bEliuA_614887_620935.wav,WeylieHoang_UCz5ppm1BYc7tgUYIel3EWJw_sA76bEliuA,614887,620935,6048
WeylieHoang_UCz5ppm1BYc7tgUYIel3EWJw_sA76bEliuA_621143_627648.wav,WeylieHoang_UCz5ppm1BYc7tgUYIel3EWJw_sA76bEliuA,621143,627648,6505
WeylieHoang_UCz5ppm1BYc7tgUYIel3EWJw_sA76bEliuA_627872_642292.wav,WeylieHoang_UCz5ppm1BYc7tgUYIel3EWJw_sA76bEliuA,627872,642292,14420
WeylieHoang_UCz5ppm1BYc7tgUYIel3EWJw_sA76bEliuA_642436_652744.wav,WeylieHoang_UCz5ppm1BYc7tgUYIel3EWJw_sA76bEliuA,642436,652744,10308
WeylieHoang_UCz5ppm1BYc7tgUYIel3EWJw_sA76bEliuA_652952_659168.wav,WeylieHoang_UCz5ppm1BYc7tgUYIel3EWJw_sA76bEliuA,652952,659168,6216
WeylieHoang_UCz5ppm1BYc7tgUYIel3EWJw_sA76bEliuA_659384_662297.wav,WeylieHoang_UCz5ppm1BYc7tgUYIel3EWJw_sA76bEliuA,659384,662297,2913
WeylieHoang_UCz5ppm1BYc7tgUYIel3EWJw_sA76bEliuA_662553_665706.wav,WeylieHoang_UCz5ppm1BYc7tgUYIel3EWJw_sA76bEliuA,662553,665706,3153
WeylieHoang_UCz5ppm1BYc7tgUYIel3EWJw_sA76bEliuA_665866_676722.wav,WeylieHoang_UCz5ppm1BYc7tgUYIel3EWJw_sA76bEliuA,665866,676722,10856
WeylieHoang_UCz5ppm1BYc7tgUYIel3EWJw_sA76bEliuA_676962_678618.wav,WeylieHoang_UCz5ppm1BYc7tgUYIel3EWJw_sA76bEliuA,676962,678618,1656
WeylieHoang_UCz5ppm1BYc7tgUYIel3EWJw_sA76bEliuA_678738_680562.wav,WeylieHoang_UCz5ppm1BYc7tgUYIel3EWJw_sA76bEliuA,678738,680562,1824
WeylieHoang_UCz5ppm1BYc7tgUYIel3EWJw_sA76bEliuA_680690_682338.wav,WeylieHoang_UCz5ppm1BYc7tgUYIel3EWJw_sA76bEliuA,680690,682338,1648
WeylieHoang_UCz5ppm1BYc7tgUYIel3EWJw_sA76bEliuA_682618_687314.wav,WeylieHoang_UCz5ppm1BYc7tgUYIel3EWJw_sA76bEliuA,682618,687314,4696
WeylieHoang_UCz5ppm1BYc7tgUYIel3EWJw_sA76bEliuA_687458_687994.wav,WeylieHoang_UCz5ppm1BYc7tgUYIel3EWJw_sA76bEliuA,687458,687994,536
WeylieHoang_UCz5ppm1BYc7tgUYIel3EWJw_sA76bEliuA_688122_688354.wav,WeylieHoang_UCz5ppm1BYc7tgUYIel3EWJw_sA76bEliuA,688122,688354,232
WeylieHoang_UCz5ppm1BYc7tgUYIel3EWJw_sA76bEliuA_688442_688746.wav,WeylieHoang_UCz5ppm1BYc7tgUYIel3EWJw_sA76bEliuA,688442,688746,304
WeylieHoang_UCz5ppm1BYc7tgUYIel3EWJw_sA76bEliuA_688842_688954.wav,WeylieHoang_UCz5ppm1BYc7tgUYIel3EWJw_sA76bEliuA,688842,688954,112
WeylieHoang_UCz5ppm1BYc7tgUYIel3EWJw_sA76bEliuA_689162_689330.wav,WeylieHoang_UCz5ppm1BYc7tgUYIel3EWJw_sA76bEliuA,689162,689330,168
WeylieHoang_UCz5ppm1BYc7tgUYIel3EWJw_sA76bEliuA_689522_703578.wav,WeylieHoang_UCz5ppm1BYc7tgUYIel3EWJw_sA76bEliuA,689522,703578,14056
WeylieHoang_UCz5ppm1BYc7tgUYIel3EWJw_sA76bEliuA_703682_706739.wav,WeylieHoang_UCz5ppm1BYc7tgUYIel3EWJw_sA76bEliuA,703682,706739,3057
WeylieHoang_UCz5ppm1BYc7tgUYIel3EWJw_sA76bEliuA_707227_710691.wav,WeylieHoang_UCz5ppm1BYc7tgUYIel3EWJw_sA76bEliuA,707227,710691,3464
WeylieHoang_UCz5ppm1BYc7tgUYIel3EWJw_sA76bEliuA_710795_714779.wav,WeylieHoang_UCz5ppm1BYc7tgUYIel3EWJw_sA76bEliuA,710795,714779,3984
WeylieHoang_UCz5ppm1BYc7tgUYIel3EWJw_sA76bEliuA_714891_721355.wav,WeylieHoang_UCz5ppm1BYc7tgUYIel3EWJw_sA76bEliuA,714891,721355,6464
WeylieHoang_UCz5ppm1BYc7tgUYIel3EWJw_sA76bEliuA_721523_730523.wav,WeylieHoang_UCz5ppm1BYc7tgUYIel3EWJw_sA76bEliuA,721523,730523,9000
WeylieHoang_UCz5ppm1BYc7tgUYIel3EWJw_sA76bEliuA_730723_732533.wav,WeylieHoang_UCz5ppm1BYc7tgUYIel3EWJw_sA76bEliuA,730723,732533,1810
WeylieHoang_UCz5ppm1BYc7tgUYIel3EWJw_sA76bEliuA_732749_737057.wav,WeylieHoang_UCz5ppm1BYc7tgUYIel3EWJw_sA76bEliuA,732749,737057,4308
WeylieHoang_UCz5ppm1BYc7tgUYIel3EWJw_sA76bEliuA_737345_742417.wav,WeylieHoang_UCz5ppm1BYc7tgUYIel3EWJw_sA76bEliuA,737345,742417,5072
WeylieHoang_UCz5ppm1BYc7tgUYIel3EWJw_sA76bEliuA_742817_754073.wav,WeylieHoang_UCz5ppm1BYc7tgUYIel3EWJw_sA76bEliuA,742817,754073,11256
WeylieHoang_UCz5ppm1BYc7tgUYIel3EWJw_sA76bEliuA_754473_759585.wav,WeylieHoang_UCz5ppm1BYc7tgUYIel3EWJw_sA76bEliuA,754473,759585,5112
WeylieHoang_UCz5ppm1BYc7tgUYIel3EWJw_sA76bEliuA_760065_760985.wav,WeylieHoang_UCz5ppm1BYc7tgUYIel3EWJw_sA76bEliuA,760065,760985,920
WeylieHoang_UCz5ppm1BYc7tgUYIel3EWJw_sA76bEliuA_761097_765501.wav,WeylieHoang_UCz5ppm1BYc7tgUYIel3EWJw_sA76bEliuA,761097,765501,4404
WeylieHoang_UCz5ppm1BYc7tgUYIel3EWJw_sA76bEliuA_765589_789089.wav,WeylieHoang_UCz5ppm1BYc7tgUYIel3EWJw_sA76bEliuA,765589,789089,23500
WeylieHoang_UCz5ppm1BYc7tgUYIel3EWJw_sA76bEliuA_789201_802345.wav,WeylieHoang_UCz5ppm1BYc7tgUYIel3EWJw_sA76bEliuA,789201,802345,13144
WeylieHoang_UCz5ppm1BYc7tgUYIel3EWJw_sA76bEliuA_802505_806337.wav,WeylieHoang_UCz5ppm1BYc7tgUYIel3EWJw_sA76bEliuA,802505,806337,3832
WeylieHoang_UCz5ppm1BYc7tgUYIel3EWJw_sA76bEliuA_806513_815029.wav,WeylieHoang_UCz5ppm1BYc7tgUYIel3EWJw_sA76bEliuA,806513,815029,8516
WeylieHoang_UCz5ppm1BYc7tgUYIel3EWJw_sA76bEliuA_815165_816705.wav,WeylieHoang_UCz5ppm1BYc7tgUYIel3EWJw_sA76bEliuA,815165,816705,1540
WeylieHoang_UCz5ppm1BYc7tgUYIel3EWJw_sA76bEliuA_817321_829633.wav,WeylieHoang_UCz5ppm1BYc7tgUYIel3EWJw_sA76bEliuA,817321,829633,12312
WeylieHoang_UCz5ppm1BYc7tgUYIel3EWJw_sA76bEliuA_830049_833187.wav,WeylieHoang_UCz5ppm1BYc7tgUYIel3EWJw_sA76bEliuA,830049,833187,3138
WeylieHoang_UCz5ppm1BYc7tgUYIel3EWJw_sA76bEliuA_833299_834175.wav,WeylieHoang_UCz5ppm1BYc7tgUYIel3EWJw_sA76bEliuA,833299,834175,876
WeylieHoang_UCz5ppm1BYc7tgUYIel3EWJw_sA76bEliuA_834383_850643.wav,WeylieHoang_UCz5ppm1BYc7tgUYIel3EWJw_sA76bEliuA,834383,850643,16260
WeylieHoang_UCz5ppm1BYc7tgUYIel3EWJw_sA76bEliuA_850755_850941.wav,WeylieHoang_UCz5ppm1BYc7tgUYIel3EWJw_sA76bEliuA,850755,850941,186
WeylieHoang_UCz5ppm1BYc7tgUYIel3EWJw_sA76bEliuA_851189_857502.wav,WeylieHoang_UCz5ppm1BYc7tgUYIel3EWJw_sA76bEliuA,851189,857502,6313
WeylieHoang_UCz5ppm1BYc7tgUYIel3EWJw_sA76bEliuA_857630_866502.wav,WeylieHoang_UCz5ppm1BYc7tgUYIel3EWJw_sA76bEliuA,857630,866502,8872
WeylieHoang_UCz5ppm1BYc7tgUYIel3EWJw_sA76bEliuA_866622_874719.wav,WeylieHoang_UCz5ppm1BYc7tgUYIel3EWJw_sA76bEliuA,866622,874719,8097
WeylieHoang_UCz5ppm1BYc7tgUYIel3EWJw_sA76bEliuA_874823_889175.wav,WeylieHoang_UCz5ppm1BYc7tgUYIel3EWJw_sA76bEliuA,874823,889175,14352
WeylieHoang_UCz5ppm1BYc7tgUYIel3EWJw_sA76bEliuA_889383_890481.wav,WeylieHoang_UCz5ppm1BYc7tgUYIel3EWJw_sA76bEliuA,889383,890481,1098
WeylieHoang_UCz5ppm1BYc7tgUYIel3EWJw_sA76bEliuA_891089_896521.wav,WeylieHoang_UCz5ppm1BYc7tgUYIel3EWJw_sA76bEliuA,891089,896521,5432
WeylieHoang_UCz5ppm1BYc7tgUYIel3EWJw_sA76bEliuA_896625_899209.wav,WeylieHoang_UCz5ppm1BYc7tgUYIel3EWJw_sA76bEliuA,896625,899209,2584
WeylieHoang_UCz5ppm1BYc7tgUYIel3EWJw_sA76bEliuA_899313_899565.wav,WeylieHoang_UCz5ppm1BYc7tgUYIel3EWJw_sA76bEliuA,899313,899565,252
WeylieHoang_UCz5ppm1BYc7tgUYIel3EWJw_sA76bEliuA_899645_916505.wav,WeylieHoang_UCz5ppm1BYc7tgUYIel3EWJw_sA76bEliuA,899645,916505,16860
WeylieHoang_UCz5ppm1BYc7tgUYIel3EWJw_sA76bEliuA_916761_925289.wav,WeylieHoang_UCz5ppm1BYc7tgUYIel3EWJw_sA76bEliuA,916761,925289,8528
WeylieHoang_UCz5ppm1BYc7tgUYIel3EWJw_sA76bEliuA_925521_931705.wav,WeylieHoang_UCz5ppm1BYc7tgUYIel3EWJw_sA76bEliuA,925521,931705,6184
WeylieHoang_UCz5ppm1BYc7tgUYIel3EWJw_sA76bEliuA_932001_945513.wav,WeylieHoang_UCz5ppm1BYc7tgUYIel3EWJw_sA76bEliuA,932001,945513,13512
WeylieHoang_UCz5ppm1BYc7tgUYIel3EWJw_sA76bEliuA_945689_948305.wav,WeylieHoang_UCz5ppm1BYc7tgUYIel3EWJw_sA76bEliuA,945689,948305,2616
WeylieHoang_UCz5ppm1BYc7tgUYIel3EWJw_sA76bEliuA_948433_962617.wav,WeylieHoang_UCz5ppm1BYc7tgUYIel3EWJw_sA76bEliuA,948433,962617,14184
WeylieHoang_UCz5ppm1BYc7tgUYIel3EWJw_sA76bEliuA_962897_965521.wav,WeylieHoang_UCz5ppm1BYc7tgUYIel3EWJw_sA76bEliuA,962897,965521,2624
WeylieHoang_UCz5ppm1BYc7tgUYIel3EWJw_sA76bEliuA_965665_974049.wav,WeylieHoang_UCz5ppm1BYc7tgUYIel3EWJw_sA76bEliuA,965665,974049,8384
WeylieHoang_UCz5ppm1BYc7tgUYIel3EWJw_sA76bEliuA_974329_978193.wav,WeylieHoang_UCz5ppm1BYc7tgUYIel3EWJw_sA76bEliuA,974329,978193,3864
WeylieHoang_UCz5ppm1BYc7tgUYIel3EWJw_sA76bEliuA_978649_980233.wav,WeylieHoang_UCz5ppm1BYc7tgUYIel3EWJw_sA76bEliuA,978649,980233,1584
WeylieHoang_UCz5ppm1BYc7tgUYIel3EWJw_sA76bEliuA_980353_985009.wav,WeylieHoang_UCz5ppm1BYc7tgUYIel3EWJw_sA76bEliuA,980353,985009,4656
WeylieHoang_UCz5ppm1BYc7tgUYIel3EWJw_sA76bEliuA_985121_998105.wav,WeylieHoang_UCz5ppm1BYc7tgUYIel3EWJw_sA76bEliuA,985121,998105,12984
WeylieHoang_UCz5ppm1BYc7tgUYIel3EWJw_sA76bEliuA_998321_1000009.wav,WeylieHoang_UCz5ppm1BYc7tgUYIel3EWJw_sA76bEliuA,998321,1000009,1688
WeylieHoang_UCz5ppm1BYc7tgUYIel3EWJw_sA76bEliuA_1000585_1004781.wav,WeylieHoang_UCz5ppm1BYc7tgUYIel3EWJw_sA76bEliuA,1000585,1004781,4196
WeylieHoang_UCz5ppm1BYc7tgUYIel3EWJw_sA76bEliuA_1004941_1011581.wav,WeylieHoang_UCz5ppm1BYc7tgUYIel3EWJw_sA76bEliuA,1004941,1011581,6640
WeylieHoang_UCz5ppm1BYc7tgUYIel3EWJw_sA76bEliuA_1011741_1012223.wav,WeylieHoang_UCz5ppm1BYc7tgUYIel3EWJw_sA76bEliuA,1011741,1012223,482
WeylieHoang_UCz5ppm1BYc7tgUYIel3EWJw_sA76bEliuA_1012359_1019879.wav,WeylieHoang_UCz5ppm1BYc7tgUYIel3EWJw_sA76bEliuA,1012359,1019879,7520
WeylieHoang_UCz5ppm1BYc7tgUYIel3EWJw_sA76bEliuA_1019975_1030504.wav,WeylieHoang_UCz5ppm1BYc7tgUYIel3EWJw_sA76bEliuA,1019975,1030504,10529
WeylieHoang_UCz5ppm1BYc7tgUYIel3EWJw_sA76bEliuA_1030616_1031561.wav,WeylieHoang_UCz5ppm1BYc7tgUYIel3EWJw_sA76bEliuA,1030616,1031561,945
WeylieHoang_UCz5ppm1BYc7tgUYIel3EWJw_sA76bEliuA_1031841_1032457.wav,WeylieHoang_UCz5ppm1BYc7tgUYIel3EWJw_sA76bEliuA,1031841,1032457,616
WeylieHoang_UCz5ppm1BYc7tgUYIel3EWJw_sA76bEliuA_1032753_1036089.wav,WeylieHoang_UCz5ppm1BYc7tgUYIel3EWJw_sA76bEliuA,1032753,1036089,3336
WeylieHoang_UCz5ppm1BYc7tgUYIel3EWJw_sA76bEliuA_1036537_1037049.wav,WeylieHoang_UCz5ppm1BYc7tgUYIel3EWJw_sA76bEliuA,1036537,1037049,512
WeylieHoang_UCz5ppm1BYc7tgUYIel3EWJw_sA76bEliuA_1038161_1038649.wav,WeylieHoang_UCz5ppm1BYc7tgUYIel3EWJw_sA76bEliuA,1038161,1038649,488
WeylieHoang_UCz5ppm1BYc7tgUYIel3EWJw_sA76bEliuA_1039489_1040145.wav,WeylieHoang_UCz5ppm1BYc7tgUYIel3EWJw_sA76bEliuA,1039489,1040145,656
WeylieHoang_UCz5ppm1BYc7tgUYIel3EWJw_sA76bEliuA_1040417_1049553.wav,WeylieHoang_UCz5ppm1BYc7tgUYIel3EWJw_sA76bEliuA,1040417,1049553,9136
WeylieHoang_UCz5ppm1BYc7tgUYIel3EWJw_sA76bEliuA_1049969_1056401.wav,WeylieHoang_UCz5ppm1BYc7tgUYIel3EWJw_sA76bEliuA,1049969,1056401,6432
WeylieHoang_UCz5ppm1BYc7tgUYIel3EWJw_sA76bEliuA_1056681_1073521.wav,WeylieHoang_UCz5ppm1BYc7tgUYIel3EWJw_sA76bEliuA,1056681,1073521,16840
WeylieHoang_UCz5ppm1BYc7tgUYIel3EWJw_sA76bEliuA_1073665_1080337.wav,WeylieHoang_UCz5ppm1BYc7tgUYIel3EWJw_sA76bEliuA,1073665,1080337,6672
WeylieHoang_UCz5ppm1BYc7tgUYIel3EWJw_sA76bEliuA_1080441_1091705.wav,WeylieHoang_UCz5ppm1BYc7tgUYIel3EWJw_sA76bEliuA,1080441,1091705,11264
WeylieHoang_UCz5ppm1BYc7tgUYIel3EWJw_sA76bEliuA_1092305_1097145.wav,WeylieHoang_UCz5ppm1BYc7tgUYIel3EWJw_sA76bEliuA,1092305,1097145,4840
WeylieHoang_UCz5ppm1BYc7tgUYIel3EWJw_sA76bEliuA_1097681_1105001.wav,WeylieHoang_UCz5ppm1BYc7tgUYIel3EWJw_sA76bEliuA,1097681,1105001,7320
WeylieHoang_UCz5ppm1BYc7tgUYIel3EWJw_sA76bEliuA_1105441_1115273.wav,WeylieHoang_UCz5ppm1BYc7tgUYIel3EWJw_sA76bEliuA,1105441,1115273,9832
WeylieHoang_UCz5ppm1BYc7tgUYIel3EWJw_sA76bEliuA_1116137_1124769.wav,WeylieHoang_UCz5ppm1BYc7tgUYIel3EWJw_sA76bEliuA,1116137,1124769,8632
WeylieHoang_UCz5ppm1BYc7tgUYIel3EWJw_sA76bEliuA_1124929_1139537.wav,WeylieHoang_UCz5ppm1BYc7tgUYIel3EWJw_sA76bEliuA,1124929,1139537,14608
WeylieHoang_UCz5ppm1BYc7tgUYIel3EWJw_sA76bEliuA_1139897_1148194.wav,WeylieHoang_UCz5ppm1BYc7tgUYIel3EWJw_sA76bEliuA,1139897,1148194,8297
WeylieHoang_UCz5ppm1BYc7tgUYIel3EWJw_sA76bEliuA_1148506_1156675.wav,WeylieHoang_UCz5ppm1BYc7tgUYIel3EWJw_sA76bEliuA,1148506,1156675,8169
WeylieHoang_UCz5ppm1BYc7tgUYIel3EWJw_sA76bEliuA_1156843_1171509.wav,WeylieHoang_UCz5ppm1BYc7tgUYIel3EWJw_sA76bEliuA,1156843,1171509,14666
WeylieHoang_UCz5ppm1BYc7tgUYIel3EWJw_sA76bEliuA_1171733_1181319.wav,WeylieHoang_UCz5ppm1BYc7tgUYIel3EWJw_sA76bEliuA,1171733,1181319,9586
WeylieHoang_UCz5ppm1BYc7tgUYIel3EWJw_sA76bEliuA_1181399_1183719.wav,WeylieHoang_UCz5ppm1BYc7tgUYIel3EWJw_sA76bEliuA,1181399,1183719,2320
WeylieHoang_UCz5ppm1BYc7tgUYIel3EWJw_sA76bEliuA_1183815_1187281.wav,WeylieHoang_UCz5ppm1BYc7tgUYIel3EWJw_sA76bEliuA,1183815,1187281,3466
WeylieHoang_UCz5ppm1BYc7tgUYIel3EWJw_sA76bEliuA_1187897_1189025.wav,WeylieHoang_UCz5ppm1BYc7tgUYIel3EWJw_sA76bEliuA,1187897,1189025,1128
WeylieHoang_UCz5ppm1BYc7tgUYIel3EWJw_sA76bEliuA_1189457_1191169.wav,WeylieHoang_UCz5ppm1BYc7tgUYIel3EWJw_sA76bEliuA,1189457,1191169,1712
WeylieHoang_UCz5ppm1BYc7tgUYIel3EWJw_sA76bEliuA_1191585_1191817.wav,WeylieHoang_UCz5ppm1BYc7tgUYIel3EWJw_sA76bEliuA,1191585,1191817,232
WeylieHoang_UCz5ppm1BYc7tgUYIel3EWJw_sA76bEliuA_1192257_1196225.wav,WeylieHoang_UCz5ppm1BYc7tgUYIel3EWJw_sA76bEliuA,1192257,1196225,3968
WeylieHoang_UCz5ppm1BYc7tgUYIel3EWJw_sA76bEliuA_1197105_1197545.wav,WeylieHoang_UCz5ppm1BYc7tgUYIel3EWJw_sA76bEliuA,1197105,1197545,440
WeylieHoang_UCz5ppm1BYc7tgUYIel3EWJw_sA76bEliuA_1197889_1205257.wav,WeylieHoang_UCz5ppm1BYc7tgUYIel3EWJw_sA76bEliuA,1197889,1205257,7368
WeylieHoang_UCz5ppm1BYc7tgUYIel3EWJw_sA76bEliuA_1206281_1207409.wav,WeylieHoang_UCz5ppm1BYc7tgUYIel3EWJw_sA76bEliuA,1206281,1207409,1128
WeylieHoang_UCz5ppm1BYc7tgUYIel3EWJw_sA76bEliuA_1207601_1221957.wav,WeylieHoang_UCz5ppm1BYc7tgUYIel3EWJw_sA76bEliuA,1207601,1221957,14356
WeylieHoang_UCz5ppm1BYc7tgUYIel3EWJw_sA76bEliuA_1222101_1225513.wav,WeylieHoang_UCz5ppm1BYc7tgUYIel3EWJw_sA76bEliuA,1222101,1225513,3412
WeylieHoang_UCz5ppm1BYc7tgUYIel3EWJw_sA76bEliuA_1226057_1228753.wav,WeylieHoang_UCz5ppm1BYc7tgUYIel3EWJw_sA76bEliuA,1226057,1228753,2696
WeylieHoang_UCz5ppm1BYc7tgUYIel3EWJw_sA76bEliuA_1229233_1234377.wav,WeylieHoang_UCz5ppm1BYc7tgUYIel3EWJw_sA76bEliuA,1229233,1234377,5144
WeylieHoang_UCz5ppm1BYc7tgUYIel3EWJw_sA76bEliuA_1235041_1238801.wav,WeylieHoang_UCz5ppm1BYc7tgUYIel3EWJw_sA76bEliuA,1235041,1238801,3760
WeylieHoang_UCz5ppm1BYc7tgUYIel3EWJw_sA76bEliuA_1239017_1239457.wav,WeylieHoang_UCz5ppm1BYc7tgUYIel3EWJw_sA76bEliuA,1239017,1239457,440
WeylieHoang_UCz5ppm1BYc7tgUYIel3EWJw_sA76bEliuA_1239665_1247249.wav,WeylieHoang_UCz5ppm1BYc7tgUYIel3EWJw_sA76bEliuA,1239665,1247249,7584
WeylieHoang_UCz5ppm1BYc7tgUYIel3EWJw_sA76bEliuA_1247529_1255321.wav,WeylieHoang_UCz5ppm1BYc7tgUYIel3EWJw_sA76bEliuA,1247529,1255321,7792
WeylieHoang_UCz5ppm1BYc7tgUYIel3EWJw_sA76bEliuA_1255457_1259945.wav,WeylieHoang_UCz5ppm1BYc7tgUYIel3EWJw_sA76bEliuA,1255457,1259945,4488
WeylieHoang_UCz5ppm1BYc7tgUYIel3EWJw_sA76bEliuA_1260217_1261857.wav,WeylieHoang_UCz5ppm1BYc7tgUYIel3EWJw_sA76bEliuA,1260217,1261857,1640
WeylieHoang_UCz5ppm1BYc7tgUYIel3EWJw_sA76bEliuA_1262153_1269697.wav,WeylieHoang_UCz5ppm1BYc7tgUYIel3EWJw_sA76bEliuA,1262153,1269697,7544
WeylieHoang_UCz5ppm1BYc7tgUYIel3EWJw_sA76bEliuA_1270145_1279561.wav,WeylieHoang_UCz5ppm1BYc7tgUYIel3EWJw_sA76bEliuA,1270145,1279561,9416
WeylieHoang_UCz5ppm1BYc7tgUYIel3EWJw_sA76bEliuA_1279705_1288337.wav,WeylieHoang_UCz5ppm1BYc7tgUYIel3EWJw_sA76bEliuA,1279705,1288337,8632
WeylieHoang_UCz5ppm1BYc7tgUYIel3EWJw_sA76bEliuA_1288465_1290265.wav,WeylieHoang_UCz5ppm1BYc7tgUYIel3EWJw_sA76bEliuA,1288465,1290265,1800
WeylieHoang_UCz5ppm1BYc7tgUYIel3EWJw_sA76bEliuA_1290393_1298073.wav,WeylieHoang_UCz5ppm1BYc7tgUYIel3EWJw_sA76bEliuA,1290393,1298073,7680
WeylieHoang_UCz5ppm1BYc7tgUYIel3EWJw_sA76bEliuA_1298225_1298817.wav,WeylieHoang_UCz5ppm1BYc7tgUYIel3EWJw_sA76bEliuA,1298225,1298817,592
WeylieHoang_UCz5ppm1BYc7tgUYIel3EWJw_sA76bEliuA_1299001_1299985.wav,WeylieHoang_UCz5ppm1BYc7tgUYIel3EWJw_sA76bEliuA,1299001,1299985,984
WeylieHoang_UCz5ppm1BYc7tgUYIel3EWJw_sA76bEliuA_1300633_1305657.wav,WeylieHoang_UCz5ppm1BYc7tgUYIel3EWJw_sA76bEliuA,1300633,1305657,5024
WeylieHoang_UCz5ppm1BYc7tgUYIel3EWJw_sA76bEliuA_1306433_1308217.wav,WeylieHoang_UCz5ppm1BYc7tgUYIel3EWJw_sA76bEliuA,1306433,1308217,1784
WeylieHoang_UCz5ppm1BYc7tgUYIel3EWJw_sA76bEliuA_1308969_1309161.wav,WeylieHoang_UCz5ppm1BYc7tgUYIel3EWJw_sA76bEliuA,1308969,1309161,192
WeylieHoang_UCz5ppm1BYc7tgUYIel3EWJw_sA76bEliuA_1309561_1310001.wav,WeylieHoang_UCz5ppm1BYc7tgUYIel3EWJw_sA76bEliuA,1309561,1310001,440
WeylieHoang_UCz5ppm1BYc7tgUYIel3EWJw_sA76bEliuA_1310265_1310849.wav,WeylieHoang_UCz5ppm1BYc7tgUYIel3EWJw_sA76bEliuA,1310265,1310849,584
WeylieHoang_UCz5ppm1BYc7tgUYIel3EWJw_sA76bEliuA_1311177_1316297.wav,WeylieHoang_UCz5ppm1BYc7tgUYIel3EWJw_sA76bEliuA,1311177,1316297,5120
WeylieHoang_UCz5ppm1BYc7tgUYIel3EWJw_sA76bEliuA_1316617_1319361.wav,WeylieHoang_UCz5ppm1BYc7tgUYIel3EWJw_sA76bEliuA,1316617,1319361,2744
WeylieHoang_UCz5ppm1BYc7tgUYIel3EWJw_sA76bEliuA_1319513_1327657.wav,WeylieHoang_UCz5ppm1BYc7tgUYIel3EWJw_sA76bEliuA,1319513,1327657,8144
WeylieHoang_UCz5ppm1BYc7tgUYIel3EWJw_sA76bEliuA_1328033_1343834.wav,WeylieHoang_UCz5ppm1BYc7tgUYIel3EWJw_sA76bEliuA,1328033,1343834,15801
WeylieHoang_UCz5ppm1BYc7tgUYIel3EWJw_sA76bEliuA_1343970_1347403.wav,WeylieHoang_UCz5ppm1BYc7tgUYIel3EWJw_sA76bEliuA,1343970,1347403,3433
WeylieHoang_UCz5ppm1BYc7tgUYIel3EWJw_sA76bEliuA_1347579_1348981.wav,WeylieHoang_UCz5ppm1BYc7tgUYIel3EWJw_sA76bEliuA,1347579,1348981,1402
WeylieHoang_UCz5ppm1BYc7tgUYIel3EWJw_sA76bEliuA_1349205_1357321.wav,WeylieHoang_UCz5ppm1BYc7tgUYIel3EWJw_sA76bEliuA,1349205,1357321,8116
WeylieHoang_UCz5ppm1BYc7tgUYIel3EWJw_sA76bEliuA_1357809_1364433.wav,WeylieHoang_UCz5ppm1BYc7tgUYIel3EWJw_sA76bEliuA,1357809,1364433,6624
WeylieHoang_UCz5ppm1BYc7tgUYIel3EWJw_sA76bEliuA_1364585_1375673.wav,WeylieHoang_UCz5ppm1BYc7tgUYIel3EWJw_sA76bEliuA,1364585,1375673,11088
WeylieHoang_UCz5ppm1BYc7tgUYIel3EWJw_sA76bEliuA_1376241_1379857.wav,WeylieHoang_UCz5ppm1BYc7tgUYIel3EWJw_sA76bEliuA,1376241,1379857,3616
WeylieHoang_UCz5ppm1BYc7tgUYIel3EWJw_sA76bEliuA_1380129_1380721.wav,WeylieHoang_UCz5ppm1BYc7tgUYIel3EWJw_sA76bEliuA,1380129,1380721,592
WeylieHoang_UCz5ppm1BYc7tgUYIel3EWJw_sA76bEliuA_1381065_1386937.wav,WeylieHoang_UCz5ppm1BYc7tgUYIel3EWJw_sA76bEliuA,1381065,1386937,5872
WeylieHoang_UCz5ppm1BYc7tgUYIel3EWJw_sA76bEliuA_1387089_1400961.wav,WeylieHoang_UCz5ppm1BYc7tgUYIel3EWJw_sA76bEliuA,1387089,1400961,13872
WeylieHoang_UCz5ppm1BYc7tgUYIel3EWJw_sA76bEliuA_1401113_1401745.wav,WeylieHoang_UCz5ppm1BYc7tgUYIel3EWJw_sA76bEliuA,1401113,1401745,632
WeylieHoang_UCz5ppm1BYc7tgUYIel3EWJw_sA76bEliuA_1402209_1404153.wav,WeylieHoang_UCz5ppm1BYc7tgUYIel3EWJw_sA76bEliuA,1402209,1404153,1944
WeylieHoang_UCz5ppm1BYc7tgUYIel3EWJw_sA76bEliuA_1404473_1409381.wav,WeylieHoang_UCz5ppm1BYc7tgUYIel3EWJw_sA76bEliuA,1404473,1409381,4908
WeylieHoang_UCz5ppm1BYc7tgUYIel3EWJw_sA76bEliuA_1409549_1422961.wav,WeylieHoang_UCz5ppm1BYc7tgUYIel3EWJw_sA76bEliuA,1409549,1422961,13412
WeylieHoang_UCz5ppm1BYc7tgUYIel3EWJw_sA76bEliuA_1423321_1427585.wav,WeylieHoang_UCz5ppm1BYc7tgUYIel3EWJw_sA76bEliuA,1423321,1427585,4264
WeylieHoang_UCz5ppm1BYc7tgUYIel3EWJw_sA76bEliuA_1427889_1437425.wav,WeylieHoang_UCz5ppm1BYc7tgUYIel3EWJw_sA76bEliuA,1427889,1437425,9536
WeylieHoang_UCz5ppm1BYc7tgUYIel3EWJw_sA76bEliuA_1437641_1445721.wav,WeylieHoang_UCz5ppm1BYc7tgUYIel3EWJw_sA76bEliuA,1437641,1445721,8080
WeylieHoang_UCz5ppm1BYc7tgUYIel3EWJw_sA76bEliuA_1445881_1448401.wav,WeylieHoang_UCz5ppm1BYc7tgUYIel3EWJw_sA76bEliuA,1445881,1448401,2520
WeylieHoang_UCz5ppm1BYc7tgUYIel3EWJw_sA76bEliuA_1448585_1465269.wav,WeylieHoang_UCz5ppm1BYc7tgUYIel3EWJw_sA76bEliuA,1448585,1465269,16684
WeylieHoang_UCz5ppm1BYc7tgUYIel3EWJw_sA76bEliuA_1465389_1470469.wav,WeylieHoang_UCz5ppm1BYc7tgUYIel3EWJw_sA76bEliuA,1465389,1470469,5080
WeylieHoang_UCz5ppm1BYc7tgUYIel3EWJw_sA76bEliuA_1470581_1472497.wav,WeylieHoang_UCz5ppm1BYc7tgUYIel3EWJw_sA76bEliuA,1470581,1472497,1916
WeylieHoang_UCz5ppm1BYc7tgUYIel3EWJw_sA76bEliuA_1472601_1478825.wav,WeylieHoang_UCz5ppm1BYc7tgUYIel3EWJw_sA76bEliuA,1472601,1478825,6224
WeylieHoang_UCz5ppm1BYc7tgUYIel3EWJw_sA76bEliuA_1479001_1479505.wav,WeylieHoang_UCz5ppm1BYc7tgUYIel3EWJw_sA76bEliuA,1479001,1479505,504
WeylieHoang_UCz5ppm1BYc7tgUYIel3EWJw_sA76bEliuA_1479737_1482321.wav,WeylieHoang_UCz5ppm1BYc7tgUYIel3EWJw_sA76bEliuA,1479737,1482321,2584
WeylieHoang_UCz5ppm1BYc7tgUYIel3EWJw_sA76bEliuA_1482425_1494073.wav,WeylieHoang_UCz5ppm1BYc7tgUYIel3EWJw_sA76bEliuA,1482425,1494073,11648
WeylieHoang_UCz5ppm1BYc7tgUYIel3EWJw_sA76bEliuA_1494177_1507585.wav,WeylieHoang_UCz5ppm1BYc7tgUYIel3EWJw_sA76bEliuA,1494177,1507585,13408
WeylieHoang_UCz5ppm1BYc7tgUYIel3EWJw_sA76bEliuA_1507785_1508737.wav,WeylieHoang_UCz5ppm1BYc7tgUYIel3EWJw_sA76bEliuA,1507785,1508737,952
WeylieHoang_UCz5ppm1BYc7tgUYIel3EWJw_sA76bEliuA_1508825_1528705.wav,WeylieHoang_UCz5ppm1BYc7tgUYIel3EWJw_sA76bEliuA,1508825,1528705,19880
WeylieHoang_UCz5ppm1BYc7tgUYIel3EWJw_sA76bEliuA_1528817_1530873.wav,WeylieHoang_UCz5ppm1BYc7tgUYIel3EWJw_sA76bEliuA,1528817,1530873,2056
WeylieHoang_UCz5ppm1BYc7tgUYIel3EWJw_sA76bEliuA_1531185_1533505.wav,WeylieHoang_UCz5ppm1BYc7tgUYIel3EWJw_sA76bEliuA,1531185,1533505,2320
WeylieHoang_UCz5ppm1BYc7tgUYIel3EWJw_sA76bEliuA_1534233_1544779.wav,WeylieHoang_UCz5ppm1BYc7tgUYIel3EWJw_sA76bEliuA,1534233,1544779,10546
WeylieHoang_UCz5ppm1BYc7tgUYIel3EWJw_sA76bEliuA_1544939_1558492.wav,WeylieHoang_UCz5ppm1BYc7tgUYIel3EWJw_sA76bEliuA,1544939,1558492,13553
WeylieHoang_UCz5ppm1BYc7tgUYIel3EWJw_sA76bEliuA_1558628_1565349.wav,WeylieHoang_UCz5ppm1BYc7tgUYIel3EWJw_sA76bEliuA,1558628,1565349,6721
WeylieHoang_UCz5ppm1BYc7tgUYIel3EWJw_sA76bEliuA_1565661_1566049.wav,WeylieHoang_UCz5ppm1BYc7tgUYIel3EWJw_sA76bEliuA,1565661,1566049,388
WeylieHoang_UCz5ppm1BYc7tgUYIel3EWJw_sA76bEliuA_1566201_1575931.wav,WeylieHoang_UCz5ppm1BYc7tgUYIel3EWJw_sA76bEliuA,1566201,1575931,9730
WeylieHoang_UCz5ppm1BYc7tgUYIel3EWJw_sA76bEliuA_1576067_1589517.wav,WeylieHoang_UCz5ppm1BYc7tgUYIel3EWJw_sA76bEliuA,1576067,1589517,13450
WeylieHoang_UCz5ppm1BYc7tgUYIel3EWJw_sA76bEliuA_1589805_1590777.wav,WeylieHoang_UCz5ppm1BYc7tgUYIel3EWJw_sA76bEliuA,1589805,1590777,972
WeylieHoang_UCz5ppm1BYc7tgUYIel3EWJw_sA76bEliuA_1591361_1593785.wav,WeylieHoang_UCz5ppm1BYc7tgUYIel3EWJw_sA76bEliuA,1591361,1593785,2424
WeylieHoang_UCz5ppm1BYc7tgUYIel3EWJw_sA76bEliuA_1593913_1610073.wav,WeylieHoang_UCz5ppm1BYc7tgUYIel3EWJw_sA76bEliuA,1593913,1610073,16160
WeylieHoang_UCz5ppm1BYc7tgUYIel3EWJw_sA76bEliuA_1610257_1612785.wav,WeylieHoang_UCz5ppm1BYc7tgUYIel3EWJw_sA76bEliuA,1610257,1612785,2528
WeylieHoang_UCz5ppm1BYc7tgUYIel3EWJw_sA76bEliuA_1613433_1614915.wav,WeylieHoang_UCz5ppm1BYc7tgUYIel3EWJw_sA76bEliuA,1613433,1614915,1482
WeylieHoang_UCz5ppm1BYc7tgUYIel3EWJw_sA76bEliuA_1614995_1618004.wav,WeylieHoang_UCz5ppm1BYc7tgUYIel3EWJw_sA76bEliuA,1614995,1618004,3009
WeylieHoang_UCz5ppm1BYc7tgUYIel3EWJw_sA76bEliuA_1618084_1631981.wav,WeylieHoang_UCz5ppm1BYc7tgUYIel3EWJw_sA76bEliuA,1618084,1631981,13897
WeylieHoang_UCz5ppm1BYc7tgUYIel3EWJw_sA76bEliuA_1632181_1636127.wav,WeylieHoang_UCz5ppm1BYc7tgUYIel3EWJw_sA76bEliuA,1632181,1636127,3946
WeylieHoang_UCz5ppm1BYc7tgUYIel3EWJw_sA76bEliuA_1636319_1657945.wav,WeylieHoang_UCz5ppm1BYc7tgUYIel3EWJw_sA76bEliuA,1636319,1657945,21626
