filename,video_id,start_time,end_time,duration
WeylieHoang_UCz5ppm1BYc7tgUYIel3EWJw_nbhsXa7FzUM_0_169.wav,WeylieHoang_UCz5ppm1BYc7tgUYIel3EWJw_nbhsXa7FzUM,0,169,169
WeylieHoang_UCz5ppm1BYc7tgUYIel3EWJw_nbhsXa7FzUM_169_11370.wav,WeylieHoang_UCz5ppm1BYc7tgUYIel3EWJw_nbhsXa7FzUM,169,11370,11201
WeylieHoang_UCz5ppm1BYc7tgUYIel3EWJw_nbhsXa7FzUM_11506_11658.wav,WeylieHoang_UCz5ppm1BYc7tgUYIel3EWJw_nbhsXa7FzUM,11506,11658,152
WeylieHoang_UCz5ppm1BYc7tgUYIel3EWJw_nbhsXa7FzUM_11794_11978.wav,WeylieHoang_UCz5ppm1BYc7tgUYIel3EWJw_nbhsXa7FzUM,11794,11978,184
WeylieHoang_UCz5ppm1BYc7tgUYIel3EWJw_nbhsXa7FzUM_12138_15211.wav,WeylieHoang_UCz5ppm1BYc7tgUYIel3EWJw_nbhsXa7FzUM,12138,15211,3073
WeylieHoang_UCz5ppm1BYc7tgUYIel3EWJw_nbhsXa7FzUM_15419_18619.wav,WeylieHoang_UCz5ppm1BYc7tgUYIel3EWJw_nbhsXa7FzUM,15419,18619,3200
WeylieHoang_UCz5ppm1BYc7tgUYIel3EWJw_nbhsXa7FzUM_18835_19205.wav,WeylieHoang_UCz5ppm1BYc7tgUYIel3EWJw_nbhsXa7FzUM,18835,19205,370
WeylieHoang_UCz5ppm1BYc7tgUYIel3EWJw_nbhsXa7FzUM_19333_20918.wav,WeylieHoang_UCz5ppm1BYc7tgUYIel3EWJw_nbhsXa7FzUM,19333,20918,1585
WeylieHoang_UCz5ppm1BYc7tgUYIel3EWJw_nbhsXa7FzUM_20998_32318.wav,WeylieHoang_UCz5ppm1BYc7tgUYIel3EWJw_nbhsXa7FzUM,20998,32318,11320
WeylieHoang_UCz5ppm1BYc7tgUYIel3EWJw_nbhsXa7FzUM_32406_32806.wav,WeylieHoang_UCz5ppm1BYc7tgUYIel3EWJw_nbhsXa7FzUM,32406,32806,400
WeylieHoang_UCz5ppm1BYc7tgUYIel3EWJw_nbhsXa7FzUM_32886_49726.wav,WeylieHoang_UCz5ppm1BYc7tgUYIel3EWJw_nbhsXa7FzUM,32886,49726,16840
WeylieHoang_UCz5ppm1BYc7tgUYIel3EWJw_nbhsXa7FzUM_49830_51382.wav,WeylieHoang_UCz5ppm1BYc7tgUYIel3EWJw_nbhsXa7FzUM,49830,51382,1552
WeylieHoang_UCz5ppm1BYc7tgUYIel3EWJw_nbhsXa7FzUM_51470_57550.wav,WeylieHoang_UCz5ppm1BYc7tgUYIel3EWJw_nbhsXa7FzUM,51470,57550,6080
WeylieHoang_UCz5ppm1BYc7tgUYIel3EWJw_nbhsXa7FzUM_57638_69767.wav,WeylieHoang_UCz5ppm1BYc7tgUYIel3EWJw_nbhsXa7FzUM,57638,69767,12129
WeylieHoang_UCz5ppm1BYc7tgUYIel3EWJw_nbhsXa7FzUM_69887_72023.wav,WeylieHoang_UCz5ppm1BYc7tgUYIel3EWJw_nbhsXa7FzUM,69887,72023,2136
WeylieHoang_UCz5ppm1BYc7tgUYIel3EWJw_nbhsXa7FzUM_72127_74113.wav,WeylieHoang_UCz5ppm1BYc7tgUYIel3EWJw_nbhsXa7FzUM,72127,74113,1986
WeylieHoang_UCz5ppm1BYc7tgUYIel3EWJw_nbhsXa7FzUM_74297_87034.wav,WeylieHoang_UCz5ppm1BYc7tgUYIel3EWJw_nbhsXa7FzUM,74297,87034,12737
WeylieHoang_UCz5ppm1BYc7tgUYIel3EWJw_nbhsXa7FzUM_87138_90363.wav,WeylieHoang_UCz5ppm1BYc7tgUYIel3EWJw_nbhsXa7FzUM,87138,90363,3225
WeylieHoang_UCz5ppm1BYc7tgUYIel3EWJw_nbhsXa7FzUM_90651_92355.wav,WeylieHoang_UCz5ppm1BYc7tgUYIel3EWJw_nbhsXa7FzUM,90651,92355,1704
WeylieHoang_UCz5ppm1BYc7tgUYIel3EWJw_nbhsXa7FzUM_92459_106731.wav,WeylieHoang_UCz5ppm1BYc7tgUYIel3EWJw_nbhsXa7FzUM,92459,106731,14272
WeylieHoang_UCz5ppm1BYc7tgUYIel3EWJw_nbhsXa7FzUM_106851_109227.wav,WeylieHoang_UCz5ppm1BYc7tgUYIel3EWJw_nbhsXa7FzUM,106851,109227,2376
WeylieHoang_UCz5ppm1BYc7tgUYIel3EWJw_nbhsXa7FzUM_109371_123883.wav,WeylieHoang_UCz5ppm1BYc7tgUYIel3EWJw_nbhsXa7FzUM,109371,123883,14512
WeylieHoang_UCz5ppm1BYc7tgUYIel3EWJw_nbhsXa7FzUM_123995_132707.wav,WeylieHoang_UCz5ppm1BYc7tgUYIel3EWJw_nbhsXa7FzUM,123995,132707,8712
WeylieHoang_UCz5ppm1BYc7tgUYIel3EWJw_nbhsXa7FzUM_132963_141783.wav,WeylieHoang_UCz5ppm1BYc7tgUYIel3EWJw_nbhsXa7FzUM,132963,141783,8820
WeylieHoang_UCz5ppm1BYc7tgUYIel3EWJw_nbhsXa7FzUM_141935_154648.wav,WeylieHoang_UCz5ppm1BYc7tgUYIel3EWJw_nbhsXa7FzUM,141935,154648,12713
WeylieHoang_UCz5ppm1BYc7tgUYIel3EWJw_nbhsXa7FzUM_154776_160825.wav,WeylieHoang_UCz5ppm1BYc7tgUYIel3EWJw_nbhsXa7FzUM,154776,160825,6049
WeylieHoang_UCz5ppm1BYc7tgUYIel3EWJw_nbhsXa7FzUM_160977_162651.wav,WeylieHoang_UCz5ppm1BYc7tgUYIel3EWJw_nbhsXa7FzUM,160977,162651,1674
WeylieHoang_UCz5ppm1BYc7tgUYIel3EWJw_nbhsXa7FzUM_163059_171199.wav,WeylieHoang_UCz5ppm1BYc7tgUYIel3EWJw_nbhsXa7FzUM,163059,171199,8140
WeylieHoang_UCz5ppm1BYc7tgUYIel3EWJw_nbhsXa7FzUM_171335_174771.wav,WeylieHoang_UCz5ppm1BYc7tgUYIel3EWJw_nbhsXa7FzUM,171335,174771,3436
WeylieHoang_UCz5ppm1BYc7tgUYIel3EWJw_nbhsXa7FzUM_175075_176419.wav,WeylieHoang_UCz5ppm1BYc7tgUYIel3EWJw_nbhsXa7FzUM,175075,176419,1344
WeylieHoang_UCz5ppm1BYc7tgUYIel3EWJw_nbhsXa7FzUM_176547_190075.wav,WeylieHoang_UCz5ppm1BYc7tgUYIel3EWJw_nbhsXa7FzUM,176547,190075,13528
WeylieHoang_UCz5ppm1BYc7tgUYIel3EWJw_nbhsXa7FzUM_190235_198563.wav,WeylieHoang_UCz5ppm1BYc7tgUYIel3EWJw_nbhsXa7FzUM,190235,198563,8328
WeylieHoang_UCz5ppm1BYc7tgUYIel3EWJw_nbhsXa7FzUM_198651_199355.wav,WeylieHoang_UCz5ppm1BYc7tgUYIel3EWJw_nbhsXa7FzUM,198651,199355,704
WeylieHoang_UCz5ppm1BYc7tgUYIel3EWJw_nbhsXa7FzUM_199795_200741.wav,WeylieHoang_UCz5ppm1BYc7tgUYIel3EWJw_nbhsXa7FzUM,199795,200741,946
WeylieHoang_UCz5ppm1BYc7tgUYIel3EWJw_nbhsXa7FzUM_200861_213269.wav,WeylieHoang_UCz5ppm1BYc7tgUYIel3EWJw_nbhsXa7FzUM,200861,213269,12408
WeylieHoang_UCz5ppm1BYc7tgUYIel3EWJw_nbhsXa7FzUM_213357_219397.wav,WeylieHoang_UCz5ppm1BYc7tgUYIel3EWJw_nbhsXa7FzUM,213357,219397,6040
WeylieHoang_UCz5ppm1BYc7tgUYIel3EWJw_nbhsXa7FzUM_219501_221165.wav,WeylieHoang_UCz5ppm1BYc7tgUYIel3EWJw_nbhsXa7FzUM,219501,221165,1664
WeylieHoang_UCz5ppm1BYc7tgUYIel3EWJw_nbhsXa7FzUM_221269_229718.wav,WeylieHoang_UCz5ppm1BYc7tgUYIel3EWJw_nbhsXa7FzUM,221269,229718,8449
WeylieHoang_UCz5ppm1BYc7tgUYIel3EWJw_nbhsXa7FzUM_229822_236551.wav,WeylieHoang_UCz5ppm1BYc7tgUYIel3EWJw_nbhsXa7FzUM,229822,236551,6729
WeylieHoang_UCz5ppm1BYc7tgUYIel3EWJw_nbhsXa7FzUM_236711_251375.wav,WeylieHoang_UCz5ppm1BYc7tgUYIel3EWJw_nbhsXa7FzUM,236711,251375,14664
WeylieHoang_UCz5ppm1BYc7tgUYIel3EWJw_nbhsXa7FzUM_251503_259447.wav,WeylieHoang_UCz5ppm1BYc7tgUYIel3EWJw_nbhsXa7FzUM,251503,259447,7944
WeylieHoang_UCz5ppm1BYc7tgUYIel3EWJw_nbhsXa7FzUM_259591_267711.wav,WeylieHoang_UCz5ppm1BYc7tgUYIel3EWJw_nbhsXa7FzUM,259591,267711,8120
WeylieHoang_UCz5ppm1BYc7tgUYIel3EWJw_nbhsXa7FzUM_267847_282027.wav,WeylieHoang_UCz5ppm1BYc7tgUYIel3EWJw_nbhsXa7FzUM,267847,282027,14180
WeylieHoang_UCz5ppm1BYc7tgUYIel3EWJw_nbhsXa7FzUM_282107_284987.wav,WeylieHoang_UCz5ppm1BYc7tgUYIel3EWJw_nbhsXa7FzUM,282107,284987,2880
WeylieHoang_UCz5ppm1BYc7tgUYIel3EWJw_nbhsXa7FzUM_285083_285479.wav,WeylieHoang_UCz5ppm1BYc7tgUYIel3EWJw_nbhsXa7FzUM,285083,285479,396
WeylieHoang_UCz5ppm1BYc7tgUYIel3EWJw_nbhsXa7FzUM_285647_288499.wav,WeylieHoang_UCz5ppm1BYc7tgUYIel3EWJw_nbhsXa7FzUM,285647,288499,2852
WeylieHoang_UCz5ppm1BYc7tgUYIel3EWJw_nbhsXa7FzUM_288899_290899.wav,WeylieHoang_UCz5ppm1BYc7tgUYIel3EWJw_nbhsXa7FzUM,288899,290899,2000
WeylieHoang_UCz5ppm1BYc7tgUYIel3EWJw_nbhsXa7FzUM_291211_291475.wav,WeylieHoang_UCz5ppm1BYc7tgUYIel3EWJw_nbhsXa7FzUM,291211,291475,264
WeylieHoang_UCz5ppm1BYc7tgUYIel3EWJw_nbhsXa7FzUM_291643_296587.wav,WeylieHoang_UCz5ppm1BYc7tgUYIel3EWJw_nbhsXa7FzUM,291643,296587,4944
WeylieHoang_UCz5ppm1BYc7tgUYIel3EWJw_nbhsXa7FzUM_296755_302599.wav,WeylieHoang_UCz5ppm1BYc7tgUYIel3EWJw_nbhsXa7FzUM,296755,302599,5844
WeylieHoang_UCz5ppm1BYc7tgUYIel3EWJw_nbhsXa7FzUM_302703_312991.wav,WeylieHoang_UCz5ppm1BYc7tgUYIel3EWJw_nbhsXa7FzUM,302703,312991,10288
WeylieHoang_UCz5ppm1BYc7tgUYIel3EWJw_nbhsXa7FzUM_313095_321651.wav,WeylieHoang_UCz5ppm1BYc7tgUYIel3EWJw_nbhsXa7FzUM,313095,321651,8556
WeylieHoang_UCz5ppm1BYc7tgUYIel3EWJw_nbhsXa7FzUM_321819_341187.wav,WeylieHoang_UCz5ppm1BYc7tgUYIel3EWJw_nbhsXa7FzUM,321819,341187,19368
WeylieHoang_UCz5ppm1BYc7tgUYIel3EWJw_nbhsXa7FzUM_341315_345811.wav,WeylieHoang_UCz5ppm1BYc7tgUYIel3EWJw_nbhsXa7FzUM,341315,345811,4496
WeylieHoang_UCz5ppm1BYc7tgUYIel3EWJw_nbhsXa7FzUM_345979_357083.wav,WeylieHoang_UCz5ppm1BYc7tgUYIel3EWJw_nbhsXa7FzUM,345979,357083,11104
WeylieHoang_UCz5ppm1BYc7tgUYIel3EWJw_nbhsXa7FzUM_357251_365727.wav,WeylieHoang_UCz5ppm1BYc7tgUYIel3EWJw_nbhsXa7FzUM,357251,365727,8476
WeylieHoang_UCz5ppm1BYc7tgUYIel3EWJw_nbhsXa7FzUM_365847_375483.wav,WeylieHoang_UCz5ppm1BYc7tgUYIel3EWJw_nbhsXa7FzUM,365847,375483,9636
WeylieHoang_UCz5ppm1BYc7tgUYIel3EWJw_nbhsXa7FzUM_375611_377155.wav,WeylieHoang_UCz5ppm1BYc7tgUYIel3EWJw_nbhsXa7FzUM,375611,377155,1544
WeylieHoang_UCz5ppm1BYc7tgUYIel3EWJw_nbhsXa7FzUM_377387_378355.wav,WeylieHoang_UCz5ppm1BYc7tgUYIel3EWJw_nbhsXa7FzUM,377387,378355,968
WeylieHoang_UCz5ppm1BYc7tgUYIel3EWJw_nbhsXa7FzUM_378475_392239.wav,WeylieHoang_UCz5ppm1BYc7tgUYIel3EWJw_nbhsXa7FzUM,378475,392239,13764
WeylieHoang_UCz5ppm1BYc7tgUYIel3EWJw_nbhsXa7FzUM_392319_397319.wav,WeylieHoang_UCz5ppm1BYc7tgUYIel3EWJw_nbhsXa7FzUM,392319,397319,5000
WeylieHoang_UCz5ppm1BYc7tgUYIel3EWJw_nbhsXa7FzUM_397399_410915.wav,WeylieHoang_UCz5ppm1BYc7tgUYIel3EWJw_nbhsXa7FzUM,397399,410915,13516
WeylieHoang_UCz5ppm1BYc7tgUYIel3EWJw_nbhsXa7FzUM_411051_424291.wav,WeylieHoang_UCz5ppm1BYc7tgUYIel3EWJw_nbhsXa7FzUM,411051,424291,13240
WeylieHoang_UCz5ppm1BYc7tgUYIel3EWJw_nbhsXa7FzUM_424435_436523.wav,WeylieHoang_UCz5ppm1BYc7tgUYIel3EWJw_nbhsXa7FzUM,424435,436523,12088
WeylieHoang_UCz5ppm1BYc7tgUYIel3EWJw_nbhsXa7FzUM_436691_448403.wav,WeylieHoang_UCz5ppm1BYc7tgUYIel3EWJw_nbhsXa7FzUM,436691,448403,11712
WeylieHoang_UCz5ppm1BYc7tgUYIel3EWJw_nbhsXa7FzUM_448547_454275.wav,WeylieHoang_UCz5ppm1BYc7tgUYIel3EWJw_nbhsXa7FzUM,448547,454275,5728
WeylieHoang_UCz5ppm1BYc7tgUYIel3EWJw_nbhsXa7FzUM_454427_458651.wav,WeylieHoang_UCz5ppm1BYc7tgUYIel3EWJw_nbhsXa7FzUM,454427,458651,4224
WeylieHoang_UCz5ppm1BYc7tgUYIel3EWJw_nbhsXa7FzUM_458811_460163.wav,WeylieHoang_UCz5ppm1BYc7tgUYIel3EWJw_nbhsXa7FzUM,458811,460163,1352
WeylieHoang_UCz5ppm1BYc7tgUYIel3EWJw_nbhsXa7FzUM_460283_473671.wav,WeylieHoang_UCz5ppm1BYc7tgUYIel3EWJw_nbhsXa7FzUM,460283,473671,13388
WeylieHoang_UCz5ppm1BYc7tgUYIel3EWJw_nbhsXa7FzUM_473759_477675.wav,WeylieHoang_UCz5ppm1BYc7tgUYIel3EWJw_nbhsXa7FzUM,473759,477675,3916
WeylieHoang_UCz5ppm1BYc7tgUYIel3EWJw_nbhsXa7FzUM_477947_485419.wav,WeylieHoang_UCz5ppm1BYc7tgUYIel3EWJw_nbhsXa7FzUM,477947,485419,7472
WeylieHoang_UCz5ppm1BYc7tgUYIel3EWJw_nbhsXa7FzUM_485683_493556.wav,WeylieHoang_UCz5ppm1BYc7tgUYIel3EWJw_nbhsXa7FzUM,485683,493556,7873
WeylieHoang_UCz5ppm1BYc7tgUYIel3EWJw_nbhsXa7FzUM_493660_506173.wav,WeylieHoang_UCz5ppm1BYc7tgUYIel3EWJw_nbhsXa7FzUM,493660,506173,12513
WeylieHoang_UCz5ppm1BYc7tgUYIel3EWJw_nbhsXa7FzUM_506285_510695.wav,WeylieHoang_UCz5ppm1BYc7tgUYIel3EWJw_nbhsXa7FzUM,506285,510695,4410
WeylieHoang_UCz5ppm1BYc7tgUYIel3EWJw_nbhsXa7FzUM_510855_523064.wav,WeylieHoang_UCz5ppm1BYc7tgUYIel3EWJw_nbhsXa7FzUM,510855,523064,12209
WeylieHoang_UCz5ppm1BYc7tgUYIel3EWJw_nbhsXa7FzUM_523160_535136.wav,WeylieHoang_UCz5ppm1BYc7tgUYIel3EWJw_nbhsXa7FzUM,523160,535136,11976
WeylieHoang_UCz5ppm1BYc7tgUYIel3EWJw_nbhsXa7FzUM_535264_535673.wav,WeylieHoang_UCz5ppm1BYc7tgUYIel3EWJw_nbhsXa7FzUM,535264,535673,409
WeylieHoang_UCz5ppm1BYc7tgUYIel3EWJw_nbhsXa7FzUM_535793_550921.wav,WeylieHoang_UCz5ppm1BYc7tgUYIel3EWJw_nbhsXa7FzUM,535793,550921,15128
WeylieHoang_UCz5ppm1BYc7tgUYIel3EWJw_nbhsXa7FzUM_551041_555385.wav,WeylieHoang_UCz5ppm1BYc7tgUYIel3EWJw_nbhsXa7FzUM,551041,555385,4344
WeylieHoang_UCz5ppm1BYc7tgUYIel3EWJw_nbhsXa7FzUM_555489_557049.wav,WeylieHoang_UCz5ppm1BYc7tgUYIel3EWJw_nbhsXa7FzUM,555489,557049,1560
WeylieHoang_UCz5ppm1BYc7tgUYIel3EWJw_nbhsXa7FzUM_557161_557491.wav,WeylieHoang_UCz5ppm1BYc7tgUYIel3EWJw_nbhsXa7FzUM,557161,557491,330
WeylieHoang_UCz5ppm1BYc7tgUYIel3EWJw_nbhsXa7FzUM_557755_557971.wav,WeylieHoang_UCz5ppm1BYc7tgUYIel3EWJw_nbhsXa7FzUM,557755,557971,216
WeylieHoang_UCz5ppm1BYc7tgUYIel3EWJw_nbhsXa7FzUM_558083_568675.wav,WeylieHoang_UCz5ppm1BYc7tgUYIel3EWJw_nbhsXa7FzUM,558083,568675,10592
WeylieHoang_UCz5ppm1BYc7tgUYIel3EWJw_nbhsXa7FzUM_568835_572667.wav,WeylieHoang_UCz5ppm1BYc7tgUYIel3EWJw_nbhsXa7FzUM,568835,572667,3832
WeylieHoang_UCz5ppm1BYc7tgUYIel3EWJw_nbhsXa7FzUM_572875_582979.wav,WeylieHoang_UCz5ppm1BYc7tgUYIel3EWJw_nbhsXa7FzUM,572875,582979,10104
WeylieHoang_UCz5ppm1BYc7tgUYIel3EWJw_nbhsXa7FzUM_583099_587335.wav,WeylieHoang_UCz5ppm1BYc7tgUYIel3EWJw_nbhsXa7FzUM,583099,587335,4236
WeylieHoang_UCz5ppm1BYc7tgUYIel3EWJw_nbhsXa7FzUM_587431_601651.wav,WeylieHoang_UCz5ppm1BYc7tgUYIel3EWJw_nbhsXa7FzUM,587431,601651,14220
WeylieHoang_UCz5ppm1BYc7tgUYIel3EWJw_nbhsXa7FzUM_601835_603475.wav,WeylieHoang_UCz5ppm1BYc7tgUYIel3EWJw_nbhsXa7FzUM,601835,603475,1640
WeylieHoang_UCz5ppm1BYc7tgUYIel3EWJw_nbhsXa7FzUM_603651_604739.wav,WeylieHoang_UCz5ppm1BYc7tgUYIel3EWJw_nbhsXa7FzUM,603651,604739,1088
WeylieHoang_UCz5ppm1BYc7tgUYIel3EWJw_nbhsXa7FzUM_604915_617347.wav,WeylieHoang_UCz5ppm1BYc7tgUYIel3EWJw_nbhsXa7FzUM,604915,617347,12432
WeylieHoang_UCz5ppm1BYc7tgUYIel3EWJw_nbhsXa7FzUM_617475_619195.wav,WeylieHoang_UCz5ppm1BYc7tgUYIel3EWJw_nbhsXa7FzUM,617475,619195,1720
WeylieHoang_UCz5ppm1BYc7tgUYIel3EWJw_nbhsXa7FzUM_619651_622163.wav,WeylieHoang_UCz5ppm1BYc7tgUYIel3EWJw_nbhsXa7FzUM,619651,622163,2512
WeylieHoang_UCz5ppm1BYc7tgUYIel3EWJw_nbhsXa7FzUM_622459_625031.wav,WeylieHoang_UCz5ppm1BYc7tgUYIel3EWJw_nbhsXa7FzUM,622459,625031,2572
WeylieHoang_UCz5ppm1BYc7tgUYIel3EWJw_nbhsXa7FzUM_625135_651403.wav,WeylieHoang_UCz5ppm1BYc7tgUYIel3EWJw_nbhsXa7FzUM,625135,651403,26268
WeylieHoang_UCz5ppm1BYc7tgUYIel3EWJw_nbhsXa7FzUM_651531_662995.wav,WeylieHoang_UCz5ppm1BYc7tgUYIel3EWJw_nbhsXa7FzUM,651531,662995,11464
WeylieHoang_UCz5ppm1BYc7tgUYIel3EWJw_nbhsXa7FzUM_663139_663459.wav,WeylieHoang_UCz5ppm1BYc7tgUYIel3EWJw_nbhsXa7FzUM,663139,663459,320
WeylieHoang_UCz5ppm1BYc7tgUYIel3EWJw_nbhsXa7FzUM_663715_666653.wav,WeylieHoang_UCz5ppm1BYc7tgUYIel3EWJw_nbhsXa7FzUM,663715,666653,2938
WeylieHoang_UCz5ppm1BYc7tgUYIel3EWJw_nbhsXa7FzUM_666813_667873.wav,WeylieHoang_UCz5ppm1BYc7tgUYIel3EWJw_nbhsXa7FzUM,666813,667873,1060
WeylieHoang_UCz5ppm1BYc7tgUYIel3EWJw_nbhsXa7FzUM_667969_670977.wav,WeylieHoang_UCz5ppm1BYc7tgUYIel3EWJw_nbhsXa7FzUM,667969,670977,3008
WeylieHoang_UCz5ppm1BYc7tgUYIel3EWJw_nbhsXa7FzUM_671073_672529.wav,WeylieHoang_UCz5ppm1BYc7tgUYIel3EWJw_nbhsXa7FzUM,671073,672529,1456
WeylieHoang_UCz5ppm1BYc7tgUYIel3EWJw_nbhsXa7FzUM_672617_699533.wav,WeylieHoang_UCz5ppm1BYc7tgUYIel3EWJw_nbhsXa7FzUM,672617,699533,26916
WeylieHoang_UCz5ppm1BYc7tgUYIel3EWJw_nbhsXa7FzUM_699669_702925.wav,WeylieHoang_UCz5ppm1BYc7tgUYIel3EWJw_nbhsXa7FzUM,699669,702925,3256
WeylieHoang_UCz5ppm1BYc7tgUYIel3EWJw_nbhsXa7FzUM_703125_703463.wav,WeylieHoang_UCz5ppm1BYc7tgUYIel3EWJw_nbhsXa7FzUM,703125,703463,338
WeylieHoang_UCz5ppm1BYc7tgUYIel3EWJw_nbhsXa7FzUM_703671_704920.wav,WeylieHoang_UCz5ppm1BYc7tgUYIel3EWJw_nbhsXa7FzUM,703671,704920,1249
WeylieHoang_UCz5ppm1BYc7tgUYIel3EWJw_nbhsXa7FzUM_705032_706257.wav,WeylieHoang_UCz5ppm1BYc7tgUYIel3EWJw_nbhsXa7FzUM,705032,706257,1225
WeylieHoang_UCz5ppm1BYc7tgUYIel3EWJw_nbhsXa7FzUM_706393_707033.wav,WeylieHoang_UCz5ppm1BYc7tgUYIel3EWJw_nbhsXa7FzUM,706393,707033,640
WeylieHoang_UCz5ppm1BYc7tgUYIel3EWJw_nbhsXa7FzUM_707121_708289.wav,WeylieHoang_UCz5ppm1BYc7tgUYIel3EWJw_nbhsXa7FzUM,707121,708289,1168
WeylieHoang_UCz5ppm1BYc7tgUYIel3EWJw_nbhsXa7FzUM_708369_724225.wav,WeylieHoang_UCz5ppm1BYc7tgUYIel3EWJw_nbhsXa7FzUM,708369,724225,15856
WeylieHoang_UCz5ppm1BYc7tgUYIel3EWJw_nbhsXa7FzUM_724353_726691.wav,WeylieHoang_UCz5ppm1BYc7tgUYIel3EWJw_nbhsXa7FzUM,724353,726691,2338
WeylieHoang_UCz5ppm1BYc7tgUYIel3EWJw_nbhsXa7FzUM_727027_735267.wav,WeylieHoang_UCz5ppm1BYc7tgUYIel3EWJw_nbhsXa7FzUM,727027,735267,8240
WeylieHoang_UCz5ppm1BYc7tgUYIel3EWJw_nbhsXa7FzUM_735435_738275.wav,WeylieHoang_UCz5ppm1BYc7tgUYIel3EWJw_nbhsXa7FzUM,735435,738275,2840
WeylieHoang_UCz5ppm1BYc7tgUYIel3EWJw_nbhsXa7FzUM_738531_739955.wav,WeylieHoang_UCz5ppm1BYc7tgUYIel3EWJw_nbhsXa7FzUM,738531,739955,1424
WeylieHoang_UCz5ppm1BYc7tgUYIel3EWJw_nbhsXa7FzUM_740091_742939.wav,WeylieHoang_UCz5ppm1BYc7tgUYIel3EWJw_nbhsXa7FzUM,740091,742939,2848
WeylieHoang_UCz5ppm1BYc7tgUYIel3EWJw_nbhsXa7FzUM_743091_754907.wav,WeylieHoang_UCz5ppm1BYc7tgUYIel3EWJw_nbhsXa7FzUM,743091,754907,11816
WeylieHoang_UCz5ppm1BYc7tgUYIel3EWJw_nbhsXa7FzUM_755051_756635.wav,WeylieHoang_UCz5ppm1BYc7tgUYIel3EWJw_nbhsXa7FzUM,755051,756635,1584
WeylieHoang_UCz5ppm1BYc7tgUYIel3EWJw_nbhsXa7FzUM_756923_759619.wav,WeylieHoang_UCz5ppm1BYc7tgUYIel3EWJw_nbhsXa7FzUM,756923,759619,2696
WeylieHoang_UCz5ppm1BYc7tgUYIel3EWJw_nbhsXa7FzUM_759731_782063.wav,WeylieHoang_UCz5ppm1BYc7tgUYIel3EWJw_nbhsXa7FzUM,759731,782063,22332
WeylieHoang_UCz5ppm1BYc7tgUYIel3EWJw_nbhsXa7FzUM_782159_791811.wav,WeylieHoang_UCz5ppm1BYc7tgUYIel3EWJw_nbhsXa7FzUM,782159,791811,9652
WeylieHoang_UCz5ppm1BYc7tgUYIel3EWJw_nbhsXa7FzUM_791955_802595.wav,WeylieHoang_UCz5ppm1BYc7tgUYIel3EWJw_nbhsXa7FzUM,791955,802595,10640
WeylieHoang_UCz5ppm1BYc7tgUYIel3EWJw_nbhsXa7FzUM_802731_810259.wav,WeylieHoang_UCz5ppm1BYc7tgUYIel3EWJw_nbhsXa7FzUM,802731,810259,7528
WeylieHoang_UCz5ppm1BYc7tgUYIel3EWJw_nbhsXa7FzUM_810379_817467.wav,WeylieHoang_UCz5ppm1BYc7tgUYIel3EWJw_nbhsXa7FzUM,810379,817467,7088
WeylieHoang_UCz5ppm1BYc7tgUYIel3EWJw_nbhsXa7FzUM_817571_831619.wav,WeylieHoang_UCz5ppm1BYc7tgUYIel3EWJw_nbhsXa7FzUM,817571,831619,14048
WeylieHoang_UCz5ppm1BYc7tgUYIel3EWJw_nbhsXa7FzUM_831747_833331.wav,WeylieHoang_UCz5ppm1BYc7tgUYIel3EWJw_nbhsXa7FzUM,831747,833331,1584
WeylieHoang_UCz5ppm1BYc7tgUYIel3EWJw_nbhsXa7FzUM_833459_844335.wav,WeylieHoang_UCz5ppm1BYc7tgUYIel3EWJw_nbhsXa7FzUM,833459,844335,10876
WeylieHoang_UCz5ppm1BYc7tgUYIel3EWJw_nbhsXa7FzUM_844463_852123.wav,WeylieHoang_UCz5ppm1BYc7tgUYIel3EWJw_nbhsXa7FzUM,844463,852123,7660
WeylieHoang_UCz5ppm1BYc7tgUYIel3EWJw_nbhsXa7FzUM_852251_858323.wav,WeylieHoang_UCz5ppm1BYc7tgUYIel3EWJw_nbhsXa7FzUM,852251,858323,6072
WeylieHoang_UCz5ppm1BYc7tgUYIel3EWJw_nbhsXa7FzUM_858819_875404.wav,WeylieHoang_UCz5ppm1BYc7tgUYIel3EWJw_nbhsXa7FzUM,858819,875404,16585
WeylieHoang_UCz5ppm1BYc7tgUYIel3EWJw_nbhsXa7FzUM_875508_882404.wav,WeylieHoang_UCz5ppm1BYc7tgUYIel3EWJw_nbhsXa7FzUM,875508,882404,6896
WeylieHoang_UCz5ppm1BYc7tgUYIel3EWJw_nbhsXa7FzUM_882484_883012.wav,WeylieHoang_UCz5ppm1BYc7tgUYIel3EWJw_nbhsXa7FzUM,882484,883012,528
WeylieHoang_UCz5ppm1BYc7tgUYIel3EWJw_nbhsXa7FzUM_883100_884692.wav,WeylieHoang_UCz5ppm1BYc7tgUYIel3EWJw_nbhsXa7FzUM,883100,884692,1592
WeylieHoang_UCz5ppm1BYc7tgUYIel3EWJw_nbhsXa7FzUM_884788_885437.wav,WeylieHoang_UCz5ppm1BYc7tgUYIel3EWJw_nbhsXa7FzUM,884788,885437,649
WeylieHoang_UCz5ppm1BYc7tgUYIel3EWJw_nbhsXa7FzUM_885541_888255.wav,WeylieHoang_UCz5ppm1BYc7tgUYIel3EWJw_nbhsXa7FzUM,885541,888255,2714
WeylieHoang_UCz5ppm1BYc7tgUYIel3EWJw_nbhsXa7FzUM_888359_890963.wav,WeylieHoang_UCz5ppm1BYc7tgUYIel3EWJw_nbhsXa7FzUM,888359,890963,2604
WeylieHoang_UCz5ppm1BYc7tgUYIel3EWJw_nbhsXa7FzUM_891099_892563.wav,WeylieHoang_UCz5ppm1BYc7tgUYIel3EWJw_nbhsXa7FzUM,891099,892563,1464
WeylieHoang_UCz5ppm1BYc7tgUYIel3EWJw_nbhsXa7FzUM_892675_902571.wav,WeylieHoang_UCz5ppm1BYc7tgUYIel3EWJw_nbhsXa7FzUM,892675,902571,9896
WeylieHoang_UCz5ppm1BYc7tgUYIel3EWJw_nbhsXa7FzUM_902675_906667.wav,WeylieHoang_UCz5ppm1BYc7tgUYIel3EWJw_nbhsXa7FzUM,902675,906667,3992
WeylieHoang_UCz5ppm1BYc7tgUYIel3EWJw_nbhsXa7FzUM_906771_916435.wav,WeylieHoang_UCz5ppm1BYc7tgUYIel3EWJw_nbhsXa7FzUM,906771,916435,9664
WeylieHoang_UCz5ppm1BYc7tgUYIel3EWJw_nbhsXa7FzUM_916539_922867.wav,WeylieHoang_UCz5ppm1BYc7tgUYIel3EWJw_nbhsXa7FzUM,916539,922867,6328
WeylieHoang_UCz5ppm1BYc7tgUYIel3EWJw_nbhsXa7FzUM_923323_923723.wav,WeylieHoang_UCz5ppm1BYc7tgUYIel3EWJw_nbhsXa7FzUM,923323,923723,400
